           1           2  0.94367392109379333     
           2           3   1.0055975867372524     
           3           4   1.0150794522004223     
           4           5   1.9901089934753582     
           1           7  0.83988034916850418     
           1           8  0.91909286976030269     
           1           9  0.92153738665675689     
           2          10  0.96681091470563307     
           2          11  0.97335858690567156     
           3          12  0.95837807241302342     
           3          13  0.95845563463205052     
           4          14  0.94461779641962440     
           5          15  0.97630764480626542     
           5          16  0.97564630038102518     
