           1           2  0.93596834757637215     
           2           3   1.0223508231800955     
           3           4   1.6095244868349723     
           4           5   1.2581114827493920     
           3           6  0.11528319431024850     
           5           6   1.6519809660079510     
           3           7   1.1388955386345363     
           4           7  0.10745259134084013     
           6           7   1.1797451674618786     
           1           9  0.84302571354140654     
           1          10  0.91742483239779693     
           1          11  0.91929109110365737     
           2          12  0.95406893904785361     
           2          13  0.96971607939541915     
           4          14  0.93179525380772277     
           5          15  0.96160510589878179     
           6          16  0.96899071251301094     
