   191
         57          1         57
         13         58         70
          1         71         71
          1         72         72
          2         73         74
          3         75         77
          1         78         78
         18         79         96
          1         97         97
          1         98         98
          5         99        103
          4        104        107
          2        108        109
          3        110        112
          1        113        113
          2        114        115
         20        116        135
          2        136        137
         22        138        159
          1        160        160
          2        161        162
          3        163        165
          1        166        166
          1        167        167
          1        168        168
          1        169        169
          2        170        171
          2        172        173
          7        174        180
          1        181        181
          2        182        183
         13        184        196
          3        197        199
          2        200        201
          4        202        205
          2        206        207
          4        208        211
          3        212        214
          4        215        218
          2        219        220
          3        221        223
          2        224        225
          1        226        226
          1        227        227
          1        228        228
          3        229        231
          1        232        232
          1        233        233
          1        234        234
          1        235        235
          2        236        237
          4        238        241
          1        242        242
          4        243        246
          2        247        248
          1        249        249
          1        250        250
          1        251        251
          1        252        252
          3        253        255
          1        256        256
          1        257        257
          4        258        261
          1        262        262
          2        263        264
          2        265        266
          1        267        267
          4        268        271
          4        272        275
          5        276        280
          2        281        282
          3        283        285
          4        286        289
          1        290        290
          1        291        291
          7        292        298
          1        299        299
          2        300        301
          2        302        303
          2        304        305
          1        306        306
          1        307        307
          1        308        308
          1        309        309
          1        310        310
          2        311        312
          4        313        316
          6        317        322
          2        323        324
          2        325        326
          3        327        329
          2        330        331
          2        332        333
          2        334        335
          2        336        337
          2        338        339
          3        340        342
          2        343        344
          6        345        350
          6        351        356
          3        357        359
          1        360        360
          1        361        361
          1        362        362
          6        363        368
          3        369        371
          2        372        373
          6        374        379
          6        380        385
          6        386        391
          1        392        392
          1        393        393
          2        394        395
          2        396        397
          3        398        400
          3        401        403
          5        404        408
          3        409        411
          8        412        419
          1        420        420
          2        421        422
          4        423        426
          4        427        430
          4        431        434
          3        435        437
          1        438        438
          2        439        440
          1        441        441
          1        442        442
          5        443        447
          1        448        448
          1        449        449
          1        450        450
          2        451        452
          1        453        453
          1        454        454
          2        455        456
          1        457        457
          2        458        459
          1        460        460
          1        461        461
          1        462        462
          1        463        463
          2        464        465
          2        466        467
          1        468        468
          2        469        470
          1        471        471
          2        472        473
          3        474        476
          3        477        479
          1        480        480
          1        481        481
          3        482        484
          1        485        485
          1        486        486
          4        487        490
          1        491        491
          1        492        492
          1        493        493
          2        494        495
          3        496        498
          1        499        499
          2        500        501
          1        502        502
          2        503        504
          1        505        505
          2        506        507
          1        508        508
          1        509        509
          1        510        510
          3        511        513
          1        514        514
          1        515        515
          2        516        517
          1        518        518
          1        519        519
          1        520        520
          4        521        524
          1        525        525
          1        526        526
          1        527        527
          2        528        529
          1        530        530
          4        531        534
          1        535        535
          3        536        538
          1        539        539
          7        540        546
          2        547        548
          2        549        550
