$coord
          0.297479154717          2.562819505131          1.582243157236     n 
          1.860902860225          2.743671879438         -0.749839429419     c 
          2.465898744402          0.144646533564         -1.855260293309     c 
          3.911323697847         -1.403724279838         -0.223935356368     c 
          5.083574574614         -2.651410590659          1.133484154440     n 
         -5.155507945296         -0.884397443874         -0.058675248252     cl
          1.235570581019          1.555031680500          2.959031074011     h 
         -1.364967187555          1.621369030105          1.205950367746     h 
         -0.146872045106          4.310070371883          2.305087873579     h 
          3.624396242575          3.741501089257         -0.319308290005     h 
          0.874847053330          3.911747081876         -2.150056977883     h 
          3.471847173667          0.344043648247         -3.656722308513     h 
          0.698168459469         -0.835532724139         -2.307096953108     h 
$end
