           1           2  0.91941004327077913     
           2           3   1.0080447763451481     
           3           4  0.99388303355901264     
           4           5   1.0184530724521406     
           1           6  0.91268026851848549     
           1           7  0.90971654769505961     
           1           8  0.90971725714721197     
           2           9  0.96666466206902413     
           2          10  0.96666012664289047     
           3          11  0.97200237528880729     
           3          12  0.97200930833783616     
           4          13  0.97692046661878551     
           4          14  0.97691988519730422     
           5          15  0.98632107048083595     
           5          16  0.98302985452906544     
           5          17  0.98632174704560094     
