           1           2  0.94734009749125647     
           2           3   1.0057655750673156     
           3           4   1.0078356915400626     
           4           5   1.0069229950800207     
           5           6   1.0074943080380308     
           6           7   1.0077051615541355     
           7           8   1.0069726433898314     
           8           9   1.0078169945465090     
           9          10   1.0078257881089350     
          10          11   1.0070635736953479     
          11          12   1.0081381387498058     
          12          13   1.0198851666426323     
           1          15  0.89728060025068090     
           1          16  0.84026188957062242     
           1          17  0.92019194490764378     
           2          18  0.97017048299546427     
           2          19  0.97161610839456281     
           3          20  0.96800880347219709     
           3          21  0.95817355742454124     
           4          22  0.97578244282268667     
           4          23  0.97427502921154341     
           5          24  0.96203433058668675     
           5          25  0.97411718400504088     
           6          26  0.97530993117324738     
           6          27  0.96380816117792467     
           7          28  0.97645258999528706     
           7          29  0.97559588007645792     
           8          30  0.97420242211423780     
           8          31  0.97628200203310345     
           9          32  0.97439306221170896     
           9          33  0.96403430266303181     
          10          34  0.97430466399784454     
          10          35  0.97651028017683650     
          11          36  0.97689020109940539     
          11          37  0.97663726543266471     
          12          38  0.97657476868462378     
          12          39  0.96314999802643475     
          13          40  0.98295420649388765     
          13          41  0.98657845625076845     
          13          42  0.98736063839348531     
