           1           2  0.94385593101087739     
           2           3  0.99488285195313131     
           3           4   1.0054716696966695     
           4           5   1.4046309362913862     
           5           6   1.4620337302458266     
           6           7   1.3662374705422495     
           7           8   1.1076076747418038     
           8           9   1.7659626576192515     
           9          10   1.1079701724419322     
          10          11   1.3696053768134326     
          11          12   1.4146037821633612     
          12          13  0.95615335403513624     
          12          14   1.3877935496450233     
          11          15  0.10158324511035016     
          14          15   1.4297186228390559     
          10          16   1.3641984981401027     
          15          16   1.4608237398396529     
           5          17  0.10330813367149685     
           7          17   1.3651744088756508     
           4          18   1.3989616748497815     
           6          18  0.10196767403945550     
          17          18   1.4646383763111159     
           1          20  0.84272637023662100     
           1          21  0.92372025591383067     
           1          22  0.91258329129711835     
           2          23  0.97174054577476066     
           2          24  0.96931835814924971     
           3          25  0.96177339770041992     
           3          26  0.96191643157339379     
           5          27  0.96932025145939771     
           6          28  0.96900476143543590     
           8          29  0.95856631432387673     
           9          30  0.95784637730831779     
          11          31  0.96556737857664632     
          14          32  0.96789073233357492     
          15          33  0.96965598560937272     
          16          34  0.96364414916872909     
          17          35  0.96240988998032950     
          18          36  0.94995365000439658     
