$hessian                                                                        
        0.4714507682  -0.0083757820  -0.0266214675  -0.1673523769  -0.0114239996
       -0.0244630689  -0.0230757443  -0.0076499821   0.0012778634  -0.0003020699
       -0.0021736790   0.0042875539  -0.0000302399   0.0005496002   0.0005045197
        0.0001796351   0.0001559625  -0.0001937841  -0.0015915181   0.0081194113
       -0.0015732120  -0.0980361380   0.1044237956  -0.0167697960  -0.0962911506
       -0.0619068377   0.0973095920  -0.0478124740  -0.0179599077  -0.0228149285
       -0.0272318038  -0.0012332173  -0.0055724682  -0.0103557283  -0.0037913184
       -0.0040908889   0.0006425226   0.0006246441  -0.0005657532   0.0009219429
        0.0007426434  -0.0007448399  -0.0014909233  -0.0003404836  -0.0001545158
        0.0006901497  -0.0001067114  -0.0000948537  -0.0000075683   0.0002464630
        0.0002505180  -0.0003072830   0.0000993984   0.0000295297
       -0.0083757820   0.5655768931  -0.0025325765  -0.0166299737  -0.0724135909
       -0.0057219915  -0.0175732591  -0.0033615348  -0.0004987582  -0.0011209316
       -0.0016047157   0.0026553749  -0.0001087577   0.0001562729   0.0001879228
       -0.0000001780   0.0001707839  -0.0000224626   0.0052347263  -0.0119136462
        0.0024263633   0.1085645313  -0.2306243092   0.0320969427  -0.0589795888
       -0.1106964906   0.1067098336  -0.0171859982  -0.1374398704  -0.1346947120
        0.0257399616   0.0044852832   0.0053882414  -0.0186567519  -0.0035851265
       -0.0050738746  -0.0004953271   0.0006368186  -0.0006199746   0.0005712690
        0.0003265881  -0.0002236169  -0.0008436651   0.0000488784  -0.0001798821
       -0.0001071641   0.0000946328   0.0000790343   0.0000441281  -0.0000105552
        0.0000292696  -0.0000772390   0.0001536884  -0.0000051338
       -0.0266214675  -0.0025325765   0.5983716111  -0.0211421261  -0.0038392462
       -0.0758139881   0.0221138333   0.0047375333   0.0028631933   0.0020668499
        0.0020868827  -0.0032468006  -0.0002542181  -0.0000127633  -0.0002400822
        0.0001053314   0.0001740767   0.0002152180  -0.0008963864   0.0023560703
        0.0005400014  -0.0178743887   0.0319086444  -0.0464893555   0.0961167438
        0.1112467592  -0.2242260413  -0.0232641255  -0.1403278729  -0.2476247638
       -0.0061555424  -0.0004061989  -0.0002656127  -0.0267522678  -0.0053032472
       -0.0064863647   0.0003458230  -0.0006917472   0.0003580101   0.0010123436
        0.0003470882   0.0015581744   0.0012438742   0.0000091954   0.0002630580
        0.0000272524  -0.0000383306   0.0002049514   0.0000097605   0.0002491914
        0.0002789690  -0.0000812894   0.0000365412  -0.0002601777
       -0.1673523769  -0.0166299737  -0.0211421261   0.4279571212  -0.0363117063
        0.0159784761  -0.0728581349  -0.0201658414   0.0385928925  -0.0190127715
       -0.0131589134   0.0175008987   0.0001530193  -0.0004653228  -0.0004113772
        0.0001419231   0.0002133298   0.0001143723   0.0000512209  -0.0020554306
        0.0005504909  -0.0165928034   0.0045926324  -0.0036601841  -0.0130311846
       -0.0036422550   0.0005382146  -0.0048352340  -0.0039362805  -0.0063234107
       -0.0915876088   0.0972100516  -0.0155538691  -0.0422580212  -0.0084757426
       -0.0180291475   0.0045915664   0.0048666786  -0.0090748094  -0.0002091392
        0.0006451374   0.0007996831  -0.0048259511  -0.0012722080  -0.0004312640
        0.0005153240  -0.0006450321   0.0004953303  -0.0007389548  -0.0006104947
        0.0001060873  -0.0001079944  -0.0001586286  -0.0000502577
       -0.0114239996  -0.0724135909  -0.0038392462  -0.0363117063   0.5095022794
        0.0204092107  -0.0175875957  -0.0995801552   0.0505216750  -0.0065238613
       -0.0036134102   0.0030798480  -0.0003390232   0.0002705079  -0.0004487557
        0.0002395079   0.0002356574   0.0001436492  -0.0002934221  -0.0010272279
       -0.0000691611   0.0185844111   0.0073608734   0.0030624402  -0.0125396338
       -0.0024358165  -0.0017001100  -0.0154701806  -0.0030028538  -0.0038201069
        0.0913092039  -0.2142337390   0.0250760024  -0.0041092444  -0.1113315257
       -0.1045162236  -0.0099145432  -0.0177966735   0.0235878553   0.0046722620
        0.0071588735  -0.0106891938  -0.0005357822   0.0001988446  -0.0001567825
        0.0012335093   0.0008959025  -0.0005270464  -0.0009463613  -0.0001659641
        0.0000884535  -0.0000435403  -0.0000219819  -0.0002025080
       -0.0244630689  -0.0057219915  -0.0758139881   0.0159784761   0.0204092107
        0.5108628821   0.0317267770   0.0477240165  -0.1479632567   0.0036094447
       -0.0004328016   0.0034172449   0.0000343709   0.0001519608   0.0006612415
       -0.0005142673  -0.0002098232  -0.0001467716   0.0002801711  -0.0004589720
       -0.0003198960  -0.0049798856   0.0006681797  -0.0004338645   0.0186427914
        0.0031914037   0.0044858701  -0.0233626346  -0.0050991266  -0.0052020572
       -0.0159200969   0.0248157264  -0.0496541198  -0.0127667882  -0.1037823144
       -0.2060354911   0.0022624068   0.0065536657  -0.0061533138   0.0117713237
        0.0129816928  -0.0289753458  -0.0009611734  -0.0002010708   0.0008039136
       -0.0005887203  -0.0005061336   0.0005684238  -0.0007782320  -0.0000203337
       -0.0000680550   0.0000291057  -0.0000632889  -0.0000334166
       -0.0230757443  -0.0175732591   0.0221138333  -0.0728581349  -0.0175875957
        0.0317267770   0.4608129872  -0.0265348440   0.0157245637  -0.1807007294
       -0.0144280937  -0.0149051656  -0.0109953280  -0.0068035704  -0.0075934217
        0.0012422333  -0.0004671470  -0.0005042179  -0.0002405534   0.0006706288
        0.0000387086   0.0010268051  -0.0006396048  -0.0004163860  -0.0059932704
       -0.0014909195  -0.0008267301   0.0006870652   0.0009293204   0.0003092400
        0.0049448013   0.0047332598  -0.0080935946   0.0005259867   0.0006716875
        0.0022135999  -0.0939630381   0.0939729394  -0.0142002823  -0.0454121773
       -0.0132335993  -0.0233824290  -0.0155072816  -0.0033913662   0.0002677780
       -0.0219571920   0.0005733942  -0.0035237297   0.0003116000   0.0002416658
        0.0003859153   0.0011519707   0.0003571038   0.0006655414
       -0.0076499821  -0.0033615348   0.0047375333  -0.0201658414  -0.0995801552
        0.0477240165  -0.0265348440   0.5103309290   0.0120573490  -0.0167912629
       -0.0667818736  -0.0019533146  -0.0162902622  -0.0050009514  -0.0048694919
       -0.0022433202  -0.0018076198  -0.0021651811  -0.0003239210   0.0001575817
        0.0001761613   0.0004866253   0.0009773200  -0.0004339450  -0.0010263505
        0.0002544561  -0.0003392222   0.0000628626   0.0004243991   0.0003085337
       -0.0094726947  -0.0184912340   0.0233586277   0.0049079927   0.0077943913
       -0.0093758205   0.0967107192  -0.2189974437   0.0242377696  -0.0132763558
       -0.1068027502  -0.0977575128  -0.0130432873  -0.0021658766  -0.0001446318
        0.0251550010   0.0025588190   0.0038244881   0.0001505907   0.0001396309
        0.0003562964  -0.0006556693   0.0003519123   0.0002583441
        0.0012778634  -0.0004987582   0.0028631933   0.0385928925   0.0505216750
       -0.1479632567   0.0157245637   0.0120573490   0.4971787480  -0.0203667080
       -0.0026473160  -0.0655637266  -0.0203069383  -0.0057532775  -0.0051607010
       -0.0021316664  -0.0021601911  -0.0022712582  -0.0000519718   0.0002847490
        0.0003887472   0.0002233509  -0.0008731548   0.0007095388  -0.0012664210
       -0.0005587464   0.0004785000  -0.0005587958  -0.0001538286   0.0017953605
        0.0017338679   0.0073903051  -0.0057571637   0.0109546337   0.0110020961
       -0.0250438459  -0.0149283517   0.0252129378  -0.0499788394  -0.0243041982
       -0.0986900339  -0.2030943656   0.0219011566   0.0037811092   0.0014567905
       -0.0066110196   0.0004511787  -0.0007062981   0.0001644970   0.0002091268
        0.0000210799  -0.0000467546   0.0004247795   0.0006474969
       -0.0003020699  -0.0011209316   0.0020668499  -0.0190127715  -0.0065238613
        0.0036094447  -0.1807007294  -0.0167912629  -0.0203667080   0.4691847486
       -0.0186017994  -0.0202522472  -0.0588414222  -0.0105391041  -0.0140511255
       -0.0164439022  -0.0149738576  -0.0164609929   0.0000453597  -0.0002451862
       -0.0001516828   0.0001303464  -0.0003374183  -0.0000301722  -0.0003719535
       -0.0001485066  -0.0002934260   0.0001969795  -0.0000112346   0.0002865443
        0.0014836556   0.0005494719  -0.0005880597   0.0005448599   0.0004212131
       -0.0002377050  -0.0199648554   0.0012254793  -0.0033652477  -0.0079171242
       -0.0024430558  -0.0031713012  -0.0789896621  -0.0331393608   0.0739188750
       -0.0927638818   0.0897183861  -0.0161674151   0.0018771848   0.0052625624
        0.0059294755   0.0018452378   0.0076984664   0.0093248937
       -0.0021736790  -0.0016047157   0.0020868827  -0.0131589134  -0.0036134102
       -0.0004328016  -0.0144280937  -0.0667818736  -0.0026473160  -0.0186017994
        0.4976281470  -0.0209481704  -0.0085295893  -0.1194580252  -0.0639410198
       -0.0055501008  -0.0023207096  -0.0035106884   0.0000888261  -0.0000778142
       -0.0000836671  -0.0002334193  -0.0004491540   0.0004598329  -0.0007384099
       -0.0001577796  -0.0001832271   0.0000913382   0.0000519091   0.0000495498
       -0.0005275075   0.0003073423  -0.0003771689   0.0000217693   0.0001706109
       -0.0002880916   0.0238454655   0.0030578582   0.0036483119  -0.0169133753
       -0.0032191162  -0.0045775185  -0.0331181154  -0.0797103968   0.0731039476
        0.0911239632  -0.2089351385   0.0332828474   0.0011728384   0.0064871437
        0.0058990960  -0.0023711978  -0.0213748776  -0.0215407988
        0.0042875539   0.0026553749  -0.0032468006   0.0175008987   0.0030798480
        0.0034172449  -0.0149051656  -0.0019533146  -0.0655637266  -0.0202522472
       -0.0209481704   0.4906663639  -0.0114312479  -0.0631423392  -0.1455550223
       -0.0052607237  -0.0023461625  -0.0011024013  -0.0001414540  -0.0001489825
       -0.0003768572   0.0000021497   0.0003618220  -0.0004730451   0.0011866464
        0.0005211407   0.0002831139   0.0000896079  -0.0000642857  -0.0003572733
        0.0005131775  -0.0001709950   0.0006105957   0.0000515423  -0.0001025540
        0.0001337161  -0.0042751808  -0.0002833076  -0.0000609326  -0.0233473771
       -0.0050370341  -0.0051602560   0.0748200990   0.0730554815  -0.1971326626
       -0.0162418584   0.0327190808  -0.0513118185  -0.0030808403  -0.0167257870
       -0.0261757359   0.0004844198  -0.0014698153   0.0014054974
       -0.0000302399  -0.0001087577  -0.0002542181   0.0001530193  -0.0003390232
        0.0000343709  -0.0109953280  -0.0162902622  -0.0203069383  -0.0588414222
       -0.0085295893  -0.0114312479   0.3172782741  -0.0440460304  -0.0258988584
       -0.0992222651  -0.0137876944  -0.0052346409  -0.0000641008  -0.0000553818
        0.0000244914   0.0001565649  -0.0000161811   0.0001089419  -0.0000115095
        0.0000147027  -0.0000266800  -0.0001227161   0.0000499589   0.0000216827
       -0.0002178367  -0.0000365972  -0.0000690318  -0.0007482122  -0.0003854975
       -0.0003262501   0.0007115741  -0.0007667992  -0.0002570146  -0.0047956295
       -0.0015787598  -0.0012555847   0.0015295239   0.0059105063   0.0081112271
        0.0018405295   0.0093293931   0.0097779054  -0.0579658135  -0.0252111047
        0.0610403870  -0.0886544122   0.0958471177  -0.0140585416
        0.0005496002   0.0001562729  -0.0000127633  -0.0004653228   0.0002705079
        0.0001519608  -0.0068035704  -0.0050009514  -0.0057532775  -0.0105391041
       -0.1194580252  -0.0631423392  -0.0440460304   0.4657016920  -0.0247947301
       -0.0115541770  -0.0228366090   0.0003307781   0.0003807139  -0.0000075846
       -0.0000217437  -0.0005748599   0.0004700103  -0.0003059959  -0.0001982125
        0.0002766529   0.0000916918  -0.0002350356   0.0000844383   0.0000457499
       -0.0000736987  -0.0001445658   0.0001365837  -0.0006774629  -0.0002281770
       -0.0001524445   0.0008632960   0.0010653663   0.0006479192  -0.0005901244
        0.0002441752   0.0000421041   0.0009989829   0.0062658306   0.0053505323
       -0.0029081088  -0.0240312121  -0.0234655912  -0.0265099350  -0.0794380782
        0.0808631423   0.1023830495  -0.2233897431   0.0299884232
        0.0005045197   0.0001879228  -0.0002400822  -0.0004113772  -0.0004487557
        0.0006612415  -0.0075934217  -0.0048694919  -0.0051607010  -0.0140511255
       -0.0639410198  -0.1455550223  -0.0258988584  -0.0247947301   0.4644740600
       -0.0032971742   0.0004084181  -0.0207928507   0.0001325428  -0.0001049156
        0.0002833436  -0.0001154043   0.0001118335   0.0005576054   0.0002247576
       -0.0000330649   0.0002838332  -0.0001632030  -0.0000308929   0.0001067246
        0.0000696481   0.0001257090  -0.0001986997   0.0010486707   0.0001877276
        0.0000704659   0.0002027860   0.0002979321   0.0002697590  -0.0010124745
       -0.0002108012   0.0004364543  -0.0031538838  -0.0170854882  -0.0281804854
        0.0004382753  -0.0016537619   0.0011472694   0.0669917099   0.0817027809
       -0.2201341632  -0.0139159874   0.0301505981  -0.0480287525
        0.0001796351  -0.0000001780   0.0001053314   0.0001419231   0.0002395079
       -0.0005142673   0.0012422333  -0.0022433202  -0.0021316664  -0.0164439022
       -0.0055501008  -0.0052607237  -0.0992222651  -0.0115541770  -0.0032971742
        0.1607891454   0.0278079477   0.0128414911   0.0000818542   0.0000591754
        0.0000256617   0.0003115563   0.0001371810   0.0001356914   0.0000800647
        0.0000432773   0.0000679963   0.0000938041   0.0000592377   0.0000115089
       -0.0000353815  -0.0002156735  -0.0000036694   0.0000464317   0.0001504760
        0.0001537539   0.0003218120   0.0000591944   0.0000680320  -0.0008797749
       -0.0004026181  -0.0003843509   0.0010556760   0.0004347653  -0.0011069027
        0.0012225341  -0.0011249238   0.0001959523  -0.0230755321  -0.0056440558
        0.0012914081  -0.0259098142  -0.0022557155  -0.0021980725
        0.0001559625   0.0001707839   0.0001740767   0.0002133298   0.0002356574
       -0.0002098232  -0.0004671470  -0.0018076198  -0.0021601911  -0.0149738576
       -0.0023207096  -0.0023461625  -0.0137876944  -0.0228366090   0.0004084181
        0.0278079477   0.0225712329   0.0036265952   0.0004713518   0.0003465323
        0.0003284335  -0.0004302794  -0.0005849863  -0.0002793440   0.0000336089
       -0.0000891258  -0.0000507515   0.0000689758  -0.0000449251   0.0000072894
        0.0001132913  -0.0000687931  -0.0000281345   0.0000417789  -0.0002250941
        0.0000086143  -0.0000211473  -0.0000801208  -0.0000533994  -0.0006770676
        0.0000030702  -0.0001285069   0.0001770577   0.0001722169   0.0000449943
       -0.0001519203   0.0001948994   0.0002536295  -0.0123304448  -0.0007988676
       -0.0002959330   0.0137562541   0.0051624583   0.0007001952
       -0.0001937841  -0.0000224626   0.0002152180   0.0001143723   0.0001436492
       -0.0001467716  -0.0005042179  -0.0021651811  -0.0022712582  -0.0164609929
       -0.0035106884  -0.0011024013  -0.0052346409   0.0003307781  -0.0207928507
        0.0128414911   0.0036265952   0.0196649685  -0.0000894201   0.0000392371
       -0.0000732504   0.0001926779  -0.0000320850  -0.0000672205  -0.0000421294
        0.0000440397  -0.0000324505   0.0001095494   0.0000756502   0.0000237931
       -0.0000059036   0.0000390749  -0.0000643301  -0.0002441613  -0.0000244484
       -0.0001128891   0.0001635188  -0.0001859299  -0.0000406437  -0.0008047484
       -0.0003022726  -0.0000266037  -0.0005991686  -0.0000477473   0.0002372378
        0.0000813203   0.0002109366   0.0002356643   0.0158196858   0.0024404318
        0.0033041754  -0.0051434485  -0.0006595775   0.0010496127
       -0.0015915181   0.0052347263  -0.0008963864   0.0000512209  -0.0002934221
        0.0002801711  -0.0002405534  -0.0003239210  -0.0000519718   0.0000453597
        0.0000888261  -0.0001414540  -0.0000641008   0.0003807139   0.0001325428
        0.0000818542   0.0004713518  -0.0000894201   0.0022073066   0.0039400266
       -0.0004633204  -0.0007726132  -0.0099698800   0.0016801974  -0.0005157476
       -0.0003314319   0.0001905276  -0.0004176439  -0.0005675193  -0.0002526356
        0.0001690333   0.0003672528  -0.0001106591   0.0004510437  -0.0002611397
        0.0003670667   0.0009623290   0.0000063359  -0.0004783199   0.0000566623
        0.0000243243  -0.0000561550  -0.0000703369   0.0003072040  -0.0000324359
       -0.0001061140   0.0004941798  -0.0001803772  -0.0000917240   0.0000951291
        0.0000660998  -0.0001544578   0.0003372434   0.0000365300
        0.0081194113  -0.0119136462   0.0023560703  -0.0020554306  -0.0010272279
       -0.0004589720   0.0006706288   0.0001575817   0.0002847490  -0.0002451862
       -0.0000778142  -0.0001489825  -0.0000553818  -0.0000075846  -0.0001049156
        0.0000591754   0.0003465323   0.0000392371   0.0039400266  -0.0063033993
        0.0018121401  -0.0108032164   0.0184235734  -0.0041580845   0.0005768669
        0.0003188252  -0.0007632857   0.0000802062   0.0005325122   0.0009248199
        0.0006367418  -0.0000018570   0.0001341492  -0.0002898439   0.0000911696
       -0.0000532901  -0.0005105523  -0.0008844333   0.0000543843  -0.0001425134
       -0.0000675079   0.0001902713   0.0001402509   0.0001590532  -0.0000561161
        0.0000277657   0.0001563233   0.0001288052  -0.0001173814   0.0000582930
       -0.0001282927  -0.0000315676   0.0000396065  -0.0000526871
       -0.0015732120   0.0024263633   0.0005400014   0.0005504909  -0.0000691611
       -0.0003198960   0.0000387086   0.0001761613   0.0003887472  -0.0001516828
       -0.0000836671  -0.0003768572   0.0000244914  -0.0000217437   0.0002833436
        0.0000256617   0.0003284335  -0.0000732504  -0.0004633204   0.0018121401
        0.0027494338   0.0019431857  -0.0043098800  -0.0037041471  -0.0001597003
       -0.0002857674   0.0001263172  -0.0001308930   0.0002670129  -0.0001764848
       -0.0002569735   0.0002951814   0.0005977080   0.0000577460   0.0003416776
        0.0005274733  -0.0001262508  -0.0004686907  -0.0009942962   0.0001451732
       -0.0003143064   0.0002613280   0.0001033168  -0.0005420556   0.0003154063
        0.0001491701  -0.0001969357   0.0005407646  -0.0001077963   0.0003764544
       -0.0000668437  -0.0000681153   0.0002687831  -0.0006187479
       -0.0980361380   0.1085645313  -0.0178743887  -0.0165928034   0.0185844111
       -0.0049798856   0.0010268051   0.0004866253   0.0002233509   0.0001303464
       -0.0002334193   0.0000021497   0.0001565649  -0.0005748599  -0.0001154043
        0.0003115563  -0.0004302794   0.0001926779  -0.0007726132  -0.0108032164
        0.0019431857   0.1062132434  -0.1053893157   0.0180667525   0.0083357735
       -0.0077740573   0.0006201633   0.0039047304   0.0007687113   0.0024378941
       -0.0047711296  -0.0010054048  -0.0011636371  -0.0001265235   0.0002350902
       -0.0001579190  -0.0001710121  -0.0011939293   0.0004814013  -0.0002809746
       -0.0000236416   0.0002275329   0.0002755726  -0.0003374635   0.0000041711
        0.0000591060  -0.0003865951   0.0001892629   0.0000143902  -0.0001536521
       -0.0001115858   0.0003231057  -0.0003335348   0.0000142782
        0.1044237956  -0.2306243092   0.0319086444   0.0045926324   0.0073608734
        0.0006681797  -0.0006396048   0.0009773200  -0.0008731548  -0.0003374183
       -0.0004491540   0.0003618220  -0.0000161811   0.0004700103   0.0001118335
        0.0001371810  -0.0005849863  -0.0000320850  -0.0099698800   0.0184235734
       -0.0043098800  -0.1053893157   0.2332981379  -0.0305814832   0.0035149534
       -0.0133536698   0.0074764863   0.0072609145  -0.0164810187  -0.0042982727
       -0.0029927573   0.0006882461  -0.0003427446  -0.0004269511   0.0008078326
       -0.0004751098  -0.0001828441   0.0002096041   0.0002198609   0.0000374267
       -0.0000756433  -0.0000965990  -0.0002312566  -0.0000483961   0.0001227590
        0.0000129567  -0.0002219505  -0.0001142269   0.0000977167  -0.0001722705
        0.0001493591   0.0001086320  -0.0002241993   0.0001046112
       -0.0167697960   0.0320969427  -0.0464893555  -0.0036601841   0.0030624402
       -0.0004338645  -0.0004163860  -0.0004339450   0.0007095388  -0.0000301722
        0.0004598329  -0.0004730451   0.0001089419  -0.0003059959   0.0005576054
        0.0001356914  -0.0002793440  -0.0000672205   0.0016801974  -0.0041580845
       -0.0037041471   0.0180667525  -0.0305814832   0.0507576606  -0.0082376832
        0.0205277417  -0.0038276748   0.0103829447  -0.0209954776   0.0035746133
       -0.0008761761  -0.0003675404  -0.0002831214  -0.0006560088  -0.0002917678
       -0.0001294137   0.0001680948   0.0008613548   0.0007925612   0.0001045289
        0.0003595584  -0.0008401138  -0.0001096446   0.0006869355  -0.0000482567
       -0.0000800270   0.0002170217  -0.0006867249   0.0001932242  -0.0006372580
       -0.0001124460  -0.0000042979  -0.0002209316   0.0007034047
       -0.0962911506  -0.0589795888   0.0961167438  -0.0130311846  -0.0125396338
        0.0186427914  -0.0059932704  -0.0010263505  -0.0012664210  -0.0003719535
       -0.0007384099   0.0011866464  -0.0000115095  -0.0001982125   0.0002247576
        0.0000800647   0.0000336089  -0.0000421294  -0.0005157476   0.0005768669
       -0.0001597003   0.0083357735   0.0035149534  -0.0082376832   0.1045762352
        0.0683771739  -0.1069646151   0.0033906882   0.0013118855   0.0005495602
       -0.0002054928  -0.0000047696   0.0004517420   0.0001976493  -0.0004385231
        0.0001881504   0.0000558923   0.0002020452  -0.0001639896   0.0000887014
        0.0000682463  -0.0003965879  -0.0003637557  -0.0001177952  -0.0000976926
        0.0000762649  -0.0000508540   0.0000549536  -0.0000177275  -0.0000292917
       -0.0000899075   0.0000005226   0.0000386490   0.0000033812
       -0.0619068377  -0.1106964906   0.1112467592  -0.0036422550  -0.0024358165
        0.0031914037  -0.0014909195   0.0002544561  -0.0005587464  -0.0001485066
       -0.0001577796   0.0005211407   0.0000147027   0.0002766529  -0.0000330649
        0.0000432773  -0.0000891258   0.0000440397  -0.0003314319   0.0003188252
       -0.0002857674  -0.0077740573  -0.0133536698   0.0205277417   0.0683771739
        0.1164278384  -0.1212717931   0.0065466698   0.0090045527  -0.0129095336
        0.0008350763   0.0003274831  -0.0001942804  -0.0003784926   0.0000114736
        0.0001318269  -0.0000349986   0.0002494398  -0.0000924768   0.0000225863
       -0.0001017084  -0.0002359378  -0.0000896158   0.0000762559  -0.0000828767
        0.0000199873  -0.0000046527   0.0000250539  -0.0000758215  -0.0000144857
       -0.0000244548   0.0000134628  -0.0000932486   0.0000009661
        0.0973095920   0.1067098336  -0.2242260413   0.0005382146  -0.0017001100
        0.0044858701  -0.0008267301  -0.0003392222   0.0004785000  -0.0002934260
       -0.0001832271   0.0002831139  -0.0000266800   0.0000916918   0.0002838332
        0.0000679963  -0.0000507515  -0.0000324505   0.0001905276  -0.0007632857
        0.0001263172   0.0006201633   0.0074764863  -0.0038276748  -0.1069646151
       -0.1212717931   0.2463939282   0.0109577675   0.0106044735  -0.0250670556
       -0.0005545705  -0.0000792352   0.0002725795  -0.0010248470  -0.0006157747
        0.0004181160   0.0000579939  -0.0000831191   0.0000788755  -0.0000117738
        0.0001668325   0.0001859810  -0.0000615418   0.0000309583   0.0001116255
        0.0000359733   0.0000834827  -0.0000126408   0.0000182599  -0.0000205674
        0.0000131061  -0.0000323041  -0.0000566728   0.0000340167
       -0.0478124740  -0.0171859982  -0.0232641255  -0.0048352340  -0.0154701806
       -0.0233626346   0.0006870652   0.0000628626  -0.0005587958   0.0001969795
        0.0000913382   0.0000896079  -0.0001227161  -0.0002350356  -0.0001632030
        0.0000938041   0.0000689758   0.0001095494  -0.0004176439   0.0000802062
       -0.0001308930   0.0039047304   0.0072609145   0.0103829447   0.0033906882
        0.0065466698   0.0109577675   0.0506986816   0.0203990954   0.0267619550
        0.0003874124  -0.0003156383  -0.0005351605  -0.0059255348  -0.0012709713
       -0.0014015384  -0.0000486429  -0.0000498729   0.0000885572  -0.0002714852
        0.0000505685   0.0009628249   0.0000375096  -0.0000625584  -0.0000215766
       -0.0000297673  -0.0000258838  -0.0000357275   0.0000330616   0.0000030932
        0.0001096507   0.0000335657   0.0000524150   0.0000107976
       -0.0179599077  -0.1374398704  -0.1403278729  -0.0039362805  -0.0030028538
       -0.0050991266   0.0009293204   0.0004243991  -0.0001538286  -0.0000112346
        0.0000519091  -0.0000642857   0.0000499589   0.0000844383  -0.0000308929
        0.0000592377  -0.0000449251   0.0000756502  -0.0005675193   0.0005325122
        0.0002670129   0.0007687113  -0.0164810187  -0.0209954776   0.0013118855
        0.0090045527   0.0106044735   0.0203990954   0.1459358761   0.1545398832
        0.0009085191   0.0005706720   0.0007951467  -0.0013976452   0.0008606436
       -0.0000744705  -0.0001222920  -0.0005752300  -0.0001015875  -0.0005983875
        0.0001783198   0.0004542622   0.0000328810   0.0000673053   0.0000504163
        0.0001081688  -0.0000387243   0.0000216875   0.0000088902  -0.0000817551
        0.0000203549   0.0000165986  -0.0000462508   0.0000186548
       -0.0228149285  -0.1346947120  -0.2476247638  -0.0063234107  -0.0038201069
       -0.0052020572   0.0003092400   0.0003085337   0.0017953605   0.0002865443
        0.0000495498  -0.0003572733   0.0000216827   0.0000457499   0.0001067246
        0.0000115089   0.0000072894   0.0000237931  -0.0002526356   0.0009248199
       -0.0001764848   0.0024378941  -0.0042982727   0.0035746133   0.0005495602
       -0.0129095336  -0.0250670556   0.0267619550   0.1545398832   0.2723514429
        0.0004246894  -0.0000513702   0.0003273962  -0.0015775842   0.0000625023
        0.0005413785   0.0001236881   0.0001884323  -0.0000789079  -0.0000803138
       -0.0004500685  -0.0002159618   0.0001922970   0.0001550074   0.0000271566
       -0.0000232765   0.0000415150   0.0000106817   0.0000019435  -0.0000567630
       -0.0000461037  -0.0000488539  -0.0000424559   0.0000100606
       -0.0272318038   0.0257399616  -0.0061555424  -0.0915876088   0.0913092039
       -0.0159200969   0.0049448013  -0.0094726947   0.0017338679   0.0014836556
       -0.0005275075   0.0005131775  -0.0002178367  -0.0000736987   0.0000696481
       -0.0000353815   0.0001132913  -0.0000059036   0.0001690333   0.0006367418
       -0.0002569735  -0.0047711296  -0.0029927573  -0.0008761761  -0.0002054928
        0.0008350763  -0.0005545705   0.0003874124   0.0009085191   0.0004246894
        0.1155900113  -0.1078155009   0.0180850274   0.0023973246   0.0021362831
        0.0010609734  -0.0007084370  -0.0013074128   0.0020717226   0.0003263954
       -0.0000041693  -0.0003847046  -0.0001215676   0.0000494140  -0.0000093264
       -0.0004015222   0.0002235241   0.0001341963   0.0000777607   0.0000253796
        0.0000325405  -0.0000956146   0.0002163464   0.0000374509
       -0.0012332173   0.0044852832  -0.0004061989   0.0972100516  -0.2142337390
        0.0248157264   0.0047332598  -0.0184912340   0.0073903051   0.0005494719
        0.0003073423  -0.0001709950  -0.0000365972  -0.0001445658   0.0001257090
       -0.0002156735  -0.0000687931   0.0000390749   0.0003672528  -0.0000018570
        0.0002951814  -0.0010054048   0.0006882461  -0.0003675404  -0.0000047696
        0.0003274831  -0.0000792352  -0.0003156383   0.0005706720  -0.0000513702
       -0.1078155009   0.2471804447  -0.0317662143   0.0098712431  -0.0210617102
       -0.0020813370  -0.0018255150  -0.0008425420   0.0034866414   0.0001808120
        0.0008827525  -0.0008045672   0.0001891093   0.0003081464  -0.0002133873
       -0.0008945691   0.0002672978   0.0000540455   0.0000430252  -0.0004219780
       -0.0002825715   0.0002026600   0.0002487509   0.0000167332
       -0.0055724682   0.0053882414  -0.0002656127  -0.0155538691   0.0250760024
       -0.0496541198  -0.0080935946   0.0233586277  -0.0057571637  -0.0005880597
       -0.0003771689   0.0006105957  -0.0000690318   0.0001365837  -0.0001986997
       -0.0000036694  -0.0000281345  -0.0000643301  -0.0001106591   0.0001341492
        0.0005977080  -0.0011636371  -0.0003427446  -0.0002831214   0.0004517420
       -0.0001942804   0.0002725795  -0.0005351605   0.0007951467   0.0003273962
        0.0180850274  -0.0317662143   0.0557687109   0.0113271128  -0.0248747845
        0.0012947535   0.0020680581   0.0027413772  -0.0033977288  -0.0005505636
        0.0003225320   0.0007669169  -0.0001741999  -0.0001706696  -0.0000489247
        0.0004120313  -0.0000931542   0.0002578879   0.0000637038  -0.0000817851
        0.0000816857   0.0000072376  -0.0000237242  -0.0003085333
       -0.0103557283  -0.0186567519  -0.0267522678  -0.0422580212  -0.0041092444
       -0.0127667882   0.0005259867   0.0049079927   0.0109546337   0.0005448599
        0.0000217693   0.0000515423  -0.0007482122  -0.0006774629   0.0010486707
        0.0000464317   0.0000417789  -0.0002441613   0.0004510437  -0.0002898439
        0.0000577460  -0.0001265235  -0.0004269511  -0.0006560088   0.0001976493
       -0.0003784926  -0.0010248470  -0.0059255348  -0.0013976452  -0.0015775842
        0.0023973246   0.0098712431   0.0113271128   0.0569756970   0.0134322125
        0.0188517935   0.0003622775   0.0002816779  -0.0005663836  -0.0006201025
       -0.0016256912   0.0023076960   0.0000902501   0.0000058833  -0.0001133656
       -0.0000175861   0.0001067022   0.0001867665  -0.0016786857  -0.0010042325
       -0.0010189966   0.0001388737  -0.0001029443  -0.0000655583
       -0.0037913184  -0.0035851265  -0.0053032472  -0.0084757426  -0.1113315257
       -0.1037823144   0.0006716875   0.0077943913   0.0110020961   0.0004212131
        0.0001706109  -0.0001025540  -0.0003854975  -0.0002281770   0.0001877276
        0.0001504760  -0.0002250941  -0.0000244484  -0.0002611397   0.0000911696
        0.0003416776   0.0002350902   0.0008078326  -0.0002917678  -0.0004385231
        0.0000114736  -0.0006157747  -0.0012709713   0.0008606436   0.0000625023
        0.0021362831  -0.0210617102  -0.0248747845   0.0134322125   0.1267507461
        0.1199206166  -0.0000125461   0.0009318000   0.0006048826  -0.0013946969
       -0.0004007147   0.0030040045  -0.0000128250  -0.0001164650  -0.0000578505
        0.0000073732  -0.0002569311  -0.0001159097  -0.0009929204   0.0002630342
       -0.0002525280  -0.0000181549  -0.0004759574   0.0002976718
       -0.0040908889  -0.0050738746  -0.0064863647  -0.0180291475  -0.1045162236
       -0.2060354911   0.0022135999  -0.0093758205  -0.0250438459  -0.0002377050
       -0.0002880916   0.0001337161  -0.0003262501  -0.0001524445   0.0000704659
        0.0001537539   0.0000086143  -0.0001128891   0.0003670667  -0.0000532901
        0.0005274733  -0.0001579190  -0.0004751098  -0.0001294137   0.0001881504
        0.0001318269   0.0004181160  -0.0014015384  -0.0000744705   0.0005413785
        0.0010609734  -0.0020813370   0.0012947535   0.0188517935   0.1199206166
        0.2373114822  -0.0003218941  -0.0006165801   0.0006670078   0.0020818694
        0.0026871628  -0.0039299715  -0.0002915946  -0.0001180940   0.0001014396
        0.0000121779  -0.0000368787  -0.0002771828  -0.0000597125  -0.0001585930
        0.0009664524  -0.0000127350   0.0002725874  -0.0000171263
        0.0006425226  -0.0004953271   0.0003458230   0.0045915664  -0.0099145432
        0.0022624068  -0.0939630381   0.0967107192  -0.0149283517  -0.0199648554
        0.0238454655  -0.0042751808   0.0007115741   0.0008632960   0.0002027860
        0.0003218120  -0.0000211473   0.0001635188   0.0009623290  -0.0005105523
       -0.0001262508  -0.0001710121  -0.0001828441   0.0001680948   0.0000558923
       -0.0000349986   0.0000579939  -0.0000486429  -0.0001222920   0.0001236881
       -0.0007084370  -0.0018255150   0.0020680581   0.0003622775  -0.0000125461
       -0.0003218941   0.1104007603  -0.1067320453   0.0151914525   0.0026075523
       -0.0005988838   0.0005614130   0.0002988855   0.0003682588  -0.0000657619
       -0.0060502454  -0.0005765561  -0.0011019952   0.0000396343  -0.0000744161
        0.0000614318  -0.0000885756  -0.0006860726  -0.0003872323
        0.0006246441   0.0006368186  -0.0006917472   0.0048666786  -0.0177966735
        0.0065536657   0.0939729394  -0.2189974437   0.0252129378   0.0012254793
        0.0030578582  -0.0002833076  -0.0007667992   0.0010653663   0.0002979321
        0.0000591944  -0.0000801208  -0.0001859299   0.0000063359  -0.0008844333
       -0.0004686907  -0.0011939293   0.0002096041   0.0008613548   0.0002020452
        0.0002494398  -0.0000831191  -0.0000498729  -0.0005752300   0.0001884323
       -0.0013074128  -0.0008425420   0.0027413772   0.0002816779   0.0009318000
       -0.0006165801  -0.1067320453   0.2529424515  -0.0299287271   0.0099143734
       -0.0207648813  -0.0029170162  -0.0000556580   0.0002449148  -0.0001758389
       -0.0009814971   0.0006299822  -0.0004619351   0.0000257240  -0.0001379196
        0.0000313174  -0.0000918776   0.0001110085  -0.0000741257
       -0.0005657532  -0.0006199746   0.0003580101  -0.0090748094   0.0235878553
       -0.0061533138  -0.0142002823   0.0242377696  -0.0499788394  -0.0033652477
        0.0036483119  -0.0000609326  -0.0002570146   0.0006479192   0.0002697590
        0.0000680320  -0.0000533994  -0.0000406437  -0.0004783199   0.0000543843
       -0.0009942962   0.0004814013   0.0002198609   0.0007925612  -0.0001639896
       -0.0000924768   0.0000788755   0.0000885572  -0.0001015875  -0.0000789079
        0.0020717226   0.0034866414  -0.0033977288  -0.0005663836   0.0006048826
        0.0006670078   0.0151914525  -0.0299287271   0.0575486227   0.0115199493
       -0.0252909458   0.0005701266   0.0004333963  -0.0002216079   0.0001302482
       -0.0009065205   0.0001179507   0.0004472538  -0.0000022996   0.0000492001
       -0.0002402024  -0.0002738908  -0.0003460569   0.0000823999
        0.0009219429   0.0005712690   0.0010123436  -0.0002091392   0.0046722620
        0.0117713237  -0.0454121773  -0.0132763558  -0.0243041982  -0.0079171242
       -0.0169133753  -0.0233473771  -0.0047956295  -0.0005901244  -0.0010124745
       -0.0008797749  -0.0006770676  -0.0008047484   0.0000566623  -0.0001425134
        0.0001451732  -0.0002809746   0.0000374267   0.0001045289   0.0000887014
        0.0000225863  -0.0000117738  -0.0002714852  -0.0005983875  -0.0000803138
        0.0003263954   0.0001808120  -0.0005505636  -0.0006201025  -0.0013946969
        0.0020818694   0.0026075523   0.0099143734   0.0115199493   0.0553827416
        0.0184606081   0.0241246407   0.0005677842  -0.0003640947  -0.0006039155
        0.0005786474  -0.0000970249  -0.0002528948  -0.0000139623   0.0000374439
        0.0001157400  -0.0001300577   0.0001568591   0.0000926909
        0.0007426434   0.0003265881   0.0003470882   0.0006451374   0.0071588735
        0.0129816928  -0.0132335993  -0.1068027502  -0.0986900339  -0.0024430558
       -0.0032191162  -0.0050370341  -0.0015787598   0.0002441752  -0.0002108012
       -0.0004026181   0.0000030702  -0.0003022726   0.0000243243  -0.0000675079
       -0.0003143064  -0.0000236416  -0.0000756433   0.0003595584   0.0000682463
       -0.0001017084   0.0001668325   0.0000505685   0.0001783198  -0.0004500685
       -0.0000041693   0.0008827525   0.0003225320  -0.0016256912  -0.0004007147
        0.0026871628  -0.0005988838  -0.0207648813  -0.0252909458   0.0184606081
        0.1220798115   0.1131045358  -0.0002616243  -0.0001156395  -0.0001902559
        0.0002469903   0.0003057225   0.0002328001  -0.0000201281  -0.0000531053
        0.0001482491  -0.0000463471   0.0004217533   0.0001352667
       -0.0007448399  -0.0002236169   0.0015581744   0.0007996831  -0.0106891938
       -0.0289753458  -0.0233824290  -0.0977575128  -0.2030943656  -0.0031713012
       -0.0045775185  -0.0051602560  -0.0012555847   0.0000421041   0.0004364543
       -0.0003843509  -0.0001285069  -0.0000266037  -0.0000561550   0.0001902713
        0.0002613280   0.0002275329  -0.0000965990  -0.0008401138  -0.0003965879
       -0.0002359378   0.0001859810   0.0009628249   0.0004542622  -0.0002159618
       -0.0003847046  -0.0008045672   0.0007669169   0.0023076960   0.0030040045
       -0.0039299715   0.0005614130  -0.0029170162   0.0005701266   0.0241246407
        0.1131045358   0.2372737333   0.0005525476   0.0001701153   0.0008558283
        0.0001535282   0.0001596922   0.0000457387   0.0000820177   0.0001501329
        0.0002873687   0.0000040692   0.0001553510   0.0000009681
       -0.0014909233  -0.0008436651   0.0012438742  -0.0048259511  -0.0005357822
       -0.0009611734  -0.0155072816  -0.0130432873   0.0219011566  -0.0789896621
       -0.0331181154   0.0748200990   0.0015295239   0.0009989829  -0.0031538838
        0.0010556760   0.0001770577  -0.0005991686  -0.0000703369   0.0001402509
        0.0001033168   0.0002755726  -0.0002312566  -0.0001096446  -0.0003637557
       -0.0000896158  -0.0000615418   0.0000375096   0.0000328810   0.0001922970
       -0.0001215676   0.0001891093  -0.0001741999   0.0000902501  -0.0000128250
       -0.0002915946   0.0002988855  -0.0000556580   0.0004333963   0.0005677842
       -0.0002616243   0.0005525476   0.0911076623   0.0405567095  -0.0822565866
        0.0058287824   0.0067984002  -0.0108934735   0.0006266459  -0.0006604626
       -0.0009769990  -0.0000488143  -0.0000410991   0.0002315783
       -0.0003404836   0.0000488784   0.0000091954  -0.0012722080   0.0001988446
       -0.0002010708  -0.0033913662  -0.0021658766   0.0037811092  -0.0331393608
       -0.0797103968   0.0730554815   0.0059105063   0.0062658306  -0.0170854882
        0.0004347653   0.0001722169  -0.0000477473   0.0003072040   0.0001590532
       -0.0005420556  -0.0003374635  -0.0000483961   0.0006869355  -0.0001177952
        0.0000762559   0.0000309583  -0.0000625584   0.0000673053   0.0001550074
        0.0000494140   0.0003081464  -0.0001706696   0.0000058833  -0.0001164650
       -0.0001180940   0.0003682588   0.0002449148  -0.0002216079  -0.0003640947
       -0.0001156395   0.0001701153   0.0405567095   0.0919621205  -0.0821458746
       -0.0083595005  -0.0165790224   0.0268687673  -0.0004064385  -0.0015897064
       -0.0037524121   0.0001585282   0.0008219361  -0.0004725496
       -0.0001545158  -0.0001798821   0.0002630580  -0.0004312640  -0.0001567825
        0.0008039136   0.0002677780  -0.0001446318   0.0014567905   0.0739188750
        0.0731039476  -0.1971326626   0.0081112271   0.0053505323  -0.0281804854
       -0.0011069027   0.0000449943   0.0002372378  -0.0000324359  -0.0000561161
        0.0003154063   0.0000041711   0.0001227590  -0.0000482567  -0.0000976926
       -0.0000828767   0.0001116255  -0.0000215766   0.0000504163   0.0000271566
       -0.0000093264  -0.0002133873  -0.0000489247  -0.0001133656  -0.0000578505
        0.0001014396  -0.0000657619  -0.0001758389   0.0001302482  -0.0006039155
       -0.0001902559   0.0008558283  -0.0822565866  -0.0821458746   0.2324814234
        0.0024991528   0.0077833492  -0.0080325785  -0.0002472919  -0.0037696292
       -0.0040658652   0.0003394313   0.0007171267   0.0007246452
        0.0006901497  -0.0001071641   0.0000272524   0.0005153240   0.0012335093
       -0.0005887203  -0.0219571920   0.0251550010  -0.0066110196  -0.0927638818
        0.0911239632  -0.0162418584   0.0018405295  -0.0029081088   0.0004382753
        0.0012225341  -0.0001519203   0.0000813203  -0.0001061140   0.0000277657
        0.0001491701   0.0000591060   0.0000129567  -0.0000800270   0.0000762649
        0.0000199873   0.0000359733  -0.0000297673   0.0001081688  -0.0000232765
       -0.0004015222  -0.0008945691   0.0004120313  -0.0000175861   0.0000073732
        0.0000121779  -0.0060502454  -0.0009814971  -0.0009065205   0.0005786474
        0.0002469903   0.0001535282   0.0058287824  -0.0083595005   0.0024991528
        0.1101233415  -0.1040673186   0.0214091574  -0.0000715093   0.0001150772
        0.0000171462   0.0004631385  -0.0005807143  -0.0007837628
       -0.0001067114   0.0000946328  -0.0000383306  -0.0006450321   0.0008959025
       -0.0005061336   0.0005733942   0.0025588190   0.0004511787   0.0897183861
       -0.2089351385   0.0327190808   0.0093293931  -0.0240312121  -0.0016537619
       -0.0011249238   0.0001948994   0.0002109366   0.0004941798   0.0001563233
       -0.0001969357  -0.0003865951  -0.0002219505   0.0002170217  -0.0000508540
       -0.0000046527   0.0000834827  -0.0000258838  -0.0000387243   0.0000415150
        0.0002235241   0.0002672978  -0.0000931542   0.0001067022  -0.0002569311
       -0.0000368787  -0.0005765561   0.0006299822   0.0001179507  -0.0000970249
        0.0003057225   0.0001596922   0.0067984002  -0.0165790224   0.0077833492
       -0.1040673186   0.2463191166  -0.0359323987   0.0002468420   0.0009967726
        0.0007262501  -0.0004099220  -0.0023518369  -0.0040528642
       -0.0000948537   0.0000790343   0.0002049514   0.0004953303  -0.0005270464
        0.0005684238  -0.0035237297   0.0038244881  -0.0007062981  -0.0161674151
        0.0332828474  -0.0513118185   0.0097779054  -0.0234655912   0.0011472694
        0.0001959523   0.0002536295   0.0002356643  -0.0001803772   0.0001288052
        0.0005407646   0.0001892629  -0.0001142269  -0.0006867249   0.0000549536
        0.0000250539  -0.0000126408  -0.0000357275   0.0000216875   0.0000106817
        0.0001341963   0.0000540455   0.0002578879   0.0001867665  -0.0001159097
       -0.0002771828  -0.0011019952  -0.0004619351   0.0004472538  -0.0002528948
        0.0002328001   0.0000457387  -0.0108934735   0.0268687673  -0.0080325785
        0.0214091574  -0.0359323987   0.0597039058   0.0003361473  -0.0004060945
        0.0011074835  -0.0005292054  -0.0037479563  -0.0032427814
       -0.0000075683   0.0000441281   0.0000097605  -0.0007389548  -0.0009463613
       -0.0007782320   0.0003116000   0.0001505907   0.0001644970   0.0018771848
        0.0011728384  -0.0030808403  -0.0579658135  -0.0265099350   0.0669917099
       -0.0230755321  -0.0123304448   0.0158196858  -0.0000917240  -0.0001173814
       -0.0001077963   0.0000143902   0.0000977167   0.0001932242  -0.0000177275
       -0.0000758215   0.0000182599   0.0000330616   0.0000088902   0.0000019435
        0.0000777607   0.0000430252   0.0000637038  -0.0016786857  -0.0009929204
       -0.0000597125   0.0000396343   0.0000257240  -0.0000022996  -0.0000139623
       -0.0000201281   0.0000820177   0.0006266459  -0.0004064385  -0.0002472919
       -0.0000715093   0.0002468420   0.0003361473   0.0749851282   0.0334565847
       -0.0682682145   0.0056960720   0.0061530911  -0.0111365624
        0.0002464630  -0.0000105552   0.0002491914  -0.0006104947  -0.0001659641
       -0.0000203337   0.0002416658   0.0001396309   0.0002091268   0.0052625624
        0.0064871437  -0.0167257870  -0.0252111047  -0.0794380782   0.0817027809
       -0.0056440558  -0.0007988676   0.0024404318   0.0000951291   0.0000582930
        0.0003764544  -0.0001536521  -0.0001722705  -0.0006372580  -0.0000292917
       -0.0000144857  -0.0000205674   0.0000030932  -0.0000817551  -0.0000567630
        0.0000253796  -0.0004219780  -0.0000817851  -0.0010042325   0.0002630342
       -0.0001585930  -0.0000744161  -0.0001379196   0.0000492001   0.0000374439
       -0.0000531053   0.0001501329  -0.0006604626  -0.0015897064  -0.0037696292
        0.0001150772   0.0009967726  -0.0004060945   0.0334565847   0.0903300457
       -0.0901057296  -0.0060956886  -0.0153902344   0.0268052221
        0.0002505180   0.0000292696   0.0002789690   0.0001060873   0.0000884535
       -0.0000680550   0.0003859153   0.0003562964   0.0000210799   0.0059294755
        0.0058990960  -0.0261757359   0.0610403870   0.0808631423  -0.2201341632
        0.0012914081  -0.0002959330   0.0033041754   0.0000660998  -0.0001282927
       -0.0000668437  -0.0001115858   0.0001493591  -0.0001124460  -0.0000899075
       -0.0000244548   0.0000131061   0.0001096507   0.0000203549  -0.0000461037
        0.0000325405  -0.0002825715   0.0000816857  -0.0010189966  -0.0002525280
        0.0009664524   0.0000614318   0.0000313174  -0.0002402024   0.0001157400
        0.0001482491   0.0002873687  -0.0009769990  -0.0037524121  -0.0040658652
        0.0000171462   0.0007262501   0.0011074835  -0.0682682145  -0.0901057296
        0.2521155175   0.0010593032   0.0065301333  -0.0072664232
       -0.0003072830  -0.0000772390  -0.0000812894  -0.0001079944  -0.0000435403
        0.0000291057   0.0011519707  -0.0006556693  -0.0000467546   0.0018452378
       -0.0023711978   0.0004844198  -0.0886544122   0.1023830495  -0.0139159874
       -0.0259098142   0.0137562541  -0.0051434485  -0.0001544578  -0.0000315676
       -0.0000681153   0.0003231057   0.0001086320  -0.0000042979   0.0000005226
        0.0000134628  -0.0000323041   0.0000335657   0.0000165986  -0.0000488539
       -0.0000956146   0.0002026600   0.0000072376   0.0001388737  -0.0000181549
       -0.0000127350  -0.0000885756  -0.0000918776  -0.0002738908  -0.0001300577
       -0.0000463471   0.0000040692  -0.0000488143   0.0001585282   0.0003394313
        0.0004631385  -0.0004099220  -0.0005292054   0.0056960720  -0.0060956886
        0.0010593032   0.1058445370  -0.1067979811   0.0182333157
        0.0000993984   0.0001536884   0.0000365412  -0.0001586286  -0.0000219819
       -0.0000632889   0.0003571038   0.0003519123   0.0004247795   0.0076984664
       -0.0213748776  -0.0014698153   0.0958471177  -0.2233897431   0.0301505981
       -0.0022557155   0.0051624583  -0.0006595775   0.0003372434   0.0000396065
        0.0002687831  -0.0003335348  -0.0002241993  -0.0002209316   0.0000386490
       -0.0000932486  -0.0000566728   0.0000524150  -0.0000462508  -0.0000424559
        0.0002163464   0.0002487509  -0.0000237242  -0.0001029443  -0.0004759574
        0.0002725874  -0.0006860726   0.0001110085  -0.0003460569   0.0001568591
        0.0004217533   0.0001553510  -0.0000410991   0.0008219361   0.0007171267
       -0.0005807143  -0.0023518369  -0.0037479563   0.0061530911  -0.0153902344
        0.0065301333  -0.1067979811   0.2560572158  -0.0319254212
        0.0000295297  -0.0000051338  -0.0002601777  -0.0000502577  -0.0002025080
       -0.0000334166   0.0006655414   0.0002583441   0.0006474969   0.0093248937
       -0.0215407988   0.0014054974  -0.0140585416   0.0299884232  -0.0480287525
       -0.0021980725   0.0007001952   0.0010496127   0.0000365300  -0.0000526871
       -0.0006187479   0.0000142782   0.0001046112   0.0007034047   0.0000033812
        0.0000009661   0.0000340167   0.0000107976   0.0000186548   0.0000100606
        0.0000374509   0.0000167332  -0.0003085333  -0.0000655583   0.0002976718
       -0.0000171263  -0.0003872323  -0.0000741257   0.0000823999   0.0000926909
        0.0001352667   0.0000009681   0.0002315783  -0.0004725496   0.0007246452
       -0.0007837628  -0.0040528642  -0.0032427814  -0.0111365624   0.0268052221
       -0.0072664232   0.0182333157  -0.0319254212   0.0551178568
