$hessian                                                                        
        0.4688646265  -0.0160992787   0.0042774125  -0.1690738058  -0.0095217493
        0.0101325292  -0.0223009689  -0.0028851460  -0.0084661976   0.0002085839
        0.0005638785   0.0008513988  -0.0005748325   0.0006665879  -0.0003822102
        0.0008318583  -0.0008319284   0.0001354517  -0.0016988203   0.0064546129
        0.0023847608  -0.0938949578   0.0978095866   0.0429902121  -0.0639016649
       -0.0569807217   0.0391290838  -0.0758299622  -0.0168976590  -0.0912434679
       -0.0161122555  -0.0030960745   0.0014723359  -0.0269249104   0.0007665008
        0.0018896317  -0.0003960385  -0.0004401778  -0.0045720357   0.0019612375
        0.0001607547   0.0012255037  -0.0000331685   0.0001114535   0.0001159498
        0.0001048764  -0.0001972949  -0.0000711534   0.0001978229   0.0003400168
        0.0001025231  -0.0002724750  -0.0001556074  -0.0000260766  -0.0011551453
        0.0002322460   0.0000543481
       -0.0160992787   0.5723382252  -0.0045414339  -0.0124072601  -0.0718053403
        0.0017399052  -0.0040365856   0.0006389273  -0.0009418871   0.0005160595
        0.0000655224  -0.0001802936   0.0001904391  -0.0001446446   0.0006265374
       -0.0004498695  -0.0000978648  -0.0003523726   0.0049935489  -0.0081160251
       -0.0030388533   0.1010867308  -0.2197314960  -0.0790806965  -0.0575694494
       -0.2215236265   0.1258382173  -0.0153861085  -0.0514701742  -0.0389782732
       -0.0263801906  -0.0034077683   0.0015712389   0.0254182652   0.0025635970
       -0.0014456599  -0.0001544380   0.0004590517  -0.0004605281   0.0013166016
        0.0007322932  -0.0001332694  -0.0000476274   0.0000210217   0.0001006655
       -0.0009478688  -0.0004636303  -0.0007728912  -0.0001196996   0.0000793273
        0.0000244104   0.0000057156   0.0001181283   0.0000030654   0.0000710159
       -0.0002555241   0.0000221187
        0.0042774125  -0.0045414339   0.5944236358   0.0037728894   0.0009380143
       -0.0701083707  -0.0301982771  -0.0023502010  -0.0022751133   0.0006340471
       -0.0000269807   0.0006522893  -0.0002028407   0.0003443457  -0.0010582305
        0.0002721758   0.0003517374   0.0009972611   0.0018638800  -0.0033285243
       -0.0000241838   0.0450678112  -0.0792123379  -0.0759131414   0.0412175877
        0.1303330390  -0.1389359371  -0.0906512950  -0.0435169068  -0.3027538520
        0.0154496760   0.0014812124  -0.0004726998   0.0141081934   0.0010977172
        0.0001914284  -0.0032532128  -0.0004559015  -0.0052214097  -0.0008912025
       -0.0010540897   0.0017792827  -0.0003285613   0.0002865172   0.0002295366
       -0.0011769670  -0.0001479098  -0.0006791596  -0.0001053134  -0.0000920172
       -0.0000037714   0.0000156652   0.0001595565  -0.0000568757   0.0001283315
       -0.0002658368  -0.0007706890
       -0.1690738058  -0.0124072601   0.0037728894   0.4194644160  -0.0083641926
       -0.0368846431  -0.0723394212  -0.0003765170  -0.0363753554   0.0034176080
       -0.0031040475   0.0043079460   0.0003936238  -0.0004734461   0.0004145013
        0.0000495862   0.0003079263  -0.0003300016   0.0002271219  -0.0016567132
       -0.0009584960  -0.0150369851   0.0051444486   0.0033093247  -0.0108669095
       -0.0069284314   0.0043481047  -0.0110348784  -0.0013257058  -0.0035476555
       -0.0533714743  -0.0475165926   0.0316074143  -0.0782416244   0.0746939615
        0.0463738733  -0.0147785448  -0.0000977374  -0.0243736529   0.0014280360
        0.0002817039   0.0061297605  -0.0000774004   0.0016487158   0.0013556761
       -0.0002836818   0.0000335123   0.0006298536  -0.0003503328  -0.0001625409
        0.0002030381  -0.0001452123   0.0001052774  -0.0000004447   0.0006198788
        0.0001976386   0.0000178671
       -0.0095217493  -0.0718053403   0.0009380143  -0.0083641926   0.5333126200
       -0.0137581460  -0.0017097605  -0.0676093526  -0.0046396183  -0.0075470293
       -0.0023476777  -0.0233470660   0.0002459413   0.0000031687   0.0011144511
       -0.0004911819  -0.0050863862  -0.0020279408   0.0000270207  -0.0006004600
       -0.0000419953   0.0181229372   0.0046869286   0.0009457123  -0.0227303381
       -0.0032108641   0.0006338662  -0.0039578464  -0.0003709239  -0.0003262933
       -0.0405746671  -0.2002266329   0.1003140600   0.0686718389  -0.1824414961
       -0.0811347275  -0.0006591591  -0.0001814493  -0.0005885415   0.0084069168
       -0.0006620504   0.0248579810   0.0011851057  -0.0038979647  -0.0033320709
       -0.0005278156   0.0005675904   0.0002911241  -0.0001653786   0.0000584468
       -0.0000199869  -0.0001514122   0.0002234500   0.0002377762  -0.0002592299
       -0.0004116065  -0.0001165986
        0.0101325292   0.0017399052  -0.0701083707  -0.0368846431  -0.0137581460
        0.4899651119  -0.0354175671  -0.0005282564  -0.1765757632  -0.0039103630
       -0.0079993000  -0.0199787011   0.0003115227   0.0011631736   0.0009312316
       -0.0001128107  -0.0020510444   0.0001100504  -0.0000852675  -0.0001599780
       -0.0003137026   0.0094139689   0.0019905563   0.0006359380   0.0162412990
        0.0022724292   0.0003648078  -0.0237165789  -0.0029591828  -0.0000502162
        0.0292517224   0.1002524789  -0.1059049139   0.0443197047  -0.0810461319
       -0.0925165797  -0.0013528142   0.0000396435  -0.0004022177  -0.0084419227
        0.0041126649  -0.0250956725   0.0007243094  -0.0034568463  -0.0015339460
       -0.0005148845   0.0003222781   0.0003227551  -0.0000217423  -0.0000919897
        0.0001342956  -0.0000691601   0.0001220228   0.0000067575   0.0001326977
        0.0000357228   0.0000091356
       -0.0223009689  -0.0040365856  -0.0301982771  -0.0723394212  -0.0017097605
       -0.0354175671   0.5092513475   0.0098437990  -0.0103218539  -0.0786884407
        0.0325876781   0.0202145769   0.0023231738  -0.0071197241  -0.0050906834
        0.0004258796  -0.0000479347  -0.0000404430   0.0001326391   0.0000157601
       -0.0000925124  -0.0001443777  -0.0006168161  -0.0000961089   0.0009869771
        0.0006850891  -0.0003429230  -0.0066014180  -0.0006873930  -0.0004320472
        0.0024510067   0.0014224925   0.0028387612   0.0034085103   0.0001775014
        0.0073280323  -0.2667683840   0.0053337990   0.0081693797  -0.0631279139
       -0.0509444882   0.0325724725   0.0025703120  -0.0068856827  -0.0052933545
       -0.0114404708   0.0255251594   0.0158983396   0.0008676943  -0.0012866406
       -0.0007241389  -0.0003586012  -0.0024626967   0.0007201256  -0.0006475441
        0.0002064435   0.0003082214
       -0.0028851460   0.0006389273  -0.0023502010  -0.0003765170  -0.0676093526
       -0.0005282564   0.0098437990   0.4844445062  -0.0219746404   0.0320280465
       -0.1498182767  -0.0515155102   0.0034686835  -0.0309522437  -0.0101268983
        0.0002183003   0.0019613508  -0.0007272840  -0.0004315968   0.0003585368
       -0.0000942199   0.0003868346  -0.0001773140   0.0002233623  -0.0000444802
        0.0007345412  -0.0012515362  -0.0005788361   0.0002682832   0.0000929848
        0.0074440947   0.0008383911   0.0222281472  -0.0068028933  -0.0029970613
       -0.0238445845   0.0031530102  -0.0429737647   0.0023972286  -0.0497899412
       -0.1837705727   0.0923224702   0.0004172852  -0.0017192934  -0.0023553977
        0.0046488308  -0.0053033971  -0.0036940273   0.0010954543   0.0012501254
       -0.0007252837  -0.0017902271  -0.0047169224   0.0018832215  -0.0000047015
       -0.0004564635   0.0000404251
       -0.0084661976  -0.0009418871  -0.0022751133  -0.0363753554  -0.0046396183
       -0.1765757632  -0.0103218539  -0.0219746404   0.4654524616   0.0186305533
       -0.0471779674  -0.0938168483  -0.0033788671   0.0056704526   0.0068522408
       -0.0002588672  -0.0008076235  -0.0004729157   0.0001084493  -0.0001536520
       -0.0001784982  -0.0004417306   0.0002162176   0.0003218267   0.0005592803
       -0.0003030452   0.0019252041   0.0002173123   0.0000653936   0.0008760758
       -0.0061325725   0.0028124997  -0.0192167045  -0.0052097004  -0.0041679690
       -0.0180214220   0.0068850255   0.0011763173  -0.0433935207   0.0333247096
        0.0931811115  -0.1023624104   0.0076903249  -0.0231622238  -0.0179462207
        0.0025800769  -0.0027967772  -0.0015091819  -0.0003271412   0.0004117496
        0.0003191489   0.0009317792   0.0024418515   0.0000914240  -0.0000152257
        0.0001498106  -0.0000697828
        0.0002085839   0.0005160595   0.0006340471   0.0034176080  -0.0075470293
       -0.0039103630  -0.0786884407   0.0320280465   0.0186305533   0.5194849842
       -0.0101759752   0.0100012200  -0.0876736587  -0.0411622113   0.0214449464
        0.0053119863   0.0098438797  -0.0095672416  -0.0002548311  -0.0000017131
        0.0001043208  -0.0000359723  -0.0008379186  -0.0009669850   0.0000335777
       -0.0000861195   0.0000447084  -0.0000044371  -0.0000437503   0.0001347250
        0.0000161144  -0.0000687315   0.0004163359  -0.0000256819  -0.0004272696
       -0.0023867644  -0.0132866032   0.0261460091   0.0154982030   0.0030239481
       -0.0072602754  -0.0033829850  -0.0670123306   0.0046420841  -0.0661397115
       -0.2712220612   0.0141348029   0.0079662258  -0.0166391563  -0.0256413493
        0.0129127591   0.0019975952   0.0040747479  -0.0008313431   0.0013487754
        0.0018667134  -0.0006026513
        0.0005638785   0.0000655224  -0.0000269807  -0.0031040475  -0.0023476777
       -0.0079993000   0.0325876781  -0.1498182767  -0.0471779674  -0.0101759752
        0.4484999917  -0.0027682397  -0.0409890350  -0.1452450978   0.0346752239
        0.0018042817  -0.0084716798   0.0169230915   0.0007914766   0.0001561562
       -0.0000123943   0.0001765795   0.0000511948   0.0002590474  -0.0000250513
        0.0001303486   0.0002444041   0.0000733522   0.0000980257   0.0002320083
       -0.0000186549   0.0004196863   0.0004459454   0.0001290196   0.0009340152
        0.0007820286   0.0056077502  -0.0047855655  -0.0036458189   0.0068554947
       -0.0268714691  -0.0107094264   0.0040989258  -0.0432394331   0.0121837826
        0.0146643397  -0.0439023646  -0.0003393816  -0.0027501516  -0.0017822804
        0.0011959814  -0.0103230212  -0.0253479465   0.0060984737   0.0000331602
        0.0014568505  -0.0003604779
        0.0008513988  -0.0001802936   0.0006522893   0.0043079460  -0.0233470660
       -0.0199787011   0.0202145769  -0.0515155102  -0.0938168483   0.0100012200
       -0.0027682397   0.5030917596   0.0203028229   0.0350634912  -0.0761164685
        0.0035961688   0.0314455681  -0.0305217943  -0.0008892381   0.0003369181
        0.0004486848   0.0005952474   0.0001989761   0.0004154208  -0.0000990048
        0.0001725179  -0.0002390327   0.0001720548   0.0001322685   0.0003075521
        0.0001901186   0.0002772679   0.0010775580  -0.0020467017  -0.0012822939
       -0.0052725264   0.0044365816  -0.0043682396  -0.0018479106  -0.0035961870
        0.0100950207   0.0059234445  -0.0663868993   0.0137915153  -0.2422178143
        0.0080255864  -0.0004383482  -0.0451580043   0.0056201459   0.0057310810
       -0.0021975904  -0.0056985973  -0.0124301978   0.0047756052   0.0004027601
       -0.0009144360   0.0006743768
       -0.0005748325   0.0001904391  -0.0002028407   0.0003936238   0.0002459413
        0.0003115227   0.0023231738   0.0034686835  -0.0033788671  -0.0876736587
       -0.0409890350   0.0203028229   0.5108076013  -0.0071682629  -0.0240166785
       -0.0939362909   0.0084720137  -0.0285087771   0.0013048774   0.0003140218
       -0.0006249327  -0.0001715487  -0.0003059859   0.0001649552  -0.0001234553
        0.0000467657  -0.0000075850  -0.0000580505  -0.0001418479  -0.0002097373
        0.0005872065  -0.0011218351  -0.0005030063  -0.0000325630   0.0001844647
        0.0001022490   0.0006727690   0.0016617677  -0.0001461972   0.0000580843
        0.0018783643   0.0007955181   0.0032385770   0.0073260971  -0.0051285074
       -0.0157081832  -0.0258815692   0.0129100893  -0.2516373274   0.0162042366
        0.0383215388  -0.0527342503   0.0282540694   0.0234716491  -0.0167357526
        0.0073616711  -0.0336532157
        0.0006665879  -0.0001446446   0.0003443457  -0.0004734461   0.0000031687
        0.0011631736  -0.0071197241  -0.0309522437   0.0056704526  -0.0411622113
       -0.1452450978   0.0350634912  -0.0071682629   0.4663619444   0.0318846009
        0.0131181010  -0.0542901627   0.0260381974   0.0000853426  -0.0014790784
        0.0005509365  -0.0011374800   0.0006281973  -0.0004203029  -0.0001790813
       -0.0001254067  -0.0002354255  -0.0000947002   0.0001506253  -0.0001672553
        0.0000252685   0.0010693106  -0.0007296481   0.0002976462   0.0004020753
        0.0000058007  -0.0006402318   0.0010727230   0.0004777490   0.0008321874
       -0.0042130828  -0.0021220918  -0.0013831935  -0.0033388664   0.0035866901
       -0.0044982163  -0.0011905399   0.0017594303   0.0164858739  -0.0458902179
       -0.0054609712   0.0292213733  -0.1791358998  -0.0991932621   0.0031241667
       -0.0036828037   0.0017840890
       -0.0003822102   0.0006265374  -0.0010582305   0.0004145013   0.0011144511
        0.0009312316  -0.0050906834  -0.0101268983   0.0068522408   0.0214449464
        0.0346752239  -0.0761164685  -0.0240166785   0.0318846009   0.4384335100
       -0.0558445032   0.0291034193  -0.2011457664   0.0025438585   0.0006710736
       -0.0017823523  -0.0005737961  -0.0008852807   0.0010031724   0.0002902119
        0.0000077799   0.0001584590  -0.0002711927  -0.0003349779  -0.0000377477
       -0.0003430599  -0.0025707577  -0.0018187379  -0.0000358236   0.0001867313
       -0.0003957160  -0.0002667743  -0.0002481587   0.0003879144   0.0009503115
       -0.0043057789  -0.0010476410   0.0088123498   0.0211259282  -0.0146895803
        0.0028226999   0.0023234378  -0.0005814877   0.0347554891  -0.0051944245
       -0.0486324522   0.0245719888  -0.0987413380  -0.1032409177  -0.0097816354
        0.0006884311   0.0027805699
        0.0008318583  -0.0004498695   0.0002721758   0.0000495862  -0.0004911819
       -0.0001128107   0.0004258796   0.0002183003  -0.0002588672   0.0053119863
        0.0018042817   0.0035961688  -0.0939362909   0.0131181010  -0.0558445032
        0.4713836453  -0.0302284081   0.0264239744  -0.0084385999  -0.0020610224
        0.0027728320   0.0000836317   0.0009881588  -0.0003700605  -0.0000052232
        0.0002486757  -0.0001036527   0.0000686787   0.0002908819   0.0000629550
       -0.0004968660   0.0002678604   0.0003558307   0.0000165887   0.0000310593
       -0.0000036776   0.0000626004  -0.0001993555  -0.0000928925  -0.0000839416
        0.0005068990   0.0000230730   0.0001174169  -0.0014442520   0.0014562423
        0.0009385445   0.0000087574   0.0006907259  -0.0210122627   0.0076941576
       -0.0334824727   0.0028319885  -0.0023527149  -0.0075100188  -0.3581492208
        0.0120496712   0.0621249780
       -0.0008319284  -0.0000978648   0.0003517374   0.0003079263  -0.0050863862
       -0.0020510444  -0.0000479347   0.0019613508  -0.0008076235   0.0098438797
       -0.0084716798   0.0314455681   0.0084720137  -0.0542901627   0.0291034193
       -0.0302284081   0.0756700625  -0.0535679817  -0.0004339272   0.0035803254
        0.0001383690   0.0022112866  -0.0008060958  -0.0005045530   0.0000464470
        0.0001995708   0.0000838642   0.0004846198   0.0002356423   0.0004461824
       -0.0004518884  -0.0001490552   0.0013508679  -0.0003357463  -0.0014571993
        0.0006372560  -0.0001362043   0.0000926226  -0.0000549482  -0.0002602541
        0.0003399597   0.0002001079  -0.0015191851  -0.0051254369   0.0039611818
        0.0014096544   0.0011470679  -0.0011094927   0.0038720962  -0.0003184059
        0.0046260721  -0.0085834793   0.0085564311  -0.0173192922   0.0161810323
       -0.0159807468   0.0030703095
        0.0001354517  -0.0003523726   0.0009972611  -0.0003300016  -0.0020279408
        0.0001100504  -0.0000404430  -0.0007272840  -0.0004729157  -0.0095672416
        0.0169230915  -0.0305217943  -0.0285087771   0.0260381974  -0.2011457664
        0.0264239744  -0.0535679817   0.3329585770   0.0003977249   0.0000844174
        0.0019636562   0.0004284410  -0.0000131625  -0.0008272849  -0.0003008070
       -0.0000728936  -0.0001180927   0.0002902606   0.0003331416   0.0001512133
        0.0000443175   0.0019465359   0.0006731191  -0.0000763336  -0.0000608986
        0.0003702412  -0.0001130277   0.0000780838  -0.0001909902  -0.0000524457
        0.0004972965   0.0006391015   0.0019599913   0.0058961930  -0.0024465420
       -0.0011894954  -0.0018647481   0.0012697671  -0.0082364538   0.0027978650
       -0.0006380440  -0.0170030166  -0.0008273675  -0.0477987127   0.0357378820
        0.0049198274  -0.0549728442
       -0.0016988203   0.0049935489   0.0018638800   0.0002271219   0.0000270207
       -0.0000852675   0.0001326391  -0.0004315968   0.0001084493  -0.0002548311
        0.0007914766  -0.0008892381   0.0013048774   0.0000853426   0.0025438585
       -0.0084385999  -0.0004339272   0.0003977249   0.0032791826   0.0027667184
        0.0017439320   0.0008359796  -0.0095980821  -0.0031642242  -0.0004143359
       -0.0004203462   0.0000694539  -0.0005434632  -0.0002844998  -0.0004254695
        0.0005615034  -0.0003602443  -0.0005848762   0.0001786265   0.0004783379
        0.0001427645  -0.0000209211   0.0002905248   0.0002250885   0.0003271163
        0.0003553408  -0.0000778804  -0.0005380158   0.0001767845  -0.0002291802
       -0.0006212538  -0.0008352743   0.0010363412  -0.0009508200   0.0004151551
       -0.0001705236  -0.0002244496   0.0001189454  -0.0002227239   0.0068584640
        0.0018647749  -0.0022821091
        0.0064546129  -0.0081160251  -0.0033285243  -0.0016567132  -0.0006004600
       -0.0001599780   0.0000157601   0.0003585368  -0.0001536520  -0.0000017131
        0.0001561562   0.0003369181   0.0003140218  -0.0014790784   0.0006710736
       -0.0020610224   0.0035803254   0.0000844174   0.0027667184  -0.0027615877
       -0.0017594050  -0.0098307987   0.0122374769   0.0054636418   0.0002610962
        0.0006957558  -0.0005615490   0.0002496223   0.0000332911   0.0009213604
       -0.0001983656  -0.0002635345  -0.0000720544   0.0006729820   0.0001262346
       -0.0001848796   0.0004410144   0.0001738021  -0.0001262027   0.0000934682
        0.0003197551  -0.0001610714   0.0002816183  -0.0001296079   0.0001323958
       -0.0001718786  -0.0006970680  -0.0007445484  -0.0002149651   0.0003622964
       -0.0001228238  -0.0001093159   0.0004537159   0.0003575957   0.0026938580
       -0.0044499847  -0.0005927142
        0.0023847608  -0.0030388533  -0.0000241838  -0.0009584960  -0.0000419953
       -0.0003137026  -0.0000925124  -0.0000942199  -0.0001784982   0.0001043208
       -0.0000123943   0.0004486848  -0.0006249327   0.0005509365  -0.0017823523
        0.0027728320   0.0001383690   0.0019636562   0.0017439320  -0.0017594050
        0.0038752739  -0.0028516014   0.0049866510  -0.0026803513   0.0000580357
       -0.0001243086  -0.0004656745   0.0001337451   0.0005307630   0.0001439914
        0.0000021717  -0.0002513229   0.0003032714   0.0004441492  -0.0003155670
        0.0005295437  -0.0003537981   0.0001946198   0.0007148863  -0.0002023154
        0.0000028732   0.0005767117  -0.0003437434   0.0003259639   0.0003048016
        0.0002441374  -0.0005803707  -0.0003640742  -0.0001427093  -0.0000835007
        0.0003911982   0.0002859552   0.0004027348   0.0001474817  -0.0026039311
       -0.0008309733  -0.0035906639
       -0.0938949578   0.1010867308   0.0450678112  -0.0150369851   0.0181229372
        0.0094139689  -0.0001443777   0.0003868346  -0.0004417306  -0.0000359723
        0.0001765795   0.0005952474  -0.0001715487  -0.0011374800  -0.0005737961
        0.0000836317   0.0022112866   0.0004284410   0.0008359796  -0.0098307987
       -0.0028516014   0.0971120198  -0.0978821245  -0.0462129548   0.0057772784
       -0.0031665303  -0.0029010932   0.0068809418  -0.0058447650  -0.0015339866
       -0.0002226955  -0.0001860226   0.0001973139  -0.0054669589  -0.0008809300
        0.0000777251   0.0001573421  -0.0002911746  -0.0000596778  -0.0005232835
       -0.0000608612   0.0001413997   0.0006709202  -0.0000885194   0.0002574275
        0.0010318132  -0.0005939813  -0.0011720264   0.0003269788  -0.0003045946
       -0.0001204191   0.0004981862   0.0001451875   0.0000910392   0.0021216878
       -0.0018617739  -0.0004030878
        0.0978095866  -0.2197314960  -0.0792123379   0.0051444486   0.0046869286
        0.0019905563  -0.0006168161  -0.0001773140   0.0002162176  -0.0008379186
        0.0000511948   0.0001989761  -0.0003059859   0.0006281973  -0.0008852807
        0.0009881588  -0.0008060958  -0.0000131625  -0.0095980821   0.0122374769
        0.0049866510  -0.0978821245   0.2277584606   0.0836093738   0.0080705357
       -0.0235369241  -0.0037833955   0.0007281959  -0.0033041522  -0.0074881181
       -0.0007817942   0.0015685630   0.0007124722  -0.0025952456   0.0009585555
        0.0001832728  -0.0002906681  -0.0001706342  -0.0001631325  -0.0000412633
       -0.0003876768   0.0001297549  -0.0001678556   0.0000262453  -0.0001055739
        0.0004306906   0.0011561525  -0.0002162635   0.0004160544  -0.0002674767
       -0.0000056258   0.0000398048  -0.0002918621  -0.0001697899  -0.0005097215
       -0.0003981428   0.0000154056
        0.0429902121  -0.0790806965  -0.0759131414   0.0033093247   0.0009457123
        0.0006359380  -0.0000961089   0.0002233623   0.0003218267  -0.0009669850
        0.0002590474   0.0004154208   0.0001649552  -0.0004203029   0.0010031724
       -0.0003700605  -0.0005045530  -0.0008272849  -0.0031642242   0.0054636418
       -0.0026803513  -0.0462129548   0.0836093738   0.0828643812  -0.0065186222
        0.0131528123   0.0078767728   0.0095697559  -0.0234979125  -0.0133071766
        0.0004873611   0.0004737317   0.0002528535  -0.0002622985   0.0004200665
        0.0002138551   0.0000831658  -0.0000856415  -0.0007036830   0.0001387002
        0.0001246649  -0.0007318432   0.0004124837  -0.0004206219  -0.0003077861
        0.0006901454  -0.0010336955  -0.0007611067   0.0000750103   0.0001058524
       -0.0001467112   0.0000905567  -0.0003443166   0.0002661907  -0.0004204172
        0.0006094749   0.0015286732
       -0.0639016649  -0.0575694494   0.0412175877  -0.0108669095  -0.0227303381
        0.0162412990   0.0009869771  -0.0000444802   0.0005592803   0.0000335777
       -0.0000250513  -0.0000990048  -0.0001234553  -0.0001790813   0.0002902119
       -0.0000052232   0.0000464470  -0.0003008070  -0.0004143359   0.0002610962
        0.0000580357   0.0057772784   0.0080705357  -0.0065186222   0.0690148267
        0.0656054356  -0.0460274873   0.0048433496   0.0068183757  -0.0051176475
       -0.0063319289  -0.0003166623   0.0002537936   0.0002555205  -0.0004521052
        0.0002924486   0.0002448028  -0.0000000465   0.0001073512  -0.0001451768
        0.0005554889  -0.0009500428   0.0000343652   0.0000825473   0.0000556826
        0.0001593682  -0.0000642168  -0.0000248992   0.0000670413  -0.0000096250
        0.0000057215   0.0001074609   0.0000608262  -0.0000188994   0.0002641261
       -0.0001096964  -0.0000240017
       -0.0569807217  -0.2215236265   0.1303330390  -0.0069284314  -0.0032108641
        0.0022724292   0.0006850891   0.0007345412  -0.0003030452  -0.0000861195
        0.0001303486   0.0001725179   0.0000467657  -0.0001254067   0.0000077799
        0.0002486757   0.0001995708  -0.0000728936  -0.0004203462   0.0006957558
       -0.0001243086  -0.0031665303  -0.0235369241   0.0131528123   0.0656054356
        0.2420250427  -0.1454588549   0.0012814408   0.0034703596   0.0007615925
       -0.0012724747   0.0012768739   0.0001399842   0.0010203532   0.0004920423
       -0.0005679125   0.0003989095   0.0001222955   0.0001233355  -0.0005134835
       -0.0000429880  -0.0002650955   0.0000747230  -0.0000273158   0.0000712719
        0.0001371951  -0.0005481900  -0.0003371684   0.0001146462   0.0000861014
       -0.0000462319  -0.0000356609   0.0000643212  -0.0000260860  -0.0002094656
       -0.0002819378   0.0001668343
        0.0391290838   0.1258382173  -0.1389359371   0.0043481047   0.0006338662
        0.0003648078  -0.0003429230  -0.0012515362   0.0019252041   0.0000447084
        0.0002444041  -0.0002390327  -0.0000075850  -0.0002354255   0.0001584590
       -0.0001036527   0.0000838642  -0.0001180927   0.0000694539  -0.0005615490
       -0.0004656745  -0.0029010932  -0.0037833955   0.0078767728  -0.0460274873
       -0.1454588549   0.1503477540   0.0056391812   0.0241451099  -0.0211572876
        0.0000410666  -0.0002829494   0.0006716541   0.0000533021   0.0002710094
        0.0000172436  -0.0001829833   0.0000051202  -0.0004220637   0.0002321135
        0.0008577562  -0.0000795100  -0.0001376845  -0.0002413199  -0.0001769644
        0.0000196971  -0.0003595552  -0.0000096029  -0.0000305827  -0.0000481520
        0.0000462095   0.0000674051   0.0000636452   0.0001483091   0.0000898756
        0.0000797449   0.0000477516
       -0.0758299622  -0.0153861085  -0.0906512950  -0.0110348784  -0.0039578464
       -0.0237165789  -0.0066014180  -0.0005788361   0.0002173123  -0.0000044371
        0.0000733522   0.0001720548  -0.0000580505  -0.0000947002  -0.0002711927
        0.0000686787   0.0004846198   0.0002902606  -0.0005434632   0.0002496223
        0.0001337451   0.0068809418   0.0007281959   0.0095697559   0.0048433496
        0.0012814408   0.0056391812   0.0825095010   0.0180380983   0.1007120123
       -0.0003484042  -0.0006044205  -0.0004558845  -0.0000518000   0.0001652621
       -0.0006395723  -0.0005330735  -0.0001524944  -0.0015435501  -0.0000193691
       -0.0001646710   0.0004516304   0.0001780747   0.0000567404   0.0002094693
        0.0001573323   0.0000257038   0.0000304604   0.0001316204  -0.0000141211
       -0.0000350360   0.0000051140   0.0000486813   0.0000034084   0.0002502437
       -0.0001985184  -0.0001161812
       -0.0168976590  -0.0514701742  -0.0435169068  -0.0013257058  -0.0003709239
       -0.0029591828  -0.0006873930   0.0002682832   0.0000653936  -0.0000437503
        0.0000980257   0.0001322685  -0.0001418479   0.0001506253  -0.0003349779
        0.0002908819   0.0002356423   0.0003331416  -0.0002844998   0.0000332911
        0.0005307630  -0.0058447650  -0.0033041522  -0.0234979125   0.0068183757
        0.0034703596   0.0241451099   0.0180380983   0.0506644842   0.0452575459
       -0.0006581120   0.0000881673  -0.0003229457   0.0007490695   0.0002661989
        0.0003945109   0.0000588977   0.0002247003  -0.0001934054  -0.0000004914
       -0.0000999602   0.0001718310   0.0000178793   0.0000500383   0.0001029883
       -0.0000373229   0.0000919813  -0.0000292288   0.0000739842   0.0000408653
        0.0000135888  -0.0000325044  -0.0000194425   0.0000129956  -0.0000931351
       -0.0004180100  -0.0003055772
       -0.0912434679  -0.0389782732  -0.3027538520  -0.0035476555  -0.0003262933
       -0.0000502162  -0.0004320472   0.0000929848   0.0008760758   0.0001347250
        0.0002320083   0.0003075521  -0.0002097373  -0.0001672553  -0.0000377477
        0.0000629550   0.0004461824   0.0001512133  -0.0004254695   0.0009213604
        0.0001439914  -0.0015339866  -0.0074881181  -0.0133071766  -0.0051176475
        0.0007615925  -0.0211572876   0.1007120123   0.0452575459   0.3343014470
        0.0006370251  -0.0000194027   0.0003756249   0.0010166467  -0.0000254799
        0.0006329355   0.0001050739  -0.0002066690  -0.0000323173  -0.0000117163
       -0.0002518965   0.0002593989  -0.0000401634  -0.0000622868   0.0001511025
       -0.0001556361  -0.0000221871  -0.0000828800  -0.0000098297  -0.0000671907
        0.0000824138   0.0000542574   0.0000599847   0.0001752631   0.0000046616
       -0.0001566066  -0.0000355407
       -0.0161122555  -0.0263801906   0.0154496760  -0.0533714743  -0.0405746671
        0.0292517224   0.0024510067   0.0074440947  -0.0061325725   0.0000161144
       -0.0000186549   0.0001901186   0.0005872065   0.0000252685  -0.0003430599
       -0.0004968660  -0.0004518884   0.0000443175   0.0005615034  -0.0001983656
        0.0000021717  -0.0002226955  -0.0007817942   0.0004873611  -0.0063319289
       -0.0012724747   0.0000410666  -0.0003484042  -0.0006581120   0.0006370251
        0.0702487379   0.0519545878  -0.0323492171   0.0042219249   0.0101555236
       -0.0046250994   0.0000507516   0.0001736609  -0.0004219083  -0.0002030803
       -0.0002410850  -0.0027341759   0.0000572754   0.0000253757   0.0000593095
       -0.0001383491  -0.0000225488   0.0001249608  -0.0002768808  -0.0001125105
       -0.0003471073  -0.0001130238   0.0000389145  -0.0001106263  -0.0005795624
        0.0008948660   0.0007760375
       -0.0030960745  -0.0034077683   0.0014812124  -0.0475165926  -0.2002266329
        0.1002524789   0.0014224925   0.0008383911   0.0028124997  -0.0000687315
        0.0004196863   0.0002772679  -0.0011218351   0.0010693106  -0.0025707577
        0.0002678604  -0.0001490552   0.0019465359  -0.0003602443  -0.0002635345
       -0.0002513229  -0.0001860226   0.0015685630   0.0004737317  -0.0003166623
        0.0012768739  -0.0002829494  -0.0006044205   0.0000881673  -0.0000194027
        0.0519545878   0.2259520196  -0.1143833818  -0.0022255730  -0.0275873661
        0.0110828303   0.0001481493   0.0001447432   0.0000684264   0.0001037405
        0.0011207702  -0.0008960828  -0.0000019454  -0.0002206725  -0.0000871286
       -0.0000203834   0.0000654730  -0.0000010925   0.0001124646  -0.0000073240
       -0.0000806955   0.0002010017  -0.0001840947   0.0004534518   0.0013081886
       -0.0004975499  -0.0002756211
        0.0014723359   0.0015712389  -0.0004726998   0.0316074143   0.1003140600
       -0.1059049139   0.0028387612   0.0222281472  -0.0192167045   0.0004163359
        0.0004459454   0.0010775580  -0.0005030063  -0.0007296481  -0.0018187379
        0.0003558307   0.0013508679   0.0006731191  -0.0005848762  -0.0000720544
        0.0003032714   0.0001973139   0.0007124722   0.0002528535   0.0002537936
        0.0001399842   0.0006716541  -0.0004558845  -0.0003229457   0.0003756249
       -0.0323492171  -0.1143833818   0.1218182349  -0.0017134487  -0.0108439085
        0.0072589290   0.0001469263   0.0001696507   0.0000565909  -0.0022500757
        0.0002402972  -0.0056980646   0.0002096936   0.0000267776   0.0004850766
        0.0001866241   0.0000317639  -0.0001443671  -0.0002497519  -0.0001623225
       -0.0001047201  -0.0001538891   0.0002036267   0.0001922273   0.0005751199
       -0.0009205708   0.0001950682
       -0.0269249104   0.0254182652   0.0141081934  -0.0782416244   0.0686718389
        0.0443197047   0.0034085103  -0.0068028933  -0.0052097004  -0.0000256819
        0.0001290196  -0.0020467017  -0.0000325630   0.0002976462  -0.0000358236
        0.0000165887  -0.0003357463  -0.0000763336   0.0001786265   0.0006729820
        0.0004441492  -0.0054669589  -0.0025952456  -0.0002622985   0.0002555205
        0.0010203532   0.0000533021  -0.0000518000   0.0007490695   0.0010166467
        0.0042219249  -0.0022255730  -0.0017134487   0.1025240397  -0.0840454503
       -0.0493531150   0.0003071534  -0.0004837473  -0.0009635194   0.0001106580
       -0.0001217665   0.0001953967   0.0001726525  -0.0003939980  -0.0003470943
       -0.0001124791  -0.0001031186  -0.0000466824   0.0000700402   0.0000847585
       -0.0000773736  -0.0000975137  -0.0000398067  -0.0000346733  -0.0003121835
        0.0001034126   0.0000293717
        0.0007665008   0.0025635970   0.0010977172   0.0746939615  -0.1824414961
       -0.0810461319   0.0001775014  -0.0029970613  -0.0041679690  -0.0004272696
        0.0009340152  -0.0012822939   0.0001844647   0.0004020753   0.0001867313
        0.0000310593  -0.0014571993  -0.0000608986   0.0004783379   0.0001262346
       -0.0003155670  -0.0008809300   0.0009585555   0.0004200665  -0.0004521052
        0.0004920423   0.0002710094   0.0001652621   0.0002661989  -0.0000254799
        0.0101555236  -0.0275873661  -0.0108439085  -0.0840454503   0.2078685188
        0.0954461428  -0.0003498006   0.0001795578  -0.0000369720  -0.0000394948
        0.0004828375   0.0004934462   0.0000497437  -0.0001706303  -0.0001316304
       -0.0003344437   0.0002195270   0.0002715204   0.0000028574  -0.0000154495
       -0.0000484049   0.0000208129   0.0000181423  -0.0001206542  -0.0001965313
        0.0001579003  -0.0001067235
        0.0018896317  -0.0014456599   0.0001914284   0.0463738733  -0.0811347275
       -0.0925165797   0.0073280323  -0.0238445845  -0.0180214220  -0.0023867644
        0.0007820286  -0.0052725264   0.0001022490   0.0000058007  -0.0003957160
       -0.0000036776   0.0006372560   0.0003702412   0.0001427645  -0.0001848796
        0.0005295437   0.0000777251   0.0001832728   0.0002138551   0.0002924486
       -0.0005679125   0.0000172436  -0.0006395723   0.0003945109   0.0006329355
       -0.0046250994   0.0110828303   0.0072589290  -0.0493531150   0.0954461428
        0.1068993384   0.0002015091  -0.0003548989   0.0004948861   0.0004782902
       -0.0002274457   0.0005443711   0.0004343239  -0.0012947067  -0.0008288743
       -0.0002149187   0.0003162081   0.0000777629   0.0000096502  -0.0000476268
       -0.0000953021  -0.0000490865   0.0002221010   0.0000544095  -0.0000582637
        0.0000322911  -0.0001545240
       -0.0003960385  -0.0001544380  -0.0032532128  -0.0147785448  -0.0006591591
       -0.0013528142  -0.2667683840   0.0031530102   0.0068850255  -0.0132866032
        0.0056077502   0.0044365816   0.0006727690  -0.0006402318  -0.0002667743
        0.0000626004  -0.0001362043  -0.0001130277  -0.0000209211   0.0004410144
       -0.0003537981   0.0001573421  -0.0002906681   0.0000831658   0.0002448028
        0.0003989095  -0.0001829833  -0.0005330735   0.0000588977   0.0001050739
        0.0000507516   0.0001481493   0.0001469263   0.0003071534  -0.0003498006
        0.0002015091   0.3089797563  -0.0055412040  -0.0115721259  -0.0155793370
       -0.0037362047   0.0035262912   0.0002164176  -0.0002006731   0.0000106817
        0.0000259373   0.0020081783   0.0017218355   0.0004435389   0.0003964778
       -0.0001196714   0.0001497313  -0.0004618385   0.0000603485   0.0000521012
       -0.0000419652   0.0000369687
       -0.0004401778   0.0004590517  -0.0004559015  -0.0000977374  -0.0001814493
        0.0000396435   0.0053337990  -0.0429737647   0.0011763173   0.0261460091
       -0.0047855655  -0.0043682396   0.0016617677   0.0010727230  -0.0002481587
       -0.0001993555   0.0000926226   0.0000780838   0.0002905248   0.0001738021
        0.0001946198  -0.0002911746  -0.0001706342  -0.0000856415  -0.0000000465
        0.0001222955   0.0000051202  -0.0001524944   0.0002247003  -0.0002066690
        0.0001736609   0.0001447432   0.0001696507  -0.0004837473   0.0001795578
       -0.0003548989  -0.0055412040   0.0517161117   0.0022016600  -0.0273178954
       -0.0020934610   0.0040271496  -0.0000427281   0.0004291615   0.0003649147
        0.0017760145  -0.0040719883  -0.0028502275  -0.0006558546  -0.0005734555
        0.0001728562  -0.0000414405   0.0002004001   0.0001593652  -0.0001179200
        0.0000351490  -0.0000196445
       -0.0045720357  -0.0004605281  -0.0052214097  -0.0243736529  -0.0005885415
       -0.0004022177   0.0081693797   0.0023972286  -0.0433935207   0.0154982030
       -0.0036458189  -0.0018479106  -0.0001461972   0.0004777490   0.0003879144
       -0.0000928925  -0.0000549482  -0.0001909902   0.0002250885  -0.0001262027
        0.0007148863  -0.0000596778  -0.0001631325  -0.0007036830   0.0001073512
        0.0001233355  -0.0004220637  -0.0015435501  -0.0001934054  -0.0000323173
       -0.0004219083   0.0000684264   0.0000565909  -0.0009635194  -0.0000369720
        0.0004948861  -0.0115721259   0.0022016600   0.0525174352   0.0185356532
        0.0026722349  -0.0010107178   0.0005362962  -0.0000305139   0.0000518605
        0.0009769401  -0.0028937562  -0.0010848980  -0.0001138689  -0.0000789206
        0.0002812987  -0.0000319487   0.0002281602  -0.0001095903  -0.0001575346
        0.0001039454  -0.0000855533
        0.0019612375   0.0013166016  -0.0008912025   0.0014280360   0.0084069168
       -0.0084419227  -0.0631279139  -0.0497899412   0.0333247096   0.0030239481
        0.0068554947  -0.0035961870   0.0000580843   0.0008321874   0.0009503115
       -0.0000839416  -0.0002602541  -0.0000524457   0.0003271163   0.0000934682
       -0.0002023154  -0.0005232835  -0.0000412633   0.0001387002  -0.0001451768
       -0.0005134835   0.0002321135  -0.0000193691  -0.0000004914  -0.0000117163
       -0.0002030803   0.0001037405  -0.0022500757   0.0001106580  -0.0000394948
        0.0004782902  -0.0155793370  -0.0273178954   0.0185356532   0.0719108422
        0.0599394343  -0.0374094987   0.0001833376  -0.0004022223  -0.0003989812
        0.0001634342   0.0003283073  -0.0001766822   0.0001083020   0.0001712686
       -0.0000482636   0.0004307106   0.0001998833  -0.0001311562  -0.0000236046
        0.0001177433  -0.0000493311
        0.0001607547   0.0007322932  -0.0010540897   0.0002817039  -0.0006620504
        0.0041126649  -0.0509444882  -0.1837705727   0.0931811115  -0.0072602754
       -0.0268714691   0.0100950207   0.0018783643  -0.0042130828  -0.0043057789
        0.0005068990   0.0003399597   0.0004972965   0.0003553408   0.0003197551
        0.0000028732  -0.0000608612  -0.0003876768   0.0001246649   0.0005554889
       -0.0000429880   0.0008577562  -0.0001646710  -0.0000999602  -0.0002518965
       -0.0002410850   0.0011207702   0.0002402972  -0.0001217665   0.0004828375
       -0.0002274457  -0.0037362047  -0.0020934610   0.0026722349   0.0599394343
        0.2155280410  -0.1065395809  -0.0004265232   0.0004123345   0.0001418704
       -0.0001976216   0.0003809616   0.0003984898   0.0004876204   0.0002644572
       -0.0002096771  -0.0006067868  -0.0015094607   0.0003719560  -0.0004053225
        0.0000693115  -0.0001077673
        0.0012255037  -0.0001332694   0.0017792827   0.0061297605   0.0248579810
       -0.0250956725   0.0325724725   0.0923224702  -0.1023624104  -0.0033829850
       -0.0107094264   0.0059234445   0.0007955181  -0.0021220918  -0.0010476410
        0.0000230730   0.0002001079   0.0006391015  -0.0000778804  -0.0001610714
        0.0005767117   0.0001413997   0.0001297549  -0.0007318432  -0.0009500428
       -0.0002650955  -0.0000795100   0.0004516304   0.0001718310   0.0002593989
       -0.0027341759  -0.0008960828  -0.0056980646   0.0001953967   0.0004934462
        0.0005443711   0.0035262912   0.0040271496  -0.0010107178  -0.0374094987
       -0.1065395809   0.1255844049  -0.0001410366  -0.0008894148   0.0006186471
       -0.0002100657   0.0000469301   0.0001093328   0.0000701915  -0.0000510292
       -0.0000799538  -0.0002619457  -0.0004839571   0.0002205391   0.0000363934
        0.0000013486  -0.0001494209
       -0.0000331685  -0.0000476274  -0.0003285613  -0.0000774004   0.0011851057
        0.0007243094   0.0025703120   0.0004172852   0.0076903249  -0.0670123306
        0.0040989258  -0.0663868993   0.0032385770  -0.0013831935   0.0088123498
        0.0001174169  -0.0015191851   0.0019599913  -0.0005380158   0.0002816183
       -0.0003437434   0.0006709202  -0.0001678556   0.0004124837   0.0000343652
        0.0000747230  -0.0001376845   0.0001780747   0.0000178793  -0.0000401634
        0.0000572754  -0.0000019454   0.0002096936   0.0001726525   0.0000497437
        0.0004343239   0.0002164176  -0.0000427281   0.0005362962   0.0001833376
       -0.0004265232  -0.0001410366   0.0756505093  -0.0057082733   0.0780637490
       -0.0162762357   0.0029022876  -0.0317223219  -0.0000580880   0.0000335567
        0.0002510210   0.0004273811   0.0004108839   0.0001564148   0.0004779996
       -0.0001746774  -0.0001505471
        0.0001114535   0.0000210217   0.0002865172   0.0016487158  -0.0038979647
       -0.0034568463  -0.0068856827  -0.0017192934  -0.0231622238   0.0046420841
       -0.0432394331   0.0137915153   0.0073260971  -0.0033388664   0.0211259282
       -0.0014442520  -0.0051254369   0.0058961930   0.0001767845  -0.0001296079
        0.0003259639  -0.0000885194   0.0000262453  -0.0004206219   0.0000825473
       -0.0000273158  -0.0002413199   0.0000567404   0.0000500383  -0.0000622868
        0.0000253757  -0.0002206725   0.0000267776  -0.0003939980  -0.0001706303
       -0.0012947067  -0.0002006731   0.0004291615  -0.0000305139  -0.0004022223
        0.0004123345  -0.0008894148  -0.0057082733   0.0548586455  -0.0145980236
        0.0011126172   0.0016157837   0.0018899364   0.0000806881   0.0001804969
        0.0000230960   0.0004208904   0.0002044703   0.0008938283  -0.0005603732
        0.0000710233  -0.0001037982
        0.0001159498   0.0001006655   0.0002295366   0.0013556761  -0.0033320709
       -0.0015339460  -0.0052933545  -0.0023553977  -0.0179462207  -0.0661397115
        0.0121837826  -0.2422178143  -0.0051285074   0.0035866901  -0.0146895803
        0.0014562423   0.0039611818  -0.0024465420  -0.0002291802   0.0001323958
        0.0003048016   0.0002574275  -0.0001055739  -0.0003077861   0.0000556826
        0.0000712719  -0.0001769644   0.0002094693   0.0001029883   0.0001511025
        0.0000593095  -0.0000871286   0.0004850766  -0.0003470943  -0.0001316304
       -0.0008288743   0.0000106817   0.0003649147   0.0000518605  -0.0003989812
        0.0001418704   0.0006186471   0.0780637490  -0.0145980236   0.2805226213
       -0.0043536408   0.0006206207  -0.0031081814   0.0001227785  -0.0002173183
        0.0000638167  -0.0003480337  -0.0002943302   0.0007194059   0.0005315371
       -0.0001449083   0.0001090407
        0.0001048764  -0.0009478688  -0.0011769670  -0.0002836818  -0.0005278156
       -0.0005148845  -0.0114404708   0.0046488308   0.0025800769  -0.2712220612
        0.0146643397   0.0080255864  -0.0157081832  -0.0044982163   0.0028226999
        0.0009385445   0.0014096544  -0.0011894954  -0.0006212538  -0.0001718786
        0.0002441374   0.0010318132   0.0004306906   0.0006901454   0.0001593682
        0.0001371951   0.0000196971   0.0001573323  -0.0000373229  -0.0001556361
       -0.0001383491  -0.0000203834   0.0001866241  -0.0001124791  -0.0003344437
       -0.0002149187   0.0000259373   0.0017760145   0.0009769401   0.0001634342
       -0.0001976216  -0.0002100657  -0.0162762357   0.0011126172  -0.0043536408
        0.3124242204  -0.0146783023  -0.0089860742  -0.0002988280  -0.0025451937
        0.0008709345   0.0002173579   0.0002550040  -0.0001539657   0.0008786582
       -0.0004752995   0.0005388064
       -0.0001972949  -0.0004636303  -0.0001479098   0.0000335123   0.0005675904
        0.0003222781   0.0255251594  -0.0053033971  -0.0027967772   0.0141348029
       -0.0439023646  -0.0004383482  -0.0258815692  -0.0011905399   0.0023234378
        0.0000087574   0.0011470679  -0.0018647481  -0.0008352743  -0.0006970680
       -0.0005803707  -0.0005939813   0.0011561525  -0.0010336955  -0.0000642168
       -0.0005481900  -0.0003595552   0.0000257038   0.0000919813  -0.0000221871
       -0.0000225488   0.0000654730   0.0000317639  -0.0001031186   0.0002195270
        0.0003162081   0.0020081783  -0.0040719883  -0.0028937562   0.0003283073
        0.0003809616   0.0000469301   0.0029022876   0.0016157837   0.0006206207
       -0.0146783023   0.0546361765   0.0030600701  -0.0024356940  -0.0042111035
        0.0026599373  -0.0004113065   0.0004665233   0.0000784434   0.0002565978
        0.0000410443   0.0006776584
       -0.0000711534  -0.0007728912  -0.0006791596   0.0006298536   0.0002911241
        0.0003227551   0.0158983396  -0.0036940273  -0.0015091819   0.0079662258
       -0.0003393816  -0.0451580043   0.0129100893   0.0017594303  -0.0005814877
        0.0006907259  -0.0011094927   0.0012697671   0.0010363412  -0.0007445484
       -0.0003640742  -0.0011720264  -0.0002162635  -0.0007611067  -0.0000248992
       -0.0003371684  -0.0000096029   0.0000304604  -0.0000292288  -0.0000828800
        0.0001249608  -0.0000010925  -0.0001443671  -0.0000466824   0.0002715204
        0.0000777629   0.0017218355  -0.0028502275  -0.0010848980  -0.0001766822
        0.0003984898   0.0001093328  -0.0317223219   0.0018899364  -0.0031081814
       -0.0089860742   0.0030600701   0.0526020167   0.0015059207   0.0022046077
       -0.0006363350  -0.0001370961  -0.0004665961   0.0000459314  -0.0001778170
        0.0006857393  -0.0003082872
        0.0001978229  -0.0001196996  -0.0001053134  -0.0003503328  -0.0001653786
       -0.0000217423   0.0008676943   0.0010954543  -0.0003271412  -0.0166391563
       -0.0027501516   0.0056201459  -0.2516373274   0.0164858739   0.0347554891
       -0.0210122627   0.0038720962  -0.0082364538  -0.0009508200  -0.0002149651
       -0.0001427093   0.0003269788   0.0004160544   0.0000750103   0.0000670413
        0.0001146462  -0.0000305827   0.0001316204   0.0000739842  -0.0000098297
       -0.0002768808   0.0001124646  -0.0002497519   0.0000700402   0.0000028574
        0.0000096502   0.0004435389  -0.0006558546  -0.0001138689   0.0001083020
        0.0004876204   0.0000701915  -0.0000580880   0.0000806881   0.0001227785
       -0.0002988280  -0.0024356940   0.0015059207   0.2998927607  -0.0215964667
       -0.0350629258  -0.0109873482   0.0041530200   0.0052514168   0.0001052447
        0.0010434506  -0.0031102841
        0.0003400168   0.0000793273  -0.0000920172  -0.0001625409   0.0000584468
       -0.0000919897  -0.0012866406   0.0012501254   0.0004117496  -0.0256413493
       -0.0017822804   0.0057310810   0.0162042366  -0.0458902179  -0.0051944245
        0.0076941576  -0.0003184059   0.0027978650   0.0004151551   0.0003622964
       -0.0000835007  -0.0003045946  -0.0002674767   0.0001058524  -0.0000096250
        0.0000861014  -0.0000481520  -0.0000141211   0.0000408653  -0.0000671907
       -0.0001125105  -0.0000073240  -0.0001623225   0.0000847585  -0.0000154495
       -0.0000476268   0.0003964778  -0.0005734555  -0.0000789206   0.0001712686
        0.0002644572  -0.0000510292   0.0000335567   0.0001804969  -0.0002173183
       -0.0025451937  -0.0042111035   0.0022046077  -0.0215964667   0.0544538166
        0.0016545044   0.0262878736  -0.0044599473  -0.0080512711   0.0000455408
        0.0007497272   0.0012801031
        0.0001025231   0.0000244104  -0.0000037714   0.0002030381  -0.0000199869
        0.0001342956  -0.0007241389  -0.0007252837   0.0003191489   0.0129127591
        0.0011959814  -0.0021975904   0.0383215388  -0.0054609712  -0.0486324522
       -0.0334824727   0.0046260721  -0.0006380440  -0.0001705236  -0.0001228238
        0.0003911982  -0.0001204191  -0.0000056258  -0.0001467112   0.0000057215
       -0.0000462319   0.0000462095  -0.0000350360   0.0000135888   0.0000824138
       -0.0003471073  -0.0000806955  -0.0001047201  -0.0000773736  -0.0000484049
       -0.0000953021  -0.0001196714   0.0001728562   0.0002812987  -0.0000482636
       -0.0002096771  -0.0000799538   0.0002510210   0.0000230960   0.0000638167
        0.0008709345   0.0026599373  -0.0006363350  -0.0350629258   0.0016545044
        0.0598051461   0.0202717423  -0.0049749677  -0.0041468131  -0.0027513462
        0.0013242219  -0.0044418345
       -0.0002724750   0.0000057156   0.0000156652  -0.0001452123  -0.0001514122
       -0.0000691601  -0.0003586012  -0.0017902271   0.0009317792   0.0019975952
       -0.0103230212  -0.0056985973  -0.0527342503   0.0292213733   0.0245719888
        0.0028319885  -0.0085834793  -0.0170030166  -0.0002244496  -0.0001093159
        0.0002859552   0.0004981862   0.0000398048   0.0000905567   0.0001074609
       -0.0000356609   0.0000674051   0.0000051140  -0.0000325044   0.0000542574
       -0.0001130238   0.0002010017  -0.0001538891  -0.0000975137   0.0000208129
       -0.0000490865   0.0001497313  -0.0000414405  -0.0000319487   0.0004307106
       -0.0006067868  -0.0002619457   0.0004273811   0.0004208904  -0.0003480337
        0.0002173579  -0.0004113065  -0.0001370961  -0.0109873482   0.0262878736
        0.0202717423   0.0578064464  -0.0327203277  -0.0212447598   0.0004609019
       -0.0013919897  -0.0012918163
       -0.0001556074   0.0001181283   0.0001595565   0.0001052774   0.0002234500
        0.0001220228  -0.0024626967  -0.0047169224   0.0024418515   0.0040747479
       -0.0253479465  -0.0124301978   0.0282540694  -0.1791358998  -0.0987413380
       -0.0023527149   0.0085564311  -0.0008273675   0.0001189454   0.0004537159
        0.0004027348   0.0001451875  -0.0002918621  -0.0003443166   0.0000608262
        0.0000643212   0.0000636452   0.0000486813  -0.0000194425   0.0000599847
        0.0000389145  -0.0001840947   0.0002036267  -0.0000398067   0.0000181423
        0.0002221010  -0.0004618385   0.0002004001   0.0002281602   0.0001998833
       -0.0015094607  -0.0004839571   0.0004108839   0.0002044703  -0.0002943302
        0.0002550040   0.0004665233  -0.0004665961   0.0041530200  -0.0044599473
       -0.0049749677  -0.0327203277   0.2044976537   0.1146582608   0.0003275511
        0.0008623396   0.0000011268
       -0.0000260766   0.0000030654  -0.0000568757  -0.0000004447   0.0002377762
        0.0000067575   0.0007201256   0.0018832215   0.0000914240  -0.0008313431
        0.0060984737   0.0047756052   0.0234716491  -0.0991932621  -0.1032409177
       -0.0075100188  -0.0173192922  -0.0477987127  -0.0002227239   0.0003575957
        0.0001474817   0.0000910392  -0.0001697899   0.0002661907  -0.0000188994
       -0.0000260860   0.0001483091   0.0000034084   0.0000129956   0.0001752631
       -0.0001106263   0.0004534518   0.0001922273  -0.0000346733  -0.0001206542
        0.0000544095   0.0000603485   0.0001593652  -0.0001095903  -0.0001311562
        0.0003719560   0.0002205391   0.0001564148   0.0008938283   0.0007194059
       -0.0001539657   0.0000784434   0.0000459314   0.0052514168  -0.0080512711
       -0.0041468131  -0.0212447598   0.1146582608   0.1479133866   0.0005302855
       -0.0003280781   0.0005959782
       -0.0011551453   0.0000710159   0.0001283315   0.0006198788  -0.0002592299
        0.0001326977  -0.0006475441  -0.0000047015  -0.0000152257   0.0013487754
        0.0000331602   0.0004027601  -0.0167357526   0.0031241667  -0.0097816354
       -0.3581492208   0.0161810323   0.0357378820   0.0068584640   0.0026938580
       -0.0026039311   0.0021216878  -0.0005097215  -0.0004204172   0.0002641261
       -0.0002094656   0.0000898756   0.0002502437  -0.0000931351   0.0000046616
       -0.0005795624   0.0013081886   0.0005751199  -0.0003121835  -0.0001965313
       -0.0000582637   0.0000521012  -0.0001179200  -0.0001575346  -0.0000236046
       -0.0004053225   0.0000363934   0.0004779996  -0.0005603732   0.0005315371
        0.0008786582   0.0002565978  -0.0001778170   0.0001052447   0.0000455408
       -0.0027513462   0.0004609019   0.0003275511   0.0005302855   0.3641649318
       -0.0216847108  -0.0222033735
        0.0002322460  -0.0002555241  -0.0002658368   0.0001976386  -0.0004116065
        0.0000357228   0.0002064435  -0.0004564635   0.0001498106   0.0018667134
        0.0014568505  -0.0009144360   0.0073616711  -0.0036828037   0.0006884311
        0.0120496712  -0.0159807468   0.0049198274   0.0018647749  -0.0044499847
       -0.0008309733  -0.0018617739  -0.0003981428   0.0006094749  -0.0001096964
       -0.0002819378   0.0000797449  -0.0001985184  -0.0004180100  -0.0001566066
        0.0008948660  -0.0004975499  -0.0009205708   0.0001034126   0.0001579003
        0.0000322911  -0.0000419652   0.0000351490   0.0001039454   0.0001177433
        0.0000693115   0.0000013486  -0.0001746774   0.0000710233  -0.0001449083
       -0.0004752995   0.0000410443   0.0006857393   0.0010434506   0.0007497272
        0.0013242219  -0.0013919897   0.0008623396  -0.0003280781  -0.0216847108
        0.0233894241  -0.0050691480
        0.0000543481   0.0000221187  -0.0007706890   0.0000178671  -0.0001165986
        0.0000091356   0.0003082214   0.0000404251  -0.0000697828  -0.0006026513
       -0.0003604779   0.0006743768  -0.0336532157   0.0017840890   0.0027805699
        0.0621249780   0.0030703095  -0.0549728442  -0.0022821091  -0.0005927142
       -0.0035906639  -0.0004030878   0.0000154056   0.0015286732  -0.0000240017
        0.0001668343   0.0000477516  -0.0001161812  -0.0003055772  -0.0000355407
        0.0007760375  -0.0002756211   0.0001950682   0.0000293717  -0.0001067235
       -0.0001545240   0.0000369687  -0.0000196445  -0.0000855533  -0.0000493311
       -0.0001077673  -0.0001494209  -0.0001505471  -0.0001037982   0.0001090407
        0.0005388064   0.0006776584  -0.0003082872  -0.0031102841   0.0012801031
       -0.0044418345  -0.0012918163   0.0000011268   0.0005959782  -0.0222033735
       -0.0050691480   0.0586385464
