$hessian                                                                        
        0.5296941932  -0.0050405875   0.0407138100  -0.0851876769  -0.0098716938
        0.0470421872  -0.0346133899  -0.0020761873   0.0275091500   0.0011783296
        0.0031569879   0.0019645144  -0.0013534889   0.0019089333  -0.0019151557
        0.0024788684  -0.0003210199   0.0003503526  -0.0014220656   0.0010452640
        0.0008349237   0.0004205170  -0.0009983241  -0.0005045698  -0.0018287747
       -0.0002534895  -0.0025114564   0.0002205202  -0.0040335264   0.0000859798
       -0.0178865196   0.0030104921  -0.0025445305  -0.0494542330   0.0336289643
       -0.0118926231  -0.2707815088   0.0368471571  -0.0326738928  -0.0756190815
       -0.0569001501  -0.0642385182   0.0005821656  -0.0016794739   0.0011639530
        0.0038674059   0.0016110410  -0.0038866372   0.0000328640  -0.0001161123
        0.0006235215  -0.0001475536  -0.0000186388  -0.0002058419  -0.0000289849
        0.0000766148  -0.0002415313   0.0000303006  -0.0000081815  -0.0001114672
       -0.0000927333   0.0001176337  -0.0001520381  -0.0001234225   0.0001211599
       -0.0000841080   0.0000342690  -0.0002068629   0.0006739781
       -0.0050405875   0.5770560500   0.0125588777  -0.0082222584  -0.0726454911
        0.0135923313   0.0011261555   0.0026867076  -0.0036070254  -0.0006581595
       -0.0001694406  -0.0005845963   0.0003375182  -0.0000609530  -0.0001879451
       -0.0000070753   0.0004264113   0.0000816406   0.0000432004   0.0001631135
       -0.0000327731   0.0000239088   0.0001105569   0.0000695319  -0.0004508382
       -0.0001842027   0.0003455863   0.0011740344  -0.0006978360   0.0001688991
        0.0025074997   0.0008480148   0.0003559156   0.0381865216  -0.2994706615
        0.0872716000   0.0378016245  -0.0466303774   0.0049185733  -0.0608946212
       -0.1588255012  -0.1257297025  -0.0149207811  -0.0061512452   0.0270911936
        0.0088078622   0.0027942904  -0.0164630690  -0.0000992451   0.0002128660
       -0.0001830698   0.0000020290   0.0001346797  -0.0002270383   0.0000364644
        0.0002109787  -0.0001282131   0.0000119733  -0.0000215275   0.0001925893
        0.0000330963   0.0001234412   0.0000701072   0.0000506205  -0.0000089588
        0.0002208909   0.0001510577   0.0000990849   0.0002056959
        0.0407138100   0.0125588777   0.4948609860   0.0406231061   0.0144440263
       -0.1499973960   0.0146436861  -0.0019772530   0.0022553909  -0.0023158498
       -0.0019725985  -0.0008374642   0.0010287421  -0.0009720879   0.0004275814
       -0.0010155948   0.0002927570  -0.0001256214   0.0005556903  -0.0004205740
       -0.0002110616  -0.0001428880   0.0003847805   0.0002877398   0.0009424935
        0.0003010651   0.0008936433  -0.0011791746   0.0022886883   0.0003999095
       -0.0005256788   0.0000834863   0.0011680526  -0.0124407402   0.0839442742
       -0.0762953049  -0.0364582911   0.0053563243  -0.0438240616  -0.0659484707
       -0.1221454912  -0.1859893700   0.0083155072   0.0057668365  -0.0154064601
        0.0133612523   0.0017667306  -0.0275966121  -0.0001622461   0.0001957102
       -0.0002281831   0.0000286464   0.0000297597   0.0000238606   0.0000244729
        0.0000071953   0.0001332150  -0.0000102428   0.0000148081   0.0001273429
        0.0000196507  -0.0000308585   0.0001306129   0.0000321174  -0.0000160324
        0.0000491928  -0.0000899981   0.0000995753  -0.0002459928
       -0.0851876769  -0.0082222584   0.0406231061   0.4508225551  -0.0029170407
        0.0572126603  -0.1973069253   0.0231357257  -0.0255751120  -0.0320694906
       -0.0054888930  -0.0085502149   0.0021728604  -0.0055226461  -0.0017365013
       -0.0032686338   0.0004361490  -0.0005746907   0.0018971546  -0.0013299268
       -0.0000114913  -0.0006540908   0.0010588541   0.0005601551   0.0038966255
        0.0039770720   0.0010058198  -0.0232805332   0.0146095606  -0.0021451847
        0.0009211090  -0.0002180289   0.0001586585   0.0018332554  -0.0024600111
       -0.0019690287  -0.0110448820  -0.0027225552   0.0171577349   0.0053107005
        0.0035231411  -0.0053272033  -0.0455097864   0.0299269323  -0.0147701806
       -0.0683463267  -0.0474728743  -0.0579645397   0.0007407023   0.0011511489
        0.0010606679  -0.0010474598   0.0001766964   0.0000273103   0.0000321604
       -0.0001184538   0.0002933626   0.0000242895  -0.0000261785   0.0001248825
       -0.0000150623  -0.0000367176   0.0001289179  -0.0007538282   0.0000475228
       -0.0000290317   0.0008332832  -0.0015072185   0.0002999032
       -0.0098716938  -0.0726454911   0.0144440263  -0.0029170407   0.5341144695
        0.0124334823   0.0257073747  -0.0711657062   0.0020681153  -0.0199203728
        0.0022810826  -0.0024101235  -0.0028781437  -0.0023907461  -0.0022206487
       -0.0000424787  -0.0008555862  -0.0001363184  -0.0001501080  -0.0000440017
        0.0003730929  -0.0000279804   0.0000368109  -0.0001171192   0.0028451652
       -0.0039805625  -0.0029816484   0.0279331188  -0.0071312322   0.0029403205
        0.0005224423  -0.0005498331   0.0000511649  -0.0134500374  -0.0039011508
        0.0227482110  -0.0000222143   0.0013683031  -0.0028498477   0.0090005881
        0.0036115654  -0.0136531868   0.0337914896  -0.2455749051   0.0646211413
       -0.0505144662  -0.1344597491  -0.0966466662  -0.0016164722   0.0008233524
        0.0005759659  -0.0010933743  -0.0000323108   0.0000419564   0.0000887985
       -0.0001852432   0.0002267999  -0.0000766330   0.0001513864  -0.0002291182
        0.0000108930  -0.0000410652  -0.0000947896   0.0013873135  -0.0003207297
       -0.0000642654   0.0012938317   0.0008913427   0.0008794554
        0.0470421872   0.0135923313  -0.1499973960   0.0572126603   0.0124334823
        0.4602765261  -0.0373257049   0.0034873467  -0.0635321941  -0.0091734725
        0.0030404959  -0.0008866518  -0.0041148487  -0.0019485641   0.0058396012
        0.0015889107  -0.0003033348  -0.0000028755  -0.0005789236   0.0010689086
       -0.0012096160   0.0004736257  -0.0005799552  -0.0002957153  -0.0024460854
       -0.0026404739   0.0054626895   0.0035176630  -0.0029448853  -0.0000645063
       -0.0027820813   0.0004490308  -0.0008942201   0.0053023330   0.0063561123
       -0.0105444262   0.0059820662  -0.0014457064   0.0033785544   0.0096675608
       -0.0000781793  -0.0215219589  -0.0147062929   0.0695879996  -0.0668295570
       -0.0606925847  -0.1011952171  -0.1555709397   0.0005110708   0.0010066457
       -0.0017556250  -0.0006558790  -0.0000213650   0.0000588333  -0.0000676792
       -0.0000658084  -0.0000521561   0.0000124554   0.0000205971  -0.0001208591
       -0.0000510407  -0.0000866765   0.0000321430   0.0000417852  -0.0000158798
        0.0000308476   0.0012422745   0.0002830955  -0.0018004981
       -0.0346133899   0.0011261555   0.0146436861  -0.1973069253   0.0257073747
       -0.0373257049   0.6100376297  -0.0166004069   0.0828728724  -0.1628599865
       -0.1339111654  -0.0574001219  -0.0499473807  -0.0105499348  -0.0124269177
        0.0085395847  -0.0089032976   0.0007903359  -0.0049906764   0.0024469914
        0.0001313103   0.0014522836  -0.0021417026  -0.0007476494  -0.0253432137
        0.0289366978   0.0018557771  -0.1179942574   0.1149135798   0.0148348028
       -0.0010251171   0.0001565861  -0.0002414080   0.0008074951  -0.0005626074
        0.0007412027  -0.0012579796  -0.0007528236   0.0042570929   0.0010226716
        0.0000328794   0.0008267523  -0.0107982021   0.0071663465  -0.0013591934
       -0.0175405994  -0.0023110275  -0.0053408783   0.0056712100   0.0078325029
        0.0023985385  -0.0047378527   0.0014168378  -0.0024168641   0.0003658690
        0.0003291061  -0.0000870463   0.0000362809   0.0000339041  -0.0001448857
        0.0001525162  -0.0001110994  -0.0000588271  -0.0048149167   0.0014380770
       -0.0023612166   0.0051449569  -0.0156929739  -0.0034416577
       -0.0020761873   0.0026867076  -0.0019772530   0.0231357257  -0.0711657062
        0.0034873467  -0.0166004069   0.6343586727   0.1221604794  -0.0647263807
       -0.2196274123  -0.0574810012  -0.0678825047   0.0385693833  -0.0042910851
       -0.0091737458  -0.0574768666  -0.0150529683   0.0007363080  -0.0010485522
       -0.0005340115   0.0004558743   0.0006022046   0.0001477063   0.0860358746
        0.0057084565   0.0192162204   0.0454413446  -0.2820876162  -0.0487817774
       -0.0000016148  -0.0001434936  -0.0000504148  -0.0007974510   0.0006316779
       -0.0000480910   0.0000537607   0.0007936120   0.0005109876   0.0006657234
        0.0002573244  -0.0004812533   0.0274491601  -0.0077677361   0.0053426779
       -0.0174612444   0.0023636585  -0.0048988934  -0.0140953746  -0.0253903743
       -0.0099729375   0.0018509593   0.0015459125  -0.0012829550  -0.0000245138
        0.0001645165   0.0001247489  -0.0000102552   0.0003862101   0.0001641345
        0.0000615778   0.0000185568   0.0002299886   0.0008724702   0.0016675106
       -0.0013695427   0.0060909003  -0.0250466464  -0.0051621061
        0.0275091500  -0.0036070254   0.0022553909  -0.0255751120   0.0020681153
       -0.0635321941   0.0828728724   0.1221604794   0.1894177472  -0.0404328507
       -0.0716803574  -0.0739402484  -0.0273048151   0.0078511007  -0.0031891364
        0.0012849567  -0.0145387617  -0.0101181564  -0.0011425678   0.0003597982
        0.0000920485   0.0003684284  -0.0003667526  -0.0001450696   0.0157951441
        0.0066290153   0.0052765649  -0.0025113589  -0.0349898595  -0.0563011295
        0.0002010192  -0.0001141593   0.0001790483  -0.0000775725  -0.0005540269
        0.0010287763   0.0012511606   0.0009040259  -0.0033968147   0.0003989213
        0.0001776633   0.0010976434  -0.0082295324   0.0015766018   0.0004028365
       -0.0196269917   0.0015140260  -0.0028500610  -0.0027313628  -0.0050784826
       -0.0007978177  -0.0020492008  -0.0014580091   0.0075580795   0.0000457866
        0.0001063903   0.0000935622  -0.0000023828   0.0000900668   0.0000070275
        0.0000375215  -0.0000345792   0.0000584199  -0.0022964830  -0.0013194895
        0.0076068151   0.0022152697  -0.0096957800  -0.0008033324
        0.0011783296  -0.0006581595  -0.0023158498  -0.0320694906  -0.0199203728
       -0.0091734725  -0.1628599865  -0.0647263807  -0.0404328507   0.6473300650
       -0.0379738374   0.0980071944  -0.3260113304   0.0044263048  -0.0557896685
       -0.0262798984   0.0823103601   0.0156078124   0.0067592878  -0.0004348257
       -0.0009060743  -0.0029723585   0.0028286042   0.0009472769  -0.0489744166
       -0.0175600075  -0.0135285010   0.0502211039  -0.0412546869  -0.0001830291
        0.0009116638  -0.0001551598   0.0000702285  -0.0005608223   0.0002703787
       -0.0000886915  -0.0003128884   0.0002413417  -0.0002001671   0.0000182158
        0.0000996638  -0.0004800677   0.0004583547  -0.0018978513   0.0002153331
       -0.0047604644   0.0001671466  -0.0013739366  -0.0814450951   0.0918260388
        0.0145911018  -0.0203041737   0.0007965703  -0.0044043076   0.0000893638
       -0.0004653110   0.0001395485  -0.0000629572  -0.0004662430  -0.0000919523
       -0.0001842173  -0.0000490127   0.0000372539  -0.0003616149  -0.0005284188
       -0.0001802354   0.0001933299   0.0031238581  -0.0004669454
        0.0031569879  -0.0001694406  -0.0019725985  -0.0054888930   0.0022810826
        0.0030404959  -0.1339111654  -0.2196274123  -0.0716803574  -0.0379738374
        0.6362919729   0.1279664537   0.0777191256  -0.0984991341   0.0019724986
        0.0290181585   0.0073121044   0.0077824668   0.0035592784  -0.0046438934
       -0.0024781162   0.0007855777   0.0004606142   0.0004421777  -0.0207445520
       -0.0038113016  -0.0039936088   0.0090472435  -0.0599674630  -0.0139000512
        0.0008035639  -0.0002272679  -0.0000060359  -0.0003722835  -0.0001267334
       -0.0000124758  -0.0006369117   0.0002791340  -0.0004473620   0.0000975886
        0.0006606039  -0.0003414523   0.0016938725   0.0010277845   0.0003309243
        0.0015372998   0.0000589668  -0.0000210465   0.0916556556  -0.2590300035
       -0.0402552421  -0.0219726332   0.0023027921  -0.0041562443  -0.0002133325
       -0.0002826164  -0.0000733503  -0.0000713338  -0.0000222500   0.0001246983
        0.0002385241  -0.0001875971  -0.0001598160  -0.0004316389   0.0006178315
        0.0001792944   0.0025037054  -0.0046977734  -0.0023412527
        0.0019645144  -0.0005845963  -0.0008374642  -0.0085502149  -0.0024101235
       -0.0008866518  -0.0574001219  -0.0574810012  -0.0739402484   0.0980071944
        0.1279664537   0.1671712006  -0.0360739359  -0.0125992544  -0.0569659663
        0.0020287091   0.0178179285   0.0059003025   0.0006770513  -0.0033861635
        0.0063158901  -0.0010720953   0.0007808033   0.0005805269  -0.0145112206
       -0.0035050112  -0.0083745448   0.0124606477  -0.0238875137  -0.0019000473
        0.0005216802  -0.0001572697   0.0000396340  -0.0002163643  -0.0000584638
       -0.0000375814  -0.0002272070   0.0001313580  -0.0003488296  -0.0004840663
        0.0000109869  -0.0001113455   0.0007767310  -0.0005178575   0.0000817363
       -0.0018962651  -0.0004148441   0.0000987143   0.0144864362  -0.0407153799
       -0.0414320543  -0.0097786936   0.0005936468  -0.0011787141   0.0001963319
        0.0000019152   0.0001790865  -0.0000811775  -0.0001604771   0.0001359315
        0.0001631514   0.0006648085  -0.0009031874  -0.0001527466   0.0001321143
       -0.0002257844  -0.0008383384  -0.0022220591   0.0066393967
       -0.0013534889   0.0003375182   0.0010287421   0.0021728604  -0.0028781437
       -0.0041148487  -0.0499473807  -0.0678825047  -0.0273048151  -0.3260113304
        0.0777191256  -0.0360739359   0.6573874815  -0.0120988081   0.1065812219
       -0.1155567763   0.0462466989  -0.0025662195  -0.0285924005   0.0333444223
        0.0037462907  -0.0019089085  -0.0031706348  -0.0031718739   0.0505253325
        0.0062121096   0.0113833961  -0.0367817003   0.0321195190   0.0013594560
       -0.0008726670   0.0001220594  -0.0000305937   0.0002821551   0.0000065106
       -0.0001086548   0.0006939181  -0.0000452024   0.0003635431   0.0000824885
        0.0000386436   0.0001133170   0.0001835073   0.0001718817   0.0002495881
       -0.0012345165   0.0000954914   0.0002618124  -0.0138133533   0.0047716371
       -0.0016795921  -0.1331140037  -0.1154241104  -0.0494635259   0.0004542472
        0.0019204766   0.0007871943  -0.0000037544   0.0003437657  -0.0004713776
       -0.0009298579   0.0004704032   0.0014658347  -0.0015686229  -0.0029996242
       -0.0023706391  -0.0000932294   0.0005787654   0.0000156799
        0.0019089333  -0.0000609530  -0.0009720879  -0.0055226461  -0.0023907461
       -0.0019485641  -0.0105499348   0.0385693833   0.0078511007   0.0044263048
       -0.0984991341  -0.0125992544  -0.0120988081   0.6178285587   0.1260689035
        0.1057521605  -0.2716554409  -0.0359181592   0.0213703475  -0.0129301154
       -0.0011188713  -0.0032664836   0.0047875666   0.0016782179  -0.0373369373
       -0.0549963606  -0.0216532465   0.0286108935  -0.0208731715   0.0020796328
        0.0007904161  -0.0000032388   0.0000956986  -0.0003151815  -0.0000571865
        0.0000117746  -0.0008749522   0.0000382993  -0.0002836749  -0.0002815737
       -0.0000495293   0.0001169730   0.0000243420  -0.0001850695  -0.0002034142
       -0.0010227184   0.0000896385  -0.0005392052   0.0274541959  -0.0064297610
        0.0033213417  -0.1147550541  -0.1905501382  -0.0629921395  -0.0022336861
        0.0003926009   0.0001474090  -0.0000553345  -0.0004921811   0.0000950490
       -0.0001781478   0.0000938048  -0.0003522415  -0.0024747960  -0.0029199252
       -0.0032083740   0.0006286606   0.0002930994   0.0003231321
       -0.0019151557  -0.0001879451   0.0004275814  -0.0017365013  -0.0022206487
        0.0058396012  -0.0124269177  -0.0042910851  -0.0031891364  -0.0557896685
        0.0019724986  -0.0569659663   0.1065812219   0.1260689035   0.1694643821
        0.0107169758  -0.0478711094  -0.0616394590   0.0020110562   0.0015620485
        0.0019982744  -0.0020444549   0.0009044355   0.0016632963   0.0014522853
       -0.0123361399  -0.0011496510   0.0003351017   0.0027020454  -0.0039948020
        0.0000025355  -0.0000657540   0.0001052948  -0.0000799943   0.0001071858
       -0.0000167848  -0.0000586402   0.0000916314   0.0001620456  -0.0001323109
        0.0000568094  -0.0001990455   0.0002988271  -0.0004357408   0.0000239183
        0.0003636234  -0.0000390512  -0.0001170420   0.0042907094  -0.0009534616
        0.0015384388  -0.0493306590  -0.0632995163  -0.0600292003  -0.0001876499
        0.0007690053   0.0000759935  -0.0000194391   0.0000983730  -0.0001177830
       -0.0001426662   0.0001304657   0.0002230918  -0.0023818663  -0.0030652208
        0.0061321156   0.0001935877   0.0003022707  -0.0002351637
        0.0024788684  -0.0000070753  -0.0010155948  -0.0032686338  -0.0000424787
        0.0015889107   0.0085395847  -0.0091737458   0.0012849567  -0.0262798984
        0.0290181585   0.0020287091  -0.1155567763   0.1057521605   0.0107169758
        0.5966785334  -0.0185646620   0.0868366522  -0.2032905245   0.0020270203
       -0.0389908338  -0.0368877488   0.0306475995   0.0083793460  -0.1584531165
       -0.1221000292  -0.0487074236  -0.0499449566  -0.0106520260  -0.0123261311
        0.0015633076  -0.0002260047   0.0001551056  -0.0005048728   0.0000288340
       -0.0001152155  -0.0014407386   0.0002950129  -0.0005200252  -0.0005123981
        0.0001358089  -0.0000636321   0.0002465056  -0.0001323763  -0.0001171126
        0.0002391961   0.0001379299  -0.0000064538  -0.0052835723   0.0014829866
       -0.0022533195   0.0058830527  -0.0153136886  -0.0028668509  -0.0169577931
       -0.0028445328  -0.0026771097   0.0003539018  -0.0024082231   0.0010714527
        0.0001607183   0.0031536220  -0.0015252123   0.0074628562   0.0073838298
        0.0016874852  -0.0052254950   0.0014018796  -0.0025646790
       -0.0003210199   0.0004264113   0.0002927570   0.0004361490  -0.0008555862
       -0.0003033348  -0.0089032976  -0.0574768666  -0.0145387617   0.0823103601
        0.0073121044   0.0178179285   0.0462466989  -0.2716554409  -0.0478711094
       -0.0185646620   0.6166608134   0.1252270647   0.0195508873  -0.0676937965
        0.0006954601   0.0273747426  -0.0077191809   0.0018466973  -0.0648517136
       -0.2140972238  -0.0529173565  -0.0637451396   0.0390983034  -0.0040544689
       -0.0001861015   0.0000645726  -0.0000240596   0.0001145744  -0.0000032139
       -0.0000616145   0.0001462100  -0.0001953690   0.0000871023   0.0000070502
       -0.0000595210   0.0001191416   0.0001887866   0.0001891069  -0.0000623638
       -0.0001717142   0.0001156780   0.0001836920   0.0008755366   0.0015066072
       -0.0014154093   0.0058551833  -0.0239246956  -0.0052210178  -0.0176903666
        0.0012392319  -0.0054818161  -0.0007048619  -0.0011984555   0.0031576077
        0.0040496538   0.0011685211  -0.0069478895  -0.0139349161  -0.0242727614
       -0.0091138455   0.0019179603   0.0013707610  -0.0014144039
        0.0003503526   0.0000816406  -0.0001256214  -0.0005746907  -0.0001363184
       -0.0000028755   0.0007903359  -0.0150529683  -0.0101181564   0.0156078124
        0.0077824668   0.0059003025  -0.0025662195  -0.0359181592  -0.0616394590
        0.0868366522   0.1252270647   0.1876789538  -0.0266837304  -0.0063103979
       -0.0657357663   0.0087641318   0.0032113727   0.0037652486  -0.0357752831
       -0.0644362837  -0.0737986514  -0.0265328679   0.0082475785  -0.0027245536
        0.0002222830  -0.0000491728   0.0000509912  -0.0000281203   0.0000216488
       -0.0001054726  -0.0001389761   0.0000733334  -0.0002909559  -0.0000394358
        0.0000461309  -0.0000606850   0.0000150951  -0.0000180906  -0.0000904467
       -0.0000884010   0.0001118338   0.0000086428  -0.0026026118  -0.0015939314
        0.0076687663   0.0022653748  -0.0097414230  -0.0003995755  -0.0163277582
       -0.0006824575  -0.0019584798   0.0011868170   0.0025964084  -0.0029735273
       -0.0006260657  -0.0072183517   0.0075500334  -0.0019933379  -0.0048196935
       -0.0003045348  -0.0020613563  -0.0014222307   0.0077058224
       -0.0014220656   0.0000432004   0.0005556903   0.0018971546  -0.0001501080
       -0.0005789236  -0.0049906764   0.0007363080  -0.0011425678   0.0067592878
        0.0035592784   0.0006770513  -0.0285924005   0.0213703475   0.0020110562
       -0.2032905245   0.0195508873  -0.0266837304   0.5713047755  -0.1402858613
        0.0255674383  -0.2006984771   0.1753475111   0.0806249761  -0.0366584329
       -0.0120454601  -0.0127881828   0.0049669456  -0.0054051861  -0.0021273018
       -0.0011025170   0.0001556051  -0.0001245267   0.0002373638  -0.0000962249
        0.0000296720   0.0009682386  -0.0002533347   0.0003738388   0.0002465568
       -0.0000136211   0.0000673640   0.0000113787   0.0000782027   0.0001124228
        0.0000114415  -0.0001153827   0.0000566337  -0.0003101134   0.0000024041
       -0.0001096183   0.0008417689  -0.0016746577   0.0002300117  -0.0977782342
       -0.0781447681  -0.0740810358   0.0081213039  -0.0079318907  -0.0058172039
       -0.0202662417   0.0242254878   0.0117420573   0.0002654197   0.0009902265
        0.0013232166  -0.0005219523   0.0000570368   0.0000816622
        0.0010452640   0.0001631135  -0.0004205740  -0.0013299268  -0.0000440017
        0.0010689086   0.0024469914  -0.0010485522   0.0003597982  -0.0004348257
       -0.0046438934  -0.0033861635   0.0333444223  -0.0129301154   0.0015620485
        0.0020270203  -0.0676937965  -0.0063103979  -0.1402858613   0.5930791186
        0.2814082569   0.1910768510  -0.3297122368  -0.1566976595  -0.0145775696
        0.0075070097  -0.0000117776  -0.0054539877  -0.0013049123  -0.0026232581
        0.0008183298   0.0001787766   0.0000416661  -0.0002245081  -0.0000484812
       -0.0000440824  -0.0009106609  -0.0000920601  -0.0001759809  -0.0002168760
       -0.0000492422   0.0000828303   0.0000274470   0.0000199007  -0.0000781791
        0.0001425709   0.0001147636  -0.0000495049   0.0013986307  -0.0004516509
        0.0003019945   0.0015557509   0.0003022161   0.0011400645  -0.0821329727
       -0.1581003428  -0.1020414218   0.0091155174  -0.0210509244  -0.0125923445
        0.0038131804  -0.0044666292  -0.0011927669  -0.0000780154   0.0001474023
       -0.0000050628  -0.0011667719   0.0001245379  -0.0003363937
        0.0008349237  -0.0000327731  -0.0002110616  -0.0000114913   0.0003730929
       -0.0012096160   0.0001313103  -0.0005340115   0.0000920485  -0.0009060743
       -0.0024781162   0.0063158901   0.0037462907  -0.0011188713   0.0019982744
       -0.0389908338   0.0006954601  -0.0657357663   0.0255674383   0.2814082569
        0.3081238830   0.0885298146  -0.1586872154  -0.1193501908  -0.0099939610
       -0.0000052403  -0.0005897299  -0.0030136771  -0.0026416650   0.0059735052
        0.0002418563  -0.0000596001   0.0003116007  -0.0000283881  -0.0000240137
        0.0000712320  -0.0003196153   0.0001105098  -0.0003122355   0.0000002447
        0.0001053546   0.0000461503  -0.0001476517   0.0000709826  -0.0000644209
       -0.0001534282  -0.0000976669  -0.0000506893   0.0002760116  -0.0000898395
       -0.0001710483   0.0013441650  -0.0000352610  -0.0020941644  -0.0733652419
       -0.1030587189  -0.1237820621   0.0087422959  -0.0174394476  -0.0092237554
       -0.0026741690   0.0029291311   0.0023829330   0.0006145954   0.0005794306
       -0.0023632780  -0.0004244148   0.0000302221  -0.0001574987
        0.0004205170   0.0000239088  -0.0001428880  -0.0006540908  -0.0000279804
        0.0004736257   0.0014522836   0.0004558743   0.0003684284  -0.0029723585
        0.0007855777  -0.0010720953  -0.0019089085  -0.0032664836  -0.0020444549
       -0.0368877488   0.0273747426   0.0087641318  -0.2006984771   0.1910768510
        0.0885298146   0.6327602879  -0.1575460209   0.0349625837   0.0014611840
        0.0028073716   0.0022636695  -0.0007376170   0.0013489193  -0.0004374050
        0.0004143894   0.0000225390   0.0000497271  -0.0000918491   0.0000450241
       -0.0000219485  -0.0003906971   0.0000060438  -0.0001238743  -0.0000688905
        0.0000026612  -0.0000467148   0.0000225087  -0.0000473930  -0.0000206408
        0.0000086643   0.0000303251   0.0000000949  -0.0003878974   0.0000408883
        0.0000053880  -0.0001728954  -0.0001663007   0.0001156326   0.0059925557
       -0.0091455099  -0.0035909274  -0.0925057705  -0.0771529895  -0.0718464016
       -0.3036399137   0.0228990988  -0.0567057881  -0.0014945979   0.0003670261
        0.0004949133   0.0000793215   0.0000658264   0.0000251290
       -0.0009983241   0.0001105569   0.0003847805   0.0010588541   0.0000368109
       -0.0005799552  -0.0021417026   0.0006022046  -0.0003667526   0.0028286042
        0.0004606142   0.0007808033  -0.0031706348   0.0047875666   0.0009044355
        0.0306475995  -0.0077191809   0.0032113727   0.1753475111  -0.3297122368
       -0.1586872154  -0.1575460209   0.5637306298   0.2891248571  -0.0062474835
       -0.0037738196  -0.0033831664   0.0027655350  -0.0017055709   0.0000454493
       -0.0006836053   0.0003536019  -0.0000799982   0.0001653832   0.0000002892
        0.0000207049   0.0007564413  -0.0003899893   0.0002068257   0.0002119387
       -0.0000527052  -0.0000177198  -0.0000175505  -0.0000160841   0.0000742746
       -0.0000138735  -0.0000889596   0.0000761042  -0.0000166457   0.0000555242
        0.0000107136  -0.0001295218   0.0002466296  -0.0001089442   0.0112738755
       -0.0215908510  -0.0140167170  -0.0779383848  -0.1645584584  -0.1173200759
        0.0252546211  -0.0409549923  -0.0006877397  -0.0013315065   0.0002388821
        0.0003651247  -0.0000751097  -0.0000604620   0.0000428383
       -0.0005045698   0.0000695319   0.0002877398   0.0005601551  -0.0001171192
       -0.0002957153  -0.0007476494   0.0001477063  -0.0001450696   0.0009472769
        0.0004421777   0.0005805269  -0.0031718739   0.0016782179   0.0016632963
        0.0083793460   0.0018466973   0.0037652486   0.0806249761  -0.1566976595
       -0.1193501908   0.0349625837   0.2891248571   0.3069127833  -0.0020045499
       -0.0008715070  -0.0010692381   0.0009342716  -0.0006298909  -0.0002539305
       -0.0003148480   0.0000544643   0.0002484508   0.0000970952  -0.0000312469
       -0.0000785741   0.0003672248  -0.0001006092  -0.0002393771   0.0001215232
       -0.0000806796  -0.0000223576  -0.0000279314   0.0000582464   0.0000396248
       -0.0000571662   0.0000638134   0.0000060854  -0.0000823535   0.0000764284
       -0.0000998622  -0.0001279174   0.0000760873  -0.0000907067   0.0090481550
       -0.0177347565  -0.0095733061  -0.0730183374  -0.1160130111  -0.1360598134
       -0.0549991168  -0.0011620453  -0.0464687853  -0.0009335958  -0.0001772085
        0.0002414499  -0.0000526982  -0.0000224943   0.0000017208
       -0.0018287747  -0.0004508382   0.0009424935   0.0038966255   0.0028451652
       -0.0024460854  -0.0253432137   0.0860358746   0.0157951441  -0.0489744166
       -0.0207445520  -0.0145112206   0.0505253325  -0.0373369373   0.0014522853
       -0.1584531165  -0.0648517136  -0.0357752831  -0.0366584329  -0.0145775696
       -0.0099939610   0.0014611840  -0.0062474835  -0.0020045499   0.6469299718
       -0.0434748430   0.0959158663  -0.3260424389   0.0045541187  -0.0545200196
       -0.0010191823   0.0001520210  -0.0000846932   0.0001363425  -0.0000992282
        0.0000671526   0.0008404262  -0.0003106333   0.0003306055   0.0003366404
       -0.0000632234  -0.0001238819  -0.0010543200   0.0000205743   0.0003737124
        0.0001174072  -0.0003448555   0.0001312184  -0.0003464291  -0.0003185322
       -0.0002087870   0.0000282316   0.0029407787  -0.0008384548  -0.0046543876
        0.0010103569  -0.0017256666  -0.0014044411  -0.0007812973   0.0001741891
        0.0004648440   0.0001695075  -0.0008019442  -0.0782490369   0.0912708374
        0.0116530100  -0.0207088153   0.0006024730  -0.0038011301
       -0.0002534895  -0.0001842027   0.0003010651   0.0039770720  -0.0039805625
       -0.0026404739   0.0289366978   0.0057084565   0.0066290153  -0.0175600075
       -0.0038113016  -0.0035050112   0.0062121096  -0.0549963606  -0.0123361399
       -0.1221000292  -0.2140972238  -0.0644362837  -0.0120454601   0.0075070097
       -0.0000052403   0.0028073716  -0.0037738196  -0.0008715070  -0.0434748430
        0.6346205721   0.1151609006   0.0781323574  -0.0988955970   0.0030860167
       -0.0004533798   0.0001762772  -0.0000520931   0.0002534295  -0.0000614733
       -0.0000522870   0.0006220270  -0.0001252019   0.0000220241   0.0002375636
       -0.0000780753  -0.0000005600   0.0008245901  -0.0003181857   0.0004000714
       -0.0002645198  -0.0002433072  -0.0000789597  -0.0004158654   0.0007011122
        0.0001224587   0.0023981066  -0.0048281448  -0.0025769592   0.0018738959
        0.0005140704  -0.0003792663   0.0017316699   0.0000691503  -0.0005484956
        0.0001473615  -0.0003874323  -0.0000244394   0.0903894197  -0.2661395682
       -0.0344856701  -0.0219760779   0.0026238083  -0.0037281657
       -0.0025114564   0.0003455863   0.0008936433   0.0010058198  -0.0029816484
        0.0054626895   0.0018557771   0.0192162204   0.0052765649  -0.0135285010
       -0.0039936088  -0.0083745448   0.0113833961  -0.0216532465  -0.0011496510
       -0.0487074236  -0.0529173565  -0.0737986514  -0.0127881828  -0.0000117776
       -0.0005897299   0.0022636695  -0.0033831664  -0.0010692381   0.0959158663
        0.1151609006   0.1622854955  -0.0358967431  -0.0121385824  -0.0560946916
       -0.0003791626   0.0001116875   0.0000455197   0.0000275230   0.0000585924
       -0.0001621581   0.0003320251  -0.0002333083   0.0002827160   0.0000646220
       -0.0001068335  -0.0000289110   0.0009213345  -0.0002610943   0.0001357027
        0.0002287491   0.0000886240   0.0002083146  -0.0001411070   0.0001912611
       -0.0003461743  -0.0009267651  -0.0025639855   0.0064021370  -0.0015096923
       -0.0006151565   0.0009475952   0.0004607188  -0.0000665755   0.0002789761
        0.0002623950   0.0002476009  -0.0001864769   0.0111289342  -0.0349837872
       -0.0397260000  -0.0094617967   0.0004896543  -0.0006931274
        0.0002205202   0.0011740344  -0.0011791746  -0.0232805332   0.0279331188
        0.0035176630  -0.1179942574   0.0454413446  -0.0025113589   0.0502211039
        0.0090472435   0.0124606477  -0.0367817003   0.0286108935   0.0003351017
       -0.0499449566  -0.0637451396  -0.0265328679   0.0049669456  -0.0054539877
       -0.0030136771  -0.0007376170   0.0027655350   0.0009342716  -0.3260424389
        0.0781323574  -0.0358967431   0.6524458760  -0.0140916930   0.1033116437
        0.0006529007  -0.0001131358   0.0000888455   0.0000370797   0.0002590287
       -0.0003365702  -0.0001584562  -0.0000920142  -0.0000868620  -0.0004599124
       -0.0001119756  -0.0001937844  -0.0044754756   0.0015754479  -0.0009322257
        0.0004714666   0.0016899989   0.0011417262  -0.0012118617  -0.0032131124
       -0.0026013973  -0.0001219458   0.0006949610   0.0003285739  -0.0009419201
       -0.0000841968   0.0003332733   0.0001482359   0.0003514735   0.0000267732
        0.0000892667  -0.0000954303   0.0001768861  -0.0137431968   0.0047386340
       -0.0017353739  -0.1333591234  -0.1154133861  -0.0476353710
       -0.0040335264  -0.0006978360   0.0022886883   0.0146095606  -0.0071312322
       -0.0029448853   0.1149135798  -0.2820876162  -0.0349898595  -0.0412546869
       -0.0599674630  -0.0238875137   0.0321195190  -0.0208731715   0.0027020454
       -0.0106520260   0.0390983034   0.0082475785  -0.0054051861  -0.0013049123
       -0.0026416650   0.0013489193  -0.0017055709  -0.0006298909   0.0045541187
       -0.0988955970  -0.0121385824  -0.0140916930   0.6331215155   0.1229969025
       -0.0011262908  -0.0000084701  -0.0000637578   0.0003339612   0.0001916830
        0.0005872795   0.0006989721  -0.0001126738   0.0006154358   0.0004346033
       -0.0002258448  -0.0000528962   0.0005981786  -0.0003792251   0.0001479225
       -0.0018503164   0.0008727525  -0.0000662706  -0.0025871759  -0.0025960501
       -0.0031760490   0.0006439565   0.0003089810   0.0001233904  -0.0011510061
        0.0002189476  -0.0005581336  -0.0001215423  -0.0000676580   0.0002396222
        0.0000662071   0.0001073572   0.0000295380   0.0273160661  -0.0070390447
        0.0035252444  -0.1153641924  -0.1908271746  -0.0603541435
        0.0000859798   0.0001688991   0.0003999095  -0.0021451847   0.0029403205
       -0.0000645063   0.0148348028  -0.0487817774  -0.0563011295  -0.0001830291
       -0.0139000512  -0.0019000473   0.0013594560   0.0020796328  -0.0039948020
       -0.0123261311  -0.0040544689  -0.0027245536  -0.0021273018  -0.0026232581
        0.0059735052  -0.0004374050   0.0000454493  -0.0002539305  -0.0545200196
        0.0030860167  -0.0560946916   0.1033116437   0.1229969025   0.1645423510
       -0.0000267578  -0.0000033718  -0.0000043428  -0.0003110168   0.0003337748
        0.0002819953   0.0002009985   0.0000316573   0.0000150436   0.0000480004
       -0.0000152116  -0.0000201317  -0.0019819172   0.0007514066   0.0003663494
        0.0000002721   0.0008375949   0.0002638904  -0.0024581419  -0.0033022796
        0.0060100587   0.0001703682   0.0002690067  -0.0001411544   0.0001261604
        0.0000324395  -0.0000185144  -0.0001778239  -0.0001707014   0.0003021871
        0.0001654156   0.0004550978  -0.0004082515   0.0037103043  -0.0009820260
        0.0014108478  -0.0473186728  -0.0601950523  -0.0576400822
       -0.0178865196   0.0025074997  -0.0005256788   0.0009211090   0.0005224423
       -0.0027820813  -0.0010251171  -0.0000016148   0.0002010192   0.0009116638
        0.0008035639   0.0005216802  -0.0008726670   0.0007904161   0.0000025355
        0.0015633076  -0.0001861015   0.0002222830  -0.0011025170   0.0008183298
        0.0002418563   0.0004143894  -0.0006836053  -0.0003148480  -0.0010191823
       -0.0004533798  -0.0003791626   0.0006529007  -0.0011262908  -0.0000267578
       -0.0083607397   0.0020923152  -0.0019424866   0.0001621365  -0.0011081141
        0.0004907296   0.0245102994  -0.0048210169   0.0042598076   0.0004939388
        0.0005821207   0.0009512695   0.0004031153   0.0001808208  -0.0002497000
        0.0003388312  -0.0001822808  -0.0002946590   0.0000528284   0.0001043797
       -0.0000304777  -0.0001255473  -0.0000082755  -0.0000787691  -0.0000013442
        0.0000858041  -0.0001216376   0.0000284570   0.0000143664  -0.0000546987
       -0.0000263879   0.0000668466  -0.0000473584  -0.0000744166   0.0000893670
       -0.0000228451   0.0000414615  -0.0000875929  -0.0000200202
        0.0030104921   0.0008480148   0.0000834863  -0.0002180289  -0.0005498331
        0.0004490308   0.0001565861  -0.0001434936  -0.0001141593  -0.0001551598
       -0.0002272679  -0.0001572697   0.0001220594  -0.0000032388  -0.0000657540
       -0.0002260047   0.0000645726  -0.0000491728   0.0001556051   0.0001787766
       -0.0000596001   0.0000225390   0.0003536019   0.0000544643   0.0001520210
        0.0001762772   0.0001116875  -0.0001131358  -0.0000084701  -0.0000033718
        0.0020923152   0.0044136285   0.0003502356  -0.0006482302  -0.0000972802
       -0.0002143995  -0.0047928157  -0.0051641552  -0.0006628274   0.0002872015
       -0.0006421207   0.0000702680   0.0001192460  -0.0000762591  -0.0001508315
       -0.0001948271  -0.0002350477   0.0002004453  -0.0000826333   0.0000787045
       -0.0000910030  -0.0000590334   0.0001741153  -0.0001050585   0.0000431559
        0.0002980672  -0.0000370667   0.0000738128   0.0001724323   0.0000913410
        0.0000948206   0.0002910060   0.0000339311   0.0001027372   0.0000855105
        0.0001098294   0.0000572770   0.0000124591   0.0001557950
       -0.0025445305   0.0003559156   0.0011680526   0.0001586585   0.0000511649
       -0.0008942201  -0.0002414080  -0.0000504148   0.0001790483   0.0000702285
       -0.0000060359   0.0000396340  -0.0000305937   0.0000956986   0.0001052948
        0.0001551056  -0.0000240596   0.0000509912  -0.0001245267   0.0000416661
        0.0003116007   0.0000497271  -0.0000799982   0.0002484508  -0.0000846932
       -0.0000520931   0.0000455197   0.0000888455  -0.0000637578  -0.0000043428
       -0.0019424866   0.0003502356   0.0043631471   0.0001685599  -0.0003058630
       -0.0006034054   0.0041029277  -0.0006876430  -0.0053558050   0.0004594936
        0.0001682594  -0.0003219108  -0.0001641610  -0.0002210171  -0.0001872880
       -0.0001705155   0.0003284627   0.0000028282  -0.0000040051   0.0000301537
       -0.0000635392  -0.0000108078   0.0000023676   0.0001099009  -0.0000350986
        0.0000132809   0.0002468156   0.0000209869   0.0000083870   0.0002260425
        0.0000023135   0.0000000788   0.0003022985   0.0000410035   0.0000056918
        0.0000975090   0.0000349764   0.0000395196  -0.0000666227
       -0.0494542330   0.0381865216  -0.0124407402   0.0018332554  -0.0134500374
        0.0053023330   0.0008074951  -0.0007974510  -0.0000775725  -0.0005608223
       -0.0003722835  -0.0002163643   0.0002821551  -0.0003151815  -0.0000799943
       -0.0005048728   0.0001145744  -0.0000281203   0.0002373638  -0.0002245081
       -0.0000283881  -0.0000918491   0.0001653832   0.0000970952   0.0001363425
        0.0002534295   0.0000275230   0.0000370797   0.0003339612  -0.0003110168
        0.0001621365  -0.0006482302   0.0001685599   0.0472941636  -0.0387751724
        0.0115319651  -0.0033015922   0.0259302824  -0.0088996453   0.0033240527
       -0.0102854839   0.0019286413  -0.0009708872  -0.0005751393   0.0028901191
        0.0005053737   0.0002796533  -0.0003819624   0.0000266508   0.0000613321
        0.0000788550   0.0000590226   0.0000227101   0.0000535091   0.0000251999
       -0.0000535684   0.0000720550  -0.0000281320  -0.0000236595   0.0000370507
        0.0000267989  -0.0000565595   0.0000401203   0.0000249682  -0.0000395300
        0.0000383924   0.0001303300   0.0002689567   0.0001975850
        0.0336289643  -0.2994706615   0.0839442742  -0.0024600111  -0.0039011508
        0.0063561123  -0.0005626074   0.0006316779  -0.0005540269   0.0002703787
       -0.0001267334  -0.0000584638   0.0000065106  -0.0000571865   0.0001071858
        0.0000288340  -0.0000032139   0.0000216488  -0.0000962249  -0.0000484812
       -0.0000240137   0.0000450241   0.0000002892  -0.0000312469  -0.0000992282
       -0.0000614733   0.0000585924   0.0002590287   0.0001916830   0.0003337748
       -0.0011081141  -0.0000972802  -0.0003058630  -0.0387751724   0.3308354092
       -0.0960445668   0.0070424888  -0.0057202235   0.0030572611   0.0018122934
       -0.0239209748   0.0031310834  -0.0003757380   0.0012312960   0.0012126404
        0.0002520269   0.0008171298  -0.0008898318   0.0000883629  -0.0000672699
        0.0000660363   0.0000599443  -0.0000458670   0.0001153090   0.0000153716
       -0.0000524406   0.0000153959  -0.0000250787  -0.0000085101  -0.0000501302
        0.0000066452  -0.0000512618  -0.0000309369   0.0000623322  -0.0000314058
       -0.0001017051  -0.0000760310  -0.0000433507  -0.0003285290
       -0.0118926231   0.0872716000  -0.0762953049  -0.0019690287   0.0227482110
       -0.0105444262   0.0007412027  -0.0000480910   0.0010287763  -0.0000886915
       -0.0000124758  -0.0000375814  -0.0001086548   0.0000117746  -0.0000167848
       -0.0001152155  -0.0000616145  -0.0001054726   0.0000296720  -0.0000440824
        0.0000712320  -0.0000219485   0.0000207049  -0.0000785741   0.0000671526
       -0.0000522870  -0.0001621581  -0.0003365702   0.0005872795   0.0002819953
        0.0004907296  -0.0002143995  -0.0006034054   0.0115319651  -0.0960445668
        0.0823675696  -0.0032415773   0.0052776588   0.0012848712   0.0019114469
       -0.0205564375   0.0079418576   0.0031379748   0.0010860295  -0.0045477519
       -0.0000453121   0.0007541081  -0.0001133660  -0.0000174422  -0.0001561562
        0.0000102062  -0.0000594144  -0.0000616118   0.0000496372  -0.0000296415
       -0.0000471150  -0.0000383936  -0.0000063395  -0.0000070631  -0.0000730516
       -0.0000186509   0.0000095054  -0.0000820968  -0.0000598726   0.0000304181
       -0.0000648484   0.0001008390  -0.0004913891  -0.0002729297
       -0.2707815088   0.0378016245  -0.0364582911  -0.0110448820  -0.0000222143
        0.0059820662  -0.0012579796   0.0000537607   0.0012511606  -0.0003128884
       -0.0006369117  -0.0002272070   0.0006939181  -0.0008749522  -0.0000586402
       -0.0014407386   0.0001462100  -0.0001389761   0.0009682386  -0.0009106609
       -0.0003196153  -0.0003906971   0.0007564413   0.0003672248   0.0008404262
        0.0006220270   0.0003320251  -0.0001584562   0.0006989721   0.0002009985
        0.0245102994  -0.0047928157   0.0041029277  -0.0033015922   0.0070424888
       -0.0032415773   0.2711003795  -0.0367100841   0.0343297658  -0.0100422113
       -0.0028239188  -0.0070712350   0.0003028550   0.0000756764   0.0002814456
        0.0004151011  -0.0001277349   0.0000911655  -0.0001769083   0.0000048035
        0.0001089378   0.0001721687   0.0000814936   0.0001117427   0.0000385350
       -0.0000643147   0.0001844893  -0.0000622200  -0.0000319804   0.0000806995
        0.0000602011  -0.0001119118   0.0000834949   0.0000755708  -0.0001554522
       -0.0000156495  -0.0002076109  -0.0000205462   0.0000230474
        0.0368471571  -0.0466303774   0.0053563243  -0.0027225552   0.0013683031
       -0.0014457064  -0.0007528236   0.0007936120   0.0009040259   0.0002413417
        0.0002791340   0.0001313580  -0.0000452024   0.0000382993   0.0000916314
        0.0002950129  -0.0001953690   0.0000733334  -0.0002533347  -0.0000920601
        0.0001105098   0.0000060438  -0.0003899893  -0.0001006092  -0.0003106333
       -0.0001252019  -0.0002333083  -0.0000920142  -0.0001126738   0.0000316573
       -0.0048210169  -0.0051641552  -0.0006876430   0.0259302824  -0.0057202235
        0.0052776588  -0.0367100841   0.0519647398  -0.0058370167  -0.0171073509
        0.0044004397  -0.0037296888  -0.0007507175   0.0002261798   0.0005614932
        0.0004428788   0.0006139125  -0.0003769935   0.0001496493  -0.0001205052
        0.0001455392   0.0001113333  -0.0002195846   0.0001805518   0.0000261268
       -0.0003282859   0.0000512235  -0.0001447202  -0.0001985786  -0.0001113261
       -0.0001080108  -0.0003516837  -0.0000440215  -0.0001598593  -0.0000451508
       -0.0001723034  -0.0000715031   0.0000092187  -0.0001766898
       -0.0326738928   0.0049185733  -0.0438240616   0.0171577349  -0.0028498477
        0.0033785544   0.0042570929   0.0005109876  -0.0033968147  -0.0002001671
       -0.0004473620  -0.0003488296   0.0003635431  -0.0002836749   0.0001620456
       -0.0005200252   0.0000871023  -0.0002909559   0.0003738388  -0.0001759809
       -0.0003122355  -0.0001238743   0.0002068257  -0.0002393771   0.0003306055
        0.0000220241   0.0002827160  -0.0000868620   0.0006154358   0.0000150436
        0.0042598076  -0.0006628274  -0.0053558050  -0.0088996453   0.0030572611
        0.0012848712   0.0343297658  -0.0058370167   0.0521296264  -0.0199930520
        0.0008594479  -0.0020954672   0.0006676934   0.0004997709   0.0001485817
        0.0008356564  -0.0004955817  -0.0002959743  -0.0000000739   0.0000011124
       -0.0000447772   0.0000397310  -0.0000122413  -0.0001198862   0.0000576391
       -0.0000134804  -0.0002713455  -0.0000800933   0.0000060552  -0.0002840825
        0.0000029295   0.0000158529  -0.0003984262  -0.0000325639   0.0000007252
       -0.0000940756  -0.0000657882  -0.0000231615  -0.0000293250
       -0.0756190815  -0.0608946212  -0.0659484707   0.0053107005   0.0090005881
        0.0096675608   0.0010226716   0.0006657234   0.0003989213   0.0000182158
        0.0000975886  -0.0004840663   0.0000824885  -0.0002815737  -0.0001323109
       -0.0005123981   0.0000070502  -0.0000394358   0.0002465568  -0.0002168760
        0.0000002447  -0.0000688905   0.0002119387   0.0001215232   0.0003366404
        0.0002375636   0.0000646220  -0.0004599124   0.0004346033   0.0000480004
        0.0004939388   0.0002872015   0.0004594936   0.0033240527   0.0018122934
        0.0019114469  -0.0100422113  -0.0171073509  -0.0199930520   0.0762673752
        0.0666719587   0.0708224642   0.0004323647  -0.0000573788  -0.0001815393
       -0.0009500581  -0.0002292044   0.0029196102   0.0000410959  -0.0005009587
        0.0001125246   0.0000123606  -0.0000065268   0.0000840973   0.0000016033
       -0.0000078088   0.0000877268  -0.0000001068   0.0000129867   0.0000402341
        0.0000460880   0.0000046368   0.0000567443   0.0000313743  -0.0000441341
       -0.0000042822  -0.0000148685  -0.0000976999  -0.0000120573
       -0.0569001501  -0.1588255012  -0.1221454912   0.0035231411   0.0036115654
       -0.0000781793   0.0000328794   0.0002573244   0.0001776633   0.0000996638
        0.0006606039   0.0000109869   0.0000386436  -0.0000495293   0.0000568094
        0.0001358089  -0.0000595210   0.0000461309  -0.0000136211  -0.0000492422
        0.0001053546   0.0000026612  -0.0000527052  -0.0000806796  -0.0000632234
       -0.0000780753  -0.0001068335  -0.0001119756  -0.0002258448  -0.0000152116
        0.0005821207  -0.0006421207   0.0001682594  -0.0102854839  -0.0239209748
       -0.0205564375  -0.0028239188   0.0044004397   0.0008594479   0.0666719587
        0.1736329319   0.1392004651  -0.0000625580   0.0006305108   0.0013478963
       -0.0005236808   0.0012816041   0.0010284034  -0.0000804180  -0.0003614233
        0.0002600714  -0.0000441046  -0.0000885733   0.0001321654  -0.0000059342
       -0.0000877424   0.0000176673  -0.0000227715  -0.0000103768  -0.0000817671
       -0.0000254911  -0.0000407702  -0.0000562158  -0.0000401839   0.0000266105
       -0.0001545085  -0.0000833623  -0.0000091904  -0.0001359972
       -0.0642385182  -0.1257297025  -0.1859893700  -0.0053272033  -0.0136531868
       -0.0215219589   0.0008267523  -0.0004812533   0.0010976434  -0.0004800677
       -0.0003414523  -0.0001113455   0.0001133170   0.0001169730  -0.0001990455
       -0.0000636321   0.0001191416  -0.0000606850   0.0000673640   0.0000828303
        0.0000461503  -0.0000467148  -0.0000177198  -0.0000223576  -0.0001238819
       -0.0000005600  -0.0000289110  -0.0001937844  -0.0000528962  -0.0000201317
        0.0009512695   0.0000702680  -0.0003219108   0.0019286413   0.0031310834
        0.0079418576  -0.0070712350  -0.0037296888  -0.0020954672   0.0708224642
        0.1392004651   0.2056642595  -0.0002702995  -0.0003699616   0.0001573034
        0.0030967902   0.0010684849  -0.0045591380   0.0002460272   0.0004145502
        0.0000980652  -0.0000945862  -0.0000019564  -0.0000791091  -0.0000085378
        0.0000120222  -0.0000538348  -0.0000133781  -0.0000155311  -0.0000222171
       -0.0000224607   0.0000281956  -0.0000407984  -0.0000665693   0.0000379932
        0.0000467656  -0.0000317569   0.0001119013   0.0000742358
        0.0005821656  -0.0149207811   0.0083155072  -0.0455097864   0.0337914896
       -0.0147062929  -0.0107982021   0.0274491601  -0.0082295324   0.0004583547
        0.0016938725   0.0007767310   0.0001835073   0.0000243420   0.0002988271
        0.0002465056   0.0001887866   0.0000150951   0.0000113787   0.0000274470
       -0.0001476517   0.0000225087  -0.0000175505  -0.0000279314  -0.0010543200
        0.0008245901   0.0009213345  -0.0044754756   0.0005981786  -0.0019819172
        0.0004031153   0.0001192460  -0.0001641610  -0.0009708872  -0.0003757380
        0.0031379748   0.0003028550  -0.0007507175   0.0006676934   0.0004323647
       -0.0000625580  -0.0002702995   0.0573795723  -0.0365951737   0.0107699963
        0.0033242924  -0.0109278829   0.0016737867  -0.0002536626  -0.0007477439
       -0.0006589272   0.0001332610  -0.0000121799   0.0000057700   0.0000076044
        0.0000190087  -0.0000650456   0.0000056696  -0.0000246169  -0.0000532150
        0.0000042417  -0.0000018377  -0.0000756286  -0.0003365729   0.0000000070
        0.0000201809  -0.0000984904  -0.0002993483  -0.0002222946
       -0.0016794739  -0.0061512452   0.0057668365   0.0299269323  -0.2455749051
        0.0695879996   0.0071663465  -0.0077677361   0.0015766018  -0.0018978513
        0.0010277845  -0.0005178575   0.0001718817  -0.0001850695  -0.0004357408
       -0.0001323763   0.0001891069  -0.0000180906   0.0000782027   0.0000199007
        0.0000709826  -0.0000473930  -0.0000160841   0.0000582464   0.0000205743
       -0.0003181857  -0.0002610943   0.0015754479  -0.0003792251   0.0007514066
        0.0001808208  -0.0000762591  -0.0002210171  -0.0005751393   0.0012312960
        0.0010860295   0.0000756764   0.0002261798   0.0004997709  -0.0000573788
        0.0006305108  -0.0003699616  -0.0365951737   0.2818961338  -0.0805239909
        0.0020129077  -0.0252418591   0.0025310982  -0.0000674570   0.0002096033
        0.0000727069  -0.0001026834   0.0000275012  -0.0001445887   0.0000231547
        0.0000388463  -0.0000303676  -0.0000383084  -0.0000534597   0.0000886370
       -0.0000170079  -0.0000155492   0.0000455668   0.0000514277  -0.0000116944
        0.0001412610  -0.0000731297   0.0002944091   0.0002455650
        0.0011639530   0.0270911936  -0.0154064601  -0.0147701806   0.0646211413
       -0.0668295570  -0.0013591934   0.0053426779   0.0004028365   0.0002153331
        0.0003309243   0.0000817363   0.0002495881  -0.0002034142   0.0000239183
       -0.0001171126  -0.0000623638  -0.0000904467   0.0001124228  -0.0000781791
       -0.0000644209  -0.0000206408   0.0000742746   0.0000396248   0.0003737124
        0.0004000714   0.0001357027  -0.0009322257   0.0001479225   0.0003663494
       -0.0002497000  -0.0001508315  -0.0001872880   0.0028901191   0.0012126404
       -0.0045477519   0.0002814456   0.0005614932   0.0001485817  -0.0001815393
        0.0013478963   0.0001573034   0.0107699963  -0.0805239909   0.0799825823
        0.0020016905  -0.0197683802   0.0060688314  -0.0004343827  -0.0004419349
       -0.0001532463   0.0000775415   0.0000133815  -0.0000289196   0.0000295099
        0.0000027355   0.0000092715  -0.0000233331   0.0000056235  -0.0000373013
        0.0000195485  -0.0000098283  -0.0000364235  -0.0000259785  -0.0000145016
       -0.0000289188  -0.0000705740   0.0001014486  -0.0000060042
        0.0038674059   0.0088078622   0.0133612523  -0.0683463267  -0.0505144662
       -0.0606925847  -0.0175405994  -0.0174612444  -0.0196269917  -0.0047604644
        0.0015372998  -0.0018962651  -0.0012345165  -0.0010227184   0.0003636234
        0.0002391961  -0.0001717142  -0.0000884010   0.0000114415   0.0001425709
       -0.0001534282   0.0000086643  -0.0000138735  -0.0000571662   0.0001174072
       -0.0002645198   0.0002287491   0.0004714666  -0.0018503164   0.0000002721
        0.0003388312  -0.0001948271  -0.0001705155   0.0005053737   0.0002520269
       -0.0000453121   0.0004151011   0.0004428788   0.0008356564  -0.0009500581
       -0.0005236808   0.0030967902   0.0033242924   0.0020129077   0.0020016905
        0.0836790011   0.0571736286   0.0630683415   0.0000325462   0.0004680649
       -0.0000422023  -0.0003422781   0.0000846492  -0.0000057443   0.0000630714
        0.0000254635  -0.0000353070  -0.0000148017   0.0000167358  -0.0000331691
        0.0000139767   0.0000097819  -0.0000391224   0.0001394149  -0.0000412364
        0.0000481751  -0.0000381453   0.0010847269  -0.0001183408
        0.0016110410   0.0027942904   0.0017667306  -0.0474728743  -0.1344597491
       -0.1011952171  -0.0023110275   0.0023636585   0.0015140260   0.0001671466
        0.0000589668  -0.0004148441   0.0000954914   0.0000896385  -0.0000390512
        0.0001379299   0.0001156780   0.0001118338  -0.0001153827   0.0001147636
       -0.0000976669   0.0000303251  -0.0000889596   0.0000638134  -0.0003448555
       -0.0002433072   0.0000886240   0.0016899989   0.0008727525   0.0008375949
       -0.0001822808  -0.0002350477   0.0003284627   0.0002796533   0.0008171298
        0.0007541081  -0.0001277349   0.0006139125  -0.0004955817  -0.0002292044
        0.0012816041   0.0010684849  -0.0109278829  -0.0252418591  -0.0197683802
        0.0571736286   0.1512832397   0.1153907408   0.0001794578   0.0002507698
       -0.0000174516   0.0000473472   0.0000329500  -0.0001176695   0.0000303583
        0.0000325446  -0.0000278072  -0.0000276992  -0.0000403219   0.0000638116
       -0.0000119174  -0.0000418893   0.0000605564   0.0000320236  -0.0000443534
        0.0001050199   0.0002764578  -0.0003264117   0.0000198625
       -0.0038866372  -0.0164630690  -0.0275966121  -0.0579645397  -0.0966466662
       -0.1555709397  -0.0053408783  -0.0048988934  -0.0028500610  -0.0013739366
       -0.0000210465   0.0000987143   0.0002618124  -0.0005392052  -0.0001170420
       -0.0000064538   0.0001836920   0.0000086428   0.0000566337  -0.0000495049
       -0.0000506893   0.0000000949   0.0000761042   0.0000060854   0.0001312184
       -0.0000789597   0.0002083146   0.0011417262  -0.0000662706   0.0002638904
       -0.0002946590   0.0002004453   0.0000028282  -0.0003819624  -0.0008898318
       -0.0001133660   0.0000911655  -0.0003769935  -0.0002959743   0.0029196102
        0.0010284034  -0.0045591380   0.0016737867   0.0025310982   0.0060688314
        0.0630683415   0.1153907408   0.1845581093  -0.0000048793   0.0000902565
       -0.0000890373  -0.0000157131   0.0000678827  -0.0001068039   0.0000462076
        0.0000242117  -0.0000439941  -0.0000273538  -0.0000203095   0.0000174634
        0.0000216854  -0.0000025224  -0.0000363328   0.0001036713  -0.0000426275
        0.0000314547  -0.0002189406   0.0005030654   0.0001656560
        0.0000328640  -0.0000992451  -0.0001622461   0.0007407023  -0.0016164722
        0.0005110708   0.0056712100  -0.0140953746  -0.0027313628  -0.0814450951
        0.0916556556   0.0144864362  -0.0138133533   0.0274541959   0.0042907094
       -0.0052835723   0.0008755366  -0.0026026118  -0.0003101134   0.0013986307
        0.0002760116  -0.0003878974  -0.0000166457  -0.0000823535  -0.0003464291
       -0.0004158654  -0.0001411070  -0.0012118617  -0.0025871759  -0.0024581419
        0.0000528284  -0.0000826333  -0.0000040051   0.0000266508   0.0000883629
       -0.0000174422  -0.0001769083   0.0001496493  -0.0000000739   0.0000410959
       -0.0000804180   0.0002460272  -0.0002536626  -0.0000674570  -0.0004343827
        0.0000325462   0.0001794578  -0.0000048793   0.0958662448  -0.1023294356
       -0.0123531839   0.0006471771   0.0005915872   0.0008715371   0.0001091320
        0.0000251923   0.0000578680  -0.0000009048  -0.0000520055  -0.0000317496
       -0.0001191066   0.0000124303   0.0001073072  -0.0000929759  -0.0001060428
        0.0003150568   0.0002214288  -0.0008819276  -0.0001384847
       -0.0001161123   0.0002128660   0.0001957102   0.0011511489   0.0008233524
        0.0010066457   0.0078325029  -0.0253903743  -0.0050784826   0.0918260388
       -0.2590300035  -0.0407153799   0.0047716371  -0.0064297610  -0.0009534616
        0.0014829866   0.0015066072  -0.0015939314   0.0000024041  -0.0004516509
       -0.0000898395   0.0000408883   0.0000555242   0.0000764284  -0.0003185322
        0.0007011122   0.0001912611  -0.0032131124  -0.0025960501  -0.0033022796
        0.0001043797   0.0000787045   0.0000301537   0.0000613321  -0.0000672699
       -0.0001561562   0.0000048035  -0.0001205052   0.0000011124  -0.0005009587
       -0.0003614233   0.0004145502  -0.0007477439   0.0002096033  -0.0004419349
        0.0004680649   0.0002507698   0.0000902565  -0.1023294356   0.2908832505
        0.0492758721  -0.0009198557   0.0007954105   0.0008077906   0.0000124564
        0.0000170945   0.0000006197  -0.0000279860   0.0000358534   0.0000324387
        0.0000432921   0.0000050837  -0.0000285206  -0.0001112228   0.0000481313
        0.0004646006   0.0004830241  -0.0011763253  -0.0002274537
        0.0006235215  -0.0001830698  -0.0002281831   0.0010606679   0.0005759659
       -0.0017556250   0.0023985385  -0.0099729375  -0.0007978177   0.0145911018
       -0.0402552421  -0.0414320543  -0.0016795921   0.0033213417   0.0015384388
       -0.0022533195  -0.0014154093   0.0076687663  -0.0001096183   0.0003019945
       -0.0001710483   0.0000053880   0.0000107136  -0.0000998622  -0.0002087870
        0.0001224587  -0.0003461743  -0.0026013973  -0.0031760490   0.0060100587
       -0.0000304777  -0.0000910030  -0.0000635392   0.0000788550   0.0000660363
        0.0000102062   0.0001089378   0.0001455392  -0.0000447772   0.0001125246
        0.0002600714   0.0000980652  -0.0006589272   0.0000727069  -0.0001532463
       -0.0000422023  -0.0000174516  -0.0000890373  -0.0123531839   0.0492758721
        0.0338856426   0.0004719227   0.0010549464  -0.0023947371   0.0000106352
       -0.0000468466   0.0001335210  -0.0000029303   0.0000743484  -0.0001189135
       -0.0000286877  -0.0000361464   0.0000399615   0.0002938532   0.0004310852
       -0.0016808738   0.0002131771  -0.0005189250  -0.0000087709
       -0.0001475536   0.0000020290   0.0000286464  -0.0010474598  -0.0010933743
       -0.0006558790  -0.0047378527   0.0018509593  -0.0020492008  -0.0203041737
       -0.0219726332  -0.0097786936  -0.1331140037  -0.1147550541  -0.0493306590
        0.0058830527   0.0058551833   0.0022653748   0.0008417689   0.0015557509
        0.0013441650  -0.0001728954  -0.0001295218  -0.0001279174   0.0000282316
        0.0023981066  -0.0009267651  -0.0001219458   0.0006439565   0.0001703682
       -0.0001255473  -0.0000590334  -0.0000108078   0.0000590226   0.0000599443
       -0.0000594144   0.0001721687   0.0001113333   0.0000397310   0.0000123606
       -0.0000441046  -0.0000945862   0.0001332610  -0.0001026834   0.0000775415
       -0.0003422781   0.0000473472  -0.0000157131   0.0006471771  -0.0009198557
        0.0004719227   0.1525455414   0.1257869945   0.0582874508  -0.0002691747
        0.0003006485  -0.0001537871   0.0000154601  -0.0000450450  -0.0000766872
       -0.0000381145  -0.0000085374  -0.0000112066   0.0001609931   0.0005252454
        0.0002676864  -0.0000780386  -0.0000076557   0.0003384307
       -0.0000186388   0.0001346797   0.0000297597   0.0001766964  -0.0000323108
       -0.0000213650   0.0014168378   0.0015459125  -0.0014580091   0.0007965703
        0.0023027921   0.0005936468  -0.1154241104  -0.1905501382  -0.0632995163
       -0.0153136886  -0.0239246956  -0.0097414230  -0.0016746577   0.0003022161
       -0.0000352610  -0.0001663007   0.0002466296   0.0000760873   0.0029407787
       -0.0048281448  -0.0025639855   0.0006949610   0.0003089810   0.0002690067
       -0.0000082755   0.0001741153   0.0000023676   0.0000227101  -0.0000458670
       -0.0000616118   0.0000814936  -0.0002195846  -0.0000122413  -0.0000065268
       -0.0000885733  -0.0000019564  -0.0000121799   0.0000275012   0.0000133815
        0.0000846492   0.0000329500   0.0000678827   0.0005915872   0.0007954105
        0.0010549464   0.1257869945   0.2145510603   0.0742080089   0.0011077889
        0.0000178006   0.0004657748  -0.0001255655   0.0002149253   0.0002364591
        0.0000155817   0.0001750466   0.0000423826  -0.0009633977  -0.0011605959
       -0.0003568247  -0.0000033080   0.0000198892   0.0004924900
       -0.0002058419  -0.0002270383   0.0000238606   0.0000273103   0.0000419564
        0.0000588333  -0.0024168641  -0.0012829550   0.0075580795  -0.0044043076
       -0.0041562443  -0.0011787141  -0.0494635259  -0.0629921395  -0.0600292003
       -0.0028668509  -0.0052210178  -0.0003995755   0.0002300117   0.0011400645
       -0.0020941644   0.0001156326  -0.0001089442  -0.0000907067  -0.0008384548
       -0.0025769592   0.0064021370   0.0003285739   0.0001233904  -0.0001411544
       -0.0000787691  -0.0001050585   0.0001099009   0.0000535091   0.0001153090
        0.0000496372   0.0001117427   0.0001805518  -0.0001198862   0.0000840973
        0.0001321654  -0.0000791091   0.0000057700  -0.0001445887  -0.0000289196
       -0.0000057443  -0.0001176695  -0.0001068039   0.0008715371   0.0008077906
       -0.0023947371   0.0582874508   0.0742080089   0.0540870040  -0.0000284598
       -0.0000834273   0.0001955839   0.0000249500   0.0001480443  -0.0000968898
       -0.0000542876  -0.0001662732   0.0002553684  -0.0001149642  -0.0001787732
       -0.0003249003   0.0003374846   0.0004638072  -0.0016556432
       -0.0000289849   0.0000364644   0.0000244729   0.0000321604   0.0000887985
       -0.0000676792   0.0003658690  -0.0000245138   0.0000457866   0.0000893638
       -0.0002133325   0.0001963319   0.0004542472  -0.0022336861  -0.0001876499
       -0.0169577931  -0.0176903666  -0.0163277582  -0.0977782342  -0.0821329727
       -0.0733652419   0.0059925557   0.0112738755   0.0090481550  -0.0046543876
        0.0018738959  -0.0015096923  -0.0009419201  -0.0011510061   0.0001261604
       -0.0000013442   0.0000431559  -0.0000350986   0.0000251999   0.0000153716
       -0.0000296415   0.0000385350   0.0000261268   0.0000576391   0.0000016033
       -0.0000059342  -0.0000085378   0.0000076044   0.0000231547   0.0000295099
        0.0000630714   0.0000303583   0.0000462076   0.0001091320   0.0000124564
        0.0000106352  -0.0002691747   0.0011077889  -0.0000284598   0.1130515146
        0.0841907701   0.0805107188  -0.0001120448   0.0040525303  -0.0003984262
        0.0008501260   0.0002887319   0.0018432117   0.0001079488   0.0003344927
        0.0000088351  -0.0004450479   0.0000538401   0.0000105212
        0.0000766148   0.0002109787   0.0000071953  -0.0001184538  -0.0001852432
       -0.0000658084   0.0003291061   0.0001645165   0.0001063903  -0.0004653110
       -0.0002826164   0.0000019152   0.0019204766   0.0003926009   0.0007690053
       -0.0028445328   0.0012392319  -0.0006824575  -0.0781447681  -0.1581003428
       -0.1030587189  -0.0091455099  -0.0215908510  -0.0177347565   0.0010103569
        0.0005140704  -0.0006151565  -0.0000841968   0.0002189476   0.0000324395
        0.0000858041   0.0002980672   0.0000132809  -0.0000535684  -0.0000524406
       -0.0000471150  -0.0000643147  -0.0003282859  -0.0000134804  -0.0000078088
       -0.0000877424   0.0000120222   0.0000190087   0.0000388463   0.0000027355
        0.0000254635   0.0000325446   0.0000242117   0.0000251923   0.0000170945
       -0.0000468466   0.0003006485   0.0000178006  -0.0000834273   0.0841907701
        0.1775220618   0.1256699452   0.0041487842   0.0009086016  -0.0070673222
       -0.0013984308  -0.0010352722   0.0025665564   0.0001583105   0.0001311741
        0.0001021711   0.0000363589  -0.0000437424   0.0001072207
       -0.0002415313  -0.0001282131   0.0001332150   0.0002933626   0.0002267999
       -0.0000521561  -0.0000870463   0.0001247489   0.0000935622   0.0001395485
       -0.0000733503   0.0001790865   0.0007871943   0.0001474090   0.0000759935
       -0.0026771097  -0.0054818161  -0.0019584798  -0.0740810358  -0.1020414218
       -0.1237820621  -0.0035909274  -0.0140167170  -0.0095733061  -0.0017256666
       -0.0003792663   0.0009475952   0.0003332733  -0.0005581336  -0.0000185144
       -0.0001216376  -0.0000370667   0.0002468156   0.0000720550   0.0000153959
       -0.0000383936   0.0001844893   0.0000512235  -0.0002713455   0.0000877268
        0.0000176673  -0.0000538348  -0.0000650456  -0.0000303676   0.0000092715
       -0.0000353070  -0.0000278072  -0.0000439941   0.0000578680   0.0000006197
        0.0001335210  -0.0001537871   0.0004657748   0.0001955839   0.0805107188
        0.1256699452   0.1294104792  -0.0005859203  -0.0073466011   0.0076839919
        0.0008035067   0.0030836645  -0.0030109123   0.0001493392   0.0002101468
       -0.0000773670  -0.0000540678   0.0001073653  -0.0002287495
        0.0000303006   0.0000119733  -0.0000102428   0.0000242895  -0.0000766330
        0.0000124554   0.0000362809  -0.0000102552  -0.0000023828  -0.0000629572
       -0.0000713338  -0.0000811775  -0.0000037544  -0.0000553345  -0.0000194391
        0.0003539018  -0.0007048619   0.0011868170   0.0081213039   0.0091155174
        0.0087422959  -0.0925057705  -0.0779383848  -0.0730183374  -0.0014044411
        0.0017316699   0.0004607188   0.0001482359  -0.0001215423  -0.0001778239
        0.0000284570   0.0000738128   0.0000209869  -0.0000281320  -0.0000250787
       -0.0000063395  -0.0000622200  -0.0001447202  -0.0000800933  -0.0000001068
       -0.0000227715  -0.0000133781   0.0000056696  -0.0000383084  -0.0000233331
       -0.0000148017  -0.0000276992  -0.0000273538  -0.0000009048  -0.0000279860
       -0.0000029303   0.0000154601  -0.0001255655   0.0000249500  -0.0001120448
        0.0041487842  -0.0005859203   0.1013676003   0.0833389071   0.0804952889
       -0.0133377490  -0.0184412864  -0.0174290155  -0.0025960226  -0.0005436712
        0.0005314806  -0.0000025949  -0.0000452322   0.0000027741
       -0.0000081815  -0.0000215275   0.0000148081  -0.0000261785   0.0001513864
        0.0000205971   0.0000339041   0.0003862101   0.0000900668  -0.0004662430
       -0.0000222500  -0.0001604771   0.0003437657  -0.0004921811   0.0000983730
       -0.0024082231  -0.0011984555   0.0025964084  -0.0079318907  -0.0210509244
       -0.0174394476  -0.0771529895  -0.1645584584  -0.1160130111  -0.0007812973
        0.0000691503  -0.0000665755   0.0003514735  -0.0000676580  -0.0001707014
        0.0000143664   0.0001724323   0.0000083870  -0.0000236595  -0.0000085101
       -0.0000070631  -0.0000319804  -0.0001985786   0.0000060552   0.0000129867
       -0.0000103768  -0.0000155311  -0.0000246169  -0.0000534597   0.0000056235
        0.0000167358  -0.0000403219  -0.0000203095  -0.0000520055   0.0000358534
        0.0000743484  -0.0000450450   0.0002149253   0.0001480443   0.0040525303
        0.0009086016  -0.0073466011   0.0833389071   0.1827161331   0.1389190184
        0.0005516377   0.0018794743  -0.0008205526   0.0003074389   0.0011259484
        0.0001283745  -0.0000714354   0.0000625867  -0.0000498345
       -0.0001114672   0.0001925893   0.0001273429   0.0001248825  -0.0002291182
       -0.0001208591  -0.0001448857   0.0001641345   0.0000070275  -0.0000919523
        0.0001246983   0.0001359315  -0.0004713776   0.0000950490  -0.0001177830
        0.0010714527   0.0031576077  -0.0029735273  -0.0058172039  -0.0125923445
       -0.0092237554  -0.0718464016  -0.1173200759  -0.1360598134   0.0001741891
       -0.0005484956   0.0002789761   0.0000267732   0.0002396222   0.0003021871
       -0.0000546987   0.0000913410   0.0002260425   0.0000370507  -0.0000501302
       -0.0000730516   0.0000806995  -0.0001113261  -0.0002840825   0.0000402341
       -0.0000817671  -0.0000222171  -0.0000532150   0.0000886370  -0.0000373013
       -0.0000331691   0.0000638116   0.0000174634  -0.0000317496   0.0000324387
       -0.0001189135  -0.0000766872   0.0002364591  -0.0000968898  -0.0003984262
       -0.0070673222   0.0076839919   0.0804952889   0.1389190184   0.1417000494
       -0.0039029831  -0.0058119477  -0.0019906222   0.0009790363   0.0004262171
        0.0005661754   0.0000046102  -0.0000190962   0.0000736284
       -0.0000927333   0.0000330963   0.0000196507  -0.0000150623   0.0000108930
       -0.0000510407   0.0001525162   0.0000615778   0.0000375215  -0.0001842173
        0.0002385241   0.0001631514  -0.0009298579  -0.0001781478  -0.0001426662
        0.0001607183   0.0040496538  -0.0006260657  -0.0202662417   0.0038131804
       -0.0026741690  -0.3036399137   0.0252546211  -0.0549991168   0.0004648440
        0.0001473615   0.0002623950   0.0000892667   0.0000662071   0.0001654156
       -0.0000263879   0.0000948206   0.0000023135   0.0000267989   0.0000066452
       -0.0000186509   0.0000602011  -0.0001080108   0.0000029295   0.0000460880
       -0.0000254911  -0.0000224607   0.0000042417  -0.0000170079   0.0000195485
        0.0000139767  -0.0000119174   0.0000216854  -0.0001191066   0.0000432921
       -0.0000286877  -0.0000381145   0.0000155817  -0.0000542876   0.0008501260
       -0.0013984308   0.0008035067  -0.0133377490   0.0005516377  -0.0039029831
        0.3365560870  -0.0329181359   0.0610621849   0.0002265196   0.0002668416
       -0.0000386712  -0.0000019999   0.0000032076  -0.0000015028
        0.0001176337   0.0001234412  -0.0000308585  -0.0000367176  -0.0000410652
       -0.0000866765  -0.0001110994   0.0000185568  -0.0000345792  -0.0000490127
       -0.0001875971   0.0006648085   0.0004704032   0.0000938048   0.0001304657
        0.0031536220   0.0011685211  -0.0072183517   0.0242254878  -0.0044666292
        0.0029291311   0.0228990988  -0.0409549923  -0.0011620453   0.0001695075
       -0.0003874323   0.0002476009  -0.0000954303   0.0001073572   0.0004550978
        0.0000668466   0.0002910060   0.0000000788  -0.0000565595  -0.0000512618
        0.0000095054  -0.0001119118  -0.0003516837   0.0000158529   0.0000046368
       -0.0000407702   0.0000281956  -0.0000018377  -0.0000155492  -0.0000098283
        0.0000097819  -0.0000418893  -0.0000025224   0.0000124303   0.0000050837
       -0.0000361464  -0.0000085374   0.0001750466  -0.0001662732   0.0002887319
       -0.0010352722   0.0030836645  -0.0184412864   0.0018794743  -0.0058119477
       -0.0329181359   0.0435622382   0.0071670288   0.0003257394   0.0001446202
       -0.0001760281   0.0000866089   0.0000049926   0.0000038275
       -0.0001520381   0.0000701072   0.0001306129   0.0001289179  -0.0000947896
        0.0000321430  -0.0000588271   0.0002299886   0.0000584199   0.0000372539
       -0.0001598160  -0.0009031874   0.0014658347  -0.0003522415   0.0002230918
       -0.0015252123  -0.0069478895   0.0075500334   0.0117420573  -0.0011927669
        0.0023829330  -0.0567057881  -0.0006877397  -0.0464687853  -0.0008019442
       -0.0000244394  -0.0001864769   0.0001768861   0.0000295380  -0.0004082515
       -0.0000473584   0.0000339311   0.0003022985   0.0000401203  -0.0000309369
       -0.0000820968   0.0000834949  -0.0000440215  -0.0003984262   0.0000567443
       -0.0000562158  -0.0000407984  -0.0000756286   0.0000455668  -0.0000364235
       -0.0000391224   0.0000605564  -0.0000363328   0.0001073072  -0.0000285206
        0.0000399615  -0.0000112066   0.0000423826   0.0002553684   0.0018432117
        0.0025665564  -0.0030109123  -0.0174290155  -0.0008205526  -0.0019906222
        0.0610621849   0.0071670288   0.0423979166   0.0001002381   0.0002009805
        0.0001461464   0.0000018900  -0.0000067063   0.0000433881
       -0.0001234225   0.0000506205   0.0000321174  -0.0007538282   0.0013873135
        0.0000417852  -0.0048149167   0.0008724702  -0.0022964830  -0.0003616149
       -0.0004316389  -0.0001527466  -0.0015686229  -0.0024747960  -0.0023818663
        0.0074628562  -0.0139349161  -0.0019933379   0.0002654197  -0.0000780154
        0.0006145954  -0.0014945979  -0.0013315065  -0.0009335958  -0.0782490369
        0.0903894197   0.0111289342  -0.0137431968   0.0273160661   0.0037103043
       -0.0000744166   0.0001027372   0.0000410035   0.0000249682   0.0000623322
       -0.0000598726   0.0000755708  -0.0001598593  -0.0000325639   0.0000313743
       -0.0000401839  -0.0000665693  -0.0003365729   0.0000514277  -0.0000259785
        0.0001394149   0.0000320236   0.0001036713  -0.0000929759  -0.0001112228
        0.0002938532   0.0001609931  -0.0009633977  -0.0001149642   0.0001079488
        0.0001583105   0.0001493392  -0.0025960226   0.0003074389   0.0009790363
        0.0002265196   0.0003257394   0.0001002381   0.0950600897  -0.1022133022
       -0.0100134953   0.0006540694   0.0006829394   0.0008765951
        0.0001211599  -0.0000089588  -0.0000160324   0.0000475228  -0.0003207297
       -0.0000158798   0.0014380770   0.0016675106  -0.0013194895  -0.0005284188
        0.0006178315   0.0001321143  -0.0029996242  -0.0029199252  -0.0030652208
        0.0073838298  -0.0242727614  -0.0048196935   0.0009902265   0.0001474023
        0.0005794306   0.0003670261   0.0002388821  -0.0001772085   0.0912708374
       -0.2661395682  -0.0349837872   0.0047386340  -0.0070390447  -0.0009820260
        0.0000893670   0.0000855105   0.0000056918  -0.0000395300  -0.0000314058
        0.0000304181  -0.0001554522  -0.0000451508   0.0000007252  -0.0000441341
        0.0000266105   0.0000379932   0.0000000070  -0.0000116944  -0.0000145016
       -0.0000412364  -0.0000443534  -0.0000426275  -0.0001060428   0.0000481313
        0.0004310852   0.0005252454  -0.0011605959  -0.0001787732   0.0003344927
        0.0001311741   0.0002101468  -0.0005436712   0.0011259484   0.0004262171
        0.0002668416   0.0001446202   0.0002009805  -0.1022133022   0.2969026802
        0.0428975356  -0.0009018554   0.0008578863   0.0006629016
       -0.0000841080   0.0002208909   0.0000491928  -0.0000290317  -0.0000642654
        0.0000308476  -0.0023612166  -0.0013695427   0.0076068151  -0.0001802354
        0.0001792944  -0.0002257844  -0.0023706391  -0.0032083740   0.0061321156
        0.0016874852  -0.0091138455  -0.0003045348   0.0013232166  -0.0000050628
       -0.0023632780   0.0004949133   0.0003651247   0.0002414499   0.0116530100
       -0.0344856701  -0.0397260000  -0.0017353739   0.0035252444   0.0014108478
       -0.0000228451   0.0001098294   0.0000975090   0.0000383924  -0.0001017051
       -0.0000648484  -0.0000156495  -0.0001723034  -0.0000940756  -0.0000042822
       -0.0001545085   0.0000467656   0.0000201809   0.0001412610  -0.0000289188
        0.0000481751   0.0001050199   0.0000314547   0.0003150568   0.0004646006
       -0.0016808738   0.0002676864  -0.0003568247  -0.0003249003   0.0000088351
        0.0001021711  -0.0000773670   0.0005314806   0.0001283745   0.0005661754
       -0.0000386712  -0.0001760281   0.0001461464  -0.0100134953   0.0428975356
        0.0310349021   0.0004671158   0.0009687837  -0.0025036407
        0.0000342690   0.0001510577  -0.0000899981   0.0008332832   0.0012938317
        0.0012422745   0.0051449569   0.0060909003   0.0022152697   0.0001933299
        0.0025037054  -0.0008383384  -0.0000932294   0.0006286606   0.0001935877
       -0.0052254950   0.0019179603  -0.0020613563  -0.0005219523  -0.0011667719
       -0.0004244148   0.0000793215  -0.0000751097  -0.0000526982  -0.0207088153
       -0.0219760779  -0.0094617967  -0.1333591234  -0.1153641924  -0.0473186728
        0.0000414615   0.0000572770   0.0000349764   0.0001303300  -0.0000760310
        0.0001008390  -0.0002076109  -0.0000715031  -0.0000657882  -0.0000148685
       -0.0000833623  -0.0000317569  -0.0000984904  -0.0000731297  -0.0000705740
       -0.0000381453   0.0002764578  -0.0002189406   0.0002214288   0.0004830241
        0.0002131771  -0.0000780386  -0.0000033080   0.0003374846  -0.0004450479
        0.0000363589  -0.0000540678  -0.0000025949  -0.0000714354   0.0000046102
       -0.0000019999   0.0000866089   0.0000018900   0.0006540694  -0.0009018554
        0.0004671158   0.1534629617   0.1263369340   0.0558771778
       -0.0002068629   0.0000990849   0.0000995753  -0.0015072185   0.0008913427
        0.0002830955  -0.0156929739  -0.0250466464  -0.0096957800   0.0031238581
       -0.0046977734  -0.0022220591   0.0005787654   0.0002930994   0.0003022707
        0.0014018796   0.0013707610  -0.0014222307   0.0000570368   0.0001245379
        0.0000302221   0.0000658264  -0.0000604620  -0.0000224943   0.0006024730
        0.0026238083   0.0004896543  -0.1154133861  -0.1908271746  -0.0601950523
       -0.0000875929   0.0000124591   0.0000395196   0.0002689567  -0.0000433507
       -0.0004913891  -0.0000205462   0.0000092187  -0.0000231615  -0.0000976999
       -0.0000091904   0.0001119013  -0.0002993483   0.0002944091   0.0001014486
        0.0010847269  -0.0003264117   0.0005030654  -0.0008819276  -0.0011763253
       -0.0005189250  -0.0000076557   0.0000198892   0.0004638072   0.0000538401
       -0.0000437424   0.0001073653  -0.0000452322   0.0000625867  -0.0000190962
        0.0000032076   0.0000049926  -0.0000067063   0.0006829394   0.0008578863
        0.0009687837   0.1263369340   0.2155670010   0.0711161856
        0.0006739781   0.0002056959  -0.0002459928   0.0002999032   0.0008794554
       -0.0018004981  -0.0034416577  -0.0051621061  -0.0008033324  -0.0004669454
       -0.0023412527   0.0066393967   0.0000156799   0.0003231321  -0.0002351637
       -0.0025646790  -0.0014144039   0.0077058224   0.0000816622  -0.0003363937
       -0.0001574987   0.0000251290   0.0000428383   0.0000017208  -0.0038011301
       -0.0037281657  -0.0006931274  -0.0476353710  -0.0603541435  -0.0576400822
       -0.0000200202   0.0001557950  -0.0000666227   0.0001975850  -0.0003285290
       -0.0002729297   0.0000230474  -0.0001766898  -0.0000293250  -0.0000120573
       -0.0001359972   0.0000742358  -0.0002222946   0.0002455650  -0.0000060042
       -0.0001183408   0.0000198625   0.0001656560  -0.0001384847  -0.0002274537
       -0.0000087709   0.0003384307   0.0004924900  -0.0016556432   0.0000105212
        0.0001072207  -0.0002287495   0.0000027741  -0.0000498345   0.0000736284
       -0.0000015028   0.0000038275   0.0000433881   0.0008765951   0.0006629016
       -0.0025036407   0.0558771778   0.0711161856   0.0516435330
