           1           2  0.96369736165418018     
           2           3   1.0114008237188186     
           3           4   1.0075642185101128     
           4           5  0.99815631921066206     
           5           6  0.98666007789328769     
           1           8  0.89652927306835084     
           1           9  0.85605210820178512     
           1          10  0.89678140836644282     
           2          11  0.96695899338200075     
           2          12  0.96939680176272047     
           3          13  0.96870873826958359     
           3          14  0.96852579049656962     
           4          15  0.97112896995585873     
           4          16  0.97365789798362834     
           5          17  0.97366454168884731     
           5          18  0.96841397922076311     
           6          19  0.85891650819373688     
