$hessian                                                                        
        0.5297369422   0.0297637614  -0.0414995320  -0.1008519042   0.0273699214
       -0.0347638567  -0.0025098740   0.0071811907  -0.0006882895  -0.0007545947
       -0.0004038906  -0.0003766620  -0.0004023614   0.0036516563   0.0004007900
       -0.0279277512  -0.0202228189   0.0091850995  -0.2516427211  -0.0646700692
       -0.0165390225  -0.0432707972  -0.0007786692  -0.0000198717  -0.0869674976
       -0.0002941465   0.1027533176  -0.0230916816   0.0204291057  -0.0233680978
        0.0054920338  -0.0043176215   0.0047645898   0.0005310716  -0.0006461235
       -0.0003486905   0.0011684959   0.0019325061   0.0008389822   0.0002457605
        0.0001592777   0.0001642631  -0.0005437634   0.0001585611  -0.0000280254
        0.0005372872  -0.0001774449  -0.0004021987   0.0002513552   0.0008648041
       -0.0000727955
        0.0297637614   0.5412340491   0.0398342437   0.0363360430  -0.0998917050
        0.0395220795   0.0201624847  -0.0253427748   0.0157967616   0.0003258937
        0.0007223160  -0.0001441217   0.0003027485   0.0020397131   0.0003952061
       -0.0138861626  -0.0074163861   0.0039840090  -0.0694105226  -0.0611954052
       -0.0064956206  -0.0063334214  -0.2995082959  -0.0952354172   0.0015624951
       -0.0464407652  -0.0000007437  -0.0003133714   0.0027238680  -0.0015667714
        0.0018352766  -0.0032966350   0.0047180501  -0.0006627604   0.0022211724
        0.0013795001  -0.0000515601  -0.0062511351  -0.0019844286  -0.0000524412
        0.0000781610  -0.0002087867   0.0002010669  -0.0003235585  -0.0001249798
        0.0001301685   0.0001752598   0.0000312240   0.0000903013   0.0004721213
        0.0000997957
       -0.0414995320   0.0398342437   0.5471127985  -0.0375036132   0.0337806870
       -0.1126379242   0.0031944644  -0.0008029753   0.0057016046  -0.0002058935
       -0.0002023049   0.0000192280  -0.0002019872   0.0003013814  -0.0010638920
        0.0063360610   0.0032628335   0.0020555308  -0.0114139381  -0.0046769260
       -0.0398816262  -0.0026651118  -0.0983628168  -0.0835172797   0.1067460338
        0.0046420117  -0.2926995954  -0.0070800952   0.0052545307  -0.0048549305
       -0.0175507412   0.0192329230  -0.0221927536   0.0009103777  -0.0009332012
        0.0021722741   0.0010065403  -0.0015762158   0.0004757424  -0.0000314692
        0.0001093441  -0.0000965735  -0.0004998654  -0.0001692775  -0.0000297167
        0.0003766976   0.0003728812  -0.0000409499   0.0000820721  -0.0000671188
       -0.0005219366
       -0.1008519042   0.0363360430  -0.0375036132   0.4941009936   0.0389587243
       -0.0274027665  -0.0635123512  -0.0010709558   0.0026001917   0.0013784843
       -0.0221200466  -0.0071716652   0.0004181598  -0.0005268164   0.0001664905
        0.0004732303   0.0003004892   0.0009138478  -0.0157746153   0.0134737585
       -0.0145465948   0.0001502913   0.0020350177   0.0005128885   0.0069215402
       -0.0060773699   0.0027520660  -0.2357952873  -0.0835192696  -0.0090027886
       -0.0804847875   0.0015355332   0.0809282042  -0.0005403365   0.0056327774
        0.0020727972  -0.0041125962   0.0185085269   0.0058996873  -0.0030115322
       -0.0032749230   0.0007238646   0.0011053700  -0.0002467740  -0.0009139334
       -0.0002785233  -0.0000833848  -0.0001160723  -0.0001861358   0.0001386698
        0.0000873962
        0.0273699214  -0.0998917050   0.0337806870   0.0389587243   0.4298482876
        0.0191986655  -0.0003193525  -0.1618589054  -0.0441859991  -0.0051376371
       -0.0219945615  -0.0042124573   0.0005308859   0.0005414018   0.0002687663
       -0.0017209670  -0.0013950025   0.0004521232   0.0030809757   0.0073565627
       -0.0045978345   0.0129689046  -0.0168803841   0.0137227393  -0.0011972463
        0.0000334295   0.0039577604  -0.0787505015  -0.0723544585  -0.0068595832
       -0.0012460566  -0.0410688508  -0.0031460225   0.0030403545  -0.0060859615
       -0.0043014378   0.0047233986  -0.0152082068  -0.0041969206  -0.0032517721
       -0.0020486274   0.0004613124   0.0007489524   0.0012549970  -0.0004664505
        0.0000321479  -0.0002499937   0.0000095087   0.0001692678   0.0000019785
        0.0001151427
       -0.0347638567   0.0395220795  -0.1126379242  -0.0274027665   0.0191986655
        0.5072143583   0.0041193282  -0.0434292930  -0.0854564377  -0.0017206731
        0.0025402587   0.0013608889   0.0002526228  -0.0003104085   0.0001847489
        0.0010727471   0.0012180929  -0.0007441666  -0.0076222459  -0.0002965715
       -0.0010015733   0.0044686604  -0.0026687151   0.0058438555  -0.0131376752
        0.0159106715  -0.0196090444  -0.0130642191  -0.0071715871  -0.0466100778
        0.0861729697  -0.0070101265  -0.2374240235   0.0029928388  -0.0298733514
       -0.0151056422  -0.0026438117   0.0101820655   0.0034864675   0.0009683861
        0.0009646247   0.0003578038   0.0001660629   0.0015703540   0.0007373308
        0.0001144054  -0.0002742741  -0.0003538334   0.0000272268  -0.0000724852
       -0.0002427306
       -0.0025098740   0.0201624847   0.0031944644  -0.0635123512  -0.0003193525
        0.0041193282   0.4764265264  -0.0197433883   0.0082086438  -0.1382255113
       -0.0520617021   0.0225886358  -0.0263116384  -0.0121732651   0.0000286782
        0.0005711104  -0.0007278209  -0.0003010810   0.0002772683   0.0000898637
       -0.0000879129  -0.0015390492   0.0028701975  -0.0021718169   0.0000780020
       -0.0004967539   0.0003361402  -0.0010134489  -0.0221335949  -0.0097767617
        0.0001915662   0.0101866688   0.0056469640  -0.0494857414   0.0006417833
        0.0376465228  -0.1852328978   0.0799323038  -0.0731617755   0.0013703345
       -0.0001065652  -0.0007663786  -0.0094130364  -0.0066057408   0.0056204277
        0.0016868351  -0.0001864848   0.0012621024  -0.0033580942   0.0006713667
       -0.0023861806
        0.0071811907  -0.0253427748  -0.0008029753  -0.0010709558  -0.1618589054
       -0.0434292930  -0.0197433883   0.4510743650  -0.0092034972  -0.0492350329
       -0.0989257376   0.0148537463   0.0013820132   0.0044475647  -0.0028766087
        0.0000398697  -0.0004615712   0.0003216763   0.0004396719   0.0005923377
        0.0004958412   0.0023450824  -0.0016031179   0.0024071457  -0.0001263306
        0.0012557275  -0.0000131313  -0.0023345248  -0.0165036170  -0.0054732245
        0.0015357416  -0.0049046935  -0.0054642229  -0.0005014772  -0.0425427258
       -0.0004014174   0.0808254562  -0.0861307700   0.0418157307  -0.0209338337
       -0.0199222994   0.0062280241  -0.0011296113  -0.0004961599   0.0012577624
        0.0005092535   0.0004344801  -0.0003094177   0.0008168755   0.0008878976
        0.0005938615
       -0.0006882895   0.0157967616   0.0057016046   0.0026001917  -0.0441859991
       -0.0854564377   0.0082086438  -0.0092034972   0.5148887940   0.0218312477
        0.0150481720  -0.0732669950  -0.0115979859  -0.0088130283   0.0024579932
       -0.0001714739   0.0004420587  -0.0003045743   0.0002718720  -0.0002200151
        0.0003793045  -0.0020153156   0.0026097289  -0.0016212030  -0.0002880480
        0.0011277756   0.0018735037   0.0000801454  -0.0015262453   0.0003346959
        0.0028204132  -0.0255619222  -0.0118503329   0.0372101247   0.0007439074
       -0.2623666697  -0.0744031827   0.0410418018  -0.0831003089  -0.0034343591
       -0.0033403978   0.0014746743   0.0239508894   0.0164747471  -0.0090544246
       -0.0012153596  -0.0008093870   0.0012747892  -0.0031595137   0.0003755390
       -0.0013644133
       -0.0007545947   0.0003258937  -0.0002058935   0.0013784843  -0.0051376371
       -0.0017206731  -0.1382255113  -0.0492350329   0.0218312477   0.4511093149
       -0.0158067079  -0.0149781539  -0.1424212786   0.0147806736  -0.0596830733
       -0.0140796006   0.0128528997  -0.0020852799   0.0001477853   0.0004185446
        0.0003096124  -0.0001206239   0.0001526312   0.0000455824  -0.0001487803
        0.0001428428  -0.0000697899   0.0008889792   0.0002667827   0.0003764772
        0.0008819345   0.0009599724  -0.0001235818  -0.0081621828  -0.0051454270
        0.0046785030  -0.0235683669  -0.0116593054   0.0039202870  -0.0555490307
        0.0520049194   0.0087127709  -0.0552203262   0.0035783903   0.0504783896
        0.0029032987  -0.0006617199   0.0000852764  -0.0190595009   0.0021622798
       -0.0115717012
       -0.0004038906   0.0007223160  -0.0002023049  -0.0221200466  -0.0219945615
        0.0025402587  -0.0520617021  -0.0989257376   0.0150481720  -0.0158067079
        0.4865922874   0.0114897882   0.0202904181  -0.0629171516   0.0186732796
        0.0205491379  -0.0140849872   0.0055750356   0.0010553813   0.0000780277
       -0.0006241907   0.0002199583  -0.0000011745  -0.0002281036   0.0000624627
       -0.0005216046  -0.0002624882  -0.0005708777  -0.0044703568  -0.0015759362
       -0.0002332176   0.0014992943   0.0010845830  -0.0034406336  -0.0012602165
        0.0029950611   0.0058369619   0.0040903648  -0.0019966991   0.0529142898
       -0.2452914962  -0.0310997819   0.0042511884  -0.0454468570  -0.0154665867
        0.0041959554  -0.0004628123   0.0051144563  -0.0147386777   0.0023946656
       -0.0110645432
       -0.0003766620  -0.0001441217   0.0000192280  -0.0071716652  -0.0042124573
        0.0013608889   0.0225886358   0.0148537463  -0.0732669950  -0.0149781539
        0.0114897882   0.5045712180  -0.0545466473   0.0123438233  -0.1074035174
        0.0038365016   0.0003674917   0.0047614459   0.0003813585   0.0005694681
       -0.0002351135  -0.0000078769   0.0001131205   0.0000165908   0.0003127206
       -0.0001250418  -0.0002738737  -0.0002063247  -0.0026112545  -0.0000552499
       -0.0011626458  -0.0006512222   0.0008779131   0.0248449546   0.0162869492
       -0.0093980756  -0.0102557831  -0.0050568044   0.0028295276   0.0087687672
       -0.0322048252  -0.0500094550   0.0519403456  -0.0181981086  -0.2543511062
       -0.0227167583   0.0066440403  -0.0197647077  -0.0012507668   0.0005354083
        0.0003212816
       -0.0004023614   0.0003027485  -0.0002019872   0.0004181598   0.0005308859
        0.0002526228  -0.0263116384   0.0013820132  -0.0115979859  -0.1424212786
        0.0202904181  -0.0545466473   0.4093412178   0.0757942215   0.0021669918
       -0.0403269232   0.0299800642   0.0180815923   0.0015163787  -0.0003896373
       -0.0002539049  -0.0004132909   0.0002436214   0.0000883647   0.0000927311
        0.0001552896  -0.0000658695  -0.0000802989   0.0002015866   0.0001164533
       -0.0004178476  -0.0000107541   0.0000074627   0.0012950986   0.0007485212
       -0.0008984039  -0.0040052693  -0.0027561154   0.0005724144  -0.0102159961
        0.0071741279  -0.0070245424   0.0021516325   0.0015343625  -0.0006171683
       -0.0537954400  -0.0129597017   0.0534819580  -0.1364248741  -0.1222216520
        0.0004386496
        0.0036516563   0.0020397131   0.0003013814  -0.0005268164   0.0005414018
       -0.0003104085  -0.0121732651   0.0044475647  -0.0088130283   0.0147806736
       -0.0629171516   0.0123438233   0.0757942215   0.3744103110  -0.0372171844
        0.0350105649  -0.0777531480  -0.0295244792  -0.0025213065  -0.0043729764
       -0.0000229490  -0.0000095787  -0.0003712139   0.0001127138  -0.0003235009
        0.0002103399   0.0005164668   0.0000066137  -0.0001240720   0.0001426384
       -0.0001446372  -0.0002360270  -0.0001748767   0.0002214882   0.0006363387
       -0.0005578390  -0.0027130826  -0.0007114028   0.0003873165   0.0203672658
       -0.0098684571   0.0139133423   0.0003156681  -0.0006352612  -0.0001883083
       -0.0131392958  -0.0465680565   0.0452316489  -0.1185966689  -0.1787279027
        0.0038597421
        0.0004007900   0.0003952061  -0.0010638920   0.0001664905   0.0002687663
        0.0001847489   0.0000286782  -0.0028766087   0.0024579932  -0.0596830733
        0.0186732796  -0.1074035174   0.0021669918  -0.0372171844   0.4604578297
        0.0205737436  -0.0313979579  -0.0349052757  -0.0002468111  -0.0009495330
        0.0005678022   0.0001273041  -0.0002533631  -0.0005702178   0.0004414687
       -0.0002289010  -0.0001640811  -0.0001359848   0.0001809912  -0.0000526680
       -0.0004726099   0.0001174714  -0.0004716181   0.0017810511  -0.0002454289
        0.0014072334   0.0010727452   0.0006227418   0.0008875734   0.0004508585
        0.0000913514   0.0020135982  -0.0249514654   0.0081049227  -0.0219186986
        0.0553978223   0.0404051945  -0.2580123245   0.0028820007   0.0043090522
       -0.0434144856
       -0.0279277512  -0.0138861626   0.0063360610   0.0004732303  -0.0017209670
        0.0010727471   0.0005711104   0.0000398697  -0.0001714739  -0.0140796006
        0.0205491379   0.0038365016  -0.0403269232   0.0350105649   0.0205737436
        0.0920436431  -0.0420502852  -0.0365317007  -0.0018924914  -0.0041467680
        0.0031818416  -0.0019013165  -0.0001637392   0.0003363229  -0.0027308526
       -0.0018003146  -0.0008953474   0.0002911366   0.0002603167  -0.0006696087
        0.0000598445  -0.0007268497  -0.0006239826  -0.0003681866   0.0000256217
        0.0004220267   0.0000450221  -0.0002069519  -0.0000689937  -0.0040281463
        0.0012544198  -0.0017253754   0.0004180910   0.0001296509   0.0000080487
       -0.0056972679   0.0102000155   0.0065083259   0.0050504583  -0.0027675588
       -0.0015891366
       -0.0202228189  -0.0074163861   0.0032628335   0.0003004892  -0.0013950025
        0.0012180929  -0.0007278209  -0.0004615712   0.0004420587   0.0128528997
       -0.0140849872   0.0003674917   0.0299800642  -0.0777531480  -0.0313979579
       -0.0420502852   0.1332318295   0.0414265201  -0.0007037710  -0.0003871923
        0.0029274214  -0.0010191487   0.0007785560   0.0002116549  -0.0010799470
       -0.0005703900  -0.0012083574  -0.0001030843   0.0001906860  -0.0005367908
        0.0000732944   0.0002935769   0.0002982978  -0.0000726341  -0.0004550182
       -0.0002785333  -0.0002142595  -0.0000824957  -0.0000036702   0.0035523375
        0.0000203789   0.0014835492  -0.0002388354   0.0011699009   0.0005392116
        0.0047157062  -0.0056677500  -0.0055080481   0.0149578137  -0.0274109870
       -0.0132437740
        0.0091850995   0.0039840090   0.0020555308   0.0009138478   0.0004521232
       -0.0007441666  -0.0003010810   0.0003216763  -0.0003045743  -0.0020852799
        0.0055750356   0.0047614459   0.0180815923  -0.0295244792  -0.0349052757
       -0.0365317007   0.0414265201   0.0393265969  -0.0022433569   0.0011696050
       -0.0015438468   0.0007143319   0.0001767234  -0.0000397630  -0.0000826763
        0.0006513845   0.0003479882   0.0002327243  -0.0004093023   0.0000368031
        0.0002375085   0.0001007135   0.0003389281  -0.0003397168   0.0000983019
       -0.0006211185   0.0001301552  -0.0001813959  -0.0005225725  -0.0016378505
        0.0009605458  -0.0004962791  -0.0007170300   0.0011492607   0.0010645689
        0.0119484962  -0.0203247835  -0.0084709541   0.0024949363  -0.0056259382
       -0.0002833111
       -0.2516427211  -0.0694105226  -0.0114139381  -0.0157746153   0.0030809757
       -0.0076222459   0.0002772683   0.0004396719   0.0002718720   0.0001477853
        0.0010553813   0.0003813585   0.0015163787  -0.0025213065  -0.0002468111
       -0.0018924914  -0.0007037710  -0.0022433569   0.2788622037   0.0776405625
        0.0158973334   0.0010442138  -0.0076372145  -0.0023718490  -0.0114449092
       -0.0036871217   0.0075612292  -0.0003231905   0.0010511325  -0.0014166684
        0.0006435143   0.0002732928   0.0001420427  -0.0003808728   0.0002244219
        0.0000302524   0.0001119697  -0.0002421747   0.0000009531  -0.0003312264
       -0.0002616202  -0.0003014441   0.0003044895  -0.0002404391   0.0000742481
       -0.0004361624   0.0009491070   0.0008025212  -0.0006816341  -0.0000103753
        0.0004545030
       -0.0646700692  -0.0611954052  -0.0046769260   0.0134737585   0.0073565627
       -0.0002965715   0.0000898637   0.0005923377  -0.0002200151   0.0004185446
        0.0000780277   0.0005694681  -0.0003896373  -0.0043729764  -0.0009495330
       -0.0041467680  -0.0003871923   0.0011696050   0.0776405625   0.0699265917
        0.0042763022  -0.0244002869  -0.0116469068  -0.0037131443  -0.0005976977
        0.0028612345   0.0021094615   0.0025759599  -0.0017968347   0.0027131274
        0.0001515542   0.0006222687  -0.0001437443   0.0002460015  -0.0002413341
       -0.0001101826  -0.0001513183  -0.0002418448  -0.0001165644  -0.0002357744
       -0.0000001792   0.0001800702   0.0000361769  -0.0002505311   0.0001153452
       -0.0001839074  -0.0005572785  -0.0005417194   0.0001430376  -0.0007465398
       -0.0003649790
       -0.0165390225  -0.0064956206  -0.0398816262  -0.0145465948  -0.0045978345
       -0.0010015733  -0.0000879129   0.0004958412   0.0003793045   0.0003096124
       -0.0006241907  -0.0002351135  -0.0002539049  -0.0000229490   0.0005678022
        0.0031818416   0.0029274214  -0.0015438468   0.0158973334   0.0042763022
        0.0427606994  -0.0102441990  -0.0049546964   0.0019641463   0.0248713915
        0.0074958864  -0.0002506185  -0.0024249459   0.0025908808  -0.0019382709
       -0.0007075425   0.0000590509  -0.0002041910   0.0001342817  -0.0001831280
       -0.0002962186   0.0001224708  -0.0000264294   0.0000632687   0.0000430647
       -0.0000271024   0.0001321613  -0.0000366445   0.0003573746  -0.0002878616
        0.0000276622  -0.0009675043  -0.0002582661   0.0002531083  -0.0003033021
        0.0000302043
       -0.0432707972  -0.0063334214  -0.0026651118   0.0001502913   0.0129689046
        0.0044686604  -0.0015390492   0.0023450824  -0.0020153156  -0.0001206239
        0.0002199583  -0.0000078769  -0.0004132909  -0.0000095787   0.0001273041
       -0.0019013165  -0.0010191487   0.0007143319   0.0010442138  -0.0244002869
       -0.0102441990   0.0431831724   0.0025451119   0.0028763534   0.0022924592
        0.0114850162   0.0064898945  -0.0004386524   0.0012705946   0.0000536946
        0.0004817067  -0.0000325573   0.0000953189   0.0000760340  -0.0000246502
       -0.0001291224   0.0001447521   0.0009865664   0.0000982462   0.0002552763
        0.0000121095  -0.0000422067   0.0000704828  -0.0001126944   0.0000213499
        0.0000171232   0.0001117408   0.0001059968  -0.0000317818  -0.0000127469
        0.0000526816
       -0.0007786692  -0.2995082959  -0.0983628168   0.0020350177  -0.0168803841
       -0.0026687151   0.0028701975  -0.0016031179   0.0026097289   0.0001526312
       -0.0000011745   0.0001131205   0.0002436214  -0.0003712139  -0.0002533631
       -0.0001637392   0.0007785560   0.0001767234  -0.0076372145  -0.0116469068
       -0.0049546964   0.0025451119   0.3300670089   0.1083995217   0.0010537740
       -0.0009247465  -0.0052138805  -0.0000896753   0.0006262237  -0.0002295480
       -0.0001799302   0.0000911937   0.0000444691  -0.0000251201   0.0002971117
        0.0005740723  -0.0001352483  -0.0008872898  -0.0002893781  -0.0000591110
        0.0001772468   0.0000778731   0.0000737266  -0.0001036179  -0.0000793975
       -0.0000050562  -0.0001226619   0.0000436229   0.0000996837   0.0000120683
        0.0000126637
       -0.0000198717  -0.0952354172  -0.0835172797   0.0005128885   0.0137227393
        0.0058438555  -0.0021718169   0.0024071457  -0.0016212030   0.0000455824
       -0.0002281036   0.0000165908   0.0000883647   0.0001127138  -0.0005702178
        0.0003363229   0.0002116549  -0.0000397630  -0.0023718490  -0.0037131443
        0.0019641463   0.0028763534   0.1083995217   0.0899402138   0.0012775874
       -0.0281443018  -0.0133624199  -0.0002931978   0.0005072685   0.0003379758
       -0.0001577502   0.0013959712  -0.0001562563   0.0000455395  -0.0003063897
        0.0000371474  -0.0001617525   0.0007836219   0.0006422737  -0.0000118318
        0.0001081006   0.0003497118  -0.0000728669   0.0001846865   0.0000435421
        0.0000587164  -0.0001287169   0.0000738212   0.0000195817  -0.0000773506
        0.0000178613
       -0.0869674976   0.0015624951   0.1067460338   0.0069215402  -0.0011972463
       -0.0131376752   0.0000780020  -0.0001263306  -0.0002880480  -0.0001487803
        0.0000624627   0.0003127206   0.0000927311  -0.0003235009   0.0004414687
       -0.0027308526  -0.0010799470  -0.0000826763  -0.0114449092  -0.0005976977
        0.0248713915   0.0022924592   0.0010537740   0.0012775874   0.0922257917
       -0.0018415311  -0.1161858100   0.0002613915   0.0002425340  -0.0012949885
       -0.0011080332   0.0022650402  -0.0024304980   0.0003145569   0.0001567066
        0.0003165727   0.0000826098   0.0002112922  -0.0004289313   0.0001615023
        0.0000164051  -0.0000822396   0.0000529204  -0.0001079595   0.0000263505
       -0.0000589625  -0.0003219739  -0.0001214170  -0.0000244697   0.0000254772
        0.0000601586
       -0.0002941465  -0.0464407652   0.0046420117  -0.0060773699   0.0000334295
        0.0159106715  -0.0004967539   0.0012557275   0.0011277756   0.0001428428
       -0.0005216046  -0.0001250418   0.0001552896   0.0002103399  -0.0002289010
       -0.0018003146  -0.0005703900   0.0006513845  -0.0036871217   0.0028612345
        0.0074958864   0.0114850162  -0.0009247465  -0.0281443018  -0.0018415311
        0.0462933196  -0.0024451022  -0.0002368644   0.0005116747  -0.0003966659
        0.0022083343  -0.0016477231   0.0024902510   0.0004239665  -0.0006447330
       -0.0007812136  -0.0000520434  -0.0000490653  -0.0000403093  -0.0000169008
        0.0000245304   0.0002653724   0.0001187453   0.0000894483  -0.0001301278
       -0.0002061533  -0.0004148685  -0.0002239537   0.0001750050  -0.0000658083
       -0.0000677358
        0.1027533176  -0.0000007437  -0.2926995954   0.0027520660   0.0039577604
       -0.0196090444   0.0003361402  -0.0000131313   0.0018735037  -0.0000697899
       -0.0002624882  -0.0002738737  -0.0000658695   0.0005164668  -0.0001640811
       -0.0008953474  -0.0012083574   0.0003479882   0.0075612292   0.0021094615
       -0.0002506185   0.0064898945  -0.0052138805  -0.0133624199  -0.1161858100
       -0.0024451022   0.3250457637   0.0002604814  -0.0000761616   0.0002990721
       -0.0027795757   0.0025869526  -0.0018291944   0.0000181531   0.0006474493
        0.0000914676   0.0001142081  -0.0005007121   0.0001002183  -0.0000834470
       -0.0000755327   0.0001797724  -0.0001516832   0.0000026568   0.0000138665
        0.0000520805   0.0000209604   0.0001861450  -0.0001060478  -0.0000455979
        0.0000510299
       -0.0230916816  -0.0003133714  -0.0070800952  -0.2357952873  -0.0787505015
       -0.0130642191  -0.0010134489  -0.0023345248   0.0000801454   0.0008889792
       -0.0005708777  -0.0002063247  -0.0000802989   0.0000066137  -0.0001359848
        0.0002911366  -0.0001030843   0.0002327243  -0.0003231905   0.0025759599
       -0.0024249459  -0.0004386524  -0.0000896753  -0.0002931978   0.0002613915
       -0.0002368644   0.0002604814   0.2745298711   0.0857806769   0.0178551224
       -0.0169533568  -0.0073440466   0.0044959812   0.0001889900   0.0002242534
        0.0000693955   0.0012580420   0.0011562434   0.0005095875  -0.0000044566
       -0.0000174054  -0.0000189262  -0.0000140122   0.0000612281  -0.0001829892
        0.0001021846  -0.0000080122  -0.0000037122   0.0001937903  -0.0000366118
       -0.0000930427
        0.0204291057   0.0027238680   0.0052545307  -0.0835192696  -0.0723544585
       -0.0071715871  -0.0221335949  -0.0165036170  -0.0015262453   0.0002667827
       -0.0044703568  -0.0026112545   0.0002015866  -0.0001240720   0.0001809912
        0.0002603167   0.0001906860  -0.0004093023   0.0010511325  -0.0017968347
        0.0025908808   0.0012705946   0.0006262237   0.0005072685   0.0002425340
        0.0005116747  -0.0000761616   0.0857806769   0.0906270565   0.0030745216
       -0.0014882374   0.0017915784   0.0005386468  -0.0002410636  -0.0000006443
        0.0000064313  -0.0012113269  -0.0008439673  -0.0001142469  -0.0010469999
       -0.0007929080   0.0001009434   0.0002810082   0.0001320475  -0.0003660234
       -0.0000570353   0.0000429300   0.0000574335  -0.0000862103   0.0002407938
       -0.0000368268
       -0.0233680978  -0.0015667714  -0.0048549305  -0.0090027886  -0.0068595832
       -0.0466100778  -0.0097767617  -0.0054732245   0.0003346959   0.0003764772
       -0.0015759362  -0.0000552499   0.0001164533   0.0001426384  -0.0000526680
       -0.0006696087  -0.0005367908   0.0000368031  -0.0014166684   0.0027131274
       -0.0019382709   0.0000536946  -0.0002295480   0.0003379758  -0.0012949885
       -0.0003966659   0.0002990721   0.0178551224   0.0030745216   0.0525584743
        0.0276673543   0.0102190073  -0.0011624982  -0.0002062557  -0.0001562476
       -0.0003526014  -0.0000410759   0.0009219219   0.0006285006  -0.0003026147
       -0.0002507050   0.0003254860   0.0001488482   0.0000041520   0.0001776639
       -0.0000941490  -0.0000414669   0.0000877931  -0.0000449408   0.0000115710
        0.0002398318
        0.0054920338   0.0018352766  -0.0175507412  -0.0804847875  -0.0012460566
        0.0861729697   0.0001915662   0.0015357416   0.0028204132   0.0008819345
       -0.0002332176  -0.0011626458  -0.0004178476  -0.0001446372  -0.0004726099
        0.0000598445   0.0000732944   0.0002375085   0.0006435143   0.0001515542
       -0.0007075425   0.0004817067  -0.0001799302  -0.0001577502  -0.0011080332
        0.0022083343  -0.0027795757  -0.0169533568  -0.0014882374   0.0276673543
        0.0907133036  -0.0028797254  -0.0940097858   0.0005588502   0.0004779266
       -0.0001840981  -0.0000672503   0.0001617108   0.0003959086  -0.0001678275
       -0.0000733823   0.0000936699   0.0001520557  -0.0002117455  -0.0000262173
        0.0000267306   0.0000269773  -0.0000727857  -0.0000024371  -0.0000138835
       -0.0002640719
       -0.0043176215  -0.0032966350   0.0192329230   0.0015355332  -0.0410688508
       -0.0070101265   0.0101866688  -0.0049046935  -0.0255619222   0.0009599724
        0.0014992943  -0.0006512222  -0.0000107541  -0.0002360270   0.0001174714
       -0.0007268497   0.0002935769   0.0001007135   0.0002732928   0.0006222687
        0.0000590509  -0.0000325573   0.0000911937   0.0013959712   0.0022650402
       -0.0016477231   0.0025869526  -0.0073440466   0.0017915784   0.0102190073
       -0.0028797254   0.0528731096   0.0021746398   0.0005101145  -0.0051766484
       -0.0024391606   0.0000393965  -0.0002371841  -0.0003841207   0.0000642387
        0.0001577528  -0.0001853109  -0.0006633330  -0.0007252839   0.0003485112
        0.0001264188  -0.0000800491   0.0000768962   0.0000142117   0.0000443203
       -0.0000802740
        0.0047645898   0.0047180501  -0.0221927536   0.0809282042  -0.0031460225
       -0.2374240235   0.0056469640  -0.0054642229  -0.0118503329  -0.0001235818
        0.0010845830   0.0008779131   0.0000074627  -0.0001748767  -0.0004716181
       -0.0006239826   0.0002982978   0.0003389281   0.0001420427  -0.0001437443
       -0.0002041910   0.0000953189   0.0000444691  -0.0001562563  -0.0024304980
        0.0024902510  -0.0018291944   0.0044959812   0.0005386468  -0.0011624982
       -0.0940097858   0.0021746398   0.2741858282   0.0007713081  -0.0021490165
       -0.0003989768   0.0002020331  -0.0002566829  -0.0003558566   0.0002407445
        0.0003834342   0.0001077412  -0.0001941946  -0.0003586929   0.0003776728
        0.0000228001  -0.0000279522   0.0000362472   0.0000645937  -0.0000111608
        0.0001213708
        0.0005310716  -0.0006627604   0.0009103777  -0.0005403365   0.0030403545
        0.0029928388  -0.0494857414  -0.0005014772   0.0372101247  -0.0081621828
       -0.0034406336   0.0248449546   0.0012950986   0.0002214882   0.0017810511
       -0.0003681866  -0.0000726341  -0.0003397168  -0.0003808728   0.0002460015
        0.0001342817   0.0000760340  -0.0000251201   0.0000455395   0.0003145569
        0.0004239665   0.0000181531   0.0001889900  -0.0002410636  -0.0002062557
        0.0005588502   0.0005101145   0.0007713081   0.0574484568   0.0012014007
       -0.0435634742   0.0023935507   0.0020394469  -0.0256441200   0.0003007489
        0.0002288608  -0.0000773454  -0.0038747759  -0.0030981708   0.0017287563
       -0.0005499143   0.0000751629  -0.0006980291   0.0002546526   0.0000550633
        0.0000915557
       -0.0006461235   0.0022211724  -0.0009332012   0.0056327774  -0.0060859615
       -0.0298733514   0.0006417833  -0.0425427258   0.0007439074  -0.0051454270
       -0.0012602165   0.0162869492   0.0007485212   0.0006363387  -0.0002454289
        0.0000256217  -0.0004550182   0.0000983019   0.0002244219  -0.0002413341
       -0.0001831280  -0.0000246502   0.0002971117  -0.0003063897   0.0001567066
       -0.0006447330   0.0006474493   0.0002242534  -0.0000006443  -0.0001562476
        0.0004779266  -0.0051766484  -0.0021490165   0.0012014007   0.0535407514
       -0.0002259000  -0.0001975423   0.0006390594   0.0152443607  -0.0001669922
        0.0001470008   0.0004432592  -0.0031159285  -0.0014507206   0.0007462045
       -0.0001493403   0.0003309659  -0.0002453033   0.0001125912   0.0000456019
        0.0001075343
       -0.0003486905   0.0013795001   0.0021722741   0.0020727972  -0.0043014378
       -0.0151056422   0.0376465228  -0.0004014174  -0.2623666697   0.0046785030
        0.0029950611  -0.0093980756  -0.0008984039  -0.0005578390   0.0014072334
        0.0004220267  -0.0002785333  -0.0006211185   0.0000302524  -0.0001101826
       -0.0002962186  -0.0001291224   0.0005740723   0.0000371474   0.0003165727
       -0.0007812136   0.0000914676   0.0000693955   0.0000064313  -0.0003526014
       -0.0001840981  -0.0024391606  -0.0003989768  -0.0435634742  -0.0002259000
        0.3046156787  -0.0013193265   0.0026509384  -0.0203999554  -0.0000396978
        0.0001155006  -0.0001296234   0.0014169268   0.0013976689   0.0001633448
        0.0002471047  -0.0000417043   0.0004576910  -0.0004172886   0.0000182158
        0.0001240447
        0.0011684959  -0.0000515601   0.0010065403  -0.0041125962   0.0047233986
       -0.0026438117  -0.1852328978   0.0808254562  -0.0744031827  -0.0235683669
        0.0058369619  -0.0102557831  -0.0040052693  -0.0027130826   0.0010727452
        0.0000450221  -0.0002142595   0.0001301552   0.0001119697  -0.0001513183
        0.0001224708   0.0001447521  -0.0001352483  -0.0001617525   0.0000826098
       -0.0000520434   0.0001142081   0.0012580420  -0.0012113269  -0.0000410759
       -0.0000672503   0.0000393965   0.0002020331   0.0023935507  -0.0001975423
       -0.0013193265   0.2125919249  -0.0873296135   0.0867248983   0.0000887092
        0.0001213485  -0.0004742330   0.0000024660   0.0003644495   0.0000706890
        0.0000496052  -0.0000680957   0.0004508241  -0.0009507670   0.0002130794
       -0.0005953987
        0.0019325061  -0.0062511351  -0.0015762158   0.0185085269  -0.0152082068
        0.0101820655   0.0799323038  -0.0861307700   0.0410418018  -0.0116593054
        0.0040903648  -0.0050568044  -0.0027561154  -0.0007114028   0.0006227418
       -0.0002069519  -0.0000824957  -0.0001813959  -0.0002421747  -0.0002418448
       -0.0000264294   0.0009865664  -0.0008872898   0.0007836219   0.0002112922
       -0.0000490653  -0.0005007121   0.0011562434  -0.0008439673   0.0009219219
        0.0001617108  -0.0002371841  -0.0002566829   0.0020394469   0.0006390594
        0.0026509384  -0.0873296135   0.1051560547  -0.0478195769  -0.0019897621
        0.0003654127  -0.0005216445  -0.0000497321   0.0002316018  -0.0001001608
       -0.0000519366  -0.0000281574   0.0001281820  -0.0006430045   0.0001890257
       -0.0002916507
        0.0008389822  -0.0019844286   0.0004757424   0.0058996873  -0.0041969206
        0.0034864675  -0.0731617755   0.0418157307  -0.0831003089   0.0039202870
       -0.0019966991   0.0028295276   0.0005724144   0.0003873165   0.0008875734
       -0.0000689937  -0.0000036702  -0.0005225725   0.0000009531  -0.0001165644
        0.0000632687   0.0000982462  -0.0002893781   0.0006422737  -0.0004289313
       -0.0000403093   0.0001002183   0.0005095875  -0.0001142469   0.0006285006
        0.0003959086  -0.0003841207  -0.0003558566  -0.0256441200   0.0152443607
       -0.0203999554   0.0867248983  -0.0478195769   0.0942725685  -0.0001698072
       -0.0004168182   0.0001754514   0.0005625291  -0.0002323048   0.0001057633
       -0.0000749351   0.0001303930   0.0001790047   0.0000250692   0.0000172370
        0.0005323332
        0.0002457605  -0.0000524412  -0.0000314692  -0.0030115322  -0.0032517721
        0.0009683861   0.0013703345  -0.0209338337  -0.0034343591  -0.0555490307
        0.0529142898   0.0087687672  -0.0102159961   0.0203672658   0.0004508585
       -0.0040281463   0.0035523375  -0.0016378505  -0.0003312264  -0.0002357744
        0.0000430647   0.0002552763  -0.0000591110  -0.0000118318   0.0001615023
       -0.0000169008  -0.0000834470  -0.0000044566  -0.0010469999  -0.0003026147
       -0.0001678275   0.0000642387   0.0002407445   0.0003007489  -0.0001669922
       -0.0000396978   0.0000887092  -0.0019897621  -0.0001698072   0.0721231982
       -0.0595152065  -0.0086614510  -0.0008176277   0.0087342076   0.0038771866
       -0.0000873037   0.0000678895  -0.0001566480  -0.0003323827   0.0015685650
        0.0001801688
        0.0001592777   0.0000781610   0.0001093441  -0.0032749230  -0.0020486274
        0.0009646247  -0.0001065652  -0.0199222994  -0.0033403978   0.0520049194
       -0.2452914962  -0.0322048252   0.0071741279  -0.0098684571   0.0000913514
        0.0012544198   0.0000203789   0.0009605458  -0.0002616202  -0.0000001792
       -0.0000271024   0.0000121095   0.0001772468   0.0001081006   0.0000164051
        0.0000245304  -0.0000755327  -0.0000174054  -0.0007929080  -0.0002507050
       -0.0000733823   0.0001577528   0.0003834342   0.0002288608   0.0001470008
        0.0001155006   0.0001213485   0.0003654127  -0.0004168182  -0.0595152065
        0.2822872450   0.0388902691   0.0031192305  -0.0067009610  -0.0049839514
       -0.0001079559   0.0000993008   0.0001108973  -0.0007336408   0.0012678993
       -0.0004347350
        0.0001642631  -0.0002087867  -0.0000965735   0.0007238646   0.0004613124
        0.0003578038  -0.0007663786   0.0062280241   0.0014746743   0.0087127709
       -0.0310997819  -0.0500094550  -0.0070245424   0.0139133423   0.0020135982
       -0.0017253754   0.0014835492  -0.0004962791  -0.0003014441   0.0001800702
        0.0001321613  -0.0000422067   0.0000778731   0.0003497118  -0.0000822396
        0.0002653724   0.0001797724  -0.0000189262   0.0001009434   0.0003254860
        0.0000936699  -0.0001853109   0.0001077412  -0.0000773454   0.0004432592
       -0.0001296234  -0.0004742330  -0.0005216445   0.0001754514  -0.0086614510
        0.0388902691   0.0549656445   0.0093819121  -0.0307005212  -0.0096171028
       -0.0000685309   0.0001519205  -0.0005811924   0.0001661928   0.0005201094
        0.0008481812
       -0.0005437634   0.0002010669  -0.0004998654   0.0011053700   0.0007489524
        0.0001660629  -0.0094130364  -0.0011296113   0.0239508894  -0.0552203262
        0.0042511884   0.0519403456   0.0021516325   0.0003156681  -0.0249514654
        0.0004180910  -0.0002388354  -0.0007170300   0.0003044895   0.0000361769
       -0.0000366445   0.0000704828   0.0000737266  -0.0000728669   0.0000529204
        0.0001187453  -0.0001516832  -0.0000140122   0.0002810082   0.0001488482
        0.0001520557  -0.0006633330  -0.0001941946  -0.0038747759  -0.0031159285
        0.0014169268   0.0000024660  -0.0000497321   0.0005625291  -0.0008176277
        0.0031192305   0.0093819121   0.0690264408  -0.0050278049  -0.0571715788
       -0.0034516563   0.0009201318  -0.0033111355   0.0000512494   0.0001593501
       -0.0004610498
        0.0001585611  -0.0003235585  -0.0001692775  -0.0002467740   0.0012549970
        0.0015703540  -0.0066057408  -0.0004961599   0.0164747471   0.0035783903
       -0.0454468570  -0.0181981086   0.0015343625  -0.0006352612   0.0081049227
        0.0001296509   0.0011699009   0.0011492607  -0.0002404391  -0.0002505311
        0.0003573746  -0.0001126944  -0.0001036179   0.0001846865  -0.0001079595
        0.0000894483   0.0000026568   0.0000612281   0.0001320475   0.0000041520
       -0.0002117455  -0.0007252839  -0.0003586929  -0.0030981708  -0.0014507206
        0.0013976689   0.0003644495   0.0002316018  -0.0002323048   0.0087342076
       -0.0067009610  -0.0307005212  -0.0050278049   0.0528422388   0.0189010039
        0.0011041861   0.0004192990   0.0016355226  -0.0000137071  -0.0000065822
       -0.0001234446
       -0.0000280254  -0.0001249798  -0.0000297167  -0.0009139334  -0.0004664505
        0.0007373308   0.0056204277   0.0012577624  -0.0090544246   0.0504783896
       -0.0154665867  -0.2543511062  -0.0006171683  -0.0001883083  -0.0219186986
        0.0000080487   0.0005392116   0.0010645689   0.0000742481   0.0001153452
       -0.0002878616   0.0000213499  -0.0000793975   0.0000435421   0.0000263505
       -0.0001301278   0.0000138665  -0.0001829892  -0.0003660234   0.0001776639
       -0.0000262173   0.0003485112   0.0003776728   0.0017287563   0.0007462045
        0.0001633448   0.0000706890  -0.0001001608   0.0001057633   0.0038771866
       -0.0049839514  -0.0096171028  -0.0571715788   0.0189010039   0.2949629530
       -0.0030851650   0.0002221540  -0.0019873935   0.0001196311  -0.0002242065
       -0.0004004022
        0.0005372872   0.0001301685   0.0003766976  -0.0002785233   0.0000321479
        0.0001144054   0.0016868351   0.0005092535  -0.0012153596   0.0029032987
        0.0041959554  -0.0227167583  -0.0537954400  -0.0131392958   0.0553978223
       -0.0056972679   0.0047157062   0.0119484962  -0.0004361624  -0.0001839074
        0.0000276622   0.0000171232  -0.0000050562   0.0000587164  -0.0000589625
       -0.0002061533   0.0000520805   0.0001021846  -0.0000570353  -0.0000941490
        0.0000267306   0.0001264188   0.0000228001  -0.0005499143  -0.0001493403
        0.0002471047   0.0000496052  -0.0000519366  -0.0000749351  -0.0000873037
       -0.0001079559  -0.0000685309  -0.0034516563   0.0011041861  -0.0030851650
        0.0648825843   0.0107262340  -0.0607453581  -0.0058504185  -0.0076393897
        0.0197544706
       -0.0001774449   0.0001752598   0.0003728812  -0.0000833848  -0.0002499937
       -0.0002742741  -0.0001864848   0.0004344801  -0.0008093870  -0.0006617199
       -0.0004628123   0.0066440403  -0.0129597017  -0.0465680565   0.0404051945
        0.0102000155  -0.0056677500  -0.0203247835   0.0009491070  -0.0005572785
       -0.0009675043   0.0001117408  -0.0001226619  -0.0001287169  -0.0003219739
       -0.0004148685   0.0000209604  -0.0000080122   0.0000429300  -0.0000414669
        0.0000269773  -0.0000800491  -0.0000279522   0.0000751629   0.0003309659
       -0.0000417043  -0.0000680957  -0.0000281574   0.0001303930   0.0000678895
        0.0000993008   0.0001519205   0.0009201318   0.0004192990   0.0002221540
        0.0107262340   0.0590885597  -0.0493767916  -0.0086104409  -0.0064391674
        0.0240450369
       -0.0004021987   0.0000312240  -0.0000409499  -0.0001160723   0.0000095087
       -0.0003538334   0.0012621024  -0.0003094177   0.0012747892   0.0000852764
        0.0051144563  -0.0197647077   0.0534819580   0.0452316489  -0.2580123245
        0.0065083259  -0.0055080481  -0.0084709541   0.0008025212  -0.0005417194
       -0.0002582661   0.0001059968   0.0000436229   0.0000738212  -0.0001214170
       -0.0002239537   0.0001861450  -0.0000037122   0.0000574335   0.0000877931
       -0.0000727857   0.0000768962   0.0000362472  -0.0006980291  -0.0002453033
        0.0004576910   0.0004508241   0.0001281820   0.0001790047  -0.0001566480
        0.0001108973  -0.0005811924  -0.0033111355   0.0016355226  -0.0019873935
       -0.0607453581  -0.0493767916   0.2909896657   0.0029303519   0.0037658414
       -0.0038155354
        0.0002513552   0.0000903013   0.0000820721  -0.0001861358   0.0001692678
        0.0000272268  -0.0033580942   0.0008168755  -0.0031595137  -0.0190595009
       -0.0147386777  -0.0012507668  -0.1364248741  -0.1185966689   0.0028820007
        0.0050504583   0.0149578137   0.0024949363  -0.0006816341   0.0001430376
        0.0002531083  -0.0000317818   0.0000996837   0.0000195817  -0.0000244697
        0.0001750050  -0.0001060478   0.0001937903  -0.0000862103  -0.0000449408
       -0.0000024371   0.0000142117   0.0000645937   0.0002546526   0.0001125912
       -0.0004172886  -0.0009507670  -0.0006430045   0.0000250692  -0.0003323827
       -0.0007336408   0.0001661928   0.0000512494  -0.0000137071   0.0001196311
       -0.0058504185  -0.0086104409   0.0029303519   0.1611009902   0.1268435627
       -0.0040862071
        0.0008648041   0.0004721213  -0.0000671188   0.0001386698   0.0000019785
       -0.0000724852   0.0006713667   0.0008878976   0.0003755390   0.0021622798
        0.0023946656   0.0005354083  -0.1222216520  -0.1787279027   0.0043090522
       -0.0027675588  -0.0274109870  -0.0056259382  -0.0000103753  -0.0007465398
       -0.0003033021  -0.0000127469   0.0000120683  -0.0000773506   0.0000254772
       -0.0000658083  -0.0000455979  -0.0000366118   0.0002407938   0.0000115710
       -0.0000138835   0.0000443203  -0.0000111608   0.0000550633   0.0000456019
        0.0000182158   0.0002130794   0.0001890257   0.0000172370   0.0015685650
        0.0012678993   0.0005201094   0.0001593501  -0.0000065822  -0.0002242065
       -0.0076393897  -0.0064391674   0.0037658414   0.1268435627   0.2078406152
       -0.0031258139
       -0.0000727955   0.0000997957  -0.0005219366   0.0000873962   0.0001151427
       -0.0002427306  -0.0023861806   0.0005938615  -0.0013644133  -0.0115717012
       -0.0110645432   0.0003212816   0.0004386496   0.0038597421  -0.0434144856
       -0.0015891366  -0.0132437740  -0.0002833111   0.0004545030  -0.0003649790
        0.0000302043   0.0000526816   0.0000126637   0.0000178613   0.0000601586
       -0.0000677358   0.0000510299  -0.0000930427  -0.0000368268   0.0002398318
       -0.0002640719  -0.0000802740   0.0001213708   0.0000915557   0.0001075343
        0.0001240447  -0.0005953987  -0.0002916507   0.0005323332   0.0001801688
       -0.0004347350   0.0008481812  -0.0004610498  -0.0001234446  -0.0004004022
        0.0197544706   0.0240450369  -0.0038155354  -0.0040862071  -0.0031258139
        0.0477566759
