           1           2  0.95122768128270896     
           2           3  0.99780794873171497     
           3           4   1.0063940599729544     
           4           5   1.4032413350625434     
           5           6   1.4596605145107515     
           6           7   1.3675313133326865     
           7           8   1.1073268782595953     
           8           9   1.7656969543320959     
           9          10   1.1071340287753317     
          10          11   1.3683487421310410     
          11          12   1.4587586001795143     
          12          13   1.4311859408778971     
          11          14  0.10388434271206171     
          13          14   1.4272449761474846     
          10          15   1.3659662037244253     
          12          15  0.10540779364707023     
          14          15   1.4630787717486728     
           5          16  0.10161758522859191     
           7          16   1.3624875827467737     
           4          17   1.3979932637651613     
           6          17  0.10207068053857012     
          16          17   1.4693836724916614     
           1          19  0.91866563829711689     
           1          20  0.91244546617355538     
           1          21  0.83859872867764185     
           2          22  0.96620849403157960     
           2          23  0.96559080405717412     
           3          24  0.97047563120439295     
           3          25  0.96134478005485957     
           5          26  0.96856519155130616     
           6          27  0.96854162377722020     
           8          28  0.95864103162433167     
           9          29  0.95888706165306203     
          11          30  0.96929123180884169     
          12          31  0.97060696611432262     
          13          32  0.97116692390543269     
          14          33  0.97065517837231130     
          15          34  0.96455631553144427     
          16          35  0.96350966875301824     
          17          36  0.96866769020689691     
