$hessian                                                                        
        0.4359604969   0.1179916484   0.1008098489  -0.0736004917   0.0114087726
       -0.0095335725   0.0005470972  -0.0297134698   0.0043420452   0.0010474864
        0.0016033610  -0.0003875442  -0.0144387292  -0.0013486917  -0.0007015306
       -0.3492491947  -0.1307758248  -0.0878356505  -0.0017990025   0.0293914658
       -0.0044494052   0.0029865713   0.0045845941  -0.0017238618   0.0007535836
        0.0006258090   0.0006383131  -0.0049904952  -0.0039671359  -0.0020038011
        0.0003782625   0.0000164678  -0.0003166712  -0.0000848404   0.0003049882
       -0.0001014221   0.0026786222   0.0008075009   0.0013016495   0.0000459761
       -0.0000982116   0.0007597782  -0.0002353425  -0.0008312740  -0.0007981756
        0.1179916484   0.4160176020  -0.0192099228   0.0333045381  -0.2111986433
        0.0353184976  -0.0085849272  -0.0256293696   0.0005669724   0.0014476693
        0.0011106549  -0.0001954613   0.0010014233   0.0025715919   0.0000050957
       -0.1565507496  -0.1062086445  -0.0342117592   0.0121865039  -0.0416903387
       -0.0007205364   0.0025946251  -0.0337679619   0.0201808701   0.0013157818
        0.0012171504   0.0001396970  -0.0036121867  -0.0012654195  -0.0017836379
        0.0002873349   0.0001433502  -0.0001031601   0.0001690620  -0.0004708099
        0.0002094450  -0.0006482439  -0.0011970573  -0.0001277358  -0.0002400818
        0.0001735317  -0.0003796847  -0.0006623976   0.0001943636   0.0003113204
        0.1008098489  -0.0192099228   0.0734836299  -0.0134800478   0.0292714539
       -0.0536595245   0.0009300695  -0.0094453040   0.0044390072   0.0002473728
       -0.0002658716  -0.0001949931  -0.0014953420  -0.0004360122   0.0025688448
       -0.0850734763  -0.0269014083  -0.0230232920   0.0013450188  -0.0119032518
        0.0058109647  -0.0037927387   0.0389968392  -0.0079218110   0.0011428152
        0.0007665160   0.0008131573  -0.0018717319  -0.0014545252  -0.0005186138
        0.0001573637   0.0000601267   0.0001112504  -0.0003070204  -0.0002293109
        0.0004230242   0.0011553597   0.0003801099  -0.0029025149   0.0006216882
        0.0004578006   0.0002576159  -0.0003891798  -0.0000872395   0.0003132551
       -0.0736004917   0.0333045381  -0.0134800478   0.4925940218  -0.0119508741
       -0.0062793807  -0.1536595331  -0.0411677928  -0.0408576327  -0.0332421967
       -0.0079530452  -0.0042165825   0.0007679798  -0.0022559223  -0.0000476855
        0.0037232598  -0.0264176423   0.0064428036  -0.1817629658   0.0542264911
        0.0822400063  -0.0476683316   0.0032305271  -0.0192162892  -0.0057545563
       -0.0028521255  -0.0057564322   0.0006310154  -0.0010561780  -0.0002285850
       -0.0044455761   0.0017667860   0.0019081782   0.0012940349  -0.0005031284
       -0.0005363151   0.0015387597   0.0016621696  -0.0002332704  -0.0004765683
        0.0001281340   0.0000459722   0.0000611483  -0.0001619374   0.0002152608
        0.0114087726  -0.2111986433   0.0292714539  -0.0119508741   0.4190534152
        0.0076634423  -0.0442545875  -0.0824649666  -0.0197449723   0.0055920730
        0.0037340233   0.0040866171  -0.0018032520  -0.0004576688   0.0001651114
       -0.0025876201  -0.0178071413   0.0007931830   0.0560887399  -0.0583968694
       -0.0336970598   0.0027680644  -0.0364590300   0.0213010260   0.0014859043
        0.0016243234   0.0003177166  -0.0216086299  -0.0155116083  -0.0092456918
        0.0020830307   0.0002131825  -0.0009596268  -0.0001224735   0.0006746062
        0.0002669342   0.0024816502  -0.0021645846  -0.0001881504   0.0002939264
       -0.0004405122   0.0002425007   0.0001252756  -0.0003985261  -0.0002724842
       -0.0095335725   0.0353184976  -0.0536595245  -0.0062793807   0.0076634423
        0.4956039064  -0.0396746046  -0.0185927675  -0.0859028951   0.0094856906
        0.0057522268   0.0039244109   0.0005521197   0.0000000256  -0.0004229282
        0.0030396677  -0.0068047705  -0.0025952931   0.0809807969  -0.0333794801
       -0.0959920632  -0.0186788340   0.0218663003  -0.2474226314  -0.0266537935
       -0.0134884017  -0.0152755774   0.0034739735   0.0022017452   0.0017104580
        0.0030888658  -0.0010535077  -0.0006974224   0.0014443150   0.0003805896
        0.0008369030  -0.0008628741   0.0002291719   0.0007640982  -0.0002648323
       -0.0001680138  -0.0006568457  -0.0001175375   0.0000749420  -0.0002145956
        0.0005470972  -0.0085849272   0.0009300695  -0.1536595331  -0.0442545875
       -0.0396746046   0.4504962723  -0.0037539963   0.0031598178  -0.1516091182
        0.0349108464   0.0484780915  -0.0063212047   0.0105938122   0.0021304300
        0.0008654713   0.0005532529   0.0000962135  -0.0242169572  -0.0089263183
       -0.0077869349  -0.0061134013  -0.0034529322  -0.0048935111  -0.0429278256
        0.0013689118  -0.0122043785  -0.0435622771   0.0133190549  -0.0024796470
       -0.0235374548   0.0068588108   0.0105163133  -0.0008858994   0.0010078323
        0.0034299327  -0.0001538968  -0.0003483452  -0.0003743773   0.0004663470
       -0.0001629230  -0.0004714010   0.0006123806   0.0008715084  -0.0008560141
       -0.0297134698  -0.0256293696  -0.0094453040  -0.0411677928  -0.0824649666
       -0.0185927675  -0.0037539963   0.5176742503  -0.0138176590   0.0326436274
       -0.0747443974  -0.0204362542   0.0281776870  -0.0216645516  -0.0118719937
       -0.0000660009  -0.0057691182   0.0001415211   0.0065317587   0.0037071094
        0.0026304632   0.0008503220   0.0010674425  -0.0011936451   0.0016110928
       -0.0489569331   0.0321862171   0.0125641422  -0.2633613013   0.0351626170
       -0.0102847475   0.0046041523   0.0056795200   0.0015314295   0.0002322121
       -0.0027470822   0.0001927379   0.0005066243   0.0003555347  -0.0003587235
        0.0003394851  -0.0003507959   0.0012419336  -0.0055406382   0.0022996285
        0.0043420452   0.0005669724   0.0044390072  -0.0408576327  -0.0197449723
       -0.0859028951   0.0031598178  -0.0138176590   0.5118897616   0.0494313966
       -0.0208664612  -0.0968844745  -0.0051024146   0.0012290692   0.0046436834
       -0.0000164363   0.0011505574   0.0001254381   0.0112672848   0.0043947881
        0.0042344473  -0.0267098075  -0.0124935281  -0.0153889619  -0.0122487803
        0.0337766331  -0.2648737467  -0.0022813942   0.0346084161  -0.0496285343
       -0.0050638184   0.0018184424   0.0033538788   0.0250029999  -0.0116640776
       -0.0177537612   0.0000007768  -0.0004742875   0.0004474405  -0.0007559483
        0.0001657398   0.0011548340  -0.0001680886   0.0013503671   0.0001438828
        0.0010474864   0.0014476693   0.0002473728  -0.0332421967   0.0055920730
        0.0094856906  -0.1516091182   0.0326436274   0.0494313966   0.4984258941
        0.0451103337   0.0110504399  -0.0718633040   0.0100965931  -0.0040667391
        0.0006089455   0.0004777951  -0.0001863331  -0.0050812875  -0.0024532418
       -0.0019389471   0.0012361491   0.0006614367   0.0009203933  -0.0024148393
        0.0017837594   0.0042645054  -0.0026065596   0.0027828178   0.0016945791
       -0.1879406232  -0.0984948557  -0.0441711519  -0.0471389318  -0.0033025208
       -0.0256754700   0.0048164701  -0.0197987404   0.0062096323  -0.0008375385
        0.0059386574  -0.0023568035  -0.0034005465   0.0175145956  -0.0049085652
        0.0016033610   0.0011106549  -0.0002658716  -0.0079530452   0.0037340233
        0.0057522268   0.0349108464  -0.0747443974  -0.0208664612   0.0451103337
        0.4332866023   0.0080954476   0.0117545771  -0.1666471330   0.0320219474
        0.0005142179  -0.0001916004  -0.0002618960  -0.0032066733  -0.0002645710
       -0.0006734683  -0.0001190691   0.0004160236   0.0005286588  -0.0015968001
        0.0003103204   0.0004426971   0.0203405144  -0.0127915283  -0.0112463217
       -0.1034855401  -0.1085124990  -0.0321196567  -0.0017137897  -0.0413239243
        0.0072515352  -0.0023527087  -0.0201896491   0.0038570672   0.0016685867
       -0.0031522659   0.0061981605   0.0045251889  -0.0110400560   0.0012859348
       -0.0003875442  -0.0001954613  -0.0001949931  -0.0042165825   0.0040866171
        0.0039244109   0.0484780915  -0.0204362542  -0.0968844745   0.0110504399
        0.0080954476   0.5243151153  -0.0054692250   0.0326659337  -0.0835114990
        0.0000141989   0.0001741882  -0.0003956812  -0.0021135852  -0.0007646009
        0.0000460998  -0.0013410792   0.0002540496   0.0009843763   0.0268902176
       -0.0115145159  -0.0189461675  -0.0035887091   0.0019301182   0.0017914223
       -0.0431266490  -0.0287448629  -0.0597927891  -0.0246339703   0.0008801449
       -0.2690031744   0.0021312908  -0.0011073128   0.0020676926  -0.0047514558
        0.0260751735  -0.0088290363   0.0010645616  -0.0113986647   0.0044286980
       -0.0144387292   0.0010014233  -0.0014953420   0.0007679798  -0.0018032520
        0.0005521197  -0.0063212047   0.0281776870  -0.0051024146  -0.0718633040
        0.0117545771  -0.0054692250   0.6129398645   0.0076365237  -0.0136060595
       -0.0014572270   0.0016755876   0.0006439461   0.0001067318   0.0006224347
        0.0000458111  -0.0001249645   0.0003093138  -0.0002162694   0.0008099936
       -0.0005541577  -0.0010771009  -0.0044847398   0.0026895722   0.0020387998
        0.0035135708  -0.0229469737   0.0069071042  -0.0007849147   0.0064834527
       -0.0030763984  -0.2478240949  -0.1303840163  -0.0318040154  -0.0612365725
        0.0023916979  -0.0739670833  -0.2096023892   0.0929461298   0.1256261275
       -0.0013486917   0.0025715919  -0.0004360122  -0.0022559223  -0.0004576688
        0.0000000256   0.0105938122  -0.0216645516   0.0012290692   0.0100965931
       -0.1666471330   0.0326659337   0.0076365237   0.4806172965   0.0359348524
        0.0002573680   0.0003741479   0.0002897691   0.0000921877   0.0000827728
        0.0000883597  -0.0000676561  -0.0000386030  -0.0001366406  -0.0010656028
        0.0009504623   0.0006448520   0.0044346710  -0.0009853988  -0.0017540951
        0.0007723635  -0.0300046245   0.0080055654   0.0030184769  -0.0096866178
        0.0059828148  -0.1301511729  -0.1208474849  -0.0202351020   0.0033558565
       -0.0420004720   0.0077353484   0.0946311931  -0.0922637169  -0.0700147406
       -0.0007015306   0.0000050957   0.0025688448  -0.0000476855   0.0001651114
       -0.0004229282   0.0021304300  -0.0118719937   0.0046436834  -0.0040667391
        0.0320219474  -0.0835114990  -0.0136060595   0.0359348524   0.6075741644
        0.0000755323   0.0000260231  -0.0004089093  -0.0001594818   0.0000590261
        0.0000688201   0.0002650427   0.0000892005   0.0002216914  -0.0002630453
       -0.0009972290   0.0014823047   0.0025077278  -0.0017816814  -0.0002780128
        0.0008643587  -0.0036609187   0.0022753175  -0.0053742497   0.0329928838
       -0.0123365572  -0.0317849723  -0.0204994060  -0.0483226957  -0.0758190061
        0.0057903554  -0.3382302021   0.1259796783  -0.0682732670  -0.1353240221
       -0.3492491947  -0.1565507496  -0.0850734763   0.0037232598  -0.0025876201
        0.0030396677   0.0008654713  -0.0000660009  -0.0000164363   0.0006089455
        0.0005142179   0.0000141989  -0.0014572270   0.0002573680   0.0000755323
        0.3429295901   0.1602721085   0.0820393322   0.0019780089   0.0007860236
        0.0001646822   0.0002808100  -0.0002772283  -0.0003895064   0.0001540012
       -0.0000164104   0.0005595536   0.0002520247   0.0002323278   0.0000344883
        0.0002233573  -0.0001960411   0.0001006902   0.0000094374  -0.0000667367
       -0.0001095762   0.0000445358  -0.0015265624  -0.0005380203   0.0000094882
       -0.0003438412   0.0002420267  -0.0003725086  -0.0004308550  -0.0001431564
       -0.1307758248  -0.1062086445  -0.0269014083  -0.0264176423  -0.0178071413
       -0.0068047705   0.0005532529  -0.0057691182   0.0011505574   0.0004777951
       -0.0001916004   0.0001741882   0.0016755876   0.0003741479   0.0000260231
        0.1602721085   0.1295985022   0.0333176102  -0.0014756259   0.0001371153
       -0.0002376699  -0.0008473704  -0.0002994746  -0.0006220059   0.0001653966
       -0.0000103719   0.0003731608  -0.0014297117  -0.0005751813  -0.0004464844
        0.0000696190   0.0001509055   0.0001025488  -0.0001277463   0.0000374601
       -0.0000538346  -0.0023890743   0.0006665898   0.0000044434  -0.0000015513
       -0.0000635228   0.0000143620   0.0002507873  -0.0000396659  -0.0000967202
       -0.0878356505  -0.0342117592  -0.0230232920   0.0064428036   0.0007931830
       -0.0025952931   0.0000962135   0.0001415211   0.0001254381  -0.0001863331
       -0.0002618960  -0.0003956812   0.0006439461   0.0002897691  -0.0004089093
        0.0820393322   0.0333176102   0.0232332545  -0.0013400678  -0.0004745401
        0.0008922556   0.0009149196   0.0010735072   0.0007666138  -0.0002237631
       -0.0002714493   0.0001257821  -0.0001335816  -0.0000750995   0.0005838062
        0.0000355006   0.0000879930   0.0002641746   0.0002661075   0.0002705886
        0.0000337552  -0.0008601551  -0.0004325505   0.0005833480  -0.0000319288
       -0.0001332852  -0.0000823945   0.0001726567  -0.0001135925  -0.0001028580
       -0.0017990025   0.0121865039   0.0013450188  -0.1817629658   0.0560887399
        0.0809807969  -0.0242169572   0.0065317587   0.0112672848  -0.0050812875
       -0.0032066733  -0.0021135852   0.0001067318   0.0000921877  -0.0001594818
        0.0019780089  -0.0014756259  -0.0013400678   0.2107647219  -0.0708638792
       -0.0937723758   0.0000293021   0.0001486458   0.0025677306   0.0005050416
        0.0006577014   0.0003283820   0.0001945077   0.0000336562   0.0003551248
       -0.0014472755   0.0004514085   0.0006023560   0.0002954189  -0.0001253286
       -0.0004402391   0.0002883145  -0.0001572068   0.0002140716  -0.0000007012
       -0.0001199665   0.0001936606   0.0001461424  -0.0002419218  -0.0000286764
        0.0293914658  -0.0416903387  -0.0119032518   0.0542264911  -0.0583968694
       -0.0333794801  -0.0089263183   0.0037071094   0.0043947881  -0.0024532418
       -0.0002645710  -0.0007646009   0.0006224347   0.0000827728   0.0000590261
        0.0007860236   0.0001371153  -0.0004745401  -0.0708638792   0.0927437648
        0.0418285367  -0.0010386474   0.0028176335  -0.0001971465   0.0002665771
        0.0001973751   0.0002783846  -0.0006329726   0.0002363485   0.0001445628
       -0.0005463896   0.0003230991   0.0001840855  -0.0000710728   0.0000120952
       -0.0001406201  -0.0009047710   0.0000580250  -0.0000169217   0.0000075318
        0.0000216723  -0.0000227542   0.0001367684   0.0000147681   0.0000099314
       -0.0044494052  -0.0007205364   0.0058109647   0.0822400063  -0.0336970598
       -0.0959920632  -0.0077869349   0.0026304632   0.0042344473  -0.0019389471
       -0.0006734683   0.0000460998   0.0000458111   0.0000883597   0.0000688201
        0.0001646822  -0.0002376699   0.0008922556  -0.0937723758   0.0418285367
        0.1059307998   0.0268875097  -0.0098729723  -0.0226015139  -0.0007807077
       -0.0000499872   0.0006060176   0.0001667141   0.0002596061   0.0001812994
       -0.0003393474   0.0001021749   0.0006282292  -0.0000150309   0.0000313461
        0.0002225259  -0.0002102171   0.0002252202  -0.0000404453  -0.0000547563
       -0.0000862233  -0.0000281728  -0.0001570010   0.0001722104   0.0000407357
        0.0029865713   0.0025946251  -0.0037927387  -0.0476683316   0.0027680644
       -0.0186788340  -0.0061134013   0.0008503220  -0.0267098075   0.0012361491
       -0.0001190691  -0.0013410792  -0.0001249645  -0.0000676561   0.0002650427
        0.0002808100  -0.0008473704   0.0009149196   0.0000293021  -0.0010386474
        0.0268875097   0.0535090821  -0.0022904249   0.0247466989  -0.0043894240
       -0.0023160777  -0.0028157854   0.0006301659   0.0004077751   0.0000992990
        0.0001845920  -0.0000944991   0.0001031634  -0.0005007288   0.0000539552
        0.0004040977   0.0000790477   0.0003182792  -0.0002153787  -0.0000365349
       -0.0001374941   0.0001292891  -0.0001023349  -0.0000817823   0.0000036033
        0.0045845941  -0.0337679619   0.0389968392   0.0032305271  -0.0364590300
        0.0218663003  -0.0034529322   0.0010674425  -0.0124935281   0.0006614367
        0.0004160236   0.0002540496   0.0003093138  -0.0000386030   0.0000892005
       -0.0002772283  -0.0002994746   0.0010735072   0.0001486458   0.0028176335
       -0.0098729723  -0.0022904249   0.0666453747  -0.0383544055  -0.0026570678
       -0.0004701651  -0.0011937215  -0.0001772425   0.0003008364  -0.0005766812
        0.0000278608  -0.0000517140  -0.0000966357   0.0000608063   0.0001199967
        0.0000228198  -0.0001671652  -0.0001056940   0.0002643621  -0.0000163811
       -0.0001537622  -0.0000580435   0.0000152577  -0.0000209025   0.0000789091
       -0.0017238618   0.0201808701  -0.0079218110  -0.0192162892   0.0213010260
       -0.2474226314  -0.0048935111  -0.0011936451  -0.0153889619   0.0009203933
        0.0005286588   0.0009843763  -0.0002162694  -0.0001366406   0.0002216914
       -0.0003895064  -0.0006220059   0.0007666138   0.0025677306  -0.0001971465
       -0.0226015139   0.0247466989  -0.0383544055   0.2914336443  -0.0027620785
       -0.0015965513  -0.0005357984   0.0002261894   0.0000264995   0.0002685233
        0.0003700035  -0.0001120945   0.0001766183  -0.0003755482   0.0002754072
        0.0003743266   0.0004388005   0.0000377834  -0.0003058089   0.0002565803
       -0.0001585415   0.0000331764   0.0000506679   0.0000207858  -0.0000824449
        0.0007535836   0.0013157818   0.0011428152  -0.0057545563   0.0014859043
       -0.0266537935  -0.0429278256   0.0016110928  -0.0122487803  -0.0024148393
       -0.0015968001   0.0268902176   0.0008099936  -0.0010656028  -0.0002630453
        0.0001540012   0.0001653966  -0.0002237631   0.0005050416   0.0002665771
       -0.0007807077  -0.0043894240  -0.0026570678  -0.0027620785   0.0551569020
       -0.0031774050   0.0140053000   0.0014896817   0.0007190422  -0.0022506864
        0.0002972858   0.0000161921   0.0004388199  -0.0038093764   0.0023861197
        0.0026825825   0.0001381052   0.0000937724   0.0000755820  -0.0001401537
        0.0006260272  -0.0000849865   0.0001315806  -0.0001890304   0.0000325242
        0.0006258090   0.0012171504   0.0007665160  -0.0028521255   0.0016243234
       -0.0134884017   0.0013689118  -0.0489569331   0.0337766331   0.0017837594
        0.0003103204  -0.0115145159  -0.0005541577   0.0009504623  -0.0009972290
       -0.0000164104  -0.0000103719  -0.0002714493   0.0006577014   0.0001973751
       -0.0000499872  -0.0023160777  -0.0004701651  -0.0015965513  -0.0031774050
        0.0542916067  -0.0372096420   0.0021478336  -0.0085645134   0.0321454139
       -0.0002868432   0.0001120656   0.0003578770   0.0018794367  -0.0001826966
       -0.0015150179   0.0000324120  -0.0003708010  -0.0003580497   0.0006156468
       -0.0000505481   0.0000466996   0.0000915087  -0.0000972745  -0.0000922957
        0.0006383131   0.0001396970   0.0008131573  -0.0057564322   0.0003177166
       -0.0152755774  -0.0122043785   0.0321862171  -0.2648737467   0.0042645054
        0.0004426971  -0.0189461675  -0.0010771009   0.0006448520   0.0014823047
        0.0005595536   0.0003731608   0.0001257821   0.0003283820   0.0002783846
        0.0006060176  -0.0028157854  -0.0011937215  -0.0005357984   0.0140053000
       -0.0372096420   0.3076268993  -0.0007994181   0.0052591541  -0.0097813232
       -0.0002374837   0.0002080571   0.0000406527   0.0029934736  -0.0011405102
       -0.0012251590   0.0000994648  -0.0002359578  -0.0003794340   0.0004596887
       -0.0004717261   0.0001457054  -0.0004580824   0.0004016211   0.0001766869
       -0.0049904952  -0.0036121867  -0.0018717319   0.0006310154  -0.0216086299
        0.0034739735  -0.0435622771   0.0125641422  -0.0022813942  -0.0026065596
        0.0203405144  -0.0035887091  -0.0044847398   0.0044346710   0.0025077278
        0.0002520247  -0.0014297117  -0.0001335816   0.0001945077  -0.0006329726
        0.0001667141   0.0006301659  -0.0001772425   0.0002261894   0.0014896817
        0.0021478336  -0.0007994181   0.0522857724  -0.0148902028   0.0025584603
        0.0000491067   0.0013188674  -0.0002520834   0.0001622355   0.0001941966
       -0.0000322928  -0.0000901208  -0.0000204185   0.0000483570   0.0000710322
        0.0000757791   0.0003359402  -0.0000313497   0.0012953604  -0.0003581514
       -0.0039671359  -0.0012654195  -0.0014545252  -0.0010561780  -0.0155116083
        0.0022017452   0.0133190549  -0.2633613013   0.0346084161   0.0027828178
       -0.0127915283   0.0019301182   0.0026895722  -0.0009853988  -0.0017816814
        0.0002323278  -0.0005751813  -0.0000750995   0.0000336562   0.0002363485
        0.0002596061   0.0004077751   0.0003008364   0.0000264995   0.0007190422
       -0.0085645134   0.0052591541  -0.0148902028   0.3020132053  -0.0411913001
       -0.0000264066   0.0004634217   0.0003862461  -0.0001601619   0.0000499011
       -0.0000540079   0.0001961093   0.0004282891  -0.0000504563  -0.0001733937
        0.0000262910  -0.0003563066  -0.0001068766  -0.0004633421   0.0002915916
       -0.0020038011  -0.0017836379  -0.0005186138  -0.0002285850  -0.0092456918
        0.0017104580  -0.0024796470   0.0351626170  -0.0496285343   0.0016945791
       -0.0112463217   0.0017914223   0.0020387998  -0.0017540951  -0.0002780128
        0.0000344883  -0.0004464844   0.0005838062   0.0003551248   0.0001445628
        0.0001812994   0.0000992990  -0.0005766812   0.0002685233  -0.0022506864
        0.0321454139  -0.0097813232   0.0025584603  -0.0411913001   0.0548544628
       -0.0003553339  -0.0001286927   0.0002607098   0.0000554710  -0.0005670781
       -0.0002336495   0.0001881012  -0.0000537951   0.0000774958   0.0002401618
       -0.0000097236   0.0001565202   0.0000535683  -0.0004490922   0.0005554356
        0.0003782625   0.0002873349   0.0001573637  -0.0044455761   0.0020830307
        0.0030888658  -0.0235374548  -0.0102847475  -0.0050638184  -0.1879406232
       -0.1034855401  -0.0431266490   0.0035135708   0.0007723635   0.0008643587
        0.0002233573   0.0000696190   0.0000355006  -0.0014472755  -0.0005463896
       -0.0003393474   0.0001845920   0.0000278608   0.0003700035   0.0002972858
       -0.0002868432  -0.0002374837   0.0000491067  -0.0000264066  -0.0003553339
        0.2152860984   0.1137524084   0.0499249467  -0.0045806133  -0.0039997156
       -0.0048407050   0.0010610874   0.0009378018  -0.0002609648   0.0005825358
        0.0002911493  -0.0001489284   0.0003756463   0.0004080744  -0.0000678084
        0.0000164678   0.0001433502   0.0000601267   0.0017667860   0.0002131825
       -0.0010535077   0.0068588108   0.0046041523   0.0018184424  -0.0984948557
       -0.1085124990  -0.0287448629  -0.0229469737  -0.0300046245  -0.0036609187
       -0.0001960411   0.0001509055   0.0000879930   0.0004514085   0.0003230991
        0.0001021749  -0.0000944991  -0.0000517140  -0.0001120945   0.0000161921
        0.0001120656   0.0002080571   0.0013188674   0.0004634217  -0.0001286927
        0.1137524084   0.1377156869   0.0329111879  -0.0030680786   0.0006316788
       -0.0028651290   0.0021843456  -0.0054316686   0.0017692880  -0.0007635545
        0.0003143191  -0.0006314580  -0.0008012837  -0.0006713554   0.0002393935
       -0.0003166712  -0.0001031601   0.0001112504   0.0019081782  -0.0009596268
       -0.0006974224   0.0105163133   0.0056795200   0.0033538788  -0.0441711519
       -0.0321196567  -0.0597927891   0.0069071042   0.0080055654   0.0022753175
        0.0001006902   0.0001025488   0.0002641746   0.0006023560   0.0001840855
        0.0006282292   0.0001031634  -0.0000966357   0.0001766183   0.0004388199
        0.0003578770   0.0000406527  -0.0002520834   0.0003862461   0.0002607098
        0.0499249467   0.0329111879   0.0649121942  -0.0261269803  -0.0171005601
       -0.0125435095  -0.0002723516   0.0021401781   0.0001492891   0.0008794487
        0.0009144111   0.0007730621  -0.0002417821  -0.0003019807   0.0000883443
       -0.0000848404   0.0001690620  -0.0003070204   0.0012940349  -0.0001224735
        0.0014443150  -0.0008858994   0.0015314295   0.0250029999  -0.0471389318
       -0.0017137897  -0.0246339703  -0.0007849147   0.0030184769  -0.0053742497
        0.0000094374  -0.0001277463   0.0002661075   0.0002954189  -0.0000710728
       -0.0000150309  -0.0005007288   0.0000608063  -0.0003755482  -0.0038093764
        0.0018794367   0.0029934736   0.0001622355  -0.0001601619   0.0000554710
       -0.0045806133  -0.0030680786  -0.0261269803   0.0547136874  -0.0032455534
        0.0280772079   0.0004688660  -0.0002502310   0.0001903349   0.0007424401
        0.0012467094  -0.0002746708   0.0000991845   0.0008531864  -0.0009224393
        0.0003049882  -0.0004708099  -0.0002293109  -0.0005031284   0.0006746062
        0.0003805896   0.0010078323   0.0002322121  -0.0116640776  -0.0033025208
       -0.0413239243   0.0008801449   0.0064834527  -0.0096866178   0.0329928838
       -0.0000667367   0.0000374601   0.0002705886  -0.0001253286   0.0000120952
        0.0000313461   0.0000539552   0.0001199967   0.0002754072   0.0023861197
       -0.0001826966  -0.0011405102   0.0001941966   0.0000499011  -0.0005670781
       -0.0039997156   0.0006316788  -0.0171005601  -0.0032455534   0.0552141740
       -0.0081763380   0.0000994487  -0.0001388089   0.0008299433   0.0006537472
       -0.0054945388   0.0019966736   0.0000592430   0.0003252722   0.0012202977
       -0.0001014221   0.0002094450   0.0004230242  -0.0005363151   0.0002669342
        0.0008369030   0.0034299327  -0.0027470822  -0.0177537612  -0.0256754700
        0.0072515352  -0.2690031744  -0.0030763984   0.0059828148  -0.0123365572
       -0.0001095762  -0.0000538346   0.0000337552  -0.0004402391  -0.0001406201
        0.0002225259   0.0004040977   0.0000228198   0.0003743266   0.0026825825
       -0.0015150179  -0.0012251590  -0.0000322928  -0.0000540079  -0.0002336495
       -0.0048407050  -0.0028651290  -0.0125435095   0.0280772079  -0.0081763380
        0.3104103004  -0.0002157650  -0.0000801892  -0.0001285240   0.0000661167
        0.0022617093   0.0005963107   0.0003682463  -0.0003630396   0.0003271887
        0.0026786222  -0.0006482439   0.0011553597   0.0015387597   0.0024816502
       -0.0008628741  -0.0001538968   0.0001927379   0.0000007768   0.0048164701
       -0.0023527087   0.0021312908  -0.2478240949  -0.1301511729  -0.0317849723
        0.0000445358  -0.0023890743  -0.0008601551   0.0002883145  -0.0009047710
       -0.0002102171   0.0000790477  -0.0001671652   0.0004388005   0.0001381052
        0.0000324120   0.0000994648  -0.0000901208   0.0001961093   0.0001881012
        0.0010610874   0.0021843456  -0.0002723516   0.0004688660   0.0000994487
       -0.0002157650   0.2663139898   0.1439738494   0.0367434869  -0.0072136868
       -0.0044679614  -0.0076519236  -0.0221459990  -0.0080794556   0.0011009782
        0.0008075009  -0.0011970573   0.0003801099   0.0016621696  -0.0021645846
        0.0002291719  -0.0003483452   0.0005066243  -0.0004742875  -0.0197987404
       -0.0201896491  -0.0011073128  -0.1303840163  -0.1208474849  -0.0204994060
       -0.0015265624   0.0006665898  -0.0004325505  -0.0001572068   0.0000580250
        0.0002252202   0.0003182792  -0.0001056940   0.0000377834   0.0000937724
       -0.0003708010  -0.0002359578  -0.0000204185   0.0004282891  -0.0000537951
        0.0009378018  -0.0054316686   0.0021401781  -0.0002502310  -0.0001388089
       -0.0000801892   0.1439738494   0.1383899733   0.0212584809  -0.0021862635
        0.0021931943  -0.0028799338   0.0068784108   0.0082030525   0.0014924884
        0.0013016495  -0.0001277358  -0.0029025149  -0.0002332704  -0.0001881504
        0.0007640982  -0.0003743773   0.0003555347   0.0004474405   0.0062096323
        0.0038570672   0.0020676926  -0.0318040154  -0.0202351020  -0.0483226957
       -0.0005380203   0.0000044434   0.0005833480   0.0002140716  -0.0000169217
       -0.0000404453  -0.0002153787   0.0002643621  -0.0003058089   0.0000755820
       -0.0003580497  -0.0003794340   0.0000483570  -0.0000504563   0.0000774958
       -0.0002609648   0.0017692880   0.0001492891   0.0001903349   0.0008299433
       -0.0001285240   0.0367434869   0.0212584809   0.0508593043  -0.0248371773
       -0.0144680540  -0.0059872656   0.0134800900   0.0071053504   0.0031180197
        0.0000459761  -0.0002400818   0.0006216882  -0.0004765683   0.0002939264
       -0.0002648323   0.0004663470  -0.0003587235  -0.0007559483  -0.0008375385
        0.0016685867  -0.0047514558  -0.0612365725   0.0033558565  -0.0758190061
        0.0000094882  -0.0000015513  -0.0000319288  -0.0000007012   0.0000075318
       -0.0000547563  -0.0000365349  -0.0000163811   0.0002565803  -0.0001401537
        0.0006156468   0.0004596887   0.0000710322  -0.0001733937   0.0002401618
        0.0005825358  -0.0007635545   0.0008794487   0.0007424401   0.0006537472
        0.0000661167  -0.0072136868  -0.0021862635  -0.0248371773   0.0619683452
       -0.0030439644   0.0835823372   0.0060555912   0.0001886185   0.0204090832
       -0.0000982116   0.0001735317   0.0004578006   0.0001281340  -0.0004405122
       -0.0001680138  -0.0001629230   0.0003394851   0.0001657398   0.0059386574
       -0.0031522659   0.0260751735   0.0023916979  -0.0420004720   0.0057903554
       -0.0003438412  -0.0000635228  -0.0001332852  -0.0001199665   0.0000216723
       -0.0000862233  -0.0001374941  -0.0001537622  -0.0001585415   0.0006260272
       -0.0000505481  -0.0004717261   0.0000757791   0.0000262910  -0.0000097236
        0.0002911493   0.0003143191   0.0009144111   0.0012467094  -0.0054945388
        0.0022617093  -0.0044679614   0.0021931943  -0.0144680540  -0.0030439644
        0.0459250217  -0.0086376946  -0.0023237921   0.0023621070  -0.0115319276
        0.0007597782  -0.0003796847   0.0002576159   0.0000459722   0.0002425007
       -0.0006568457  -0.0004714010  -0.0003507959   0.0011548340  -0.0023568035
        0.0061981605  -0.0088290363  -0.0739670833   0.0077353484  -0.3382302021
        0.0002420267   0.0000143620  -0.0000823945   0.0001936606  -0.0000227542
       -0.0000281728   0.0001292891  -0.0000580435   0.0000331764  -0.0000849865
        0.0000466996   0.0001457054   0.0003359402  -0.0003563066   0.0001565202
       -0.0001489284  -0.0006314580   0.0007730621  -0.0002746708   0.0019966736
        0.0005963107  -0.0076519236  -0.0028799338  -0.0059872656   0.0835823372
       -0.0086376946   0.3706484937  -0.0003332072  -0.0029170734  -0.0199518016
       -0.0002353425  -0.0006623976  -0.0003891798   0.0000611483   0.0001252756
       -0.0001175375   0.0006123806   0.0012419336  -0.0001680886  -0.0034005465
        0.0045251889   0.0010645616  -0.2096023892   0.0946311931   0.1259796783
       -0.0003725086   0.0002507873   0.0001726567   0.0001461424   0.0001367684
       -0.0001570010  -0.0001023349   0.0000152577   0.0000506679   0.0001315806
        0.0000915087  -0.0004580824  -0.0000313497  -0.0001068766   0.0000535683
        0.0003756463  -0.0008012837  -0.0002417821   0.0000991845   0.0000592430
        0.0003682463  -0.0221459990   0.0068784108   0.0134800900   0.0060555912
       -0.0023237921  -0.0003332072   0.2284087967  -0.1040612170  -0.1393045904
       -0.0008312740   0.0001943636  -0.0000872395  -0.0001619374  -0.0003985261
        0.0000749420   0.0008715084  -0.0055406382   0.0013503671   0.0175145956
       -0.0110400560  -0.0113986647   0.0929461298  -0.0922637169  -0.0682732670
       -0.0004308550  -0.0000396659  -0.0001135925  -0.0002419218   0.0000147681
        0.0001722104  -0.0000817823  -0.0000209025   0.0000207858  -0.0001890304
       -0.0000972745   0.0004016211   0.0012953604  -0.0004633421  -0.0004490922
        0.0004080744  -0.0006713554  -0.0003019807   0.0008531864   0.0003252722
       -0.0003630396  -0.0080794556   0.0082030525   0.0071053504   0.0001886185
        0.0023621070  -0.0029170734  -0.1040612170   0.0994359142   0.0747786729
       -0.0007981756   0.0003113204   0.0003132551   0.0002152608  -0.0002724842
       -0.0002145956  -0.0008560141   0.0022996285   0.0001438828  -0.0049085652
        0.0012859348   0.0044286980   0.1256261275  -0.0700147406  -0.1353240221
       -0.0001431564  -0.0000967202  -0.0001028580  -0.0000286764   0.0000099314
        0.0000407357   0.0000036033   0.0000789091  -0.0000824449   0.0000325242
       -0.0000922957   0.0001766869  -0.0003581514   0.0002915916   0.0005554356
       -0.0000678084   0.0002393935   0.0000883443  -0.0009224393   0.0012202977
        0.0003271887   0.0011009782   0.0014924884   0.0031180197   0.0204090832
       -0.0115319276  -0.0199518016  -0.1393045904   0.0747786729   0.1464834755
