           1           2  0.96333642137542463     
           2           3   1.0007191108172000     
           3           4   1.0128680724774421     
           4           5   1.4091174015467998     
           5           6   1.4472902954785463     
           4           7  0.10087719658132834     
           6           7   1.3912172003038585     
           7           8  0.93499150788982666     
           5           9  0.10718892907225069     
           7           9   1.3887461652100563     
           4          10   1.4050172079501901     
           6          10  0.10931957510442809     
           9          10   1.4529550535838889     
           1          11  0.88573758918117973     
           1          12  0.89596721405610591     
           1          13  0.88891340891359927     
           2          14  0.96496677697492927     
           2          15  0.96344702076228661     
           3          16  0.95428489202770650     
           3          17  0.96621741117180182     
           5          18  0.96369838061582080     
           6          19  0.96770442053574712     
           9          20  0.96805655835910343     
          10          21  0.96519797860015377     
