$hessian                                                                        
        0.5113443866   0.0458209111   0.0012008083  -0.1246451318   0.0532933497
        0.0044245823  -0.0355056685   0.0185183728  -0.0000495793   0.0003695372
        0.0019134750  -0.0017072497  -0.0004395432  -0.0000037291  -0.0000677653
       -0.0138476546  -0.0075300279  -0.0030803039  -0.2292767741  -0.0964707526
       -0.0401939358  -0.0465944384   0.0063490918   0.0121090759  -0.0493019446
       -0.0270682619   0.0267963614  -0.0011614732   0.0025056902  -0.0015230847
       -0.0058383744   0.0060565848   0.0024544116   0.0021046956   0.0005318520
        0.0009821172  -0.0070335106  -0.0036414800  -0.0013215518  -0.0000840861
       -0.0000078085  -0.0001214475   0.0000790129  -0.0000459619   0.0001040881
       -0.0001690328  -0.0002213055  -0.0000065268
        0.0458209111   0.5233275197  -0.0097209424   0.0537777746  -0.1220632866
       -0.0026413731  -0.0013389813   0.0079626972   0.0002902274  -0.0012918896
       -0.0016994523   0.0006155839  -0.0023234589   0.0007817486  -0.0007733583
       -0.0058537868  -0.0020400298  -0.0013081454  -0.0988388708  -0.0878599962
       -0.0210997632   0.0054253080  -0.0955384623  -0.1014408642  -0.0274374634
       -0.1920430830   0.1372349100   0.0209985071  -0.0204954534   0.0011190526
        0.0139936985  -0.0129960165  -0.0028840659  -0.0009089439   0.0010490854
        0.0006211575  -0.0017797975   0.0009466263  -0.0001839056   0.0000183827
        0.0000803716   0.0001406318  -0.0000484441   0.0003746166   0.0002253304
       -0.0002129457   0.0002131148  -0.0001944754
        0.0012008083  -0.0097209424   0.5730578328   0.0042740830  -0.0028773121
       -0.0742886269  -0.0053486511   0.0030900962   0.0012826136   0.0011753666
        0.0012309516   0.0001964731   0.0009874903  -0.0004841108   0.0001843558
       -0.0027558222  -0.0014548199   0.0002418716  -0.0412472366  -0.0209937631
       -0.0486428748   0.0087361383  -0.1051303829  -0.2731484495   0.0291769272
        0.1412477842  -0.1793702436  -0.0154073091   0.0148950128   0.0003618008
        0.0214757964  -0.0202298007  -0.0023334073  -0.0006025202   0.0009012299
        0.0009404570  -0.0015450881  -0.0005606287   0.0003754421  -0.0000093903
        0.0001028962   0.0003266559  -0.0001748709  -0.0000126971   0.0003743352
        0.0000642784  -0.0000035133   0.0004417642
       -0.1246451318   0.0537777746   0.0042740830   0.4121858735   0.0283561499
       -0.0096917460  -0.1472084776  -0.0501005451  -0.0276904313  -0.0111565444
       -0.0172293426   0.0078061536  -0.0023577685   0.0030036488   0.0000135217
        0.0009481546   0.0007563761   0.0001377068  -0.0176791115   0.0114861064
       -0.0001558747  -0.0017422083   0.0033813356   0.0043983391   0.0038133228
        0.0022304387  -0.0036386156  -0.0471043971  -0.0290664208   0.0263727533
       -0.0400864426   0.0006659775   0.0070176775  -0.0047090724  -0.0024943241
       -0.0040568385  -0.0210119501  -0.0054806488  -0.0053601178   0.0004908902
        0.0002201144   0.0003031290  -0.0004692880   0.0001713433   0.0000418000
        0.0007321513   0.0003220162   0.0002284599
        0.0532933497  -0.1220632866  -0.0028773121   0.0283561499   0.4986021391
       -0.0020338935  -0.0544169325  -0.0874104888  -0.0171849767  -0.0203141294
       -0.0168915752   0.0009596953  -0.0004330374   0.0004598428   0.0024093542
       -0.0018636261  -0.0013826403  -0.0004756645  -0.0008256606   0.0092925944
        0.0017414377   0.0102135463  -0.0108056860  -0.0046962299   0.0156042840
       -0.0179376702   0.0021300677  -0.0331395618  -0.1645486949   0.1101601637
        0.0001427841  -0.0843271568  -0.0872977356  -0.0144482309  -0.0083020323
       -0.0067814370   0.0163358903   0.0060548634   0.0035177964   0.0000027668
       -0.0000456540  -0.0000495349  -0.0008441524  -0.0004534966  -0.0005103955
        0.0023365599  -0.0002410580   0.0009886647
        0.0044245823  -0.0026413731  -0.0742886269  -0.0096917460  -0.0020338935
        0.5319377311  -0.0195332652  -0.0128161940  -0.0709606670   0.0165199030
        0.0094942228   0.0043315526   0.0005800213   0.0006085882  -0.0009064663
       -0.0000849536  -0.0001114024  -0.0003850939  -0.0023959534   0.0029018009
        0.0008861166   0.0192046177  -0.0175689164  -0.0008077957  -0.0141937419
        0.0125010008   0.0015358978   0.0304299204   0.1068327348  -0.1457650698
        0.0015866758  -0.0832852370  -0.2353801295  -0.0252785249  -0.0141778376
       -0.0087611883  -0.0004259287  -0.0001507597   0.0001352100  -0.0001051718
        0.0003649232  -0.0004318132   0.0005436285   0.0000772162  -0.0001446453
       -0.0015800635   0.0000051271  -0.0009950123
       -0.0355056685  -0.0013389813  -0.0053486511  -0.1472084776  -0.0544169325
       -0.0195332652   0.4560965635  -0.0315443096  -0.0037828856  -0.0680058924
       -0.0183952239   0.0269688681   0.0036916254  -0.0005994895  -0.0033804402
       -0.0006531201  -0.0004442358   0.0002106352  -0.0007809225   0.0040053083
        0.0010279430   0.0011692213  -0.0004094186  -0.0004485655   0.0000703730
       -0.0011148126   0.0011029900  -0.0097845940  -0.0070959797  -0.0005952253
       -0.0038031009  -0.0032253341  -0.0039551238  -0.0432661828   0.0047034374
        0.0053515818  -0.1569294686   0.1138072710  -0.0069609082  -0.0016081062
       -0.0064799283   0.0079940371  -0.0042670934  -0.0002300754  -0.0029110616
        0.0107848439   0.0027787046   0.0042600714
        0.0185183728   0.0079626972   0.0030900962  -0.0501005451  -0.0874104888
       -0.0128161940  -0.0315443096   0.5004622715   0.0043953692  -0.0243694252
       -0.1343425291   0.0735537997  -0.0055408967  -0.0360903670   0.0218634197
        0.0000630162   0.0001764244   0.0000522763   0.0024343918  -0.0028617317
        0.0000439186   0.0004194961   0.0008826851   0.0007965482   0.0000275620
        0.0003550894  -0.0000964705  -0.0186469135  -0.0105298169  -0.0027072704
       -0.0118230785  -0.0059831604  -0.0045224408   0.0061327544  -0.0856028939
       -0.0857297585   0.1121003814  -0.1484008594   0.0053143249   0.0028321214
        0.0044292514  -0.0032562360  -0.0017153927   0.0013508809   0.0008109778
        0.0012124653  -0.0043974528  -0.0007923602
       -0.0000495793   0.0002902274   0.0012826136  -0.0276904313  -0.0171849767
       -0.0709606670  -0.0037828856   0.0043953692   0.5054346435   0.0322115597
        0.0764672615  -0.1476186979  -0.0012339568   0.0074747940   0.0002157978
        0.0002286404   0.0000653986  -0.0000297658  -0.0003148263  -0.0004040431
       -0.0000923741   0.0009530908   0.0008061309   0.0009073431  -0.0001964545
        0.0000639249  -0.0000815826   0.0153748719   0.0091958050   0.0034385016
       -0.0235740545  -0.0134024628  -0.0075316113   0.0046248892  -0.0850619312
       -0.2235300293  -0.0065261771   0.0038835931  -0.0458809699   0.0077249385
        0.0161517741  -0.0192008879  -0.0019978292  -0.0020470714   0.0006385215
        0.0042482040  -0.0006937937   0.0030091648
        0.0003695372  -0.0012918896   0.0011753666  -0.0111565444  -0.0203141294
        0.0165199030  -0.0680058924  -0.0243694252   0.0322115597   0.2142052186
       -0.0945766486  -0.1679542763  -0.0556489119   0.0908802735   0.0302094520
       -0.0000370744  -0.0000130634  -0.0001299906   0.0003875586  -0.0000320662
       -0.0001483100  -0.0003621199   0.0000113449  -0.0000315971   0.0002216629
        0.0003835628  -0.0007589022  -0.0043451294  -0.0025915327  -0.0004694316
        0.0012024045   0.0006742438   0.0003684575  -0.0007490509  -0.0013883820
        0.0058729291   0.0050508025   0.0133813102  -0.0132275653  -0.0786249457
        0.0324765656   0.0929311596  -0.0024398634   0.0140841276   0.0046050813
       -0.0000676518  -0.0073142915  -0.0011738357
        0.0019134750  -0.0016994523   0.0012309516  -0.0172293426  -0.0168915752
        0.0094942228  -0.0183952239  -0.1343425291   0.0764672615  -0.0945766486
        0.8226245785   0.0421372049   0.0900115619  -0.5486359519  -0.0618669634
        0.0000885718   0.0002033141   0.0000714261   0.0001369782  -0.0001934076
       -0.0003465897   0.0001938822   0.0000767321  -0.0002152795   0.0023962798
        0.0020663813  -0.0008767403  -0.0028536574  -0.0008512902  -0.0001313305
        0.0003161266   0.0001438014   0.0000744841   0.0002057451   0.0067058218
       -0.0049423093  -0.0027434264  -0.0215180635   0.0171561806   0.0321419386
       -0.0675857630  -0.0718631724   0.0053349758  -0.0150097139  -0.0062399124
        0.0030587639  -0.0250928824  -0.0001494341
       -0.0017072497   0.0006155839   0.0001964731   0.0078061536   0.0009596953
        0.0043315526   0.0269688681   0.0735537997  -0.1476186979  -0.1679542763
        0.0421372049   0.4948364753   0.0310580403  -0.0632725834  -0.0825280166
       -0.0006985162  -0.0000954737   0.0001737013   0.0010575078   0.0003602673
        0.0000392305   0.0004193312  -0.0003545022  -0.0005439736   0.0004112336
       -0.0005470199   0.0005224559  -0.0017652851  -0.0007157422   0.0003133600
       -0.0006947402  -0.0005030319   0.0009367720   0.0091402895   0.0176255553
       -0.0277576248   0.0001685025   0.0051167394  -0.0021245334   0.0922495049
       -0.0686944117  -0.2343465784   0.0069760359  -0.0280947696  -0.0076528563
       -0.0034353999   0.0219086889   0.0012222604
       -0.0004395432  -0.0023234589   0.0009874903  -0.0023577685  -0.0004330374
        0.0005800213   0.0036916254  -0.0055408967  -0.0012339568  -0.0556489119
        0.0900115619   0.0310580403   0.1892766772  -0.0925220170  -0.1863795981
       -0.0000629956  -0.0004241613  -0.0000309270   0.0003135891   0.0005595219
       -0.0001384940   0.0000486198  -0.0000335531  -0.0002646911   0.0018171030
        0.0016760906  -0.0007526070  -0.0000489572   0.0000876605   0.0000758705
        0.0000437241   0.0000762402   0.0000550803  -0.0002362079  -0.0011393195
        0.0000475223  -0.0000805016  -0.0003181125   0.0004160025  -0.0028000967
        0.0139218726   0.0036682202  -0.0828314295   0.0384081374   0.1007274786
       -0.0506849265  -0.0420065289   0.0511845477
       -0.0000037291   0.0007817486  -0.0004841108   0.0030036488   0.0004598428
        0.0006085882  -0.0005994895  -0.0360903670   0.0074747940   0.0908802735
       -0.5486359519  -0.0632725834  -0.0925220170   0.8368440721   0.0053125124
       -0.0000925179   0.0002327823  -0.0000269084   0.0002155990  -0.0002735985
        0.0000076090   0.0001218422  -0.0000252770  -0.0000183314  -0.0013493625
       -0.0006706198   0.0007544183  -0.0004877061  -0.0000184265  -0.0002392378
       -0.0001014758  -0.0001134094   0.0001183024   0.0006330133   0.0010140765
       -0.0018347949  -0.0008431169  -0.0020945142   0.0025689908   0.0051833014
       -0.0153351255  -0.0053412585   0.0390096687  -0.0733163175  -0.0753985481
       -0.0430479322  -0.1627589150   0.1297705582
       -0.0000677653  -0.0007733583   0.0001843558   0.0000135217   0.0024093542
       -0.0009064663  -0.0033804402   0.0218634197   0.0002157978   0.0302094520
       -0.0618669634  -0.0825280166  -0.1863795981   0.0053125124   0.5050462135
       -0.0000413030  -0.0002474167   0.0003786345   0.0000570545   0.0003185977
       -0.0004917162   0.0001493182   0.0005979524  -0.0003588924   0.0002618481
        0.0004384678   0.0002305922   0.0006407866   0.0000980613   0.0002833860
        0.0001417488  -0.0000316163  -0.0000857168  -0.0003051167   0.0020855438
        0.0012857912   0.0005708230   0.0037476592  -0.0024518566   0.0066400378
       -0.0273857758  -0.0062206114   0.0999031064  -0.0739423900  -0.2350975784
        0.0515865260   0.1273759520  -0.1794839165
       -0.0138476546  -0.0058537868  -0.0027558222   0.0009481546  -0.0018636261
       -0.0000849536  -0.0006531201   0.0000630162   0.0002286404  -0.0000370744
        0.0000885718  -0.0006985162  -0.0000629956  -0.0000925179  -0.0000413030
       -0.0054859721  -0.0048665912  -0.0020107337   0.0182512908   0.0118793956
        0.0051274518  -0.0002238293   0.0006275885   0.0009947980   0.0001444055
        0.0011830429  -0.0005734808   0.0002875468  -0.0002850083   0.0002412529
        0.0003878263  -0.0001493915  -0.0003187475   0.0001314034  -0.0002701082
       -0.0001026152  -0.0002497870  -0.0002255158  -0.0001186252   0.0000519900
       -0.0000876078  -0.0000030900   0.0001688728   0.0000239097   0.0000496688
        0.0001889428  -0.0001713710   0.0000660755
       -0.0075300279  -0.0020400298  -0.0014548199   0.0007563761  -0.0013826403
       -0.0001114024  -0.0004442358   0.0001764244   0.0000653986  -0.0000130634
        0.0002033141  -0.0000954737  -0.0004241613   0.0002327823  -0.0002474167
       -0.0048665912   0.0011631495  -0.0011731921   0.0119394543   0.0006163091
        0.0025838234   0.0000554900  -0.0001094435   0.0005632569   0.0005300880
        0.0000890411  -0.0005319718   0.0002163042  -0.0000557485  -0.0000840941
        0.0002282710  -0.0002239053   0.0003308569   0.0000673203   0.0003331766
        0.0001055179  -0.0000702306   0.0005643399   0.0001493006  -0.0000456139
        0.0001376422   0.0000395700  -0.0001473986   0.0001796133  -0.0000259072
       -0.0002519811   0.0001159747  -0.0001134463
       -0.0030803039  -0.0013081454   0.0002418716   0.0001377068  -0.0004756645
       -0.0003850939   0.0002106352   0.0000522763  -0.0000297658  -0.0001299906
        0.0000714261   0.0001737013  -0.0000309270  -0.0000269084   0.0003786345
       -0.0020107337  -0.0011731921   0.0031889661   0.0049151281   0.0025774289
       -0.0042489586   0.0001345340   0.0003830092  -0.0001090782  -0.0001785885
       -0.0000847105  -0.0007812239   0.0001420597  -0.0002189842  -0.0002260584
       -0.0000367814   0.0001016237  -0.0000988010  -0.0001962880  -0.0000793709
        0.0003439024  -0.0002719693  -0.0000612221   0.0003918324   0.0001874588
        0.0001549108   0.0003501128   0.0000378024   0.0000324435   0.0003277675
        0.0001702574   0.0000550796   0.0004821912
       -0.2292767741  -0.0988388708  -0.0412472366  -0.0176791115  -0.0008256606
       -0.0023959534  -0.0007809225   0.0024343918  -0.0003148263   0.0003875586
        0.0001369782   0.0010575078   0.0003135891   0.0002155990   0.0000570545
        0.0182512908   0.0119394543   0.0049151281   0.2301793822   0.0946588431
        0.0394830325   0.0027721505  -0.0029316329  -0.0050528559  -0.0034028661
       -0.0080141073   0.0031686712   0.0003626437   0.0003196100   0.0000644188
        0.0000985244   0.0002676661   0.0002035603  -0.0001671951   0.0005666999
        0.0003997784  -0.0001351548  -0.0003442129   0.0000463770  -0.0000679957
        0.0000951320  -0.0001201123  -0.0004455163   0.0000000917  -0.0000551153
       -0.0004096030   0.0003200185  -0.0002094289
       -0.0964707526  -0.0878599962  -0.0209937631   0.0114861064   0.0092925944
        0.0029018009   0.0040053083  -0.0028617317  -0.0004040431  -0.0000320662
       -0.0001934076   0.0003602673   0.0005595219  -0.0002735985   0.0003185977
        0.0118793956   0.0006163091   0.0025774289   0.0946588431   0.0965882271
        0.0209152023  -0.0102587676  -0.0042867150  -0.0060190790  -0.0187141707
       -0.0103359423   0.0002931577   0.0008419856   0.0000030404   0.0004883894
        0.0005828398   0.0004403671  -0.0005451305  -0.0001811511  -0.0003517741
       -0.0000482020   0.0009951769  -0.0000346953  -0.0000079938  -0.0001418487
       -0.0003299806  -0.0001731232   0.0004153398  -0.0002727876   0.0001868254
        0.0003742395  -0.0001399093   0.0001496652
       -0.0401939358  -0.0210997632  -0.0486428748  -0.0001558747   0.0017414377
        0.0008861166   0.0010279430   0.0000439186  -0.0000923741  -0.0001483100
       -0.0003465897   0.0000392305  -0.0001384940   0.0000076090  -0.0004917162
        0.0051274518   0.0025838234  -0.0042489586   0.0394830325   0.0209152023
        0.0548222857  -0.0214771354  -0.0134892810  -0.0062890488   0.0159826917
        0.0096037244   0.0052222371  -0.0003957871   0.0004085953   0.0005445214
        0.0007329921  -0.0002921151   0.0003568543   0.0002241629   0.0001743357
       -0.0002545912   0.0001656262   0.0000761437  -0.0000113972  -0.0002687724
       -0.0002355845  -0.0005918873   0.0002551592   0.0000036509  -0.0005338875
       -0.0002207499  -0.0000951076  -0.0007145098
       -0.0465944384   0.0054253080   0.0087361383  -0.0017422083   0.0102135463
        0.0192046177   0.0011692213   0.0004194961   0.0009530908  -0.0003621199
        0.0001938822   0.0004193312   0.0000486198   0.0001218422   0.0001493182
       -0.0002238293   0.0000554900   0.0001345340   0.0027721505  -0.0102587676
       -0.0214771354   0.0453544811  -0.0096750460  -0.0126076142   0.0024028689
        0.0009285928   0.0052433795   0.0005992179  -0.0002313230   0.0001439271
       -0.0029895022   0.0034335291   0.0003196787  -0.0005067588  -0.0001580197
       -0.0008098941   0.0000415090  -0.0000812956   0.0000458790   0.0000877935
        0.0000063193  -0.0001535201  -0.0000972309  -0.0004977779  -0.0001158276
        0.0000402258   0.0001042238  -0.0001859034
        0.0063490918  -0.0955384623  -0.1051303829   0.0033813356  -0.0108056860
       -0.0175689164  -0.0004094186   0.0008826851   0.0008061309   0.0000113449
        0.0000767321  -0.0003545022  -0.0000335531  -0.0000252770   0.0005979524
        0.0006275885  -0.0001094435   0.0003830092  -0.0029316329  -0.0042867150
       -0.0134892810  -0.0096750460   0.1026306796   0.1165994050  -0.0010519917
        0.0100672719   0.0195095429   0.0001410507  -0.0002430230  -0.0009133219
        0.0036634780  -0.0025237634  -0.0003144013   0.0004411821   0.0002391461
       -0.0000509063  -0.0002919796  -0.0001076966  -0.0002554499  -0.0000970680
       -0.0000886020   0.0000529131  -0.0001788270  -0.0001689606   0.0000197729
        0.0000544451   0.0000011145   0.0001084354
        0.0121090759  -0.1014408642  -0.2731484495   0.0043983391  -0.0046962299
       -0.0008077957  -0.0004485655   0.0007965482   0.0009073431  -0.0000315971
       -0.0002152795  -0.0005439736  -0.0002646911  -0.0000183314  -0.0003588924
        0.0009947980   0.0005632569  -0.0001090782  -0.0050528559  -0.0060190790
       -0.0062890488  -0.0126076142   0.1165994050   0.3026033934   0.0012664033
       -0.0061893929  -0.0247701202  -0.0005372799   0.0009289918   0.0008813346
        0.0001141562  -0.0005120780   0.0014868833   0.0003456623  -0.0000163185
       -0.0000552845  -0.0004732957   0.0001647044   0.0001983667   0.0000131542
       -0.0000947943  -0.0000143615   0.0001357832   0.0002455185   0.0001052319
        0.0000385273  -0.0000960570  -0.0000855486
       -0.0493019446  -0.0274374634   0.0291769272   0.0038133228   0.0156042840
       -0.0141937419   0.0000703730   0.0000275620  -0.0001964545   0.0002216629
        0.0023962798   0.0004112336   0.0018171030  -0.0013493625   0.0002618481
        0.0001444055   0.0005300880  -0.0001785885  -0.0034028661  -0.0187141707
        0.0159826917   0.0024028689  -0.0010519917   0.0012664033   0.0474513976
        0.0271220227  -0.0319738682  -0.0031430354   0.0033287996   0.0000161278
        0.0005604046   0.0000520463  -0.0001453398  -0.0001342656   0.0000867437
       -0.0001796102   0.0000815022  -0.0001765170   0.0000353893  -0.0002720101
        0.0000934226   0.0001221905  -0.0002297627  -0.0003881354  -0.0004436018
       -0.0000791560  -0.0001236080   0.0000383934
       -0.0270682619  -0.1920430830   0.1412477842   0.0022304387  -0.0179376702
        0.0125010008  -0.0011148126   0.0003550894   0.0000639249   0.0003835628
        0.0020663813  -0.0005470199   0.0016760906  -0.0006706198   0.0004384678
        0.0011830429   0.0000890411  -0.0000847105  -0.0080141073  -0.0103359423
        0.0096037244   0.0009285928   0.0100672719  -0.0061893929   0.0271220227
        0.2117490182  -0.1565259011   0.0035543576  -0.0027395197  -0.0004054566
       -0.0000954504   0.0000672166   0.0004326952  -0.0000222982  -0.0001137364
       -0.0001251940  -0.0003851052   0.0000697695   0.0000581130  -0.0000392179
       -0.0001715951  -0.0001200129  -0.0002470814  -0.0002009509  -0.0004639984
       -0.0000917733  -0.0002506706   0.0001159762
        0.0267963614   0.1372349100  -0.1793702436  -0.0036386156   0.0021300677
        0.0015358978   0.0011029900  -0.0000964705  -0.0000815826  -0.0007589022
       -0.0008767403   0.0005224559  -0.0007526070   0.0007544183   0.0002305922
       -0.0005734808  -0.0005319718  -0.0007812239   0.0031686712   0.0002931577
        0.0052222371   0.0052433795   0.0195095429  -0.0247701202  -0.0319738682
       -0.1565259011   0.1967932663   0.0003651889  -0.0001683641   0.0014563515
        0.0004976832  -0.0012194380   0.0007410587  -0.0001465767   0.0001943956
       -0.0003923174   0.0001949475   0.0000228232   0.0001279486   0.0002294467
       -0.0003075210  -0.0003282081   0.0000627859  -0.0005129792  -0.0004812002
        0.0001825960   0.0001000707  -0.0004249122
       -0.0011614732   0.0209985071  -0.0154073091  -0.0471043971  -0.0331395618
        0.0304299204  -0.0097845940  -0.0186469135   0.0153748719  -0.0043451294
       -0.0028536574  -0.0017652851  -0.0000489572  -0.0004877061   0.0006407866
        0.0002875468   0.0002163042   0.0001420597   0.0003626437   0.0008419856
       -0.0003957871   0.0005992179   0.0001410507  -0.0005372799  -0.0031430354
        0.0035543576   0.0003651889   0.0612013494   0.0306433853  -0.0307057855
        0.0021355927  -0.0006775285   0.0010676504   0.0005763085   0.0001302380
        0.0003555906  -0.0001010681  -0.0004708982   0.0004150362   0.0000845500
       -0.0001444463  -0.0000750131  -0.0002305171   0.0000159161  -0.0000754504
        0.0006719626  -0.0001210329   0.0001708053
        0.0025056902  -0.0204954534   0.0148950128  -0.0290664208  -0.1645486949
        0.1068327348  -0.0070959797  -0.0105298169   0.0091958050  -0.0025915327
       -0.0008512902  -0.0007157422   0.0000876605  -0.0000184265   0.0000980613
       -0.0002850083  -0.0000557485  -0.0002189842   0.0003196100   0.0000030404
        0.0004085953  -0.0002313230  -0.0002430230   0.0009289918   0.0033287996
       -0.0027395197  -0.0001683641   0.0306433853   0.1908947625  -0.1261105237
        0.0012307828   0.0079610155  -0.0053768362   0.0003540278  -0.0000165496
        0.0001586464   0.0005548346   0.0006309592  -0.0000320454   0.0000393354
       -0.0001319798   0.0001024505  -0.0001565193   0.0000533271  -0.0000477772
        0.0003626576   0.0000873978   0.0000499755
       -0.0015230847   0.0011190526   0.0003618008   0.0263727533   0.1101601637
       -0.1457650698  -0.0005952253  -0.0027072704   0.0034385016  -0.0004694316
       -0.0001313305   0.0003133600   0.0000758705  -0.0002392378   0.0002833860
        0.0002412529  -0.0000840941  -0.0002260584   0.0000644188   0.0004883894
        0.0005445214   0.0001439271  -0.0009133219   0.0008813346   0.0000161278
       -0.0004054566   0.0014563515  -0.0307057855  -0.1261105237   0.1640570588
        0.0065041145   0.0195875498  -0.0262474419  -0.0001968667  -0.0006345161
        0.0004110246   0.0002889192  -0.0002365515   0.0000613789  -0.0001623642
        0.0000137952   0.0002386933  -0.0000422438   0.0000522005   0.0000079697
       -0.0000123824   0.0000411514   0.0001831888
       -0.0058383744   0.0139936985   0.0214757964  -0.0400864426   0.0001427841
        0.0015866758  -0.0038031009  -0.0118230785  -0.0235740545   0.0012024045
        0.0003161266  -0.0006947402   0.0000437241  -0.0001014758   0.0001417488
        0.0003878263   0.0002282710  -0.0000367814   0.0000985244   0.0005828398
        0.0007329921  -0.0029895022   0.0036634780   0.0001141562   0.0005604046
       -0.0000954504   0.0004976832   0.0021355927   0.0012307828   0.0065041145
        0.0530468751  -0.0049351772  -0.0052395912  -0.0045993627  -0.0030513459
       -0.0015449578   0.0002695173  -0.0002565082  -0.0003176339  -0.0002195759
       -0.0000875854   0.0002298609  -0.0001697636   0.0001717401   0.0000920701
       -0.0000387470   0.0000209006   0.0000326609
        0.0060565848  -0.0129960165  -0.0202298007   0.0006659775  -0.0843271568
       -0.0832852370  -0.0032253341  -0.0059831604  -0.0134024628   0.0006742438
        0.0001438014  -0.0005030319   0.0000762402  -0.0001134094  -0.0000316163
       -0.0001493915  -0.0002239053   0.0001016237   0.0002676661   0.0004403671
       -0.0002921151   0.0034335291  -0.0025237634  -0.0005120780   0.0000520463
        0.0000672166  -0.0012194380  -0.0006775285   0.0079610155   0.0195875498
       -0.0049351772   0.0977327916   0.1003016859  -0.0024377512  -0.0005370291
       -0.0009274436   0.0003420285   0.0003100080   0.0002206874  -0.0002036164
        0.0000077341   0.0000818637   0.0000322621   0.0000503153   0.0001028002
        0.0000282205  -0.0000088089   0.0000070129
        0.0024544116  -0.0028840659  -0.0023334073   0.0070176775  -0.0872977356
       -0.2353801295  -0.0039551238  -0.0045224408  -0.0075316113   0.0003684575
        0.0000744841   0.0009367720   0.0000550803   0.0001183024  -0.0000857168
       -0.0003187475   0.0003308569  -0.0000988010   0.0002035603  -0.0005451305
        0.0003568543   0.0003196787  -0.0003144013   0.0014868833  -0.0001453398
        0.0004326952   0.0007410587   0.0010676504  -0.0053768362  -0.0262474419
       -0.0052395912   0.1003016859   0.2677440914  -0.0015768550  -0.0007057564
        0.0003144018  -0.0000100392  -0.0000143462  -0.0001504140  -0.0001329083
        0.0000568386   0.0001371688   0.0000375500   0.0001507986   0.0000242773
       -0.0001454617   0.0001950514   0.0000860140
        0.0021046956  -0.0009089439  -0.0006025202  -0.0047090724  -0.0144482309
       -0.0252785249  -0.0432661828   0.0061327544   0.0046248892  -0.0007490509
        0.0002057451   0.0091402895  -0.0002362079   0.0006330133  -0.0003051167
        0.0001314034   0.0000673203  -0.0001962880  -0.0001671951  -0.0001811511
        0.0002241629  -0.0005067588   0.0004411821   0.0003456623  -0.0001342656
       -0.0000222982  -0.0001465767   0.0005763085   0.0003540278  -0.0001968667
       -0.0045993627  -0.0024377512  -0.0015768550   0.0527177716  -0.0017338100
       -0.0080983418  -0.0020158968   0.0130462822   0.0205578490   0.0006209744
       -0.0012824331   0.0016874925   0.0003341573   0.0000635744  -0.0001033625
       -0.0001013179   0.0000707189  -0.0000758930
        0.0005318520   0.0010490854   0.0009012299  -0.0024943241  -0.0083020323
       -0.0141778376   0.0047034374  -0.0856028939  -0.0850619312  -0.0013883820
        0.0067058218   0.0176255553  -0.0011393195   0.0010140765   0.0020855438
       -0.0002701082   0.0003331766  -0.0000793709   0.0005666999  -0.0003517741
        0.0001743357  -0.0001580197   0.0002391461  -0.0000163185   0.0000867437
       -0.0001137364   0.0001943956   0.0001302380  -0.0000165496  -0.0006345161
       -0.0030513459  -0.0005370291  -0.0007057564  -0.0017338100   0.1010314900
        0.0999261165   0.0048264820  -0.0131966292  -0.0225145021  -0.0007087126
       -0.0020209285   0.0027107667   0.0001788964  -0.0003475811  -0.0001653888
       -0.0000803276   0.0001163577  -0.0002623220
        0.0009821172   0.0006211575   0.0009404570  -0.0040568385  -0.0067814370
       -0.0087611883   0.0053515818  -0.0857297585  -0.2235300293   0.0058729291
       -0.0049423093  -0.0277576248   0.0000475223  -0.0018347949   0.0012857912
       -0.0001026152   0.0001055179   0.0003439024   0.0003997784  -0.0000482020
       -0.0002545912  -0.0008098941  -0.0000509063  -0.0000552845  -0.0001796102
       -0.0001251940  -0.0003923174   0.0003555906   0.0001586464   0.0004110246
       -0.0015449578  -0.0009274436   0.0003144018  -0.0080983418   0.0999261165
        0.2618042008   0.0020431149  -0.0039584175  -0.0027140445   0.0004126699
        0.0031743361  -0.0027405420  -0.0009293526   0.0008944941   0.0003543246
        0.0002563060  -0.0004818052   0.0007515198
       -0.0070335106  -0.0017797975  -0.0015450881  -0.0210119501   0.0163358903
       -0.0004259287  -0.1569294686   0.1121003814  -0.0065261771   0.0050508025
       -0.0027434264   0.0001685025  -0.0000805016  -0.0008431169   0.0005708230
       -0.0002497870  -0.0000702306  -0.0002719693  -0.0001351548   0.0009951769
        0.0001656262   0.0000415090  -0.0002919796  -0.0004732957   0.0000815022
       -0.0003851052   0.0001949475  -0.0001010681   0.0005548346   0.0002889192
        0.0002695173   0.0003420285  -0.0000100392  -0.0020158968   0.0048264820
        0.0020431149   0.1817971155  -0.1282046711   0.0057445236   0.0006823443
       -0.0003673017   0.0001964968  -0.0000450953  -0.0000793996  -0.0000457947
       -0.0003203577  -0.0003897651  -0.0000746610
       -0.0036414800   0.0009466263  -0.0005606287  -0.0054806488   0.0060548634
       -0.0001507597   0.1138072710  -0.1484008594   0.0038835931   0.0133813102
       -0.0215180635   0.0051167394  -0.0003181125  -0.0020945142   0.0037476592
       -0.0002255158   0.0005643399  -0.0000612221  -0.0003442129  -0.0000346953
        0.0000761437  -0.0000812956  -0.0001076966   0.0001647044  -0.0001765170
        0.0000697695   0.0000228232  -0.0004708982   0.0006309592  -0.0002365515
       -0.0002565082   0.0003100080  -0.0000143462   0.0130462822  -0.0131966292
       -0.0039584175  -0.1282046711   0.1765465910  -0.0075402044   0.0000360119
        0.0007874617  -0.0006376491   0.0002505070   0.0004373341   0.0006100585
       -0.0013215221  -0.0009954950  -0.0004619423
       -0.0013215518  -0.0001839056   0.0003754421  -0.0053601178   0.0035177964
        0.0001352100  -0.0069609082   0.0053143249  -0.0458809699  -0.0132275653
        0.0171561806  -0.0021245334   0.0004160025   0.0025689908  -0.0024518566
       -0.0001186252   0.0001493006   0.0003918324   0.0000463770  -0.0000079938
       -0.0000113972   0.0000458790  -0.0002554499   0.0001983667   0.0000353893
        0.0000581130   0.0001279486   0.0004150362  -0.0000320454   0.0000613789
       -0.0003176339   0.0002206874  -0.0001504140   0.0205578490  -0.0225145021
       -0.0027140445   0.0057445236  -0.0075402044   0.0510926829  -0.0006695976
        0.0005672491   0.0006176228  -0.0001547856   0.0000682405  -0.0003384088
        0.0008697289   0.0009132180   0.0006711401
       -0.0000840861   0.0000183827  -0.0000093903   0.0004908902   0.0000027668
       -0.0001051718  -0.0016081062   0.0028321214   0.0077249385  -0.0786249457
        0.0321419386   0.0922495049  -0.0028000967   0.0051833014   0.0066400378
        0.0000519900  -0.0000456139   0.0001874588  -0.0000679957  -0.0001418487
       -0.0002687724   0.0000877935  -0.0000970680   0.0000131542  -0.0002720101
       -0.0000392179   0.0002294467   0.0000845500   0.0000393354  -0.0001623642
       -0.0002195759  -0.0002036164  -0.0001329083   0.0006209744  -0.0007087126
        0.0004126699   0.0006823443   0.0000360119  -0.0006695976   0.0746802256
       -0.0406628924  -0.1086408132   0.0110476968   0.0025563610   0.0048028337
       -0.0040696485  -0.0009112495  -0.0022710267
       -0.0000078085   0.0000803716   0.0001028962   0.0002201144  -0.0000456540
        0.0003649232  -0.0064799283   0.0044292514   0.0161517741   0.0324765656
       -0.0675857630  -0.0686944117   0.0139218726  -0.0153351255  -0.0273857758
       -0.0000876078   0.0001376422   0.0001549108   0.0000951320  -0.0003299806
       -0.0002355845   0.0000063193  -0.0000886020  -0.0000947943   0.0000934226
       -0.0001715951  -0.0003075210  -0.0001444463  -0.0001319798   0.0000137952
       -0.0000875854   0.0000077341   0.0000568386  -0.0012824331  -0.0020209285
        0.0031743361  -0.0003673017   0.0007874617   0.0005672491  -0.0406628924
        0.0846741701   0.0779698652   0.0024717819  -0.0050044962  -0.0006003867
       -0.0001652050   0.0005974935  -0.0012381146
       -0.0001214475   0.0001406318   0.0003266559   0.0003031290  -0.0000495349
       -0.0004318132   0.0079940371  -0.0032562360  -0.0192008879   0.0929311596
       -0.0718631724  -0.2343465784   0.0036682202  -0.0053412585  -0.0062206114
       -0.0000030900   0.0000395700   0.0003501128  -0.0001201123  -0.0001731232
       -0.0005918873  -0.0001535201   0.0000529131  -0.0000143615   0.0001221905
       -0.0001200129  -0.0003282081  -0.0000750131   0.0001024505   0.0002386933
        0.0002298609   0.0000818637   0.0001371688   0.0016874925   0.0027107667
       -0.0027405420   0.0001964968  -0.0006376491   0.0006176228  -0.1086408132
        0.0779698652   0.2588916995   0.0043771436  -0.0001514414   0.0031040466
       -0.0023957342   0.0004943674   0.0002088902
        0.0000790129  -0.0000484441  -0.0001748709  -0.0004692880  -0.0008441524
        0.0005436285  -0.0042670934  -0.0017153927  -0.0019978292  -0.0024398634
        0.0053349758   0.0069760359  -0.0828314295   0.0390096687   0.0999031064
        0.0001688728  -0.0001473986   0.0000378024  -0.0004455163   0.0004153398
        0.0002551592  -0.0000972309  -0.0001788270   0.0001357832  -0.0002297627
       -0.0002470814   0.0000627859  -0.0002305171  -0.0001565193  -0.0000422438
       -0.0001697636   0.0000322621   0.0000375500   0.0003341573   0.0001788964
       -0.0009293526  -0.0000450953   0.0002505070  -0.0001547856   0.0110476968
        0.0024717819   0.0043771436   0.0806596543  -0.0467922735  -0.1166895128
       -0.0010638340   0.0024366572   0.0076595999
       -0.0000459619   0.0003746166  -0.0000126971   0.0001713433  -0.0004534966
        0.0000772162  -0.0002300754   0.0013508809  -0.0020470714   0.0140841276
       -0.0150097139  -0.0280947696   0.0384081374  -0.0733163175  -0.0739423900
        0.0000239097   0.0001796133   0.0000324435   0.0000000917  -0.0002727876
        0.0000036509  -0.0004977779  -0.0001689606   0.0002455185  -0.0003881354
       -0.0002009509  -0.0005129792   0.0000159161   0.0000533271   0.0000522005
        0.0001717401   0.0000503153   0.0001507986   0.0000635744  -0.0003475811
        0.0008944941  -0.0000793996   0.0004373341   0.0000682405   0.0025563610
       -0.0050044962  -0.0001514414  -0.0467922735   0.0867000284   0.0876574673
       -0.0074615776   0.0056281887   0.0155793186
        0.0001040881   0.0002253304   0.0003743352   0.0000418000  -0.0005103955
       -0.0001446453  -0.0029110616   0.0008109778   0.0006385215   0.0046050813
       -0.0062399124  -0.0076528563   0.1007274786  -0.0753985481  -0.2350975784
        0.0000496688  -0.0000259072   0.0003277675  -0.0000551153   0.0001868254
       -0.0005338875  -0.0001158276   0.0000197729   0.0001052319  -0.0004436018
       -0.0004639984  -0.0004812002  -0.0000754504  -0.0000477772   0.0000079697
        0.0000920701   0.0001028002   0.0000242773  -0.0001033625  -0.0001653888
        0.0003543246  -0.0000457947   0.0006100585  -0.0003384088   0.0048028337
       -0.0006003867   0.0031040466  -0.1166895128   0.0876574673   0.2572334328
        0.0100167062  -0.0061609182  -0.0179213306
       -0.0001690328  -0.0002129457   0.0000642784   0.0007321513   0.0023365599
       -0.0015800635   0.0107848439   0.0012124653   0.0042482040  -0.0000676518
        0.0030587639  -0.0034353999  -0.0506849265  -0.0430479322   0.0515865260
        0.0001889428  -0.0002519811   0.0001702574  -0.0004096030   0.0003742395
       -0.0002207499   0.0000402258   0.0000544451   0.0000385273  -0.0000791560
       -0.0000917733   0.0001825960   0.0006719626   0.0003626576  -0.0000123824
       -0.0000387470   0.0000282205  -0.0001454617  -0.0001013179  -0.0000803276
        0.0002563060  -0.0003203577  -0.0013215221   0.0008697289  -0.0040696485
       -0.0001652050  -0.0023957342  -0.0010638340  -0.0074615776   0.0100167062
        0.0445861487   0.0452059127  -0.0596433385
       -0.0002213055   0.0002131148  -0.0000035133   0.0003220162  -0.0002410580
        0.0000051271   0.0027787046  -0.0043974528  -0.0006937937  -0.0073142915
       -0.0250928824   0.0219086889  -0.0420065289  -0.1627589150   0.1273759520
       -0.0001713710   0.0001159747   0.0000550796   0.0003200185  -0.0001399093
       -0.0000951076   0.0001042238   0.0000011145  -0.0000960570  -0.0001236080
       -0.0002506706   0.0001000707  -0.0001210329   0.0000873978   0.0000411514
        0.0000209006  -0.0000088089   0.0001950514   0.0000707189   0.0001163577
       -0.0004818052  -0.0003897651  -0.0009954950   0.0009132180  -0.0009112495
        0.0005974935   0.0004943674   0.0024366572   0.0056281887  -0.0061609182
        0.0452059127   0.1871255502  -0.1435575117
       -0.0000065268  -0.0001944754   0.0004417642   0.0002284599   0.0009886647
       -0.0009950123   0.0042600714  -0.0007923602   0.0030091648  -0.0011738357
       -0.0001494341   0.0012222604   0.0511845477   0.1297705582  -0.1794839165
        0.0000660755  -0.0001134463   0.0004821912  -0.0002094289   0.0001496652
       -0.0007145098  -0.0001859034   0.0001084354  -0.0000855486   0.0000383934
        0.0001159762  -0.0004249122   0.0001708053   0.0000499755   0.0001831888
        0.0000326609   0.0000070129   0.0000860140  -0.0000758930  -0.0002623220
        0.0007515198  -0.0000746610  -0.0004619423   0.0006711401  -0.0022710267
       -0.0012381146   0.0002088902   0.0076595999   0.0155793186  -0.0179213306
       -0.0596433385  -0.1435575117   0.1925690965
