           1           2  0.95243935309941297     
           2           3  0.99525293209823973     
           3           4   1.0216965388585217     
           4           5   1.9806777531012172     
           1           7  0.83852861294253678     
           1           8  0.91763992937589256     
           1           9  0.91229865311628866     
           2          10  0.96525129645127716     
           2          11  0.96566599971326661     
           3          12  0.96819178681071394     
           3          13  0.96031174549983289     
           4          14  0.96569534570548454     
           5          15  0.97457616718597273     
           5          16  0.97585691581499145     
