$coord
         -2.140937209962          2.914810133754         -2.093622180401     n 
         -0.095836521207          3.310483553280         -0.189476738097     c 
         -1.206085080262          3.852729279977          2.411558247987     c 
          1.698965809113          1.091104441827         -0.119512099405     c 
          0.798940643632         -1.360940357112          0.112300667077     c 
          2.446656323630         -3.383809970406          0.206018867477     c 
          5.020530782067         -2.979192380829          0.076609204636     c 
          5.943050159601         -0.548685868323         -0.143702668365     c 
          4.292986135119          1.472645604991         -0.238440516322     c 
         -5.793925226681         -2.126079669032          0.085297200413     cl
         -3.268240177592          4.495701613293         -2.277208515158     h 
         -3.293269917154          1.431091075418         -1.551029736425     h 
         -1.400561219316          2.481332668943         -3.848322779025     h 
          1.001013217008          4.974120543464         -0.798432140111     h 
         -2.458863529963          5.490808543058          2.371147271710     h 
          0.274885951826          4.209581643966          3.802960336391     h 
         -2.308201691433          2.242819226019          3.076905894256     h 
         -1.209307533925         -1.682312309868          0.219462573656     h 
          1.720493429366         -5.280940987525          0.381372186515     h 
          6.308211278202         -4.558184998161          0.150030282480     h 
          7.954163868644         -0.226950409774         -0.239596429748     h 
          5.014933753200          3.370073080616         -0.401121997759     h 
$end
