   -0.13145338
   -0.01626771
   -0.08596053
    0.00541679
   -0.06394054
   -0.05775724
    0.00606772
    0.02670099
   -0.05718323
    0.00891539
   -0.10820800
    0.00394963
    0.02696771
   -0.00124712
    0.11355496
   -0.23401085
   -0.00351974
    0.11093787
   -0.22480771
    0.02899921
    0.00188873
    0.00403105
   -0.10915702
   -0.05291708
   -0.01487551
   -0.00098619
    0.00202758
   -0.04476364
    0.03196897
   -0.94013447
    0.26041687
    0.32160294
    0.24703773
    0.07828931
    0.09518224
    0.07693114
    0.12152268
    0.03430126
    0.04192893
    0.05790356
    0.03868317
    0.05810396
    0.07416090
    0.05705984
    0.05746910
    0.05457081
    0.04327955
    0.05731936
