           1           2  0.95680943843536437     
           2           3   1.0286268061538011     
           3           4   1.8538334381891624     
           4           5   1.0907114747832183     
           5           6   1.3742778188437725     
           6           7   1.4587978545933635     
           5           8  0.10156135778938528     
           7           8   1.4299519434442138     
           6           9  0.10636651470313792     
           8           9   1.4323621730370701     
           5          10   1.3749286699159675     
           7          10  0.10572974226720759     
           9          10   1.4564241481877440     
           1          11  0.88615939497971552     
           1          12  0.89029372047718502     
           1          13  0.88936811062888876     
           2          14  0.96313226845336697     
           2          15  0.95023159835499582     
           3          16  0.95731164455802908     
           4          17  0.95888911887574269     
           6          18  0.96535216744422248     
           7          19  0.97094123621660167     
           8          20  0.97202909441923135     
           9          21  0.97115728459838957     
          10          22  0.96835333968434689     
