           1           2  0.92551434663042176     
           2           3  0.99818194951491579     
           3           4   1.0071332145536136     
           4           5   1.3953304712860037     
           5           6   1.4704889212442840     
           4           7  0.10326073165026034     
           6           7   1.3746848034795462     
           7           8   1.0294331110919548     
           5           9  0.10146608084593978     
           7           9   1.3784231543480683     
           4          10   1.3999663044033981     
           9          10   1.4634110548703896     
           1          11  0.90470799358224019     
           1          12  0.91292658093196755     
           1          13  0.90904148922542738     
           2          14  0.96662648393447304     
           2          15  0.96496515879202227     
           3          16  0.96814186323103724     
           3          17  0.95232493479741231     
           5          18  0.96631497769129093     
           6          19  0.96490770459423580     
           9          20  0.96525697442834468     
          10          21  0.96665225159965595     
