$hessian                                                                        
        0.5909001826  -0.0007352556  -0.0001102090  -0.0699015374  -0.0017873501
        0.0025829300   0.0005332211   0.0163397546  -0.0107928479  -0.0009704285
        0.0009836497  -0.0007938317  -0.0001694794   0.0007717828  -0.0007513968
        0.0003865816   0.0001712986  -0.0000568592   0.0005370704   0.0003282591
       -0.0000916421  -0.0004414466  -0.0001618952   0.0002262626  -0.0002407739
       -0.0004155365   0.0000516931   0.0003500896  -0.0004752352  -0.0003821363
       -0.0734126695   0.0650555311   0.0537965846  -0.1552746020  -0.0050363654
       -0.1402382243  -0.2892851862  -0.0581682463   0.0891246675   0.0003946952
        0.0089636114  -0.0040248968  -0.0017606193  -0.0262116728   0.0137637235
       -0.0019982827   0.0003900368  -0.0033705590   0.0002949679   0.0000329525
        0.0008163186   0.0000391580   0.0000451202   0.0001295721   0.0000575942
       -0.0000535322   0.0000281562  -0.0000272894  -0.0000488308   0.0000566095
       -0.0000112458   0.0000119231   0.0000360856
       -0.0007352556   0.4915377369   0.0546519734  -0.0064878519  -0.1469368079
        0.0333628281   0.0054428106  -0.0056084498   0.0101210932  -0.0016591762
        0.0005243848  -0.0001863008   0.0000364051  -0.0001062675  -0.0007283557
        0.0003000685  -0.0000945857  -0.0000029468  -0.0003585345   0.0001662982
        0.0001905261   0.0003315086   0.0000889959  -0.0000899458  -0.0001407269
        0.0000501690   0.0000499490   0.0001760395  -0.0002639673  -0.0001307484
        0.0648977347  -0.1982787688  -0.1273726167  -0.0064141304  -0.0442119101
       -0.0098559488  -0.0542400065  -0.0572114821   0.0192111018   0.0001712557
       -0.0296890512   0.0125701938  -0.0022086898  -0.0134004239   0.0079445502
        0.0015082671   0.0014586625   0.0008782606  -0.0004644511   0.0015631846
       -0.0009939347  -0.0000499385   0.0001303150   0.0003259260   0.0000977171
        0.0000054297   0.0001161873  -0.0000116038   0.0000333157  -0.0000574696
       -0.0001914418   0.0002432220  -0.0000043220
       -0.0001102090   0.0546519734   0.5618389805   0.0047753634   0.0394474848
       -0.0860686326  -0.0044983872   0.0247643241  -0.0188484065   0.0016583396
        0.0001432696   0.0007385815   0.0001513808  -0.0000227114   0.0000716835
       -0.0001495502   0.0001741069  -0.0000491088   0.0005965018   0.0000242007
       -0.0001061099  -0.0005693276  -0.0000326339   0.0001747466  -0.0000342834
       -0.0000100154  -0.0001499352  -0.0000008839  -0.0002882623   0.0001441965
        0.0546793743  -0.1314840556  -0.1538579157  -0.1396983903  -0.0081298778
       -0.2238416680   0.0860585029   0.0193049682  -0.0765423277  -0.0008259837
       -0.0129692352   0.0070580469   0.0019491712   0.0136654820  -0.0073555598
       -0.0042829211  -0.0002331470  -0.0046727664   0.0003935672   0.0008727069
        0.0016457564  -0.0000328686   0.0000420246   0.0000895732  -0.0000425796
       -0.0000284978   0.0000901755  -0.0000506620   0.0000619063  -0.0001396063
        0.0000338455   0.0000459886  -0.0002197038
       -0.0699015374  -0.0064878519   0.0047753634   0.5064563778   0.0104876577
       -0.0364580595  -0.1033238838  -0.0042548713  -0.0582322833  -0.0313313932
       -0.0023818670  -0.0197632274  -0.0013208167   0.0020980566  -0.0000889517
       -0.0008358377  -0.0005126280   0.0017359940   0.0007244077  -0.0000771331
       -0.0001581944  -0.0005320332   0.0003227200  -0.0002054518   0.0000483053
       -0.0004891331   0.0011858433   0.0003431469  -0.0012904968  -0.0009788058
        0.0007377282   0.0064287648  -0.0036750810   0.0004037075   0.0133177575
       -0.0073721055   0.0007275975  -0.0222277482   0.0122505275  -0.0631356569
        0.0429442712   0.0444409241  -0.2429977316  -0.0385761432   0.0619629240
        0.0008212339   0.0008650845  -0.0001903768   0.0033141069  -0.0005821352
        0.0015296790  -0.0001717665   0.0000547906  -0.0004089609  -0.0001834022
        0.0001305537   0.0001489706   0.0001581134   0.0001264407   0.0000005639
       -0.0000006657   0.0001039106  -0.0004992916
       -0.0017873501  -0.1469368079   0.0394474848   0.0104876577   0.4567264689
        0.0588635177  -0.0048057616  -0.0599698370  -0.0122901059  -0.0010389310
        0.0002168015  -0.0026369509  -0.0014048223  -0.0002116878   0.0012290204
       -0.0000574260  -0.0005050309   0.0004626387   0.0003919906   0.0002878995
       -0.0001527605  -0.0003103549  -0.0002458804   0.0000544092  -0.0002277313
       -0.0003580094   0.0001064647   0.0007807430   0.0000322021  -0.0004608413
        0.0016750882  -0.0233801646   0.0060553408   0.0022447106  -0.0003254744
        0.0035288579  -0.0067028605  -0.0074964638   0.0054597635   0.0460983419
       -0.1599872321  -0.1108452173  -0.0445291811  -0.0521888963   0.0108342702
        0.0121761234  -0.0028859186   0.0201805500  -0.0132349694  -0.0021569811
       -0.0192050224   0.0000213745  -0.0001382237  -0.0004190037  -0.0000607419
       -0.0000808102  -0.0000698560  -0.0000485102  -0.0000639497  -0.0000101660
        0.0003326104  -0.0003320042  -0.0001323939
        0.0025829300   0.0333628281  -0.0860686326  -0.0364580595   0.0588635177
        0.4525848258  -0.0494243326  -0.0119608123  -0.1341027007  -0.0084701491
       -0.0002262673   0.0074889752   0.0010655996   0.0011973464  -0.0008095727
        0.0000557036   0.0002327676  -0.0004222257  -0.0001853623   0.0001126160
        0.0003813858   0.0002774203  -0.0000277506  -0.0003581844  -0.0004773124
       -0.0002650558  -0.0000592206   0.0016914149  -0.0006820783  -0.0005314341
       -0.0009647877  -0.0117491799   0.0105066558  -0.0012720184   0.0177459323
       -0.0112806085   0.0038557652   0.0087897125  -0.0046120172   0.0416615441
       -0.1043089754  -0.1356980761   0.0660768287   0.0082463532  -0.0611330391
       -0.0069086104   0.0027532924  -0.0129254798  -0.0133136343  -0.0022515668
       -0.0232187505   0.0000045119   0.0001891530  -0.0002228697   0.0001396548
        0.0000936735  -0.0003594933   0.0000093777  -0.0001414752   0.0002572941
        0.0000535160   0.0000259687   0.0005831684
        0.0005332211   0.0054428106  -0.0044983872  -0.1033238838  -0.0048057616
       -0.0494243326   0.4587525226  -0.0019489921  -0.0310241204  -0.1972827699
       -0.0185880042   0.0367610548  -0.0213247813  -0.0095221804   0.0050467368
        0.0008908139  -0.0033459608   0.0002990302  -0.0009934199  -0.0005684680
        0.0004519801   0.0003628223   0.0001602055  -0.0008352964   0.0011658066
        0.0029837945   0.0024601248  -0.0247800414   0.0045189989   0.0091561364
        0.0002474403  -0.0001007514   0.0002296654   0.0005378660  -0.0001858223
        0.0006766820   0.0002666642   0.0002420824   0.0004777401   0.0043757302
       -0.0006626170   0.0024309872  -0.0204801211  -0.0012624964  -0.0218410150
       -0.0404065782  -0.0157138607   0.0118625876  -0.0581521217   0.0427754476
        0.0395276534   0.0008451591   0.0017102783  -0.0006130354  -0.0006921644
       -0.0000398408   0.0000564632  -0.0008452521  -0.0002626186   0.0001083476
        0.0003030874  -0.0008262436  -0.0013090026
        0.0163397546  -0.0056084498   0.0247643241  -0.0042548713  -0.0599698370
       -0.0119608123  -0.0019489921   0.5210004123   0.0098329541  -0.0172076826
       -0.0672952296   0.0014799870  -0.0253213398  -0.0054348444   0.0052623024
       -0.0030347202  -0.0032200240  -0.0030082841  -0.0000150282  -0.0006831704
       -0.0003625929  -0.0000598506  -0.0001087858   0.0005234852   0.0023653964
       -0.0026048770  -0.0029701479   0.0204328257   0.0015189569  -0.0051236413
       -0.0001398471   0.0012550070   0.0007955636   0.0002422640  -0.0047865559
        0.0032850231   0.0007935606   0.0004662287  -0.0004148064  -0.0112461497
       -0.0003779706  -0.0160919136  -0.0018214167   0.0005580897  -0.0025945979
       -0.0187639478  -0.2118960047   0.0977957890   0.0440241516  -0.1640721647
       -0.1030599299  -0.0013169565   0.0006964792   0.0013347118  -0.0011866627
       -0.0001229089   0.0001084582   0.0010220519  -0.0000152850  -0.0001720023
        0.0010974605   0.0007009339   0.0005761301
       -0.0107928479   0.0101210932  -0.0188484065  -0.0582322833  -0.0122901059
       -0.1341027007  -0.0310241204   0.0098329541   0.4718417017   0.0461473216
        0.0022261446  -0.0697353311  -0.0015308592  -0.0005327684   0.0006740700
        0.0014864021  -0.0024992359   0.0055297768  -0.0000375528  -0.0002904694
        0.0004920694  -0.0001793509   0.0004956694  -0.0014588708   0.0030115521
       -0.0033281028   0.0044147410   0.0131638444   0.0009017250  -0.0044815850
        0.0008511959   0.0001715487   0.0013558696   0.0000483979   0.0029257186
       -0.0010055316  -0.0005238874   0.0000110595   0.0005067516  -0.0123503706
       -0.0032129177  -0.0208371027   0.0004157294   0.0003226724   0.0033620820
        0.0121565880   0.0980276908  -0.1001950649   0.0388766890  -0.1039939461
       -0.1343719935  -0.0014857097   0.0001083293  -0.0014338220  -0.0000926248
       -0.0001428450   0.0002683630   0.0006351658   0.0000931587  -0.0001461796
       -0.0005432794   0.0010526269  -0.0018288366
       -0.0009704285  -0.0016591762   0.0016583396  -0.0313313932  -0.0010389310
       -0.0084701491  -0.1972827699  -0.0172076826   0.0461473216   0.5886338342
        0.0384292140  -0.1164249917  -0.1312454785  -0.1224973646  -0.0156240847
       -0.0304740613  -0.0267205661   0.0003815689   0.0035624175   0.0036578205
       -0.0020051763   0.0000657061  -0.0001335357   0.0002455654  -0.0385132236
        0.0165270446   0.0162244264  -0.1418387866   0.1144914129   0.0625921521
       -0.0001188591   0.0003933079  -0.0001065710   0.0004194634  -0.0002010415
        0.0001456711   0.0022681614  -0.0000347125   0.0001486069   0.0010763148
       -0.0001152162   0.0005799274  -0.0022478565  -0.0000791250  -0.0024345487
       -0.0108806246  -0.0074027539   0.0046523267  -0.0138495097   0.0033503714
        0.0063750381   0.0051024799   0.0124079586   0.0031375136  -0.0042399222
       -0.0010719041   0.0034195753  -0.0041898197  -0.0015438065   0.0032831255
        0.0060543561  -0.0095513139  -0.0039256368
        0.0009836497   0.0005243848   0.0001432696  -0.0023818670   0.0002168015
       -0.0002262673  -0.0185880042  -0.0672952296   0.0022261446   0.0384292140
        0.5947562466   0.1326753875  -0.0539898100  -0.2537657789  -0.0521104118
       -0.0801835864   0.0121047040   0.0277465407   0.0027319828  -0.0617442102
       -0.0182576382   0.0006010031   0.0017830917   0.0002829175   0.0708632750
        0.0366292169  -0.0098115002   0.0456806503  -0.2156065777  -0.0632285700
        0.0002101651  -0.0001570287  -0.0000388289  -0.0000001675   0.0000675202
       -0.0000241802  -0.0001722083   0.0003843989   0.0003241622  -0.0005948876
       -0.0002033164  -0.0000836913  -0.0003592188   0.0006963808  -0.0004274435
       -0.0251213755  -0.0050941604   0.0082004955   0.0206610602   0.0005483070
       -0.0076099162  -0.0076934530  -0.0239645857  -0.0049624014  -0.0006332006
        0.0020685569  -0.0015589567  -0.0017186819   0.0018783867  -0.0016549336
        0.0112754606  -0.0238271085  -0.0116041783
       -0.0007938317  -0.0001863008   0.0007385815  -0.0197632274  -0.0026369509
        0.0074889752   0.0367610548   0.0014799870  -0.0697353311  -0.1164249917
        0.1326753875   0.2193657578   0.0086148341  -0.0285452907  -0.0600058119
       -0.0168893794   0.0114994177   0.0092361941  -0.0015078554  -0.0183350560
       -0.0117420751  -0.0003962465   0.0004338055   0.0005252917   0.0329541652
        0.0062098242  -0.0072170817   0.0428100039  -0.0856014636  -0.0883110182
        0.0000873504  -0.0002959539  -0.0003050216   0.0001200740  -0.0002079628
        0.0002857843   0.0009847774  -0.0002817402   0.0004274005  -0.0002269774
        0.0002133956   0.0008829170  -0.0036983193   0.0001950454  -0.0034760288
        0.0143482873   0.0034079866  -0.0029315151   0.0187675294  -0.0003418936
       -0.0055828653  -0.0038686696  -0.0119478795  -0.0019054520   0.0033072146
       -0.0017016863   0.0066156956   0.0030395493  -0.0014761289   0.0068387296
        0.0017746582  -0.0045565423  -0.0011931266
       -0.0001694794   0.0000364051   0.0001513808  -0.0013208167  -0.0014048223
        0.0010655996  -0.0213247813  -0.0253213398  -0.0015308592  -0.1312454785
       -0.0539898100   0.0086148341   0.6299709157   0.0292655836  -0.1447643583
       -0.3247184713  -0.0670843245   0.0603125098  -0.0350469615   0.0719520717
        0.0324053813  -0.0007793072  -0.0001157930   0.0023646715  -0.0419499785
       -0.0300598490   0.0021556628   0.0506905036  -0.0171342842  -0.0209203642
       -0.0001244401  -0.0002787697  -0.0000405129   0.0001030497  -0.0001629645
        0.0001349173   0.0004092530   0.0002170773   0.0000357086  -0.0001156039
        0.0000213073  -0.0000951508  -0.0002327951   0.0001149419  -0.0006462545
       -0.0031292912  -0.0010452415   0.0007483223   0.0004579727  -0.0018985288
       -0.0013271099  -0.1063543966   0.0988006998   0.0553217755  -0.0147269507
       -0.0036524818   0.0032034927  -0.0000431340  -0.0007170976  -0.0001293981
       -0.0003498087   0.0024572201   0.0029397517
        0.0007717828  -0.0001062675  -0.0000227114   0.0020980566  -0.0002116878
        0.0011973464  -0.0095221804  -0.0054348444  -0.0005327684  -0.1224973646
       -0.2537657789  -0.0285452907   0.0292655836   0.5985369864   0.1495971355
        0.0019872571  -0.0926624235  -0.0168799053   0.0168637423   0.0380651935
        0.0082120934   0.0034912879  -0.0042569222  -0.0046925127  -0.0323234209
       -0.0198375796   0.0043470784   0.0341399948  -0.0594896226  -0.0296161269
        0.0002027544   0.0001943470   0.0002027822  -0.0000622872   0.0001005880
        0.0000115094  -0.0011906581   0.0006603559  -0.0003085096  -0.0001289117
       -0.0001944570  -0.0002915947   0.0003243323  -0.0000798816   0.0000698720
       -0.0001187355  -0.0001040779  -0.0000145734   0.0021626158   0.0009437048
       -0.0003341809   0.0977324901  -0.1958495872  -0.0848206734  -0.0246100816
       -0.0040952661   0.0059571804  -0.0005260979   0.0002783833   0.0001902855
        0.0019398402  -0.0026911626  -0.0037264358
       -0.0007513968  -0.0007283557   0.0000716835  -0.0000889517   0.0012290204
       -0.0008095727   0.0050467368   0.0052623024   0.0006740700  -0.0156240847
       -0.0521104118  -0.0600058119  -0.1447643583   0.1495971355   0.2056572141
        0.0838034236   0.0036594994  -0.0665124616   0.0144493424  -0.0080879794
       -0.0098573829   0.0039531578  -0.0036578748   0.0050892433   0.0014130931
        0.0040216477  -0.0024702101  -0.0047896685  -0.0140080671  -0.0010689338
        0.0004037565   0.0000488115   0.0000370143   0.0000155178  -0.0001131185
        0.0000125662   0.0007239716   0.0003087999   0.0005399321  -0.0000536114
       -0.0001570390   0.0001419086   0.0000253916  -0.0000421630   0.0003831589
        0.0023740784   0.0009227561  -0.0004374356   0.0003628915   0.0011649147
        0.0002915606   0.0544808355  -0.0836762725  -0.0778355980  -0.0036915169
       -0.0001671171   0.0009212456  -0.0001500863   0.0002854501   0.0000322385
        0.0028614780  -0.0037519389   0.0051455710
        0.0003865816   0.0003000685  -0.0001495502  -0.0008358377  -0.0000574260
        0.0000557036   0.0008908139  -0.0030347202   0.0014864021  -0.0304740613
       -0.0801835864  -0.0168893794  -0.3247184713   0.0019872571   0.0838034236
        0.6435176116   0.0675363542  -0.1328885335  -0.1352560049   0.0392929067
        0.0367996334  -0.0381074173   0.0287402203   0.0216922671   0.0518537576
        0.0317717981  -0.0047325310  -0.0455134338   0.0234949275   0.0203610868
       -0.0000317413  -0.0000005976   0.0000337379   0.0000684792   0.0000255929
        0.0000101496  -0.0005884674  -0.0001967587  -0.0003159312   0.0000736568
        0.0000991777   0.0002265991  -0.0000478405   0.0000847217  -0.0001394904
       -0.0015054914  -0.0001034811  -0.0000148142   0.0001307531   0.0001902215
       -0.0000373794  -0.0182500758   0.0006679491   0.0054301889  -0.1009121966
       -0.1080189941  -0.0160411599  -0.0003841220  -0.0031542645   0.0011837021
       -0.0002964925   0.0005586333   0.0001258751
        0.0001712986  -0.0000945857   0.0001741069  -0.0005126280  -0.0005050309
        0.0002327676  -0.0033459608  -0.0032200240  -0.0024992359  -0.0267205661
        0.0121047040   0.0114994177  -0.0670843245  -0.0926624235   0.0036594994
        0.0675363542   0.6105977100   0.1414164749   0.1109371609  -0.2223642239
       -0.0866816524   0.0040466046   0.0050059626  -0.0008757713  -0.0154662186
       -0.0562937492  -0.0135670366   0.0205077955  -0.0067759295  -0.0075905060
       -0.0002391349  -0.0000181949  -0.0000103001  -0.0000896637  -0.0000577934
        0.0000021113  -0.0002559306   0.0001068110  -0.0001686533  -0.0000377866
       -0.0000862787   0.0000057646  -0.0001250546  -0.0000645993  -0.0001965503
       -0.0002310025  -0.0002216382   0.0002206455   0.0001558435  -0.0002647296
       -0.0001326050   0.0222505596   0.0014981919  -0.0058319472  -0.1089404170
       -0.2431641564  -0.0371278082  -0.0030244759  -0.0041777764  -0.0026437783
        0.0004675470   0.0006577543   0.0001150567
       -0.0000568592  -0.0000029468  -0.0000491088   0.0017359940   0.0004626387
       -0.0004222257   0.0002990302  -0.0030082841   0.0055297768   0.0003815689
        0.0277465407   0.0092361941   0.0603125098  -0.0168799053  -0.0665124616
       -0.1328885335   0.1414164749   0.1976403460   0.0605516152  -0.0662411621
       -0.0906761231   0.0129560384  -0.0082469768  -0.0029319640  -0.0194931812
       -0.0276067180  -0.0012804999   0.0191107890  -0.0080416429  -0.0116045319
       -0.0000262244   0.0000314011  -0.0001517670   0.0000160418   0.0000285032
       -0.0001760464   0.0002539450   0.0001204044  -0.0000065579   0.0000289173
       -0.0000310670  -0.0001118284   0.0002558468  -0.0000406144   0.0001912653
       -0.0009348775  -0.0003304810   0.0002245656  -0.0001808926   0.0000079646
        0.0000339789   0.0126653716   0.0001237581  -0.0029391036  -0.0163147754
       -0.0370087975  -0.0417376005   0.0011968145  -0.0026196076   0.0060266448
        0.0001308612   0.0001205179  -0.0002829527
        0.0005370704  -0.0003585345   0.0005965018   0.0007244077   0.0003919906
       -0.0001853623  -0.0009934199  -0.0000150282  -0.0000375528   0.0035624175
        0.0027319828  -0.0015078554  -0.0350469615   0.0168637423   0.0144493424
       -0.1352560049   0.1109371609   0.0605516152   0.6269977556   0.0449759973
       -0.1384084035  -0.3171035051  -0.0348820324   0.0765558814  -0.1232531782
       -0.1160596117  -0.0148295621  -0.0284424293  -0.0255364115  -0.0007964769
       -0.0003694307   0.0001954152  -0.0000786770  -0.0002548065  -0.0000139361
       -0.0001033619  -0.0008182159   0.0003735527  -0.0006088066  -0.0002163085
       -0.0001365171   0.0000558239   0.0003632081  -0.0001710674   0.0003478106
        0.0004552768   0.0001573413   0.0000327881   0.0004469126  -0.0002084048
       -0.0000514316  -0.0036610275  -0.0013011760   0.0031746083   0.0081243923
       -0.0110098884  -0.0052093091   0.0079479269   0.0142503790   0.0027935513
       -0.0037440798  -0.0011849539   0.0032588764
        0.0003282591   0.0001662982   0.0000242007  -0.0000771331   0.0002878995
        0.0001126160  -0.0005684680  -0.0006831704  -0.0002904694   0.0036578205
       -0.0617442102  -0.0183350560   0.0719520717   0.0380651935  -0.0080879794
        0.0392929067  -0.2223642239  -0.0662411621   0.0449759973   0.5856425635
        0.1320974621  -0.0349999555  -0.0506848998   0.0046619481  -0.0439128578
       -0.2608696245  -0.0518524939  -0.0805452464   0.0152646837   0.0296984113
        0.0001237545   0.0003000609  -0.0001834933   0.0001071592   0.0001762633
       -0.0000927169  -0.0002337341   0.0001366756  -0.0003379369  -0.0001335100
        0.0001993486   0.0002906584  -0.0001499169   0.0003529754   0.0000807089
       -0.0005298843   0.0005385464   0.0000673496   0.0002321894   0.0003575613
        0.0000405661  -0.0020632348   0.0018277612  -0.0017306548   0.0122515921
       -0.0246112255  -0.0121619592  -0.0091160745  -0.0241300415  -0.0058778935
       -0.0005917352   0.0017715647  -0.0018821057
       -0.0000916421   0.0001905261  -0.0001061099  -0.0001581944  -0.0001527605
        0.0003813858   0.0004519801  -0.0003625929   0.0004920694  -0.0020051763
       -0.0182576382  -0.0117420751   0.0324053813   0.0082120934  -0.0098573829
        0.0367996334  -0.0866816524  -0.0906761231  -0.1384084035   0.1320974621
        0.2057408586   0.0772797836   0.0047032734  -0.0537019024   0.0069190498
       -0.0312584870  -0.0638485580  -0.0175623047   0.0131328699   0.0066976379
       -0.0000236828  -0.0000579769   0.0002678040  -0.0002069365  -0.0000318335
        0.0002995096  -0.0002184280  -0.0001464840   0.0002850656  -0.0000837172
        0.0000358199   0.0002911475  -0.0001010865   0.0000689936   0.0002988218
       -0.0000027804  -0.0000027064   0.0001100751   0.0001517657   0.0001574400
        0.0002188405   0.0030189748  -0.0018993399   0.0072148103   0.0025186807
       -0.0056217270   0.0002336854  -0.0042075371  -0.0123668537   0.0000814121
        0.0035246401  -0.0017584260   0.0073190278
       -0.0004414466   0.0003315086  -0.0005693276  -0.0005320332  -0.0003103549
        0.0002774203   0.0003628223  -0.0000598506  -0.0001793509   0.0000657061
        0.0006010031  -0.0003962465  -0.0007793072   0.0034912879   0.0039531578
       -0.0381074173   0.0040466046   0.0129560384  -0.3171035051  -0.0349999555
        0.0772797836   0.3938738564   0.0453808139  -0.1007022199  -0.0353272675
       -0.0132624766   0.0069226195  -0.0000437391  -0.0051592849   0.0010611189
        0.0003703606  -0.0002101837   0.0001317586   0.0001341286  -0.0000144643
        0.0001097753   0.0004067445  -0.0003360728   0.0007030590   0.0002252501
        0.0000821837   0.0000598791  -0.0002515463   0.0001626733  -0.0002379792
       -0.0001544742  -0.0000290384  -0.0001661334  -0.0000846872   0.0001172437
       -0.0000926919  -0.0017112202  -0.0002177530   0.0002778403   0.0003813025
       -0.0005737837  -0.0011209773   0.0002403284   0.0009725649  -0.0005894917
       -0.0015238556  -0.0000126652   0.0003219679
       -0.0001618952   0.0000889959  -0.0000326339   0.0003227200  -0.0002458804
       -0.0000277506   0.0001602055  -0.0001087858   0.0004956694  -0.0001335357
        0.0017830917   0.0004338055  -0.0001157930  -0.0042569222  -0.0036578748
        0.0287402203   0.0050059626  -0.0082469768  -0.0348820324  -0.0506848998
        0.0047032734   0.0453808139   0.0558978844  -0.0018475707  -0.0383012293
       -0.0053321235   0.0085103005  -0.0010170509  -0.0054639605  -0.0036261576
       -0.0000253976  -0.0000932454   0.0000343008   0.0000210595  -0.0000683140
        0.0000191134   0.0000432726  -0.0001275493   0.0000460986   0.0000334565
       -0.0000072779   0.0000605486  -0.0000659843  -0.0000154926   0.0000123734
        0.0000286756  -0.0000976648  -0.0000668636  -0.0001636889  -0.0000193688
        0.0000620809   0.0012680671   0.0000215843  -0.0002405484  -0.0004326789
        0.0017941687   0.0016713668   0.0008580075   0.0021688092   0.0012797672
       -0.0015572122  -0.0002390119   0.0004176777
        0.0002262626  -0.0000899458   0.0001747466  -0.0002054518   0.0000544092
       -0.0003581844  -0.0008352964   0.0005234852  -0.0014588708   0.0002455654
        0.0002829175   0.0005252917   0.0023646715  -0.0046925127   0.0050892433
        0.0216922671  -0.0008757713  -0.0029319640   0.0765558814   0.0046619481
       -0.0537019024  -0.1007022199  -0.0018475707   0.0481220017  -0.0002338086
        0.0012207705   0.0043254210   0.0018457357  -0.0025040373   0.0058527845
       -0.0001252743   0.0000583222  -0.0001150268   0.0000089482   0.0000105530
       -0.0001029259  -0.0001098473   0.0000760414  -0.0002560909  -0.0000081678
       -0.0000029469   0.0000116582   0.0000077515  -0.0000491941  -0.0000155844
        0.0003151844   0.0001598172  -0.0001017922   0.0000521593  -0.0000658800
       -0.0000577842   0.0008299174   0.0001158886  -0.0003638338  -0.0011309236
        0.0016736813  -0.0020456152  -0.0006618929   0.0012545895  -0.0023297256
       -0.0001314615   0.0000354349  -0.0002618463
       -0.0002407739  -0.0001407269  -0.0000342834   0.0000483053  -0.0002277313
       -0.0004773124   0.0011658066   0.0023653964   0.0030115521  -0.0385132236
        0.0708632750   0.0329541652  -0.0419499785  -0.0323234209   0.0014130931
        0.0518537576  -0.0154662186  -0.0194931812  -0.1232531782  -0.0439128578
        0.0069190498  -0.0353272675  -0.0383012293  -0.0002338086   0.6449182992
        0.0229528204  -0.1473242707  -0.3250799203  -0.0666799228   0.0615890414
        0.0001249587  -0.0001099845   0.0000239497   0.0000261272  -0.0000136950
        0.0000030736   0.0002288050   0.0001088347   0.0003183857  -0.0000836481
       -0.0000724515  -0.0001445212   0.0001367380   0.0000040070  -0.0000607980
        0.0000822329  -0.0004171115  -0.0000684635  -0.0010539445  -0.0001304353
        0.0000115985  -0.0002187225  -0.0005722087  -0.0002448253  -0.0007661097
        0.0021497258   0.0030306365  -0.1161145047   0.1044327537   0.0554399040
       -0.0159837593  -0.0045088189   0.0033670146
       -0.0004155365   0.0000501690  -0.0000100154  -0.0004891331  -0.0003580094
       -0.0002650558   0.0029837945  -0.0026048770  -0.0033281028   0.0165270446
        0.0366292169   0.0062098242  -0.0300598490  -0.0198375796   0.0040216477
        0.0317717981  -0.0562937492  -0.0276067180  -0.1160596117  -0.2608696245
       -0.0312584870  -0.0132624766  -0.0053321235   0.0012207705   0.0229528204
        0.6054945543   0.1445156495   0.0034977167  -0.0936697646  -0.0163777433
        0.0000152118  -0.0001411898   0.0000616255   0.0000763695  -0.0000570777
        0.0001026443   0.0004228859  -0.0001351851   0.0002124209   0.0001335041
       -0.0001022822   0.0001071443  -0.0000603278  -0.0000715987  -0.0000756794
        0.0000680419  -0.0003066051  -0.0001202815   0.0011122312  -0.0001053522
       -0.0005345050  -0.0005122099   0.0004310806   0.0003076319   0.0020157158
       -0.0029517239  -0.0037792564   0.1053050790  -0.1952907439  -0.0791323195
       -0.0260230687  -0.0044775346   0.0057288054
        0.0000516931   0.0000499490  -0.0001499352   0.0011858433   0.0001064647
       -0.0000592206   0.0024601248  -0.0029701479   0.0044147410   0.0162244264
       -0.0098115002  -0.0072170817   0.0021556628   0.0043470784  -0.0024702101
       -0.0047325310  -0.0135670366  -0.0012804999  -0.0148295621  -0.0518524939
       -0.0638485580   0.0069226195   0.0085103005   0.0043254210  -0.1473242707
        0.1445156495   0.2013330057   0.0827125306   0.0041096938  -0.0665861624
       -0.0000079577   0.0000277157  -0.0000692719   0.0000914724   0.0000168037
       -0.0000655399   0.0001229909  -0.0000939366  -0.0000700929   0.0001380772
       -0.0000327175  -0.0001505147   0.0001597781   0.0000599366   0.0000878627
       -0.0005409497  -0.0004106777   0.0000666457   0.0000034783  -0.0000477743
       -0.0000615132  -0.0002014080   0.0003959044  -0.0001107271   0.0029127109
       -0.0038674574   0.0051512475   0.0556196383  -0.0791296164  -0.0748078393
       -0.0031243674  -0.0003561378   0.0015682434
        0.0003500896   0.0001760395  -0.0000008839   0.0003431469   0.0007807430
        0.0016914149  -0.0247800414   0.0204328257   0.0131638444  -0.1418387866
        0.0456806503   0.0428100039   0.0506905036   0.0341399948  -0.0047896685
       -0.0455134338   0.0205077955   0.0191107890  -0.0284424293  -0.0805452464
       -0.0175623047  -0.0000437391  -0.0010170509   0.0018457357  -0.3250799203
        0.0034977167   0.0827125306   0.6288054322   0.0604684582  -0.1333143912
       -0.0000552735  -0.0000399420  -0.0000322892   0.0000723276   0.0000715256
        0.0001101827  -0.0004551927   0.0001316532  -0.0003886991   0.0001038367
        0.0000871398   0.0002828523  -0.0000478698  -0.0000380532  -0.0001491280
        0.0001125324   0.0018109532  -0.0003218789  -0.0050340836   0.0000076000
        0.0018836580   0.0001744037  -0.0035668124   0.0009549150  -0.0001390184
        0.0006791035   0.0002553575  -0.0164184815  -0.0000155428   0.0048299631
       -0.0928040027  -0.1032495514  -0.0130920036
       -0.0004752352  -0.0002639673  -0.0002882623  -0.0012904968   0.0000322021
       -0.0006820783   0.0045189989   0.0015189569   0.0009017250   0.1144914129
       -0.2156065777  -0.0856014636  -0.0171342842  -0.0594896226  -0.0140080671
        0.0234949275  -0.0067759295  -0.0080416429  -0.0255364115   0.0152646837
        0.0131328699  -0.0051592849  -0.0054639605  -0.0025040373  -0.0666799228
       -0.0936697646   0.0041096938   0.0604684582   0.6151577270   0.1339087856
        0.0001179953  -0.0002116616   0.0000195803  -0.0000103010   0.0000520216
       -0.0000091959   0.0007182054  -0.0003143648   0.0004317060  -0.0005696608
        0.0004593194  -0.0004534062  -0.0003440570   0.0001223920  -0.0001656762
       -0.0013220081   0.0005524041   0.0005634256  -0.0013648653   0.0003508873
        0.0001345748  -0.0028774135  -0.0042195956  -0.0026740550   0.0004256919
        0.0004837754   0.0000888882   0.0208821494   0.0019765640  -0.0054682834
       -0.1023538982  -0.2499554894  -0.0333950812
       -0.0003821363  -0.0001307484   0.0001441965  -0.0009788058  -0.0004608413
       -0.0005314341   0.0091561364  -0.0051236413  -0.0044815850   0.0625921521
       -0.0632285700  -0.0883110182  -0.0209203642  -0.0296161269  -0.0010689338
        0.0203610868  -0.0075905060  -0.0116045319  -0.0007964769   0.0296984113
        0.0066976379   0.0010611189  -0.0036261576   0.0058527845   0.0615890414
       -0.0163777433  -0.0665861624  -0.1333143912   0.1339087856   0.1965307961
        0.0000019348   0.0000084260   0.0000057080  -0.0000060071   0.0000016183
        0.0000911334   0.0004044630  -0.0002412242   0.0002841243   0.0000789019
        0.0001166202  -0.0000846015  -0.0002131488   0.0001500867  -0.0000122131
       -0.0003244407  -0.0009220639   0.0006020918   0.0022452591  -0.0004320490
        0.0000210764   0.0012164432  -0.0025482049   0.0059988224   0.0001357397
        0.0000145731  -0.0002102489   0.0111735098   0.0005327372  -0.0029985493
       -0.0130800161  -0.0341333817  -0.0403390930
       -0.0734126695   0.0648977347   0.0546793743   0.0007377282   0.0016750882
       -0.0009647877   0.0002474403  -0.0001398471   0.0008511959  -0.0001188591
        0.0002101651   0.0000873504  -0.0001244401   0.0002027544   0.0004037565
       -0.0000317413  -0.0002391349  -0.0000262244  -0.0003694307   0.0001237545
       -0.0000236828   0.0003703606  -0.0000253976  -0.0001252743   0.0001249587
        0.0000152118  -0.0000079577  -0.0000552735   0.0001179953   0.0000019348
        0.0747975585  -0.0721660341  -0.0617460072   0.0070643461  -0.0126480757
       -0.0120289351  -0.0107536360   0.0199101611   0.0200157737   0.0010063349
       -0.0002260456  -0.0000502816   0.0002905661  -0.0012242435  -0.0001088503
        0.0000675831  -0.0001987029  -0.0000757693   0.0002711740   0.0000737781
       -0.0004145973  -0.0001361228  -0.0002916843  -0.0003410811  -0.0000055831
        0.0000260911  -0.0000342523   0.0000222203   0.0000010403  -0.0000464264
        0.0000074853  -0.0000946089  -0.0000452581
        0.0650555311  -0.1982787688  -0.1314840556   0.0064287648  -0.0233801646
       -0.0117491799  -0.0001007514   0.0012550070   0.0001715487   0.0003933079
       -0.0001570287  -0.0002959539  -0.0002787697   0.0001943470   0.0000488115
       -0.0000005976  -0.0000181949   0.0000314011   0.0001954152   0.0003000609
       -0.0000579769  -0.0002101837  -0.0000932454   0.0000583222  -0.0001099845
       -0.0001411898   0.0000277157  -0.0000399420  -0.0002116616   0.0000084260
       -0.0721660341   0.2194147950   0.1448633583  -0.0004857256  -0.0004474433
       -0.0058129317   0.0013308317   0.0055286372   0.0009417341  -0.0004277899
       -0.0048254933   0.0031762250   0.0001907087   0.0002398137  -0.0003649765
       -0.0001227789   0.0002661904  -0.0002479921   0.0003977924   0.0001074206
        0.0006527782   0.0000710176   0.0001843555  -0.0000403494  -0.0000651180
        0.0000125486  -0.0000225217  -0.0000388462   0.0000127164   0.0000519897
       -0.0000168477   0.0000372983   0.0000436274
        0.0537965846  -0.1273726167  -0.1538579157  -0.0036750810   0.0060553408
        0.0105066558   0.0002296654   0.0007955636   0.0013558696  -0.0001065710
       -0.0000388289  -0.0003050216  -0.0000405129   0.0002027822   0.0000370143
        0.0000337379  -0.0000103001  -0.0001517670  -0.0000786770  -0.0001834933
        0.0002678040   0.0001317586   0.0000343008  -0.0001150268   0.0000239497
        0.0000616255  -0.0000692719  -0.0000322892   0.0000195803   0.0000057080
       -0.0617460072   0.1448633583   0.1675992118   0.0046199155  -0.0193883181
       -0.0184553065   0.0072027744  -0.0080746446  -0.0060903585  -0.0002515801
        0.0030162003  -0.0005596429  -0.0000285279   0.0006175132   0.0004972772
       -0.0002151492   0.0000976192  -0.0002332778   0.0002179124  -0.0004781514
       -0.0004994783  -0.0001393007  -0.0001635451  -0.0000249295   0.0000217718
       -0.0000023924   0.0000275895   0.0000245237  -0.0000204167   0.0000440963
        0.0000111022  -0.0000311768   0.0000207701
       -0.1552746020  -0.0064141304  -0.1396983903   0.0004037075   0.0022447106
       -0.0012720184   0.0005378660   0.0002422640   0.0000483979   0.0004194634
       -0.0000001675   0.0001200740   0.0001030497  -0.0000622872   0.0000155178
        0.0000684792  -0.0000896637   0.0000160418  -0.0002548065   0.0001071592
       -0.0002069365   0.0001341286   0.0000210595   0.0000089482   0.0000261272
        0.0000763695   0.0000914724   0.0000723276  -0.0000103010  -0.0000060071
        0.0070643461  -0.0004857256   0.0046199155   0.1687060730   0.0078425333
        0.1571970846  -0.0226124413  -0.0030006774  -0.0219141930   0.0002113227
       -0.0000089795  -0.0000440681   0.0004600764  -0.0006764551   0.0009843364
        0.0000625290  -0.0001592982  -0.0000159056   0.0000091069   0.0001766036
        0.0001812796  -0.0000723796   0.0000940574  -0.0000076240  -0.0000294022
        0.0000548477  -0.0000475442  -0.0000117584   0.0000233182  -0.0000463260
       -0.0000232134   0.0000247628  -0.0000240552
       -0.0050363654  -0.0442119101  -0.0081298778   0.0133177575  -0.0003254744
        0.0177459323  -0.0001858223  -0.0047865559   0.0029257186  -0.0002010415
        0.0000675202  -0.0002079628  -0.0001629645   0.0001005880  -0.0001131185
        0.0000255929  -0.0000577934   0.0000285032  -0.0000139361   0.0001762633
       -0.0000318335  -0.0000144643  -0.0000683140   0.0000105530  -0.0000136950
       -0.0000570777   0.0000168037   0.0000715256   0.0000520216   0.0000016183
       -0.0126480757  -0.0004474433  -0.0193883181   0.0078425333   0.0472854789
        0.0094157126  -0.0045357012   0.0024925382  -0.0047222882   0.0007629257
       -0.0004538652   0.0007243417   0.0000672931   0.0000680168   0.0007248649
        0.0008428801   0.0002489911   0.0012012516  -0.0001134697  -0.0000407762
       -0.0002529849   0.0000415053  -0.0000139555   0.0000021467  -0.0000170839
        0.0000025448  -0.0000151666  -0.0000093041   0.0000004693   0.0000199692
       -0.0000200899  -0.0000312666   0.0000441347
       -0.1402382243  -0.0098559488  -0.2238416680  -0.0073721055   0.0035288579
       -0.0112806085   0.0006766820   0.0032850231  -0.0010055316   0.0001456711
       -0.0000241802   0.0002857843   0.0001349173   0.0000115094   0.0000125662
        0.0000101496   0.0000021113  -0.0001760464  -0.0001033619  -0.0000927169
        0.0002995096   0.0001097753   0.0000191134  -0.0001029259   0.0000030736
        0.0001026443  -0.0000655399   0.0001101827  -0.0000091959   0.0000911334
       -0.0120289351  -0.0058129317  -0.0184553065   0.1571970846   0.0094157126
        0.2455855171   0.0019713895  -0.0003568591   0.0080572034   0.0000730233
       -0.0004938393   0.0007121244  -0.0000083145  -0.0000170387  -0.0000393587
       -0.0007345731   0.0000295475  -0.0004656102   0.0000610290   0.0002623278
        0.0003641201   0.0000050997   0.0000279847  -0.0000305475   0.0000105987
        0.0000210573  -0.0000115027   0.0000154271  -0.0000283262   0.0000467746
       -0.0000385889  -0.0000148526   0.0000199129
       -0.2892851862  -0.0542400065   0.0860585029   0.0007275975  -0.0067028605
        0.0038557652   0.0002666642   0.0007935606  -0.0005238874   0.0022681614
       -0.0001722083   0.0009847774   0.0004092530  -0.0011906581   0.0007239716
       -0.0005884674  -0.0002559306   0.0002539450  -0.0008182159  -0.0002337341
       -0.0002184280   0.0004067445   0.0000432726  -0.0001098473   0.0002288050
        0.0004228859   0.0001229909  -0.0004551927   0.0007182054   0.0004044630
       -0.0107536360   0.0013308317   0.0072027744  -0.0226124413  -0.0045357012
        0.0019713895   0.3189742808   0.0638550042  -0.0997252571   0.0006045125
        0.0005028599  -0.0001155220   0.0009901766  -0.0003961330  -0.0003356929
       -0.0001675007   0.0000818007  -0.0002548226  -0.0001007108  -0.0000242890
        0.0000512886   0.0000468615   0.0000559897  -0.0001121557  -0.0000833260
        0.0000241653  -0.0000804423  -0.0000281756   0.0000245054  -0.0000929940
       -0.0000302045  -0.0001015602  -0.0000608191
       -0.0581682463  -0.0572114821   0.0193049682  -0.0222277482  -0.0074964638
        0.0087897125   0.0002420824   0.0004662287   0.0000110595  -0.0000347125
        0.0003843989  -0.0002817402   0.0002170773   0.0006603559   0.0003087999
       -0.0001967587   0.0001068110   0.0001204044   0.0003735527   0.0001366756
       -0.0001464840  -0.0003360728  -0.0001275493   0.0000760414   0.0001088347
       -0.0001351851  -0.0000939366   0.0001316532  -0.0003143648  -0.0002412242
        0.0199101611   0.0055286372  -0.0080746446  -0.0030006774   0.0024925382
       -0.0003568591   0.0638550042   0.0607912592  -0.0223819580  -0.0006777344
       -0.0001972570   0.0003730872  -0.0001238138  -0.0049024450   0.0029747170
       -0.0000322761   0.0002679373  -0.0000678197   0.0000584849  -0.0000898553
       -0.0001265803   0.0000581425  -0.0001324238  -0.0002558562  -0.0001062372
       -0.0000425898  -0.0000483641  -0.0000267030  -0.0000233539   0.0000602047
       -0.0000240126  -0.0001618723   0.0000564722
        0.0891246675   0.0192111018  -0.0765423277   0.0122505275   0.0054597635
       -0.0046120172   0.0004777401  -0.0004148064   0.0005067516   0.0001486069
        0.0003241622   0.0004274005   0.0000357086  -0.0003085096   0.0005399321
       -0.0003159312  -0.0001686533  -0.0000065579  -0.0006088066  -0.0003379369
        0.0002850656   0.0007030590   0.0000460986  -0.0002560909   0.0003183857
        0.0002124209  -0.0000700929  -0.0003886991   0.0004317060   0.0002841243
        0.0200157737   0.0009417341  -0.0060903585  -0.0219141930  -0.0047222882
        0.0080572034  -0.0997252571  -0.0223819580   0.0782148378  -0.0002892189
       -0.0007115613   0.0005465374  -0.0000961098   0.0030463997  -0.0006017032
       -0.0000784672  -0.0000985549   0.0000878753   0.0001836551   0.0000757004
       -0.0004448805  -0.0000058321  -0.0004293054  -0.0004023821   0.0000659824
       -0.0000041219   0.0000049488   0.0000733954  -0.0000599061   0.0000561580
        0.0000250130  -0.0001114851   0.0000155762
        0.0003946952   0.0001712557  -0.0008259837  -0.0631356569   0.0460983419
        0.0416615441   0.0043757302  -0.0112461497  -0.0123503706   0.0010763148
       -0.0005948876  -0.0002269774  -0.0001156039  -0.0001289117  -0.0000536114
        0.0000736568  -0.0000377866   0.0000289173  -0.0002163085  -0.0001335100
       -0.0000837172   0.0002252501   0.0000334565  -0.0000081678  -0.0000836481
        0.0001335041   0.0001380772   0.0001038367  -0.0005696608   0.0000789019
        0.0010063349  -0.0004277899  -0.0002515801   0.0002113227   0.0007629257
        0.0000730233   0.0006045125  -0.0006777344  -0.0002892189   0.0693682237
       -0.0532419337  -0.0465965501  -0.0123768028   0.0197107049   0.0218483752
        0.0002938689  -0.0001172612   0.0002664703  -0.0015834342  -0.0004223136
       -0.0032888023   0.0000015535   0.0001380563   0.0000296886   0.0000462973
       -0.0000217739   0.0000067947  -0.0000307463  -0.0000301060  -0.0000058838
       -0.0002393966   0.0006015742  -0.0001509292
        0.0089636114  -0.0296890512  -0.0129692352   0.0429442712  -0.1599872321
       -0.1043089754  -0.0006626170  -0.0003779706  -0.0032129177  -0.0001152162
       -0.0002033164   0.0002133956   0.0000213073  -0.0001944570  -0.0001570390
        0.0000991777  -0.0000862787  -0.0000310670  -0.0001365171   0.0001993486
        0.0000358199   0.0000821837  -0.0000072779  -0.0000029469  -0.0000724515
       -0.0001022822  -0.0000327175   0.0000871398   0.0004593194   0.0001166202
       -0.0002260456  -0.0048254933   0.0030162003  -0.0000089795  -0.0004538652
       -0.0004938393   0.0005028599  -0.0001972570  -0.0007115613  -0.0532419337
        0.1904853911   0.1184198740   0.0009882818   0.0036406787  -0.0000947812
        0.0001977195   0.0003961763   0.0002510794   0.0002647359   0.0008926419
       -0.0002342577   0.0000038986  -0.0000088942   0.0000760033   0.0000213570
        0.0000363367   0.0000129428   0.0000761149   0.0000348049  -0.0000372584
        0.0002111020  -0.0000113219   0.0001446611
       -0.0040248968   0.0125701938   0.0070580469   0.0444409241  -0.1108452173
       -0.1356980761   0.0024309872  -0.0160919136  -0.0208371027   0.0005799274
       -0.0000836913   0.0008829170  -0.0000951508  -0.0002915947   0.0001419086
        0.0002265991   0.0000057646  -0.0001118284   0.0000558239   0.0002906584
        0.0002911475   0.0000598791   0.0000605486   0.0000116582  -0.0001445212
        0.0001071443  -0.0001505147   0.0002828523  -0.0004534062  -0.0000846015
       -0.0000502816   0.0031762250  -0.0005596429  -0.0000440681   0.0007243417
        0.0007121244  -0.0001155220   0.0003730872   0.0005465374  -0.0465965501
        0.1184198740   0.1587372445   0.0067659209  -0.0082085744  -0.0071051263
        0.0000230166  -0.0003155441  -0.0000581511  -0.0035558846  -0.0002237541
       -0.0040235817   0.0000374501   0.0001854051   0.0000823658   0.0000191869
        0.0000177064   0.0001106351   0.0000657431   0.0000517533  -0.0000366140
       -0.0003614353   0.0005309937   0.0000906539
       -0.0017606193  -0.0022086898   0.0019491712  -0.2429977316  -0.0445291811
        0.0660768287  -0.0204801211  -0.0018214167   0.0004157294  -0.0022478565
       -0.0003592188  -0.0036983193  -0.0002327951   0.0003243323   0.0000253916
       -0.0000478405  -0.0001250546   0.0002558468   0.0003632081  -0.0001499169
       -0.0001010865  -0.0002515463  -0.0000659843   0.0000077515   0.0001367380
       -0.0000603278   0.0001597781  -0.0000478698  -0.0003440570  -0.0002131488
        0.0002905661   0.0001907087  -0.0000285279   0.0004600764   0.0000672931
       -0.0000083145   0.0009901766  -0.0001238138  -0.0000961098  -0.0123768028
        0.0009882818   0.0067659209   0.2776188730   0.0481006445  -0.0720006338
        0.0001654001   0.0002311183   0.0001130534   0.0005710326  -0.0000549906
        0.0004552445  -0.0000192843   0.0000785385  -0.0000559907   0.0000096314
       -0.0000450275   0.0000251632  -0.0000301701  -0.0000733697  -0.0000099606
       -0.0001130649  -0.0000198684  -0.0000377874
       -0.0262116728  -0.0134004239   0.0136654820  -0.0385761432  -0.0521888963
        0.0082463532  -0.0012624964   0.0005580897   0.0003226724  -0.0000791250
        0.0006963808   0.0001950454   0.0001149419  -0.0000798816  -0.0000421630
        0.0000847217  -0.0000645993  -0.0000406144  -0.0001710674   0.0003529754
        0.0000689936   0.0001626733  -0.0000154926  -0.0000491941   0.0000040070
       -0.0000715987   0.0000599366  -0.0000380532   0.0001223920   0.0001500867
       -0.0012242435   0.0002398137   0.0006175132  -0.0006764551   0.0000680168
       -0.0000170387  -0.0003961330  -0.0049024450   0.0030463997   0.0197107049
        0.0036406787  -0.0082085744   0.0481006445   0.0645904576  -0.0184298197
        0.0007622314   0.0002998718   0.0004153861  -0.0003189110  -0.0000837661
       -0.0000045563  -0.0000027813   0.0000123165   0.0000030543   0.0000286041
        0.0000619881  -0.0000126858   0.0000261249   0.0000468084   0.0000186833
       -0.0000375716   0.0001173141  -0.0000049603
        0.0137637235   0.0079445502  -0.0073555598   0.0619629240   0.0108342702
       -0.0611330391  -0.0218410150  -0.0025945979   0.0033620820  -0.0024345487
       -0.0004274435  -0.0034760288  -0.0006462545   0.0000698720   0.0003831589
       -0.0001394904  -0.0001965503   0.0001912653   0.0003478106   0.0000807089
        0.0002988218  -0.0002379792   0.0000123734  -0.0000155844  -0.0000607980
       -0.0000756794   0.0000878627  -0.0001491280  -0.0001656762  -0.0000122131
       -0.0001088503  -0.0003649765   0.0004972772   0.0009843364   0.0007248649
       -0.0000393587  -0.0003356929   0.0029747170  -0.0006017032   0.0218483752
       -0.0000947812  -0.0071051263  -0.0720006338  -0.0184298197   0.0740934805
       -0.0005165300  -0.0002018823   0.0003473953  -0.0004003241  -0.0001798855
        0.0005733837   0.0000078966   0.0000164366  -0.0000100603  -0.0000504028
       -0.0000161835   0.0001544030   0.0000053167   0.0000353532  -0.0000195050
        0.0000012648   0.0000543299  -0.0002209516
       -0.0019982827   0.0015082671  -0.0042829211   0.0008212339   0.0121761234
       -0.0069086104  -0.0404065782  -0.0187639478   0.0121565880  -0.0108806246
       -0.0251213755   0.0143482873  -0.0031292912  -0.0001187355   0.0023740784
       -0.0015054914  -0.0002310025  -0.0009348775   0.0004552768  -0.0005298843
       -0.0000027804  -0.0001544742   0.0000286756   0.0003151844   0.0000822329
        0.0000680419  -0.0005409497   0.0001125324  -0.0013220081  -0.0003244407
        0.0000675831  -0.0001227789  -0.0002151492   0.0000625290   0.0008428801
       -0.0007345731  -0.0001675007  -0.0000322761  -0.0000784672   0.0002938689
        0.0001977195   0.0000230166   0.0001654001   0.0007622314  -0.0005165300
        0.0540035726   0.0222208335  -0.0127342455   0.0023089965   0.0078159922
       -0.0029040981  -0.0000334560   0.0001842716   0.0002974201  -0.0002607032
        0.0000345386   0.0000594585   0.0001279503  -0.0000049002   0.0000172035
        0.0000352256   0.0004073342   0.0005864062
        0.0003900368   0.0014586625  -0.0002331470   0.0008650845  -0.0028859186
        0.0027532924  -0.0157138607  -0.2118960047   0.0980276908  -0.0074027539
       -0.0050941604   0.0034079866  -0.0010452415  -0.0001040779   0.0009227561
       -0.0001034811  -0.0002216382  -0.0003304810   0.0001573413   0.0005385464
       -0.0000027064  -0.0000290384  -0.0000976648   0.0001598172  -0.0004171115
       -0.0003066051  -0.0004106777   0.0018109532   0.0005524041  -0.0009220639
       -0.0001987029   0.0002661904   0.0000976192  -0.0001592982   0.0002489911
        0.0000295475   0.0000818007   0.0002679373  -0.0000985549  -0.0001172612
        0.0003961763  -0.0003155441   0.0002311183   0.0002998718  -0.0002018823
        0.0222208335   0.2443643530  -0.1122428288  -0.0009432152  -0.0280230482
        0.0090617606   0.0001332473   0.0001463652   0.0002416141  -0.0000084783
       -0.0000055461   0.0001422848   0.0000791406   0.0000252650  -0.0001116671
        0.0001688866   0.0000699009   0.0000251837
       -0.0033705590   0.0008782606  -0.0046727664  -0.0001903768   0.0201805500
       -0.0129254798   0.0118625876   0.0977957890  -0.1001950649   0.0046523267
        0.0082004955  -0.0029315151   0.0007483223  -0.0000145734  -0.0004374356
       -0.0000148142   0.0002206455   0.0002245656   0.0000327881   0.0000673496
        0.0001100751  -0.0001661334  -0.0000668636  -0.0001017922  -0.0000684635
       -0.0001202815   0.0000666457  -0.0003218789   0.0005634256   0.0006020918
       -0.0000757693  -0.0002479921  -0.0002332778  -0.0000159056   0.0012012516
       -0.0004656102  -0.0002548226  -0.0000678197   0.0000878753   0.0002664703
        0.0002510794  -0.0000581511   0.0001130534   0.0004153861   0.0003473953
       -0.0127342455  -0.1122428288   0.1123650438  -0.0009130400  -0.0164712156
        0.0086777380   0.0001070095  -0.0000207837  -0.0000840197   0.0000493203
       -0.0000281642  -0.0000252027  -0.0000783126   0.0000113536   0.0000030684
        0.0003724434  -0.0005050639  -0.0003541835
        0.0002949679  -0.0004644511   0.0003935672   0.0033141069  -0.0132349694
       -0.0133136343  -0.0581521217   0.0440241516   0.0388766890  -0.0138495097
        0.0206610602   0.0187675294   0.0004579727   0.0021626158   0.0003628915
        0.0001307531   0.0001558435  -0.0001808926   0.0004469126   0.0002321894
        0.0001517657  -0.0000846872  -0.0001636889   0.0000521593  -0.0010539445
        0.0011122312   0.0000034783  -0.0050340836  -0.0013648653   0.0022452591
        0.0002711740   0.0003977924   0.0002179124   0.0000091069  -0.0001134697
        0.0000610290  -0.0001007108   0.0000584849   0.0001836551  -0.0015834342
        0.0002647359  -0.0035558846   0.0005710326  -0.0003189110  -0.0004003241
        0.0023089965  -0.0009432152  -0.0009130400   0.0725536407  -0.0506923648
       -0.0428804413  -0.0002751996  -0.0012983466  -0.0000072076   0.0001309707
        0.0000152603  -0.0000312411  -0.0003754485  -0.0000680868   0.0000100793
        0.0000195052  -0.0004219963  -0.0000433498
        0.0000329525   0.0015631846   0.0008727069  -0.0005821352  -0.0021569811
       -0.0022515668   0.0427754476  -0.1640721647  -0.1039939461   0.0033503714
        0.0005483070  -0.0003418936  -0.0018985288   0.0009437048   0.0011649147
        0.0001902215  -0.0002647296   0.0000079646  -0.0002084048   0.0003575613
        0.0001574400   0.0001172437  -0.0000193688  -0.0000658800  -0.0001304353
       -0.0001053522  -0.0000477743   0.0000076000   0.0003508873  -0.0004320490
        0.0000737781   0.0001074206  -0.0004781514   0.0001766036  -0.0000407762
        0.0002623278  -0.0000242890  -0.0000898553   0.0000757004  -0.0004223136
        0.0008926419  -0.0002237541  -0.0000549906  -0.0000837661  -0.0001798855
        0.0078159922  -0.0280230482  -0.0164712156  -0.0506923648   0.1898108671
        0.1217686245  -0.0003345027  -0.0000037969  -0.0000127165  -0.0000535019
        0.0000086330   0.0000123583   0.0000062059   0.0000355351   0.0000277366
       -0.0001449498   0.0002410966   0.0001490591
        0.0008163186  -0.0009939347   0.0016457564   0.0015296790  -0.0192050224
       -0.0232187505   0.0395276534  -0.1030599299  -0.1343719935   0.0063750381
       -0.0076099162  -0.0055828653  -0.0013271099  -0.0003341809   0.0002915606
       -0.0000373794  -0.0001326050   0.0000339789  -0.0000514316   0.0000405661
        0.0002188405  -0.0000926919   0.0000620809  -0.0000577842   0.0000115985
       -0.0005345050  -0.0000615132   0.0018836580   0.0001345748   0.0000210764
       -0.0004145973   0.0006527782  -0.0004994783   0.0001812796  -0.0002529849
        0.0003641201   0.0000512886  -0.0001265803  -0.0004448805  -0.0032888023
       -0.0002342577  -0.0040235817   0.0004552445  -0.0000045563   0.0005733837
       -0.0029040981   0.0090617606   0.0086777380  -0.0428804413   0.1217686245
        0.1563823572   0.0002216562   0.0005927042   0.0001580399  -0.0001149466
       -0.0000196611   0.0000249227   0.0000641270   0.0000706009  -0.0000750381
       -0.0000060431   0.0001244441  -0.0000558893
        0.0000391580  -0.0000499385  -0.0000328686  -0.0001717665   0.0000213745
        0.0000045119   0.0008451591  -0.0013169565  -0.0014857097   0.0051024799
       -0.0076934530  -0.0038686696  -0.1063543966   0.0977324901   0.0544808355
       -0.0182500758   0.0222505596   0.0126653716  -0.0036610275  -0.0020632348
        0.0030189748  -0.0017112202   0.0012680671   0.0008299174  -0.0002187225
       -0.0005122099  -0.0002014080   0.0001744037  -0.0028774135   0.0012164432
       -0.0001361228   0.0000710176  -0.0001393007  -0.0000723796   0.0000415053
        0.0000050997   0.0000468615   0.0000581425  -0.0000058321   0.0000015535
        0.0000038986   0.0000374501  -0.0000192843  -0.0000027813   0.0000078966
       -0.0000334560   0.0001332473   0.0001070095  -0.0002751996  -0.0003345027
        0.0002216562   0.1239893186  -0.1073182835  -0.0655217168   0.0005565777
        0.0010274573  -0.0006624503  -0.0001072539   0.0000569304  -0.0004484470
        0.0002553934  -0.0004959167  -0.0002287636
        0.0000451202   0.0001303150   0.0000420246   0.0000547906  -0.0001382237
        0.0001891530   0.0017102783   0.0006964792   0.0001083293   0.0124079586
       -0.0239645857  -0.0119478795   0.0988006998  -0.1958495872  -0.0836762725
        0.0006679491   0.0014981919   0.0001237581  -0.0013011760   0.0018277612
       -0.0018993399  -0.0002177530   0.0000215843   0.0001158886  -0.0005722087
        0.0004310806   0.0003959044  -0.0035668124  -0.0042195956  -0.0025482049
       -0.0002916843   0.0001843555  -0.0001635451   0.0000940574  -0.0000139555
        0.0000279847   0.0000559897  -0.0001324238  -0.0004293054   0.0001380563
       -0.0000088942   0.0001854051   0.0000785385   0.0000123165   0.0000164366
        0.0001842716   0.0001463652  -0.0000207837  -0.0012983466  -0.0000037969
        0.0005927042  -0.1073182835   0.2199322543   0.0976309083  -0.0004626891
        0.0006795369   0.0012402606   0.0000695204  -0.0000449891   0.0005644929
        0.0007217231  -0.0011841889  -0.0005479194
        0.0001295721   0.0003259260   0.0000895732  -0.0004089609  -0.0004190037
       -0.0002228697  -0.0006130354   0.0013347118  -0.0014338220   0.0031375136
       -0.0049624014  -0.0019054520   0.0553217755  -0.0848206734  -0.0778355980
        0.0054301889  -0.0058319472  -0.0029391036   0.0031746083  -0.0017306548
        0.0072148103   0.0002778403  -0.0002405484  -0.0003638338  -0.0002448253
        0.0003076319  -0.0001107271   0.0009549150  -0.0026740550   0.0059988224
       -0.0003410811  -0.0000403494  -0.0000249295  -0.0000076240   0.0000021467
       -0.0000305475  -0.0001121557  -0.0002558562  -0.0004023821   0.0000296886
        0.0000760033   0.0000823658  -0.0000559907   0.0000030543  -0.0000100603
        0.0002974201   0.0002416141  -0.0000840197  -0.0000072076  -0.0000127165
        0.0001580399  -0.0655217168   0.0976309083   0.0755951244  -0.0011826761
        0.0008249652  -0.0022309682  -0.0004245998   0.0005010849  -0.0014548071
        0.0001663510  -0.0002598406  -0.0000896153
        0.0000575942   0.0000977171  -0.0000425796  -0.0001834022  -0.0000607419
        0.0001396548  -0.0006921644  -0.0011866627  -0.0000926248  -0.0042399222
       -0.0006332006   0.0033072146  -0.0147269507  -0.0246100816  -0.0036915169
       -0.1009121966  -0.1089404170  -0.0163147754   0.0081243923   0.0122515921
        0.0025186807   0.0003813025  -0.0004326789  -0.0011309236  -0.0007661097
        0.0020157158   0.0029127109  -0.0001390184   0.0004256919   0.0001357397
       -0.0000055831  -0.0000651180   0.0000217718  -0.0000294022  -0.0000170839
        0.0000105987  -0.0000833260  -0.0001062372   0.0000659824   0.0000462973
        0.0000213570   0.0000191869   0.0000096314   0.0000286041  -0.0000504028
       -0.0002607032  -0.0000084783   0.0000493203   0.0001309707  -0.0000535019
       -0.0001149466   0.0005565777  -0.0004626891  -0.0011826761   0.1125897077
        0.1207568046   0.0137903797   0.0002440603   0.0008034483   0.0000441707
       -0.0001017554   0.0001759602  -0.0003949655
       -0.0000535322   0.0000054297  -0.0000284978   0.0001305537  -0.0000808102
        0.0000936735  -0.0000398408  -0.0001229089  -0.0001428450  -0.0010719041
        0.0020685569  -0.0017016863  -0.0036524818  -0.0040952661  -0.0001671171
       -0.1080189941  -0.2431641564  -0.0370087975  -0.0110098884  -0.0246112255
       -0.0056217270  -0.0005737837   0.0017941687   0.0016736813   0.0021497258
       -0.0029517239  -0.0038674574   0.0006791035   0.0004837754   0.0000145731
        0.0000260911   0.0000125486  -0.0000023924   0.0000548477   0.0000025448
        0.0000210573   0.0000241653  -0.0000425898  -0.0000041219  -0.0000217739
        0.0000363367   0.0000177064  -0.0000450275   0.0000619881  -0.0000161835
        0.0000345386  -0.0000055461  -0.0000281642   0.0000152603   0.0000086330
       -0.0000196611   0.0010274573   0.0006795369   0.0008249652   0.1207568046
        0.2710365551   0.0454611739  -0.0005953899  -0.0011088535  -0.0000105793
        0.0001840685  -0.0000069934   0.0005123998
        0.0000281562   0.0001161873   0.0000901755   0.0001489706  -0.0000698560
       -0.0003594933   0.0000564632   0.0001084582   0.0002683630   0.0034195753
       -0.0015589567   0.0066156956   0.0032034927   0.0059571804   0.0009212456
       -0.0160411599  -0.0371278082  -0.0417376005  -0.0052093091  -0.0121619592
        0.0002336854  -0.0011209773   0.0016713668  -0.0020456152   0.0030306365
       -0.0037792564   0.0051512475   0.0002553575   0.0000888882  -0.0002102489
       -0.0000342523  -0.0000225217   0.0000275895  -0.0000475442  -0.0000151666
       -0.0000115027  -0.0000804423  -0.0000483641   0.0000049488   0.0000067947
        0.0000129428   0.0001106351   0.0000251632  -0.0000126858   0.0001544030
        0.0000594585   0.0001422848  -0.0000252027  -0.0000312411   0.0000123583
        0.0000249227  -0.0006624503   0.0012402606  -0.0022309682   0.0137903797
        0.0454611739   0.0349390289  -0.0003990812  -0.0004656541  -0.0004723044
       -0.0003979904   0.0004511274  -0.0014490049
       -0.0000272894  -0.0000116038  -0.0000506620   0.0001581134  -0.0000485102
        0.0000093777  -0.0008452521   0.0010220519   0.0006351658  -0.0041898197
       -0.0017186819   0.0030395493  -0.0000431340  -0.0005260979  -0.0001500863
       -0.0003841220  -0.0030244759   0.0011968145   0.0079479269  -0.0091160745
       -0.0042075371   0.0002403284   0.0008580075  -0.0006618929  -0.1161145047
        0.1053050790   0.0556196383  -0.0164184815   0.0208821494   0.0111735098
        0.0000222203  -0.0000388462   0.0000245237  -0.0000117584  -0.0000093041
        0.0000154271  -0.0000281756  -0.0000267030   0.0000733954  -0.0000307463
        0.0000761149   0.0000657431  -0.0000301701   0.0000261249   0.0000053167
        0.0001279503   0.0000791406  -0.0000783126  -0.0003754485   0.0000062059
        0.0000641270  -0.0001072539   0.0000695204  -0.0004245998   0.0002440603
       -0.0005953899  -0.0003990812   0.1293537637  -0.1142615011  -0.0652655949
        0.0005117928   0.0010527941  -0.0006848215
       -0.0000488308   0.0000333157   0.0000619063   0.0001264407  -0.0000639497
       -0.0001414752  -0.0002626186  -0.0000152850   0.0000931587  -0.0015438065
        0.0018783867  -0.0014761289  -0.0007170976   0.0002783833   0.0002854501
       -0.0031542645  -0.0041777764  -0.0026196076   0.0142503790  -0.0241300415
       -0.0123668537   0.0009725649   0.0021688092   0.0012545895   0.1044327537
       -0.1952907439  -0.0791296164  -0.0000155428   0.0019765640   0.0005327372
        0.0000010403   0.0000127164  -0.0000204167   0.0000233182   0.0000004693
       -0.0000283262   0.0000245054  -0.0000233539  -0.0000599061  -0.0000301060
        0.0000348049   0.0000517533  -0.0000733697   0.0000468084   0.0000353532
       -0.0000049002   0.0000252650   0.0000113536  -0.0000680868   0.0000355351
        0.0000706009   0.0000569304  -0.0000449891   0.0005010849   0.0008034483
       -0.0011088535  -0.0004656541  -0.1142615011   0.2176784317   0.0921782794
       -0.0005112562   0.0006855032   0.0012317178
        0.0000566095  -0.0000574696  -0.0001396063   0.0000005639  -0.0000101660
        0.0002572941   0.0001083476  -0.0001720023  -0.0001461796   0.0032831255
       -0.0016549336   0.0068387296  -0.0001293981   0.0001902855   0.0000322385
        0.0011837021  -0.0026437783   0.0060266448   0.0027935513  -0.0058778935
        0.0000814121  -0.0005894917   0.0012797672  -0.0023297256   0.0554399040
       -0.0791323195  -0.0748078393   0.0048299631  -0.0054682834  -0.0029985493
       -0.0000464264   0.0000519897   0.0000440963  -0.0000463260   0.0000199692
        0.0000467746  -0.0000929940   0.0000602047   0.0000561580  -0.0000058838
       -0.0000372584  -0.0000366140  -0.0000099606   0.0000186833  -0.0000195050
        0.0000172035  -0.0001116671   0.0000030684   0.0000100793   0.0000277366
       -0.0000750381  -0.0004484470   0.0005644929  -0.0014548071   0.0000441707
       -0.0000105793  -0.0004723044  -0.0652655949   0.0921782794   0.0713618108
       -0.0011326978   0.0007849426  -0.0022680585
       -0.0000112458  -0.0001914418   0.0000338455  -0.0000006657   0.0003326104
        0.0000535160   0.0003030874   0.0010974605  -0.0005432794   0.0060543561
        0.0112754606   0.0017746582  -0.0003498087   0.0019398402   0.0028614780
       -0.0002964925   0.0004675470   0.0001308612  -0.0037440798  -0.0005917352
        0.0035246401  -0.0015238556  -0.0015572122  -0.0001314615  -0.0159837593
       -0.0260230687  -0.0031243674  -0.0928040027  -0.1023538982  -0.0130800161
        0.0000074853  -0.0000168477   0.0000111022  -0.0000232134  -0.0000200899
       -0.0000385889  -0.0000302045  -0.0000240126   0.0000250130  -0.0002393966
        0.0002111020  -0.0003614353  -0.0001130649  -0.0000375716   0.0000012648
        0.0000352256   0.0001688866   0.0003724434   0.0000195052  -0.0001449498
       -0.0000060431   0.0002553934   0.0007217231   0.0001663510  -0.0001017554
        0.0001840685  -0.0003979904   0.0005117928  -0.0005112562  -0.0011326978
        0.1080346991   0.1150733850   0.0098607064
        0.0000119231   0.0002432220   0.0000459886   0.0001039106  -0.0003320042
        0.0000259687  -0.0008262436   0.0007009339   0.0010526269  -0.0095513139
       -0.0238271085  -0.0045565423   0.0024572201  -0.0026911626  -0.0037519389
        0.0005586333   0.0006577543   0.0001205179  -0.0011849539   0.0017715647
       -0.0017584260  -0.0000126652  -0.0002390119   0.0000354349  -0.0045088189
       -0.0044775346  -0.0003561378  -0.1032495514  -0.2499554894  -0.0341333817
       -0.0000946089   0.0000372983  -0.0000311768   0.0000247628  -0.0000312666
       -0.0000148526  -0.0001015602  -0.0001618723  -0.0001114851   0.0006015742
       -0.0000113219   0.0005309937  -0.0000198684   0.0001173141   0.0000543299
        0.0004073342   0.0000699009  -0.0005050639  -0.0004219963   0.0002410966
        0.0001244441  -0.0004959167  -0.0011841889  -0.0002598406   0.0001759602
       -0.0000069934   0.0004511274   0.0010527941   0.0006855032   0.0007849426
        0.1150733850   0.2783933662   0.0422524709
        0.0000360856  -0.0000043220  -0.0002197038  -0.0004992916  -0.0001323939
        0.0005831684  -0.0013090026   0.0005761301  -0.0018288366  -0.0039256368
       -0.0116041783  -0.0011931266   0.0029397517  -0.0037264358   0.0051455710
        0.0001258751   0.0001150567  -0.0002829527   0.0032588764  -0.0018821057
        0.0073190278   0.0003219679   0.0004176777  -0.0002618463   0.0033670146
        0.0057288054   0.0015682434  -0.0130920036  -0.0333950812  -0.0403390930
       -0.0000452581   0.0000436274   0.0000207701  -0.0000240552   0.0000441347
        0.0000199129  -0.0000608191   0.0000564722   0.0000155762  -0.0001509292
        0.0001446611   0.0000906539  -0.0000377874  -0.0000049603  -0.0002209516
        0.0005864062   0.0000251837  -0.0003541835  -0.0000433498   0.0001490591
       -0.0000558893  -0.0002287636  -0.0005479194  -0.0000896153  -0.0003949655
        0.0005123998  -0.0014490049  -0.0006848215   0.0012317178  -0.0022680585
        0.0098607064   0.0422524709   0.0338003383
