   -0.13429813
   -0.02850127
   -0.07629765
   -0.01332383
   -0.04978199
   -0.05736501
    0.03844715
    0.00873204
   -0.06039428
    0.00089042
   -0.10723849
    0.02184463
    0.03856886
    0.01524129
    0.12129422
   -0.24222358
    0.01385658
    0.11979790
   -0.23493003
    0.04246591
    0.01207283
    0.00334331
   -0.10719935
   -0.05361724
   -0.01765503
   -0.00663191
    0.01144023
   -0.02968463
   -0.17908009
   -0.72253645
    0.26196073
    0.29368937
    0.26497489
    0.11017019
    0.09077818
    0.08709449
    0.05812009
    0.02962549
    0.05110313
    0.02191453
    0.06684572
    0.05098463
    0.04119019
    0.06340710
    0.04697370
    0.04924642
    0.03493288
    0.04975189
