           1           2  0.94207791096641347     
           2           3   1.0057924851591480     
           3           4  0.99578169818236106     
           4           5  0.99568104424120707     
           5           6   1.0075379938967832     
           6           7   1.0080813840237184     
           7           8   1.0081927100081325     
           4           9  0.99594237545213626     
           8           9   1.0066245279342509     
           1          11  0.92356234757273836     
           1          12  0.84322096406671909     
           1          13  0.90691102125418399     
           2          14  0.97041167579973153     
           2          15  0.96569795104360145     
           3          16  0.96184739470942704     
           3          17  0.96666646098991205     
           4          18  0.96436549673670524     
           5          19  0.97651269508745597     
           5          20  0.97317601115347285     
           6          21  0.97741503016480746     
           6          22  0.97686700099719748     
           7          23  0.97721647087846275     
           7          24  0.97814530634988128     
           8          25  0.97702783803249860     
           8          26  0.97678151277967729     
           9          27  0.97507347116957888     
           9          28  0.97114047998854502     
