           1           2  0.90647228654200518     
           2           3   1.0347382589425571     
           3           4   1.5239543115198599     
           4           5   1.3306759096040541     
           3           6  0.12768592555469657     
           5           6   1.5839496327921585     
           3           7   1.1793749938112190     
           4           7  0.11483966968117770     
           6           7   1.2355876479042052     
           1           8  0.91072986035801506     
           1           9  0.90777741482421148     
           1          10  0.90905231226204952     
           2          11  0.96119550481000104     
           2          12  0.95915014438719770     
           4          13  0.96332571364082353     
           5          14  0.96106874339381054     
           6          15  0.96700678627979997     
