           1           2  0.91749183023007608     
           2           3  0.97554871543922206     
           2           4  0.97553226808901594     
           3           4  0.98870502082610801     
           1           5  0.90539059294919277     
           1           6  0.90922781001017083     
           1           7  0.90924391668438798     
           2           8  0.95989577320292230     
           3           9  0.97252878262181564     
           3          10  0.97008480409098452     
           4          11  0.97253775461141378     
           4          12  0.97008209652751654     
