   284
         61          1         61
         12         62         73
          4         74         77
         31         78        108
          2        109        110
         53        111        163
          6        164        169
          3        170        172
         26        173        198
          9        199        207
          9        208        216
          2        217        218
         15        219        233
          6        234        239
          1        240        240
          2        241        242
          8        243        250
          4        251        254
          2        255        256
          2        257        258
          8        259        266
          4        267        270
          4        271        274
          4        275        278
          5        279        283
          3        284        286
          7        287        293
          2        294        295
          7        296        302
          2        303        304
          7        305        311
          4        312        315
          2        316        317
          7        318        324
          5        325        329
         11        330        340
          2        341        342
          3        343        345
          1        346        346
          1        347        347
          6        348        353
         11        354        364
          8        365        372
          6        373        378
          3        379        381
          2        382        383
         10        384        393
         10        394        403
          2        404        405
          7        406        412
          1        413        413
          7        414        420
          7        421        427
          2        428        429
          3        430        432
          4        433        436
         19        437        455
          5        456        460
          1        461        461
          6        462        467
          5        468        472
          3        473        475
          2        476        477
          4        478        481
          2        482        483
          5        484        488
          2        489        490
          5        491        495
          5        496        500
          2        501        502
          4        503        506
         13        507        519
          2        520        521
          3        522        524
          7        525        531
          9        532        540
          3        541        543
         10        544        553
          9        554        562
          3        563        565
          3        566        568
         10        569        578
          2        579        580
          4        581        584
          2        585        586
          8        587        594
          2        595        596
          2        597        598
          3        599        601
          4        602        605
          4        606        609
          3        610        612
         13        613        625
          1        626        626
          7        627        633
          1        634        634
          4        635        638
          6        639        644
          7        645        651
          1        652        652
         15        653        667
          2        668        669
          6        670        675
          2        676        677
          4        678        681
          9        682        690
          3        691        693
          1        694        694
          4        695        698
          4        699        702
          4        703        706
         10        707        716
          6        717        722
          3        723        725
          3        726        728
          3        729        731
          3        732        734
          5        735        739
          1        740        740
          5        741        745
          5        746        750
          1        751        751
          3        752        754
          1        755        755
          1        756        756
          5        757        761
          5        762        766
          4        767        770
          5        771        775
          1        776        776
          4        777        780
          2        781        782
          2        783        784
          7        785        791
          4        792        795
          1        796        796
          4        797        800
          2        801        802
          5        803        807
          4        808        811
          4        812        815
          2        816        817
          2        818        819
          7        820        826
          1        827        827
          2        828        829
          3        830        832
          1        833        833
          2        834        835
          7        836        842
          1        843        843
          4        844        847
          2        848        849
          1        850        850
          2        851        852
          1        853        853
          6        854        859
          1        860        860
          9        861        869
          2        870        871
          2        872        873
          4        874        877
          3        878        880
          3        881        883
          1        884        884
          1        885        885
          4        886        889
          3        890        892
          2        893        894
          1        895        895
          5        896        900
         17        901        917
          1        918        918
          3        919        921
          2        922        923
         12        924        935
          2        936        937
          5        938        942
          2        943        944
          4        945        948
          2        949        950
          9        951        959
          3        960        962
          2        963        964
          3        965        967
         11        968        978
          1        979        979
         11        980        990
          2        991        992
         10        993       1002
          2       1003       1004
          3       1005       1007
          2       1008       1009
         11       1010       1020
          3       1021       1023
          3       1024       1026
          2       1027       1028
          5       1029       1033
          1       1034       1034
          2       1035       1036
          3       1037       1039
          2       1040       1041
         16       1042       1057
          7       1058       1064
          2       1065       1066
          3       1067       1069
          1       1070       1070
          6       1071       1076
          1       1077       1077
          1       1078       1078
          1       1079       1079
          2       1080       1081
          1       1082       1082
          1       1083       1083
          1       1084       1084
          2       1085       1086
          5       1087       1091
          2       1092       1093
          2       1094       1095
          3       1096       1098
          2       1099       1100
          1       1101       1101
          2       1102       1103
          3       1104       1106
          4       1107       1110
          4       1111       1114
          4       1115       1118
          8       1119       1126
          6       1127       1132
          2       1133       1134
          4       1135       1138
          9       1139       1147
          8       1148       1155
          6       1156       1161
          4       1162       1165
          6       1166       1171
         13       1172       1184
          5       1185       1189
          4       1190       1193
          2       1194       1195
          5       1196       1200
          1       1201       1201
          6       1202       1207
          5       1208       1212
          5       1213       1217
          6       1218       1223
          2       1224       1225
          1       1226       1226
          3       1227       1229
          2       1230       1231
          1       1232       1232
          2       1233       1234
          1       1235       1235
          1       1236       1236
          1       1237       1237
          1       1238       1238
          7       1239       1245
          3       1246       1248
         17       1249       1265
          3       1266       1268
          6       1269       1274
          3       1275       1277
          2       1278       1279
          3       1280       1282
          4       1283       1286
          1       1287       1287
          1       1288       1288
          6       1289       1294
          5       1295       1299
          8       1300       1307
          2       1308       1309
          4       1310       1313
          3       1314       1316
          3       1317       1319
          1       1320       1320
          2       1321       1322
          3       1323       1325
          1       1326       1326
          2       1327       1328
         11       1329       1339
          7       1340       1346
          4       1347       1350
          1       1351       1351
          3       1352       1354
