           1           2  0.92667788763630377     
           2           3  0.99398850741540112     
           3           4   1.0085984037742728     
           4           5   1.0083613773690141     
           5           6   1.0080400743243785     
           2           7  0.99574345819628429     
           6           7   1.0071489751938272     
           1           9  0.90796829471806118     
           1          10  0.92260468944877494     
           1          11  0.84204619706195616     
           2          12  0.96204639489434873     
           3          13  0.96533435591687522     
           3          14  0.96936066039009861     
           4          15  0.97365764539162747     
           4          16  0.97406476877561665     
           5          17  0.97614204940388227     
           5          18  0.97649876268345659     
           6          19  0.97416332645329495     
           6          20  0.97533287508651201     
           7          21  0.97410614408928609     
           7          22  0.97064800998696688     
