$hessian                                                                        
        0.5912208570   0.0308061760   0.0003891060  -0.0757505884   0.0229211989
        0.0020525034   0.0048740850  -0.0176049591   0.0000350646   0.0008311142
        0.0002974268  -0.0012697661  -0.0008696446   0.0005758855   0.0001031840
       -0.0012530893  -0.0022151448  -0.0002228017   0.0045989892   0.0027509577
        0.0006818464  -0.0140847198  -0.0069855816  -0.0026409810  -0.0004716871
        0.0000754936   0.0003729098  -0.1514569278  -0.0947743064   0.1019614602
       -0.3020562092   0.0455884220  -0.0804196622  -0.0466015052  -0.0092951521
       -0.0242892646   0.0004483850  -0.0003410988   0.0000719412  -0.0086915030
        0.0316771661   0.0020791016  -0.0016346866  -0.0025661084   0.0017405152
        0.0007653351  -0.0000669954  -0.0007463001  -0.0000293888   0.0000296395
        0.0002164814   0.0001884989  -0.0002556709   0.0000603614  -0.0000273145
       -0.0006173486  -0.0001756995
        0.0308061760   0.4672751687  -0.0072255512   0.0291721614  -0.1602922928
       -0.0128955614  -0.0011583529  -0.0291319198   0.0050613715   0.0013691332
        0.0001003872   0.0007130627   0.0012651823   0.0009952204  -0.0001151382
       -0.0003356920   0.0008356544  -0.0004148680  -0.0008838624  -0.0007755003
       -0.0001653829  -0.0014914462  -0.0002891506  -0.0002271126   0.0000251727
       -0.0000195280  -0.0000586684  -0.0941196222  -0.1268781111   0.0883495527
        0.0393556007  -0.0455678047   0.0129172944  -0.0099782833  -0.0722222269
       -0.0830774736   0.0033216541  -0.0179715908  -0.0039764108   0.0065067521
       -0.0159641219  -0.0002707410  -0.0044207882  -0.0020507974   0.0026194024
        0.0005247193   0.0019311384  -0.0011531506   0.0001924693   0.0002077352
       -0.0000634870   0.0000120218  -0.0000366339   0.0000365275  -0.0001629957
       -0.0001456260  -0.0000536654
        0.0003891060  -0.0072255512   0.5982320118   0.0022132621  -0.0094521448
       -0.0719175719  -0.0024924091   0.0166325255   0.0008720733   0.0005243027
        0.0006034166  -0.0001894328  -0.0014534618  -0.0011272676  -0.0002846150
        0.0002128317  -0.0015197500   0.0002685181   0.0009340671   0.0012573958
       -0.0001186061  -0.0040734444  -0.0008924497   0.0002340276  -0.0000377869
        0.0000659980  -0.0000761899   0.1040985708   0.0903290086  -0.1448904363
       -0.0801040053   0.0145963461  -0.0676133233  -0.0266281487  -0.0865777762
       -0.3127435061   0.0071902133  -0.0298960414  -0.0035113703  -0.0027967323
        0.0098004117   0.0013708545   0.0023419806   0.0025566385  -0.0013737500
       -0.0004744515   0.0011821417   0.0018324067  -0.0000347318  -0.0000218487
       -0.0000134616   0.0001467932  -0.0000970153  -0.0000695573   0.0000440444
       -0.0002140375  -0.0000080716
       -0.0757505884   0.0291721614   0.0022132621   0.5050249101  -0.0151426306
        0.0206374652  -0.1102707537  -0.0366018807   0.0443844434  -0.0287191690
       -0.0179350914   0.0101609900  -0.0030970156   0.0024172981   0.0002780810
       -0.0009237884  -0.0006755967  -0.0015789528  -0.0000980053  -0.0008596073
        0.0000811751   0.0008601050  -0.0009094203   0.0007583703   0.0000716038
       -0.0001313627  -0.0001451517   0.0040340446  -0.0145691820  -0.0015522236
       -0.0064857370   0.0252948089   0.0011336712   0.0009140718  -0.0009965228
        0.0013371996  -0.0456304740  -0.0004492684  -0.0109385359  -0.2410139187
        0.0307722091  -0.0690738307   0.0043693930   0.0038492000  -0.0038076533
       -0.0033524191  -0.0033938322   0.0064933148   0.0001082104   0.0001071979
        0.0000554479  -0.0001218540   0.0000369808  -0.0004456990   0.0000813847
        0.0000145391   0.0000086265
        0.0229211989  -0.1602922928  -0.0094521448  -0.0151426306   0.3993998187
        0.0270069996  -0.0357533467  -0.0852858543   0.0310924392  -0.0089259505
       -0.0010401252  -0.0019777591  -0.0012623044   0.0000519387   0.0001744474
        0.0000717133  -0.0011753391   0.0001003469   0.0011145846   0.0005770277
        0.0001023573  -0.0009417481  -0.0008199237  -0.0005143529  -0.0000245236
       -0.0003044375   0.0000994897   0.0004826773  -0.0160106204   0.0013049376
        0.0101353847  -0.0066026882   0.0021249950   0.0019763448  -0.0111033742
       -0.0070972011  -0.0025936149  -0.0572806187  -0.0655433710   0.0366767447
       -0.0447210228   0.0114264350  -0.0136159353  -0.0174730566   0.0140155574
        0.0050612768   0.0025255093  -0.0029995422   0.0000506067  -0.0001782729
        0.0000065127  -0.0000080225  -0.0001496031  -0.0000488866  -0.0002224554
       -0.0001170649   0.0001787398
        0.0020525034  -0.0128955614  -0.0719175719   0.0206374652   0.0270069996
        0.5163599833   0.0400634481   0.0303346929  -0.1020618236  -0.0022661072
       -0.0053989354   0.0077166634  -0.0014298835   0.0001601281  -0.0007204288
       -0.0006495360  -0.0000601022  -0.0000979943   0.0001465765  -0.0003811112
       -0.0000906717  -0.0006166928  -0.0002630905   0.0001180615  -0.0000551101
        0.0001302407  -0.0003542187  -0.0033685407   0.0136831530   0.0013763638
       -0.0009677112   0.0069523234   0.0015606560   0.0057244697  -0.0261523213
       -0.0020540395  -0.0115176635  -0.0588026257  -0.2565083202  -0.0688511534
        0.0076911023  -0.0698837831   0.0003357669   0.0011315931  -0.0008347743
        0.0207631689   0.0170266882  -0.0226254976  -0.0000663938   0.0001022507
        0.0002876527  -0.0000655452  -0.0000386082   0.0000454349   0.0001309390
       -0.0002268159  -0.0003156918
        0.0048740850  -0.0011583529  -0.0024924091  -0.1102707537  -0.0357533467
        0.0400634481   0.4555034829  -0.0181855712   0.0085136292  -0.1886652906
       -0.0053852067  -0.0639455405  -0.0262813296  -0.0077540441  -0.0089924031
        0.0002463852  -0.0039573720   0.0003403928  -0.0016796669   0.0010419014
       -0.0012545272  -0.0106049913   0.0044377799  -0.0032673322  -0.0002859968
        0.0002263918   0.0002690171   0.0005305460   0.0019969325  -0.0002985204
        0.0010380559   0.0001079085  -0.0004274473   0.0004003450   0.0000618426
       -0.0005603816  -0.0003682894  -0.0013957351   0.0038144237  -0.0213056521
       -0.0145046322   0.0142054228  -0.0663283908   0.0696782946  -0.0033096327
       -0.0365849251   0.0095776603   0.0184723958   0.0005230566   0.0010708183
        0.0000117271  -0.0006736431   0.0002834718  -0.0004993753  -0.0000670273
       -0.0003887410  -0.0006428872
       -0.0176049591  -0.0291319198   0.0166325255  -0.0366018807  -0.0852858543
        0.0303346929  -0.0181855712   0.4940486436   0.0098067678  -0.0000468869
       -0.0589354605   0.0035553342  -0.0198162441  -0.0024167502  -0.0091119347
       -0.0037318851  -0.0021467529   0.0016821312   0.0009751585  -0.0031172092
        0.0018717794   0.0154324341  -0.0010393256   0.0062912850  -0.0000388912
        0.0001305893  -0.0001000923   0.0010983450  -0.0062852593  -0.0002671180
       -0.0002282770   0.0004452147  -0.0004199839   0.0002967790   0.0007709002
        0.0006026708   0.0024670823   0.0033047029  -0.0001259627  -0.0015741790
        0.0003272926  -0.0007230210   0.0736183037  -0.2434081874   0.0128082324
        0.0049262891  -0.0687017758  -0.0722471222  -0.0006176903   0.0004586563
       -0.0006780977  -0.0008847055   0.0003233493  -0.0002340458   0.0005167784
        0.0006591460   0.0003219592
        0.0000350646   0.0050613715   0.0008720733   0.0443844434   0.0310924392
       -0.1020618236   0.0085136292   0.0098067678   0.4723308031  -0.0648111582
        0.0011142538  -0.0772255903  -0.0007782386  -0.0025387925  -0.0021560791
       -0.0016534887   0.0026176234   0.0055195741  -0.0017138903   0.0008556907
       -0.0004669451  -0.0063393427   0.0001478736  -0.0069098652  -0.0003127621
       -0.0000931388   0.0002527267  -0.0001559169  -0.0001703316   0.0007409187
       -0.0007961128   0.0002964403   0.0001653621  -0.0009682274  -0.0002888046
        0.0019024659   0.0190184068   0.0154698116  -0.0195447889  -0.0045344987
       -0.0030712375   0.0050626334  -0.0027655267   0.0121735445  -0.0431059559
        0.0124738603  -0.0723081272  -0.2349361528   0.0010219403  -0.0005142701
       -0.0013839794  -0.0000991641   0.0002512051   0.0002898329  -0.0005190173
        0.0000976808   0.0006547902
        0.0008311142   0.0013691332   0.0005243027  -0.0287191690  -0.0089259505
       -0.0022661072  -0.1886652906  -0.0000468869  -0.0648111582   0.5622020708
        0.1629348704   0.1417977402  -0.1836556829  -0.1834842805   0.0101090046
       -0.0549858792  -0.0035694877  -0.0226383664  -0.0207810234  -0.0097820990
       -0.0074151046  -0.0572588225   0.0374153351  -0.0308435938   0.0014951302
       -0.0000694626  -0.0005083820   0.0007097209   0.0006047930   0.0004992688
        0.0003423864   0.0006038896   0.0004166426   0.0001302687   0.0002849135
        0.0000385828   0.0014634881   0.0005252147  -0.0007844779  -0.0025660172
       -0.0022992478   0.0012813220  -0.0157709883   0.0066928456  -0.0085737594
       -0.0111941714  -0.0054436665  -0.0145012860   0.0032767056   0.0039964425
       -0.0001609876  -0.0039966801   0.0017304090  -0.0027139920  -0.0028571603
       -0.0025367650   0.0005503514
        0.0002974268   0.0001003872   0.0006034166  -0.0179350914  -0.0010401252
       -0.0053989354  -0.0053852067  -0.0589354605   0.0011142538   0.1629348704
        0.4708694360  -0.0799014647  -0.1434845911  -0.2775149146   0.0354151256
       -0.0475608896   0.0149788531  -0.0254306228   0.0019302484  -0.0154551951
        0.0091535011   0.0574370923  -0.1069578130   0.0562416953   0.0010674292
       -0.0001713396  -0.0004161249   0.0001767585  -0.0000882500   0.0003734385
       -0.0002259788  -0.0010336549   0.0001467597  -0.0002669836   0.0001172141
       -0.0004091284   0.0002279960   0.0002814818  -0.0005111635  -0.0028015522
       -0.0013355519   0.0016194959   0.0235762204  -0.0012731010   0.0111734932
       -0.0120929433   0.0020748259  -0.0076349283  -0.0152299306  -0.0229383061
        0.0025528607  -0.0006750635   0.0002173474   0.0009023521  -0.0019898113
       -0.0018958336   0.0004059755
       -0.0012697661   0.0007130627  -0.0001894328   0.0101609900  -0.0019777591
        0.0077166634  -0.0639455405   0.0035553342  -0.0772255903   0.1417977402
       -0.0799014647   0.1795690602  -0.0097093225   0.0161893280  -0.0417452005
       -0.0032439472  -0.0077420819   0.0035210255  -0.0088605534   0.0052038290
       -0.0026825241  -0.0403356720   0.0486193359  -0.0542746140  -0.0001453078
        0.0002105776   0.0002160735   0.0001272686   0.0000147046  -0.0000469459
        0.0021413662   0.0004002063   0.0001805424   0.0001708500   0.0000702252
       -0.0005451587   0.0007296717  -0.0003685576   0.0010149849   0.0026688734
        0.0020793509  -0.0011228764  -0.0059477189   0.0031022418  -0.0009920045
       -0.0282181633  -0.0020285620  -0.0141706982   0.0066277112   0.0105033013
       -0.0004470063  -0.0023014624   0.0014460052   0.0006045728  -0.0004470173
       -0.0000890776   0.0006191292
       -0.0008696446   0.0012651823  -0.0014534618  -0.0030970156  -0.0012623044
       -0.0014298835  -0.0262813296  -0.0198162441  -0.0007782386  -0.1836556829
       -0.1434845911  -0.0097093225   0.5076279437   0.0750637613   0.1340665821
       -0.2111679237  -0.0102224120  -0.0593088515  -0.0084388952   0.0653988091
       -0.0296150627  -0.0061582751  -0.0226734824   0.0060536254  -0.0019091595
       -0.0000533350   0.0008092995  -0.0001887887  -0.0000264742  -0.0006172783
        0.0014102127  -0.0008213171   0.0008082593  -0.0002851906  -0.0004851644
        0.0004436858  -0.0002832147   0.0002404357   0.0001802419  -0.0007453684
       -0.0001048710   0.0007824368   0.0006017059  -0.0016276181   0.0004716831
        0.0018300058  -0.0000129482   0.0024591440  -0.0557819478   0.0553920232
       -0.0316691608  -0.0154248741   0.0029109497  -0.0081980462   0.0028174425
        0.0003196007  -0.0032956521
        0.0005758855   0.0009952204  -0.0011272676   0.0024172981   0.0000519387
        0.0001601281  -0.0077540441  -0.0024167502  -0.0025387925  -0.1834842805
       -0.2775149146   0.0161893280   0.0750637613   0.6670562726  -0.1845857120
        0.0451150397  -0.0834095356   0.0313099605   0.0198046183  -0.0117824708
        0.0133490620   0.0085629312  -0.0576840672   0.0267987264  -0.0021433064
        0.0005174838   0.0007499779  -0.0000337079  -0.0001686835  -0.0004356224
        0.0003815817  -0.0013087008   0.0008433666  -0.0001047823  -0.0007621842
        0.0003517990  -0.0003488855   0.0000677422   0.0005303082   0.0003811271
        0.0004777527   0.0000394306   0.0011313836   0.0008957239   0.0001753025
        0.0018060258   0.0007113635   0.0016913526   0.0536868345  -0.2354914698
        0.1010789871  -0.0152090076   0.0033768834  -0.0082854288   0.0001515275
       -0.0036116045   0.0037050939
        0.0001031840  -0.0001151382  -0.0002846150   0.0002780810   0.0001744474
       -0.0007204288  -0.0089924031  -0.0091119347  -0.0021560791   0.0101090046
        0.0354151256  -0.0417452005   0.1340665821  -0.1845857120   0.2294530198
       -0.0819237182   0.0079467338  -0.0876714643  -0.0133295384   0.0310205164
       -0.0140813332  -0.0052425830   0.0140124746  -0.0046295371   0.0002619981
       -0.0002282590   0.0002725713  -0.0000016840   0.0000093261  -0.0002701763
       -0.0004254857   0.0000313700  -0.0001929536   0.0000441633   0.0000479087
        0.0000114364   0.0001114434  -0.0000177836  -0.0002237111  -0.0000006849
        0.0000063910   0.0000311157  -0.0004768280  -0.0007244340   0.0000570971
       -0.0013540555   0.0002099092  -0.0008435070  -0.0309154398   0.1014471079
       -0.0819903221  -0.0005174298  -0.0000341052   0.0001168964  -0.0017946060
        0.0044960561   0.0048671914
       -0.0012530893  -0.0003356920   0.0002128317  -0.0009237884   0.0000717133
       -0.0006495360   0.0002463852  -0.0037318851  -0.0016534887  -0.0549858792
       -0.0475608896  -0.0032439472  -0.2111679237   0.0451150397  -0.0819237182
        0.5378493434   0.1258708568   0.1238741716  -0.0723872208   0.0033287057
       -0.0156273283  -0.0116168394  -0.0102596127  -0.0029431425   0.0000561089
       -0.0003448114   0.0002675520  -0.0000069563   0.0002860967   0.0000973173
        0.0010932628   0.0011385489   0.0001397032   0.0000674751   0.0004664271
        0.0000692377   0.0001714266  -0.0000840653  -0.0004001213  -0.0001773479
       -0.0002085954  -0.0000941374   0.0002348331  -0.0000876786   0.0001648503
       -0.0019524321  -0.0002984274  -0.0014429177  -0.0042045971   0.0006784736
       -0.0019017687  -0.1791697893  -0.1338208260  -0.0073203268  -0.0018729716
        0.0197766215  -0.0076252311
       -0.0022151448   0.0008356544  -0.0015197500  -0.0006755967  -0.0011753391
       -0.0000601022  -0.0039573720  -0.0021467529   0.0026176234  -0.0035694877
        0.0149788531  -0.0077420819  -0.0102224120  -0.0834095356   0.0079467338
        0.1258708568   0.6616629160  -0.1592214480   0.0483398238  -0.3625913020
        0.1409132621  -0.0470874642  -0.0525877403   0.0031991698  -0.0010959205
       -0.0001026001   0.0003569388  -0.0002098088   0.0001623529  -0.0006279562
        0.0022228510   0.0002083981   0.0008141853  -0.0002642071  -0.0001268256
        0.0002013312  -0.0000148324   0.0000613223   0.0000366218  -0.0001468508
        0.0001685816   0.0001709022   0.0000890973   0.0000838171   0.0001940754
        0.0016216048   0.0004766454   0.0014042311   0.0205535466  -0.0030439069
        0.0093030520  -0.1322724110  -0.1643463481  -0.0014847448   0.0030337278
       -0.0091081904   0.0034979563
       -0.0002228017  -0.0004148680   0.0002685181  -0.0015789528   0.0001003469
       -0.0000979943   0.0003403928   0.0016821312   0.0055195741  -0.0226383664
       -0.0254306228   0.0035210255  -0.0593088515   0.0313099605  -0.0876714643
        0.1238741716  -0.1592214480   0.2185085378  -0.0322311011   0.1260945602
       -0.0957738776   0.0099169740   0.0159473511   0.0003956499   0.0011630763
       -0.0005003318  -0.0005900998   0.0000904922   0.0000023199   0.0002159491
        0.0004940867   0.0004718385  -0.0002091411   0.0000152778   0.0003661091
       -0.0002054158   0.0002258117  -0.0002302602  -0.0001001723  -0.0002318156
       -0.0003045350   0.0002158878   0.0000455248   0.0002954371   0.0001213998
       -0.0001963120   0.0002124714  -0.0002023904  -0.0097207450   0.0016637872
       -0.0038211533  -0.0090261851  -0.0026417224  -0.0339312372  -0.0010106770
        0.0105974750  -0.0061635962
        0.0045989892  -0.0008838624   0.0009340671  -0.0000980053   0.0011145846
        0.0001465765  -0.0016796669   0.0009751585  -0.0017138903  -0.0207810234
        0.0019302484  -0.0088605534  -0.0084388952   0.0198046183  -0.0133295384
       -0.0723872208   0.0483398238  -0.0322311011   0.4616333404  -0.0843252823
        0.1896300550  -0.1275681487  -0.0482859278  -0.0256899911   0.0013595080
       -0.0005281017  -0.0007957806  -0.0003724900  -0.0000604248  -0.0003434062
       -0.0073175891  -0.0012856057  -0.0016148978  -0.0002601155   0.0000599615
       -0.0000670615  -0.0002202723   0.0001947045  -0.0000548617  -0.0000424151
       -0.0000734079   0.0002139196  -0.0003695783  -0.0004077448  -0.0002002773
       -0.0009478594   0.0001416440  -0.0001000153  -0.0041174854  -0.0004939367
       -0.0027672750   0.0012756241  -0.0176306657   0.0071946037  -0.2242666964
        0.0814142161  -0.1103505721
        0.0027509577  -0.0007755003   0.0012573958  -0.0008596073   0.0005770277
       -0.0003811112   0.0010419014  -0.0031172092   0.0008556907  -0.0097820990
       -0.0154551951   0.0052038290   0.0653988091  -0.0117824708   0.0310205164
        0.0033287057  -0.3625913020   0.1260945602  -0.0843252823   0.5456607617
       -0.2113180009  -0.0599388135  -0.0604328433  -0.0107291931   0.0009774471
       -0.0012241891  -0.0003379170  -0.0000368408  -0.0000040723   0.0000674435
       -0.0031522999  -0.0004356189  -0.0012250694   0.0000291397   0.0002888538
       -0.0000652528   0.0000518220  -0.0000988262  -0.0001702234  -0.0001882254
       -0.0002917388   0.0000842879   0.0004078655  -0.0000853423   0.0003853875
       -0.0013635862  -0.0001779384  -0.0009967496   0.0024164823  -0.0006125523
        0.0022154426  -0.0007492528  -0.0190510456   0.0072314507   0.0839928765
       -0.0703907987   0.0508075133
        0.0006818464  -0.0001653829  -0.0001186061   0.0000811751   0.0001023573
       -0.0000906717  -0.0012545272   0.0018717794  -0.0004669451  -0.0074151046
        0.0091535011  -0.0026825241  -0.0296150627   0.0133490620  -0.0140813332
       -0.0156273283   0.1409132621  -0.0957738776   0.1896300550  -0.2113180009
        0.2253795749  -0.0172823315  -0.0044253646  -0.0268932154  -0.0009522063
        0.0005745882  -0.0005938820  -0.0000552918  -0.0000875340  -0.0003921345
       -0.0012471834  -0.0005553826  -0.0010545822  -0.0000880586  -0.0000056031
       -0.0001323014  -0.0000916917  -0.0000077316   0.0000937591   0.0000531455
        0.0000219528   0.0000910724  -0.0004560064  -0.0000085688  -0.0000972677
        0.0001650426   0.0001276498   0.0003220411  -0.0037760903   0.0010771695
        0.0010662397   0.0009498167  -0.0000968026  -0.0000819043  -0.1137001986
        0.0494790490  -0.0844934418
       -0.0140847198  -0.0014914462  -0.0040734444   0.0008601050  -0.0009417481
       -0.0006166928  -0.0106049913   0.0154324341  -0.0063393427  -0.0572588225
        0.0574370923  -0.0403356720  -0.0061582751   0.0085629312  -0.0052425830
       -0.0116168394  -0.0470874642   0.0099169740  -0.1275681487  -0.0599388135
       -0.0172823315   0.2346920144   0.0417995537   0.0696183814   0.0004696754
        0.0009556072   0.0000254705  -0.0005040271   0.0003715104  -0.0004094613
        0.0072431340  -0.0009018785   0.0019032929  -0.0007792503   0.0000618379
        0.0002979603  -0.0000411583  -0.0002494418   0.0002447046   0.0004686787
        0.0001807638  -0.0000184909  -0.0033610771   0.0003337166  -0.0020698437
        0.0006264336   0.0003632315   0.0000925781  -0.0014191526  -0.0011031991
       -0.0024018156   0.0017267240  -0.0026897301  -0.0015334286  -0.0126903031
       -0.0110949573  -0.0017762553
       -0.0069855816  -0.0002891506  -0.0008924497  -0.0009094203  -0.0008199237
       -0.0002630905   0.0044377799  -0.0010393256   0.0001478736   0.0374153351
       -0.1069578130   0.0486193359  -0.0226734824  -0.0576840672   0.0140124746
       -0.0102596127  -0.0525877403   0.0159473511  -0.0482859278  -0.0604328433
       -0.0044253646   0.0417995537   0.2833904750  -0.0801281027   0.0014573585
        0.0003827501  -0.0002624602   0.0001082546   0.0003437619   0.0002290314
        0.0024957598   0.0004004069   0.0001459856   0.0002685147   0.0003859507
        0.0002019492   0.0003455454  -0.0000377145  -0.0002363546  -0.0000959307
       -0.0002088012  -0.0000725196   0.0003236512  -0.0000625403   0.0004914657
       -0.0007936937  -0.0007854225  -0.0004428502  -0.0037849375  -0.0029740082
        0.0025057964   0.0011442145  -0.0035676872   0.0041725990   0.0039926191
        0.0025436932   0.0002493296
       -0.0026409810  -0.0002271126   0.0002340276   0.0007583703  -0.0005143529
        0.0001180615  -0.0032673322   0.0062912850  -0.0069098652  -0.0308435938
        0.0562416953  -0.0542746140   0.0060536254   0.0267987264  -0.0046295371
       -0.0029431425   0.0031991698   0.0003956499  -0.0256899911  -0.0107291931
       -0.0268932154   0.0696183814  -0.0801281027   0.0850761541  -0.0005737107
        0.0000104144   0.0003547219  -0.0005669031  -0.0000374394  -0.0002591300
        0.0007619908  -0.0005404771   0.0004533333   0.0000965433  -0.0001882128
        0.0004673743  -0.0004546459   0.0002433337   0.0003036513   0.0004037624
        0.0002722307   0.0000684133  -0.0003355894  -0.0003275836  -0.0004248003
       -0.0006151623  -0.0001934114  -0.0001675480  -0.0016378049   0.0031273500
        0.0044041247  -0.0025390232   0.0029183646   0.0048092652  -0.0055847934
       -0.0062166843  -0.0031260670
       -0.0004716871   0.0000251727  -0.0000377869   0.0000716038  -0.0000245236
       -0.0000551101  -0.0002859968  -0.0000388912  -0.0003127621   0.0014951302
        0.0010674292  -0.0001453078  -0.0019091595  -0.0021433064   0.0002619981
        0.0000561089  -0.0010959205   0.0011630763   0.0013595080   0.0009774471
       -0.0009522063   0.0004696754   0.0014573585  -0.0005737107  -0.0023395152
       -0.0001975539   0.0014880079   0.0000368211   0.0000102866   0.0000526912
        0.0006372043   0.0001763524   0.0000860646   0.0000592426   0.0000499128
       -0.0000332568   0.0000661967  -0.0000514327   0.0000273299  -0.0000046555
       -0.0000102389   0.0000187461  -0.0000496174   0.0000032681   0.0000362649
        0.0000911000   0.0000800160   0.0001410793  -0.0000573483   0.0001023165
       -0.0000156826   0.0000665548  -0.0004723249  -0.0002281574   0.0007088339
        0.0000846321  -0.0009212778
        0.0000754936  -0.0000195280   0.0000659980  -0.0001313627  -0.0003044375
        0.0001302407   0.0002263918   0.0001305893  -0.0000931388  -0.0000694626
       -0.0001713396   0.0002105776  -0.0000533350   0.0005174838  -0.0002282590
       -0.0003448114  -0.0001026001  -0.0005003318  -0.0005281017  -0.0012241891
        0.0005745882   0.0009556072   0.0003827501   0.0000104144  -0.0001975539
        0.0004443949   0.0001338917  -0.0001131496   0.0000983645   0.0001011011
       -0.0001732860   0.0001437932  -0.0000069283  -0.0000357338  -0.0000261880
        0.0000830341   0.0000791821   0.0001813281  -0.0000700267   0.0000508639
        0.0001485361  -0.0000590685   0.0000779236  -0.0000272549  -0.0001103602
        0.0000891363  -0.0000641900   0.0000066371   0.0000540472   0.0000684667
       -0.0001098603  -0.0002528858   0.0004587222   0.0000856025   0.0002910369
       -0.0006347018  -0.0002241119
        0.0003729098  -0.0000586684  -0.0000761899  -0.0001451517   0.0000994897
       -0.0003542187   0.0002690171  -0.0001000923   0.0002527267  -0.0005083820
       -0.0004161249   0.0002160735   0.0008092995   0.0007499779   0.0002725713
        0.0002675520   0.0003569388  -0.0005900998  -0.0007957806  -0.0003379170
       -0.0005938820   0.0000254705  -0.0002624602   0.0003547219   0.0014880079
        0.0001338917  -0.0004868862   0.0000702144  -0.0000529331  -0.0000489116
       -0.0005756037  -0.0000726656   0.0001348315   0.0000203610  -0.0000007495
       -0.0000400684   0.0000297326  -0.0000361941   0.0002695654   0.0000806430
       -0.0000468343   0.0001854728  -0.0000763959   0.0000769611   0.0000834441
        0.0000713005   0.0000061145   0.0000033228   0.0000877681  -0.0001342911
        0.0000122100  -0.0001458451   0.0003128557  -0.0001999156  -0.0013451173
       -0.0002172989   0.0006052320
       -0.1514569278  -0.0941196222   0.1040985708   0.0040340446   0.0004826773
       -0.0033685407   0.0005305460   0.0010983450  -0.0001559169   0.0007097209
        0.0001767585   0.0001272686  -0.0001887887  -0.0000337079  -0.0000016840
       -0.0000069563  -0.0002098088   0.0000904922  -0.0003724900  -0.0000368408
       -0.0000552918  -0.0005040271   0.0001082546  -0.0005669031   0.0000368211
       -0.0001131496   0.0000702144   0.1645381444   0.1051487236  -0.1165732003
       -0.0210667259  -0.0148460781   0.0163135617   0.0027608383   0.0009127155
        0.0009305492   0.0003761319   0.0002054072   0.0000073455   0.0001553059
        0.0010755233  -0.0005078319   0.0001529053   0.0002375612  -0.0001600899
        0.0000920913  -0.0000600506  -0.0002079060   0.0000465291   0.0000666513
       -0.0000262733   0.0000860206  -0.0000277879   0.0000042768   0.0000768163
       -0.0000655716  -0.0000186413
       -0.0947743064  -0.1268781111   0.0903290086  -0.0145691820  -0.0160106204
        0.0136831530   0.0019969325  -0.0062852593  -0.0001703316   0.0006047930
       -0.0000882500   0.0000147046  -0.0000264742  -0.0001686835   0.0000093261
        0.0002860967   0.0001623529   0.0000023199  -0.0000604248  -0.0000040723
       -0.0000875340   0.0003715104   0.0003437619  -0.0000374394   0.0000102866
        0.0000983645  -0.0000529331   0.1051487236   0.1389622404  -0.0997581758
       -0.0015756409   0.0038051549  -0.0017694981   0.0041866723   0.0066620813
       -0.0031340066  -0.0005431721  -0.0001670272   0.0001008856  -0.0000363303
       -0.0000432868   0.0003972574  -0.0012441336  -0.0007602213   0.0008504206
        0.0002895884   0.0001498760  -0.0004975822  -0.0000183380   0.0000992380
        0.0000417021  -0.0000543192   0.0000569234   0.0000679675   0.0000077179
        0.0000655386   0.0000107555
        0.1019614602   0.0883495527  -0.1448904363  -0.0015522236   0.0013049376
        0.0013763638  -0.0002985204  -0.0002671180   0.0007409187   0.0004992688
        0.0003734385  -0.0000469459  -0.0006172783  -0.0004356224  -0.0002701763
        0.0000973173  -0.0006279562   0.0002159491  -0.0003434062   0.0000674435
       -0.0003921345  -0.0004094613   0.0002290314  -0.0002591300   0.0000526912
        0.0001011011  -0.0000489116  -0.1165732003  -0.0997581758   0.1564062029
       -0.0015795905  -0.0028473739   0.0066176695   0.0189825022   0.0147004685
       -0.0213832597  -0.0002218027  -0.0012264240   0.0005119023   0.0000171637
       -0.0000164434   0.0001763169   0.0000756975   0.0000563446   0.0003907928
       -0.0000812016   0.0000856650   0.0003002106   0.0000193437   0.0000689894
        0.0001324871   0.0000038808  -0.0000220170   0.0002363354  -0.0000326406
       -0.0001358415   0.0001858451
       -0.3020562092   0.0393556007  -0.0801040053  -0.0064857370   0.0101353847
       -0.0009677112   0.0010380559  -0.0002282770  -0.0007961128   0.0003423864
       -0.0002259788   0.0021413662   0.0014102127   0.0003815817  -0.0004254857
        0.0010932628   0.0022228510   0.0004940867  -0.0073175891  -0.0031522999
       -0.0012471834   0.0072431340   0.0024957598   0.0007619908   0.0006372043
       -0.0001732860  -0.0005756037  -0.0210667259  -0.0015756409  -0.0015795905
        0.3280809083  -0.0497661582   0.0894569758  -0.0028583206  -0.0009402807
       -0.0072737271   0.0005645489  -0.0000142737   0.0000170750   0.0005984222
        0.0008186136   0.0005619377  -0.0002171948  -0.0002472770   0.0001112528
       -0.0004742800   0.0000155313  -0.0002431752   0.0000132884   0.0000505754
       -0.0003676887  -0.0002180788   0.0002671462  -0.0001293961  -0.0003272886
        0.0005804278   0.0001649948
        0.0455884220  -0.0455678047   0.0145963461   0.0252948089  -0.0066026882
        0.0069523234   0.0001079085   0.0004452147   0.0002964403   0.0006038896
       -0.0010336549   0.0004002063  -0.0008213171  -0.0013087008   0.0000313700
        0.0011385489   0.0002083981   0.0004718385  -0.0012856057  -0.0004356189
       -0.0005553826  -0.0009018785   0.0004004069  -0.0005404771   0.0001763524
        0.0001437932  -0.0000726656  -0.0148460781   0.0038051549  -0.0028473739
       -0.0497661582   0.0513479789  -0.0149089819  -0.0071990651   0.0038500378
       -0.0033692481   0.0004372878   0.0000689336   0.0000514825   0.0017489973
       -0.0061246585  -0.0006028685  -0.0001825535   0.0001140086   0.0000118547
        0.0000931595  -0.0002809975   0.0001884002  -0.0001391980   0.0000760166
       -0.0000990041  -0.0001566733   0.0003205545  -0.0000330410   0.0001091527
        0.0005736257   0.0000287807
       -0.0804196622   0.0129172944  -0.0676133233   0.0011336712   0.0021249950
        0.0015606560  -0.0004274473  -0.0004199839   0.0001653621   0.0004166426
        0.0001467597   0.0001805424   0.0008082593   0.0008433666  -0.0001929536
        0.0001397032   0.0008141853  -0.0002091411  -0.0016148978  -0.0012250694
       -0.0010545822   0.0019032929   0.0001459856   0.0004533333   0.0000860646
       -0.0000069283   0.0001348315   0.0163135617  -0.0017694981   0.0066176695
        0.0894569758  -0.0149089819   0.0707805138  -0.0280565130   0.0022470076
       -0.0117093212   0.0006846499  -0.0006878306   0.0000994715   0.0001240845
       -0.0006752030   0.0007970934   0.0000385036  -0.0000406060  -0.0000667509
       -0.0002176226   0.0001671990  -0.0006918195   0.0000350051   0.0000854740
        0.0000335344  -0.0002288915   0.0001658017   0.0004353853  -0.0001753800
        0.0000760323   0.0002794987
       -0.0466015052  -0.0099782833  -0.0266281487   0.0009140718   0.0019763448
        0.0057244697   0.0004003450   0.0002967790  -0.0009682274   0.0001302687
       -0.0002669836   0.0001708500  -0.0002851906  -0.0001047823   0.0000441633
        0.0000674751  -0.0002642071   0.0000152778  -0.0002601155   0.0000291397
       -0.0000880586  -0.0007792503   0.0002685147   0.0000965433   0.0000592426
       -0.0000357338   0.0000203610   0.0027608383   0.0041866723   0.0189825022
       -0.0028583206  -0.0071990651  -0.0280565130   0.0455200762   0.0087888630
        0.0290136655   0.0004230160   0.0016531453   0.0003012228   0.0000185813
        0.0007731025   0.0007973719  -0.0000738706   0.0000790047   0.0002083404
        0.0003621712  -0.0002016801   0.0003993727   0.0000285755   0.0000518265
       -0.0000094122   0.0000773884  -0.0000242792  -0.0000301690   0.0000962026
       -0.0000283778   0.0000063883
       -0.0092951521  -0.0722222269  -0.0865777762  -0.0009965228  -0.0111033742
       -0.0261523213   0.0000618426   0.0007709002  -0.0002888046   0.0002849135
        0.0001172141   0.0000702252  -0.0004851644  -0.0007621842   0.0000479087
        0.0004664271  -0.0001268256   0.0003661091   0.0000599615   0.0002888538
       -0.0000056031   0.0000618379   0.0003859507  -0.0001882128   0.0000499128
       -0.0000261880  -0.0000007495   0.0009127155   0.0066620813   0.0147004685
       -0.0009402807   0.0038500378   0.0022470076   0.0087888630   0.0775037399
        0.0958148621   0.0015605121  -0.0060749018  -0.0005100987  -0.0001473633
        0.0005625479  -0.0004125369  -0.0000635886   0.0001781517   0.0000116679
       -0.0002974618  -0.0001195473   0.0009983638  -0.0000279716  -0.0000157707
       -0.0000176248  -0.0000028047   0.0000319177  -0.0000444816   0.0000093243
        0.0000996237  -0.0000584034
       -0.0242892646  -0.0830774736  -0.3127435061   0.0013371996  -0.0070972011
       -0.0020540395  -0.0005603816   0.0006026708   0.0019024659   0.0000385828
       -0.0004091284  -0.0005451587   0.0004436858   0.0003517990   0.0000114364
        0.0000692377   0.0002013312  -0.0002054158  -0.0000670615  -0.0000652528
       -0.0001323014   0.0002979603   0.0002019492   0.0004673743  -0.0000332568
        0.0000830341  -0.0000400684   0.0009305492  -0.0031340066  -0.0213832597
       -0.0072737271  -0.0033692481  -0.0117093212   0.0290136655   0.0958148621
        0.3447022625   0.0004619900  -0.0006573169   0.0010764497  -0.0003343478
        0.0006117388   0.0007250332   0.0001763129   0.0004253114  -0.0000551099
       -0.0002564808  -0.0005778494  -0.0002911781  -0.0000068779   0.0001051209
        0.0000952106  -0.0000044504   0.0000190131   0.0000945944   0.0000566648
       -0.0000293536   0.0000845319
        0.0004483850   0.0033216541   0.0071902133  -0.0456304740  -0.0025936149
       -0.0115176635  -0.0003682894   0.0024670823   0.0190184068   0.0014634881
        0.0002279960   0.0007296717  -0.0002832147  -0.0003488855   0.0001114434
        0.0001714266  -0.0000148324   0.0002258117  -0.0002202723   0.0000518220
       -0.0000916917  -0.0000411583   0.0003455454  -0.0004546459   0.0000661967
        0.0000791821   0.0000297326   0.0003761319  -0.0005431721  -0.0002218027
        0.0005645489   0.0004372878   0.0006846499   0.0004230160   0.0015605121
        0.0004619900   0.0497537104   0.0028880199   0.0110629663  -0.0049062254
       -0.0062226275  -0.0299494178   0.0001551108   0.0001852435  -0.0000697163
       -0.0020145451  -0.0021212768   0.0028092989  -0.0000058548   0.0000900338
       -0.0000189804  -0.0000127468   0.0000765767   0.0000029328   0.0000607665
        0.0001134536  -0.0000031990
       -0.0003410988  -0.0179715908  -0.0298960414  -0.0004492684  -0.0572806187
       -0.0588026257  -0.0013957351   0.0033047029   0.0154698116   0.0005252147
        0.0002814818  -0.0003685576   0.0002404357   0.0000677422  -0.0000177836
       -0.0000840653   0.0000613223  -0.0002302602   0.0001947045  -0.0000988262
       -0.0000077316  -0.0002494418  -0.0000377145   0.0002433337  -0.0000514327
        0.0001813281  -0.0000361941   0.0002054072  -0.0001670272  -0.0012264240
       -0.0000142737   0.0000689336  -0.0006878306   0.0016531453  -0.0060749018
       -0.0006573169   0.0028880199   0.0753788150   0.0709941118  -0.0002161787
        0.0034381839   0.0024156875  -0.0001357292   0.0001607006   0.0003192351
       -0.0026250710  -0.0013263692   0.0022242230  -0.0000325355   0.0000225370
        0.0000947302  -0.0000563938   0.0000124818   0.0001030255  -0.0000557034
       -0.0000211808   0.0000666073
        0.0000719412  -0.0039764108  -0.0035113703  -0.0109385359  -0.0655433710
       -0.2565083202   0.0038144237  -0.0001259627  -0.0195447889  -0.0007844779
       -0.0005111635   0.0010149849   0.0001802419   0.0005303082  -0.0002237111
       -0.0004001213   0.0000366218  -0.0001001723  -0.0000548617  -0.0001702234
        0.0000937591   0.0002447046  -0.0002363546   0.0003036513   0.0000273299
       -0.0000700267   0.0002695654   0.0000073455   0.0001008856   0.0005119023
        0.0000170750   0.0000514825   0.0000994715   0.0003012228  -0.0005100987
        0.0010764497   0.0110629663   0.0709941118   0.2938837096  -0.0055044058
       -0.0029501323  -0.0150698967  -0.0000414623   0.0000470206  -0.0002813286
        0.0022191659   0.0023413182  -0.0019091505   0.0000137715  -0.0000610345
       -0.0001572503  -0.0000717408   0.0000017875  -0.0000646864  -0.0001645826
        0.0000512422   0.0001171813
       -0.0086915030   0.0065067521  -0.0027967323  -0.2410139187   0.0366767447
       -0.0688511534  -0.0213056521  -0.0015741790  -0.0045344987  -0.0025660172
       -0.0028015522   0.0026688734  -0.0007453684   0.0003811271  -0.0000006849
       -0.0001773479  -0.0001468508  -0.0002318156  -0.0000424151  -0.0001882254
        0.0000531455   0.0004686787  -0.0000959307   0.0004037624  -0.0000046555
        0.0000508639   0.0000806430   0.0001553059  -0.0000363303   0.0000171637
        0.0005984222   0.0017489973   0.0001240845   0.0000185813  -0.0001473633
       -0.0003343478  -0.0049062254  -0.0002161787  -0.0055044058   0.2773766094
       -0.0405490920   0.0793928178   0.0005768136   0.0000004893  -0.0003308959
        0.0003152978   0.0002997953  -0.0001952042  -0.0000288686   0.0000081080
       -0.0000117481  -0.0000451315   0.0000535495  -0.0000219851   0.0000173946
        0.0000292750   0.0000729814
        0.0316771661  -0.0159641219   0.0098004117   0.0307722091  -0.0447210228
        0.0076911023  -0.0145046322   0.0003272926  -0.0030712375  -0.0022992478
       -0.0013355519   0.0020793509  -0.0001048710   0.0004777527   0.0000063910
       -0.0002085954   0.0001685816  -0.0003045350  -0.0000734079  -0.0002917388
        0.0000219528   0.0001807638  -0.0002088012   0.0002722307  -0.0000102389
        0.0001485361  -0.0000468343   0.0010755233  -0.0000432868  -0.0000164434
        0.0008186136  -0.0061246585  -0.0006752030   0.0007731025   0.0005625479
        0.0006117388  -0.0062226275   0.0034381839  -0.0029501323  -0.0405490920
        0.0633056080  -0.0133491688  -0.0011576342  -0.0000484330   0.0001762072
        0.0000674281   0.0001707432  -0.0002797356  -0.0000393210   0.0000674352
        0.0000765286  -0.0001188644   0.0000520811  -0.0000160803  -0.0000762742
        0.0000188527  -0.0000265438
        0.0020791016  -0.0002707410   0.0013708545  -0.0690738307   0.0114264350
       -0.0698837831   0.0142054228  -0.0007230210   0.0050626334   0.0012813220
        0.0016194959  -0.0011228764   0.0007824368   0.0000394306   0.0000311157
       -0.0000941374   0.0001709022   0.0002158878   0.0002139196   0.0000842879
        0.0000910724  -0.0000184909  -0.0000725196   0.0000684133   0.0000187461
       -0.0000590685   0.0001854728  -0.0005078319   0.0003972574   0.0001763169
        0.0005619377  -0.0006028685   0.0007970934   0.0007973719  -0.0004125369
        0.0007250332  -0.0299494178   0.0024156875  -0.0150698967   0.0793928178
       -0.0133491688   0.0767348907   0.0001187538  -0.0003728793   0.0004830483
        0.0002895112  -0.0002198148   0.0001599539  -0.0000010135  -0.0000900026
       -0.0000976968   0.0000078432  -0.0000255717  -0.0000119244  -0.0001044625
        0.0000446960   0.0000843912
       -0.0016346866  -0.0044207882   0.0023419806   0.0043693930  -0.0136159353
        0.0003357669  -0.0663283908   0.0736183037  -0.0027655267  -0.0157709883
        0.0235762204  -0.0059477189   0.0006017059   0.0011313836  -0.0004768280
        0.0002348331   0.0000890973   0.0000455248  -0.0003695783   0.0004078655
       -0.0004560064  -0.0033610771   0.0003236512  -0.0003355894  -0.0000496174
        0.0000779236  -0.0000763959   0.0001529053  -0.0012441336   0.0000756975
       -0.0002171948  -0.0001825535   0.0000385036  -0.0000738706  -0.0000635886
        0.0001763129   0.0001551108  -0.0001357292  -0.0000414623   0.0005768136
       -0.0011576342   0.0001187538   0.0816280169  -0.0819659251   0.0058110765
        0.0006067832   0.0046727587   0.0012720370  -0.0005990533  -0.0008916254
        0.0001819272   0.0000781961   0.0000171757  -0.0000174010   0.0000006992
       -0.0002364668  -0.0002806521
       -0.0025661084  -0.0020507974   0.0025566385   0.0038492000  -0.0174730566
        0.0011315931   0.0696782946  -0.2434081874   0.0121735445   0.0066928456
       -0.0012731010   0.0031022418  -0.0016276181   0.0008957239  -0.0007244340
       -0.0000876786   0.0000838171   0.0002954371  -0.0004077448  -0.0000853423
       -0.0000085688   0.0003337166  -0.0000625403  -0.0003275836   0.0000032681
       -0.0000272549   0.0000769611   0.0002375612  -0.0007602213   0.0000563446
       -0.0002472770   0.0001140086  -0.0000406060   0.0000790047   0.0001781517
        0.0004253114   0.0001852435   0.0001607006   0.0000470206   0.0000004893
       -0.0000484330  -0.0003728793  -0.0819659251   0.2797995223  -0.0133098325
        0.0060541203  -0.0163151929  -0.0044754664  -0.0000117781   0.0000882540
       -0.0004254271  -0.0001067739   0.0000336956  -0.0001664532  -0.0000928399
        0.0001502533  -0.0000138417
        0.0017405152   0.0026194024  -0.0013737500  -0.0038076533   0.0140155574
       -0.0008347743  -0.0033096327   0.0128082324  -0.0431059559  -0.0085737594
        0.0111734932  -0.0009920045   0.0004716831   0.0001753025   0.0000570971
        0.0001648503   0.0001940754   0.0001213998  -0.0002002773   0.0003853875
       -0.0000972677  -0.0020698437   0.0004914657  -0.0004248003   0.0000362649
       -0.0001103602   0.0000834441  -0.0001600899   0.0008504206   0.0003907928
        0.0001112528   0.0000118547  -0.0000667509   0.0002083404   0.0000116679
       -0.0000551099  -0.0000697163   0.0003192351  -0.0002813286  -0.0003308959
        0.0001762072   0.0004830483   0.0058110765  -0.0133098325   0.0488137791
        0.0099000642  -0.0298481439  -0.0025377202   0.0000654039  -0.0000238736
        0.0000912668   0.0000601331   0.0000127880  -0.0001588588  -0.0000477157
        0.0000471202  -0.0001125069
        0.0007653351   0.0005247193  -0.0004744515  -0.0033524191   0.0050612768
        0.0207631689  -0.0365849251   0.0049262891   0.0124738603  -0.0111941714
       -0.0120929433  -0.0282181633   0.0018300058   0.0018060258  -0.0013540555
       -0.0019524321   0.0016216048  -0.0001963120  -0.0009478594  -0.0013635862
        0.0001650426   0.0006264336  -0.0007936937  -0.0006151623   0.0000911000
        0.0000891363   0.0000713005   0.0000920913   0.0002895884  -0.0000812016
       -0.0004742800   0.0000931595  -0.0002176226   0.0003621712  -0.0002974618
       -0.0002564808  -0.0020145451  -0.0026250710   0.0022191659   0.0003152978
        0.0000674281   0.0002895112   0.0006067832   0.0060541203   0.0099000642
        0.0518850755  -0.0036522094  -0.0148177897   0.0001114257  -0.0000226668
       -0.0001247429  -0.0000990552   0.0001828281   0.0001240752  -0.0000660318
        0.0001314556   0.0003497934
       -0.0000669954   0.0019311384   0.0011821417  -0.0033938322   0.0025255093
        0.0170266882   0.0095776603  -0.0687017758  -0.0723081272  -0.0054436665
        0.0020748259  -0.0020285620  -0.0000129482   0.0007113635   0.0002099092
       -0.0002984274   0.0004766454   0.0002124714   0.0001416440  -0.0001779384
        0.0001276498   0.0003632315  -0.0007854225  -0.0001934114   0.0000800160
       -0.0000641900   0.0000061145  -0.0000600506   0.0001498760   0.0000856650
        0.0000155313  -0.0002809975   0.0001671990  -0.0002016801  -0.0001195473
       -0.0005778494  -0.0021212768  -0.0013263692   0.0023413182   0.0002997953
        0.0001707432  -0.0002198148   0.0046727587  -0.0163151929  -0.0298481439
       -0.0036522094   0.0799626482   0.0840873223   0.0000707829  -0.0002233679
       -0.0001143662   0.0000326013  -0.0000057931  -0.0000742152  -0.0000029346
       -0.0000021553  -0.0000819894
       -0.0007463001  -0.0011531506   0.0018324067   0.0064933148  -0.0029995422
       -0.0226254976   0.0184723958  -0.0722471222  -0.2349361528  -0.0145012860
       -0.0076349283  -0.0141706982   0.0024591440   0.0016913526  -0.0008435070
       -0.0014429177   0.0014042311  -0.0002023904  -0.0001000153  -0.0009967496
        0.0003220411   0.0000925781  -0.0004428502  -0.0001675480   0.0001410793
        0.0000066371   0.0000033228  -0.0002079060  -0.0004975822   0.0003002106
       -0.0002431752   0.0001884002  -0.0006918195   0.0003993727   0.0009983638
       -0.0002911781   0.0028092989   0.0022242230  -0.0019091505  -0.0001952042
       -0.0002797356   0.0001599539   0.0012720370  -0.0044754664  -0.0025377202
       -0.0148177897   0.0840873223   0.2758154412   0.0000917114  -0.0001435084
       -0.0002120958  -0.0000203148   0.0001368468   0.0000099291   0.0000439769
        0.0001332587   0.0001444526
       -0.0000293888   0.0001924693  -0.0000347318   0.0001082104   0.0000506067
       -0.0000663938   0.0005230566  -0.0006176903   0.0010219403   0.0032767056
       -0.0152299306   0.0066277112  -0.0557819478   0.0536868345  -0.0309154398
       -0.0042045971   0.0205535466  -0.0097207450  -0.0041174854   0.0024164823
       -0.0037760903  -0.0014191526  -0.0037849375  -0.0016378049  -0.0000573483
        0.0000540472   0.0000877681   0.0000465291  -0.0000183380   0.0000193437
        0.0000132884  -0.0001391980   0.0000350051   0.0000285755  -0.0000279716
       -0.0000068779  -0.0000058548  -0.0000325355   0.0000137715  -0.0000288686
       -0.0000393210  -0.0000010135  -0.0005990533  -0.0000117781   0.0000654039
        0.0001114257   0.0000707829   0.0000917114   0.0616978938  -0.0587001407
        0.0385744724   0.0003156783   0.0004816352   0.0001757644   0.0001223332
        0.0010954368  -0.0005537949
        0.0000296395   0.0002077352  -0.0000218487   0.0001071979  -0.0001782729
        0.0001022507   0.0010708183   0.0004586563  -0.0005142701   0.0039964425
       -0.0229383061   0.0105033013   0.0553920232  -0.2354914698   0.1014471079
        0.0006784736  -0.0030439069   0.0016637872  -0.0004939367  -0.0006125523
        0.0010771695  -0.0011031991  -0.0029740082   0.0031273500   0.0001023165
        0.0000684667  -0.0001342911   0.0000666513   0.0000992380   0.0000689894
        0.0000505754   0.0000760166   0.0000854740   0.0000518265  -0.0000157707
        0.0001051209   0.0000900338   0.0000225370  -0.0000610345   0.0000081080
        0.0000674352  -0.0000900026  -0.0008916254   0.0000882540  -0.0000238736
       -0.0000226668  -0.0002233679  -0.0001435084  -0.0587001407   0.2641340804
       -0.1168639533  -0.0001814556   0.0002830877  -0.0004306929  -0.0002510822
       -0.0000278525   0.0001029242
        0.0002164814  -0.0000634870  -0.0000134616   0.0000554479   0.0000065127
        0.0002876527   0.0000117271  -0.0006780977  -0.0013839794  -0.0001609876
        0.0025528607  -0.0004470063  -0.0316691608   0.1010789871  -0.0819903221
       -0.0019017687   0.0093030520  -0.0038211533  -0.0027672750   0.0022154426
        0.0010662397  -0.0024018156   0.0025057964   0.0044041247  -0.0000156826
       -0.0001098603   0.0000122100  -0.0000262733   0.0000417021   0.0001324871
       -0.0003676887  -0.0000990041   0.0000335344  -0.0000094122  -0.0000176248
        0.0000952106  -0.0000189804   0.0000947302  -0.0001572503  -0.0000117481
        0.0000765286  -0.0000976968   0.0001819272  -0.0004254271   0.0000912668
       -0.0001247429  -0.0001143662  -0.0002120958   0.0385744724  -0.1168639533
        0.0825959438   0.0005034627  -0.0001538012  -0.0005254990  -0.0000679826
        0.0006500091  -0.0000702051
        0.0001884989   0.0000120218   0.0001467932  -0.0001218540  -0.0000080225
       -0.0000655452  -0.0006736431  -0.0008847055  -0.0000991641  -0.0039966801
       -0.0006750635  -0.0023014624  -0.0154248741  -0.0152090076  -0.0005174298
       -0.1791697893  -0.1322724110  -0.0090261851   0.0012756241  -0.0007492528
        0.0009498167   0.0017267240   0.0011442145  -0.0025390232   0.0000665548
       -0.0002528858  -0.0001458451   0.0000860206  -0.0000543192   0.0000038808
       -0.0002180788  -0.0001566733  -0.0002288915   0.0000773884  -0.0000028047
       -0.0000044504  -0.0000127468  -0.0000563938  -0.0000717408  -0.0000451315
       -0.0001188644   0.0000078432   0.0000781961  -0.0001067739   0.0000601331
       -0.0000990552   0.0000326013  -0.0000203148   0.0003156783  -0.0001814556
        0.0005034627   0.1956713474   0.1488477513   0.0128137203   0.0002758202
        0.0006920450   0.0005344023
       -0.0002556709  -0.0000366339  -0.0000970153   0.0000369808  -0.0001496031
       -0.0000386082   0.0002834718   0.0003233493   0.0002512051   0.0017304090
        0.0002173474   0.0014460052   0.0029109497   0.0033768834  -0.0000341052
       -0.1338208260  -0.1643463481  -0.0026417224  -0.0176306657  -0.0190510456
       -0.0000968026  -0.0026897301  -0.0035676872   0.0029183646  -0.0004723249
        0.0004587222   0.0003128557  -0.0000277879   0.0000569234  -0.0000220170
        0.0002671462   0.0003205545   0.0001658017  -0.0000242792   0.0000319177
        0.0000190131   0.0000765767   0.0000124818   0.0000017875   0.0000535495
        0.0000520811  -0.0000255717   0.0000171757   0.0000336956   0.0000127880
        0.0001828281  -0.0000057931   0.0001368468   0.0004816352   0.0002830877
       -0.0001538012   0.1488477513   0.1820370087  -0.0015545270   0.0000328107
       -0.0000469419  -0.0006004972
        0.0000603614   0.0000365275  -0.0000695573  -0.0004456990  -0.0000488866
        0.0000454349  -0.0004993753  -0.0002340458   0.0002898329  -0.0027139920
        0.0009023521   0.0006045728  -0.0081980462  -0.0082854288   0.0001168964
       -0.0073203268  -0.0014847448  -0.0339312372   0.0071946037   0.0072314507
       -0.0000819043  -0.0015334286   0.0041725990   0.0048092652  -0.0002281574
        0.0000856025  -0.0001999156   0.0000042768   0.0000679675   0.0002363354
       -0.0001293961  -0.0000330410   0.0004353853  -0.0000301690  -0.0000444816
        0.0000945944   0.0000029328   0.0001030255  -0.0000646864  -0.0000219851
       -0.0000160803  -0.0000119244  -0.0000174010  -0.0001664532  -0.0001588588
        0.0001240752  -0.0000742152   0.0000099291   0.0001757644  -0.0004306929
       -0.0005254990   0.0128137203  -0.0015545270   0.0296039138   0.0007622418
       -0.0002269276  -0.0012025771
       -0.0000273145  -0.0001629957   0.0000440444   0.0000813847  -0.0002224554
        0.0001309390  -0.0000670273   0.0005167784  -0.0005190173  -0.0028571603
       -0.0019898113  -0.0004470173   0.0028174425   0.0001515275  -0.0017946060
       -0.0018729716   0.0030337278  -0.0010106770  -0.2242666964   0.0839928765
       -0.1137001986  -0.0126903031   0.0039926191  -0.0055847934   0.0007088339
        0.0002910369  -0.0013451173   0.0000768163   0.0000077179  -0.0000326406
       -0.0003272886   0.0001091527  -0.0001753800   0.0000962026   0.0000093243
        0.0000566648   0.0000607665  -0.0000557034  -0.0001645826   0.0000173946
       -0.0000762742  -0.0001044625   0.0000006992  -0.0000928399  -0.0000477157
       -0.0000660318  -0.0000029346   0.0000439769   0.0001223332  -0.0002510822
       -0.0000679826   0.0002758202   0.0000328107   0.0007622418   0.2379170999
       -0.0892834752   0.1239563241
       -0.0006173486  -0.0001456260  -0.0002140375   0.0000145391  -0.0001170649
       -0.0002268159  -0.0003887410   0.0006591460   0.0000976808  -0.0025367650
       -0.0018958336  -0.0000890776   0.0003196007  -0.0036116045   0.0044960561
        0.0197766215  -0.0091081904   0.0105974750   0.0814142161  -0.0703907987
        0.0494790490  -0.0110949573   0.0025436932  -0.0062166843   0.0000846321
       -0.0006347018  -0.0002172989  -0.0000655716   0.0000655386  -0.0001358415
        0.0005804278   0.0005736257   0.0000760323  -0.0000283778   0.0000996237
       -0.0000293536   0.0001134536  -0.0000211808   0.0000512422   0.0000292750
        0.0000188527   0.0000446960  -0.0002364668   0.0001502533   0.0000471202
        0.0001314556  -0.0000021553   0.0001332587   0.0010954368  -0.0000278525
        0.0006500091   0.0006920450  -0.0000469419  -0.0002269276  -0.0892834752
        0.0818912174  -0.0583165825
       -0.0001756995  -0.0000536654  -0.0000080716   0.0000086265   0.0001787398
       -0.0003156918  -0.0006428872   0.0003219592   0.0006547902   0.0005503514
        0.0004059755   0.0006191292  -0.0032956521   0.0037050939   0.0048671914
       -0.0076252311   0.0034979563  -0.0061635962  -0.1103505721   0.0508075133
       -0.0844934418  -0.0017762553   0.0002493296  -0.0031260670  -0.0009212778
       -0.0002241119   0.0006052320  -0.0000186413   0.0000107555   0.0001858451
        0.0001649948   0.0000287807   0.0002794987   0.0000063883  -0.0000584034
        0.0000845319  -0.0000031990   0.0000666073   0.0001171813   0.0000729814
       -0.0000265438   0.0000843912  -0.0002806521  -0.0000138417  -0.0001125069
        0.0003497934  -0.0000819894   0.0001444526  -0.0005537949   0.0001029242
       -0.0000702051   0.0005344023  -0.0006004972  -0.0012025771   0.1239563241
       -0.0583165825   0.0878499137
