   18
         16          1         16
         13         17         29
          9         30         38
         11         39         49
         12         50         61
          7         62         68
          1         69         69
          7         70         76
          6         77         82
          8         83         90
          3         91         93
          5         94         98
          2         99        100
          2        101        102
          2        103        104
         12        105        116
          9        117        125
         12        126        137
