   -0.12686046
   -0.02924119
   -0.08035865
   -0.02412770
   -0.05524286
   -0.06440122
    0.03256208
    0.00622123
   -0.05589175
    0.01121269
   -0.10623463
    0.03501012
    0.00686881
   -0.01996888
   -0.02439669
    0.01633900
    0.02122427
    0.01197963
   -0.10434763
   -0.05183533
   -0.01863796
   -0.07093320
    0.09410343
   -0.25190403
    0.26008385
   -0.26018781
    0.09449170
   -0.07896652
   -0.14966359
   -0.76093839
    0.28889965
    0.26558824
    0.26064326
    0.10355313
    0.08992029
    0.08530266
    0.06233769
    0.02428855
    0.04279292
    0.02424377
    0.03592067
    0.08180214
    0.05885656
    0.03986623
    0.04490920
    0.03879734
    0.05567235
    0.07395849
    0.03040553
    0.03628300
