           1           2  0.94166389400565009     
           2           3   1.0071909942179831     
           3           4   1.0077549740455962     
           4           5   1.0061629937844105     
           5           6   1.0218161134786665     
           1           8  0.91441365289446197     
           1           9  0.92330505028288179     
           1          10  0.84229001639876766     
           2          11  0.96924444780112529     
           2          12  0.97120742448258379     
           3          13  0.96372212646322897     
           3          14  0.96272673873292924     
           4          15  0.97627362060169876     
           4          16  0.97331388427406162     
           5          17  0.97652051590104061     
           5          18  0.97538269401931188     
           6          19  0.98604482411231098     
           6          20  0.98424954295121858     
           6          21  0.98715256650393324     
