           1           2  0.93479228517321211     
           2           3  0.99387449735366129     
           3           4   1.0048407033497126     
           4           5   1.4110754639061389     
           5           6   1.4477643206361561     
           4           7  0.10654151781776466     
           6           7   1.4317182354271007     
           5           8  0.11051109820647728     
           7           8   1.4475451474128622     
           4           9   1.3860897822750438     
           6           9  0.10648558457308181     
           8           9   1.4228392476401643     
           1          10  0.91832179811451953     
           1          11  0.91639170861069763     
           1          12  0.83473200533441316     
           2          13  0.96805020961806698     
           2          14  0.96839226331922501     
           3          15  0.96896870092723053     
           3          16  0.96021609863429325     
           5          17  0.96746803001371073     
           6          18  0.96832145954239601     
           7          19  0.96852111599213830     
           8          20  0.96908027589855217     
           9          21  0.96031587514698258     
