           1           2  0.94124337949475534     
           2           3   1.0069969156578082     
           3           4  0.98998135660270292     
           4           5   1.0082417289670886     
           5           6   1.4136820132263237     
           6           7   1.4466324496624812     
           5           8  0.10989113264361365     
           7           8   1.4382756755439323     
           6           9  0.11226274772532507     
           8           9   1.4405620690436569     
           5          10   1.4150037544985363     
           7          10  0.11067526040309361     
           9          10   1.4423327310955603     
           1          12  0.92218122623408250     
           1          13  0.84387561654275267     
           1          14  0.91969843352673175     
           2          15  0.96421355512409712     
           2          16  0.97144072601200104     
           3          17  0.97336773687210820     
           3          18  0.96476597237403983     
           4          19  0.97419157790883271     
           4          20  0.96681322190380758     
           6          21  0.96837189718635730     
           7          22  0.97024098733921393     
           8          23  0.97112148529443820     
           9          24  0.97116328272666408     
          10          25  0.96956747721538139     
