$coord
         -3.561878706012         -0.000184058552          1.457482326244     n 
         -2.069530277813          0.000127832591         -0.945973175416     c 
         -0.435879008293          2.407651378103         -1.201091185589     c 
          1.837634670280          2.400636050763          0.612879202330     c 
          3.446720022890         -0.000364609016          0.299245653715     c 
          1.837009080851         -2.400679103255          0.613129868619     c 
         -0.435657856878         -2.407136543056         -1.201718870346     c 
         -4.704190140559         -1.571204507352          1.582079037561     h 
         -4.709508227735          1.567267299241          1.580508614448     h 
         -2.400324061733          0.003286899743          3.016025167635     h 
         -3.457740886674         -0.000129687357         -2.508227019430     h 
         -1.614671685817          4.079565060487         -0.864593338346     h 
          0.240030539861          2.587008620703         -3.151527408793     h 
          1.172752446505          2.539944301084          2.569436569327     h 
          3.003338434649          4.093231760564          0.315619389616     h 
          5.026655696052         -0.000452595034          1.646309317978     h 
          4.326734145379         -0.000743544989         -1.577112186756     h 
          1.171104253422         -2.538994746675          2.569328849656     h 
          3.002113337977         -4.094046329013          0.317379726030     h 
         -1.614236466813         -4.079586052885         -0.867083045481     h 
          0.241069549171         -2.585389165816         -3.151922624188     h 
$end
