$coord
          2.118676297995          0.961990357069          1.647546723002     n 
          0.820057176682         -0.139508366062         -0.542031945590     c 
          1.574922968156          1.185988326105         -2.989740997941     c 
         -2.013378863823         -0.165773396045         -0.185756620759     c 
         -3.328984564265          2.057698540183          0.242892902465     c 
         -5.917302349122          2.031878581857          0.569490640055     c 
         -7.223288358423         -0.222551877796          0.469140349682     c 
         -5.936169599389         -2.449286195707          0.040873644495     c 
         -3.348238067902         -2.420300926574         -0.284686212707     c 
          8.106212874302         -0.468642102081          0.379588106450     cl
          5.703304325095          0.108899177187          0.909253275925     h 
          1.675744100568          2.821142422673          1.753486052292     h 
          1.421621920980          0.169542485820          3.246551249387     h 
          1.455614817991         -2.120113755077         -0.660379375712     h 
          0.695017570294          0.298496520429         -4.628426760061     h 
          3.616806631487          1.154382264839         -3.259753467675     h 
          0.985333023380          3.158353872198         -2.957064683392     h 
         -2.313931834864          3.819530099990          0.316752195852     h 
         -6.918521564211          3.774709574066          0.902552460966     h 
         -9.244562148230         -0.244139115502          0.724053365218     h 
         -6.952355509192         -4.213379077551         -0.039778054522     h 
         -2.345077618793         -4.159449183814         -0.620107592870     h 
$end
