           1           2  0.92734450111482847     
           2           3   1.0037923214552711     
           3           4   1.0063640933627596     
           4           5   1.0073685790801650     
           5           6   1.0071673128432632     
           6           7   1.0059813358387999     
           7           8   1.0082781715214908     
           8           9   1.0061347855813310     
           9          10   1.0075890792168616     
          10          11   1.0084330868319582     
          11          12   1.0069239535906935     
          12          13   1.0209522829912119     
           1          14  0.91078457987750194     
           1          15  0.89135320649332317     
           1          16  0.91440461242614057     
           2          17  0.96937347310094057     
           2          18  0.96397278216994287     
           3          19  0.96494427593071541     
           3          20  0.96550214922416322     
           4          21  0.97114476587628695     
           4          22  0.97379023622937566     
           5          23  0.97216123422837131     
           5          24  0.96722463492008559     
           6          25  0.97267672154903717     
           6          26  0.97509573378330527     
           7          27  0.97434147514094904     
           7          28  0.97281333038590190     
           8          29  0.97397768387902361     
           8          30  0.97603723117506269     
           9          31  0.97598013747658152     
           9          32  0.97646789868059203     
          10          33  0.97520337244638233     
          10          34  0.97421662084220240     
          11          35  0.97514983954854750     
          11          36  0.97681417958960914     
          12          37  0.97699447152552055     
          12          38  0.97749589288401850     
          13          39  0.98620309225461111     
          13          40  0.98751519621839612     
          13          41  0.98719040286926119     
