           1           2  0.94386329052903251     
           2           3  0.99515790501355461     
           3           4   1.0058313271181039     
           4           5   1.3998441893631626     
           5           6   1.4603856726620781     
           4           7   1.4048738579602547     
           6           7  0.10416292901451779     
           5           8  0.10320763503890068     
           7           8   1.4579339838764986     
           6           9   1.3504938453862860     
           8           9   1.3493316069924870     
           9          10   1.0993881159985162     
          10          11   1.7976436847774364     
          11          12   1.0978367043219543     
          12          13   1.3502686994633977     
          13          14   1.4547281468062883     
          14          15   1.4313978483240668     
          13          16  0.10539743835319998     
          15          16   1.4288597539132704     
          12          17   1.3524195603846476     
          14          17  0.10636005550366159     
          16          17   1.4575065453491867     
           1          19  0.84364544096751515     
           1          20  0.92334135073476375     
           1          21  0.91233087917468647     
           2          22  0.97167319336431768     
           2          23  0.96921835514354515     
           3          24  0.96160643178184568     
           3          25  0.96196945837196746     
           5          26  0.94670265975205448     
           6          27  0.96799105906855698     
           7          28  0.96782828091871331     
           8          29  0.96899696237010713     
          13          30  0.96887208083602028     
          14          31  0.96880091383321498     
          15          32  0.97120837957851469     
          16          33  0.96921983795310529     
          17          34  0.96984230374353331     
