           1           2  0.93877726850779131     
           2           3   1.0090016719801893     
           3           4   1.0062882178460393     
           4           5   1.0005093362829023     
           5           6  0.98207924742884833     
           1           7  0.91528736405066735     
           1           8  0.84016015185792015     
           1           9  0.91843673965291983     
           2          10  0.96978248898200126     
           2          11  0.96554698153630336     
           3          12  0.96871916680977443     
           3          13  0.96343433506572773     
           4          14  0.96962910347886377     
           4          15  0.97116059837375424     
           5          16  0.96789462930441705     
           5          17  0.97391859293810035     
           6          18  0.88619003661909734     
