$hessian                                                                        
        0.4117575751  -0.0931423483   0.0870406194  -0.0764650486  -0.0117113804
       -0.0094015715  -0.0001454682   0.0302253101   0.0037539409   0.0009937700
       -0.0022735560  -0.0002009956  -0.0145676545   0.0019665299  -0.0007832353
       -0.3236808591   0.1076172981  -0.0740772057   0.0030616446  -0.0063394250
       -0.0021667342  -0.0019349650  -0.0292714864  -0.0040198969  -0.0049540578
        0.0035623162  -0.0018381002   0.0007712960  -0.0008010986   0.0007032225
       -0.0001305837  -0.0004404444  -0.0001824238   0.0006161610  -0.0002763288
       -0.0002831262   0.0049125374   0.0000078504   0.0012466693  -0.0002237432
        0.0008167486  -0.0007298471  -0.0000106040   0.0000600146   0.0009386846
       -0.0931423483   0.4268484039   0.0234907867  -0.0428666088  -0.2292320140
       -0.0359832411   0.0087469248  -0.0248669955   0.0003058546  -0.0022909318
       -0.0013922812  -0.0002704983  -0.0011267952   0.0039221933   0.0000420308
        0.1346463415  -0.1014766224   0.0274325058  -0.0020003823  -0.0329297334
       -0.0174618716  -0.0092361325  -0.0388327013   0.0007686025   0.0032854144
       -0.0004296919   0.0014400121  -0.0009378114   0.0011970647  -0.0000553122
       -0.0001635178  -0.0003061993  -0.0001260546  -0.0002262501   0.0004204239
        0.0000320051   0.0039764880  -0.0025678008   0.0001518850   0.0009261137
        0.0000335782  -0.0002063995   0.0004094958  -0.0003876239   0.0004396949
        0.0870406194   0.0234907867   0.0757563013  -0.0140578060  -0.0280984896
       -0.0529115683   0.0012136445   0.0092577079   0.0038117749   0.0001887391
        0.0001299117  -0.0007753658  -0.0019539820   0.0007221680   0.0027095707
       -0.0717996164   0.0199040578  -0.0258547574  -0.0043749702  -0.0380438541
       -0.0056614216   0.0021287374   0.0132596311   0.0057827552  -0.0017437379
        0.0012664563  -0.0009004047   0.0014567385  -0.0011092223   0.0009257373
       -0.0005900315   0.0005754041   0.0003155807   0.0001619272  -0.0000125684
       -0.0002829915   0.0020069068  -0.0009166943  -0.0033647640  -0.0005602815
        0.0001324161   0.0002220243   0.0008831127  -0.0005577109   0.0002275290
       -0.0764650486  -0.0428666088  -0.0140578060   0.4971130183   0.0160413529
       -0.0043633208  -0.1528851443   0.0411401122  -0.0391440124  -0.0338964817
        0.0078576399  -0.0039791114   0.0001244558   0.0027865849  -0.0001246381
        0.0044191279   0.0282680735   0.0057598127  -0.0500272224  -0.0043871301
       -0.0259269093  -0.1822027655  -0.0507762081   0.0865030421   0.0009564207
        0.0015921392  -0.0001670443  -0.0065329201   0.0031837543  -0.0064660447
        0.0015408508   0.0005317095  -0.0004736025  -0.0045859982  -0.0015805069
        0.0020238684   0.0028416282  -0.0018600466  -0.0000229354   0.0000733837
        0.0002223999   0.0002656351  -0.0004733046  -0.0001532657   0.0001730665
       -0.0117113804  -0.2292320140  -0.0280984896   0.0160413529   0.4373039771
       -0.0036083399   0.0449109199  -0.0840252361   0.0190002317  -0.0052621127
        0.0061486745  -0.0037960222   0.0021583371  -0.0021389649  -0.0001501250
        0.0028734374  -0.0169372150  -0.0008175773  -0.0054430132  -0.0385005584
       -0.0259309272  -0.0553122140  -0.0573309506   0.0339804442   0.0211143696
       -0.0160469678   0.0087440897  -0.0015531310   0.0017680487  -0.0000836545
        0.0000473957   0.0005724636  -0.0003695588  -0.0022499138  -0.0002005798
        0.0009686638  -0.0049630470  -0.0010347327   0.0001394080  -0.0001424912
       -0.0002486809   0.0002260907  -0.0005085092  -0.0000972636  -0.0002042337
       -0.0094015715  -0.0359832411  -0.0529115683  -0.0043633208  -0.0036083399
        0.4992340936  -0.0385776842   0.0179929547  -0.0848455807   0.0099681559
       -0.0057949375   0.0042643824   0.0005341735  -0.0001189453  -0.0006422515
        0.0026367315   0.0072269703  -0.0021606580  -0.0255391496  -0.0252139827
       -0.2481729746   0.0847510815   0.0328485372  -0.1015980695   0.0036536537
       -0.0021516785   0.0019102527  -0.0269282195   0.0139553464  -0.0149919505
        0.0013217390  -0.0004926945   0.0007963592   0.0031669973   0.0011771869
       -0.0007606780  -0.0009518520   0.0000416318   0.0008027116  -0.0000285094
       -0.0000308624  -0.0002784508  -0.0002422253   0.0001520546  -0.0006456176
       -0.0001454682   0.0087469248   0.0012136445  -0.1528851443   0.0449109199
       -0.0385776842   0.4457058927   0.0018247004   0.0054086375  -0.1473637718
       -0.0315886180   0.0464918589  -0.0073695725  -0.0111841994   0.0019163852
        0.0010209334  -0.0001019081   0.0000890477  -0.0071522408   0.0037205718
       -0.0049962258  -0.0231683713   0.0083336685  -0.0070315131  -0.0436481531
       -0.0148571461  -0.0027483577  -0.0432525853  -0.0011378953  -0.0138476992
       -0.0003987408  -0.0011605416   0.0035679772  -0.0236296220  -0.0068205525
        0.0103548386   0.0007165193   0.0001816413  -0.0003600469   0.0008538876
       -0.0010369724  -0.0008803748   0.0007164372   0.0001694068  -0.0006004881
        0.0302253101  -0.0248669955   0.0092577079   0.0411401122  -0.0840252361
        0.0179929547   0.0018247004   0.5167253344   0.0139116018  -0.0300953303
       -0.0727581490   0.0194081741  -0.0278134671  -0.0212504739   0.0113144147
        0.0002371317  -0.0064809664   0.0000348897  -0.0008831575   0.0010122974
        0.0013440739  -0.0057836864   0.0036171962  -0.0024575559  -0.0137755296
       -0.2633513208  -0.0372031323  -0.0021345580  -0.0482070701  -0.0286512623
       -0.0017999104  -0.0000380862   0.0030277137   0.0101138028   0.0045733261
       -0.0058246630  -0.0000643718   0.0006837275  -0.0004771221  -0.0016993484
       -0.0060282360  -0.0021047879   0.0005083024   0.0003946524   0.0004269929
        0.0037539409   0.0003058546   0.0038117749  -0.0391440124   0.0190002317
       -0.0848455807   0.0054086375   0.0139116018   0.5088068086   0.0478913201
        0.0193407291  -0.0965890363  -0.0049396052  -0.0006459843   0.0044343455
        0.0001039120  -0.0011182893   0.0004279830  -0.0267067117   0.0125354644
       -0.0143187058   0.0113862625  -0.0047899278   0.0040281416  -0.0022055188
       -0.0369641473  -0.0499215474  -0.0140407421  -0.0301430280  -0.2641997242
        0.0246178025   0.0118401692  -0.0175556171  -0.0045859136  -0.0017395656
        0.0033029094  -0.0001869302   0.0003403794   0.0006457979  -0.0004942502
       -0.0015859642   0.0003233071  -0.0008581911  -0.0002875236   0.0016491433
        0.0009937700  -0.0022909318   0.0001887391  -0.0338964817  -0.0052621127
        0.0099681559  -0.1473637718  -0.0300953303   0.0478913201   0.4899634928
       -0.0477610741   0.0112082721  -0.0703555872  -0.0091140021  -0.0039229347
        0.0004489314  -0.0005590431  -0.0001679317   0.0012835201  -0.0008299576
        0.0006913289  -0.0048645120   0.0025170915  -0.0021568311  -0.0024314441
       -0.0033174007   0.0015973553  -0.0023999082  -0.0021446322   0.0043941089
       -0.0469139579   0.0042430267  -0.0268703041  -0.1852563815   0.0992915443
       -0.0412894052   0.0056308995   0.0191520937   0.0062384149  -0.0040296150
       -0.0184139442  -0.0051687888  -0.0008089545  -0.0054153273  -0.0026014996
       -0.0022735560  -0.0013922812   0.0001299117   0.0078576399   0.0061486745
       -0.0057949375  -0.0315886180  -0.0727581490   0.0193407291  -0.0477610741
        0.4303079112  -0.0073205682  -0.0136418967  -0.1625762144  -0.0314837069
       -0.0003423019   0.0003052005   0.0002707694   0.0000109183   0.0002049481
       -0.0007802088   0.0025845312  -0.0005336652   0.0007621089  -0.0197540264
       -0.0133866822   0.0110323615   0.0011357985  -0.0004231471   0.0000006341
        0.0018693074  -0.0417400803  -0.0048418295   0.1047926602  -0.1112501921
        0.0307915575   0.0036856460  -0.0195889176  -0.0038108073  -0.0051342436
       -0.0111769414  -0.0013070946  -0.0014407850  -0.0021404637  -0.0069889193
       -0.0002009956  -0.0002704983  -0.0007753658  -0.0039791114  -0.0037960222
        0.0042643824   0.0464918589   0.0194081741  -0.0965890363   0.0112082721
       -0.0073205682   0.5215381119  -0.0062719088  -0.0336637814  -0.0824328501
       -0.0001043922  -0.0000918676  -0.0002411869  -0.0012792455  -0.0004735339
        0.0008790336  -0.0015689430   0.0007957119   0.0002177923  -0.0038887187
       -0.0019341056   0.0020816787   0.0270769544   0.0120179012  -0.0191104332
       -0.0251264075   0.0018192301  -0.2676966934  -0.0407988447   0.0269338324
       -0.0584344573   0.0024626562   0.0014107244   0.0018280858   0.0012091226
        0.0113367330   0.0044967805  -0.0052302968  -0.0261719297  -0.0100258421
       -0.0145676545  -0.0011267952  -0.0019539820   0.0001244558   0.0021583371
        0.0005341735  -0.0073695725  -0.0278134671  -0.0049396052  -0.0703555872
       -0.0136418967  -0.0062719088   0.5922673370  -0.0108323339  -0.0116436760
       -0.0017443149  -0.0017679113   0.0008879342  -0.0001200945  -0.0001645772
       -0.0000074411   0.0003917496  -0.0004871287   0.0000580007  -0.0043687500
       -0.0020738380   0.0020471018   0.0008646631   0.0005757647  -0.0011034587
       -0.0010974077  -0.0063044821  -0.0029999228   0.0037026270   0.0221467747
        0.0069856932  -0.2271014924   0.1289682499  -0.0303764960  -0.2084668800
       -0.0872954043   0.1145383753  -0.0621590790  -0.0023412919  -0.0657547881
        0.0019665299   0.0039221933   0.0007221680   0.0027865849  -0.0021389649
       -0.0001189453  -0.0111841994  -0.0212504739  -0.0006459843  -0.0091140021
       -0.1625762144  -0.0336637814  -0.0108323339   0.4790823481  -0.0320593699
       -0.0001716681   0.0004410516  -0.0004855567   0.0000872479  -0.0000511546
        0.0002168027   0.0000754012   0.0001498674  -0.0000646260  -0.0041908677
       -0.0001857112   0.0018298059   0.0010777922   0.0011350744  -0.0007401363
       -0.0026980859  -0.0084219902  -0.0049455930  -0.0014930654  -0.0290407920
       -0.0084366133   0.1236476359  -0.1259379447   0.0206906615  -0.0875946557
       -0.0902705985   0.0612184194  -0.0023623139  -0.0448566903  -0.0035172512
       -0.0007832353   0.0000420308   0.0027095707  -0.0001246381  -0.0001501250
       -0.0006422515   0.0019163852   0.0113144147   0.0044343455  -0.0039229347
       -0.0314837069  -0.0824328501  -0.0116436760  -0.0320593699   0.5847322132
        0.0000021911  -0.0001215648  -0.0002423649   0.0003374118   0.0001383603
        0.0000195699  -0.0001808053  -0.0001494652  -0.0002164185   0.0022928812
        0.0015843173  -0.0006181855  -0.0001334421   0.0009377191   0.0014301194
       -0.0055527920  -0.0317418037  -0.0122480976   0.0008331180   0.0033581460
        0.0020083823  -0.0305813917   0.0217037723  -0.0495578045   0.1169204970
        0.0613957640  -0.1272678226  -0.0693795692  -0.0047684890  -0.3221084058
       -0.3236808591   0.1346463415  -0.0717996164   0.0044191279   0.0028734374
        0.0026367315   0.0010209334   0.0002371317   0.0001039120   0.0004489314
       -0.0003423019  -0.0001043922  -0.0017443149  -0.0001716681   0.0000021911
        0.3165777718  -0.1388184120   0.0691813409   0.0003509465  -0.0000158401
       -0.0001358337   0.0018481096  -0.0010319857   0.0002774651   0.0003377488
       -0.0001780256  -0.0000219469   0.0002905210  -0.0000355929   0.0005115592
       -0.0000305164   0.0001418017  -0.0001473301   0.0002319721   0.0002547611
       -0.0000211607   0.0005781969   0.0014791810  -0.0004737610  -0.0005623805
        0.0005593227  -0.0001603897  -0.0000861884   0.0004018492   0.0001512309
        0.1076172981  -0.1014766224   0.0199040578   0.0282680735  -0.0169372150
        0.0072269703  -0.0001019081  -0.0064809664  -0.0011182893  -0.0005590431
        0.0003052005  -0.0000918676  -0.0017679113   0.0004410516  -0.0001215648
       -0.1388184120   0.1241071528  -0.0266863045   0.0005838128  -0.0004382103
        0.0000353394   0.0010967921  -0.0005345276   0.0004273718   0.0016962839
       -0.0006713295   0.0006514425  -0.0002078111   0.0001287185  -0.0003069534
        0.0001935013  -0.0000291498   0.0000933577  -0.0000609034   0.0002521733
        0.0000515716   0.0026219675   0.0007212413   0.0000170661  -0.0004146666
        0.0002931327  -0.0000323196  -0.0001470737   0.0003193502  -0.0000498778
       -0.0740772057   0.0274325058  -0.0258547574   0.0057598127  -0.0008175773
       -0.0021606580   0.0000890477   0.0000348897   0.0004279830  -0.0001679317
        0.0002707694  -0.0002411869   0.0008879342  -0.0004855567  -0.0002423649
        0.0691813409  -0.0266863045   0.0250736313   0.0009988349  -0.0012555827
        0.0001850683  -0.0012114743   0.0006212890   0.0004979880  -0.0001935414
        0.0001238076   0.0007907144  -0.0004483710   0.0004392313   0.0000454440
        0.0004983253  -0.0004208546   0.0001882158   0.0000306869  -0.0001078781
        0.0005857709  -0.0012733795   0.0005340955   0.0004919107   0.0002421217
       -0.0000219175   0.0000872342  -0.0003162007   0.0003390832   0.0001250066
        0.0030616446  -0.0020003823  -0.0043749702  -0.0500272224  -0.0054430132
       -0.0255391496  -0.0071522408  -0.0008831575  -0.0267067117   0.0012835201
        0.0000109183  -0.0012792455  -0.0001200945   0.0000872479   0.0003374118
        0.0003509465   0.0005838128   0.0009988349   0.0553119257   0.0043113113
        0.0326422031   0.0012883581   0.0015803998   0.0260296364   0.0006686203
       -0.0004960682   0.0000917833  -0.0042559311   0.0022141141  -0.0024316244
       -0.0004843401  -0.0000927006   0.0004397636   0.0002663160   0.0001275055
        0.0001268415  -0.0000727595  -0.0002573038  -0.0003682262  -0.0001220124
        0.0000772387  -0.0000306587   0.0000032696   0.0001800774   0.0000641118
       -0.0063394250  -0.0329297334  -0.0380438541  -0.0043871301  -0.0385005584
       -0.0252139827   0.0037205718   0.0010122974   0.0125354644  -0.0008299576
        0.0002049481  -0.0004735339  -0.0001645772  -0.0000511546   0.0001383603
       -0.0000158401  -0.0004382103  -0.0012555827   0.0043113113   0.0677811957
        0.0418624279   0.0002018920   0.0031228931   0.0089676896   0.0003038283
        0.0004164375   0.0006362868   0.0028659744  -0.0005775617   0.0011832197
       -0.0000438600   0.0001728885  -0.0000173100  -0.0000266879  -0.0000244454
        0.0000788124   0.0004359098  -0.0000541467  -0.0003503069  -0.0000442162
       -0.0000222271  -0.0000782131   0.0000122064  -0.0001126228   0.0000305224
       -0.0021667342  -0.0174618716  -0.0056614216  -0.0259269093  -0.0259309272
       -0.2481729746  -0.0049962258   0.0013440739  -0.0143187058   0.0006913289
       -0.0007802088   0.0008790336  -0.0000074411   0.0002168027   0.0000195699
       -0.0001358337   0.0000353394   0.0001850683   0.0326422031   0.0418624279
        0.2892276638   0.0015634984  -0.0004766724  -0.0226692136   0.0001795055
       -0.0000956069   0.0002784772  -0.0023966474   0.0013298616   0.0000245210
       -0.0004345618  -0.0003054033   0.0004107890   0.0004267153   0.0001316038
        0.0002081691   0.0002946727  -0.0000931069  -0.0002852484   0.0000565925
        0.0000188828  -0.0001030105   0.0002098369   0.0002048049  -0.0000227175
       -0.0019349650  -0.0092361325   0.0021287374  -0.1822027655  -0.0553122140
        0.0847510815  -0.0231683713  -0.0057836864   0.0113862625  -0.0048645120
        0.0025845312  -0.0015689430   0.0003917496   0.0000754012  -0.0001808053
        0.0018481096   0.0010967921  -0.0012114743   0.0012883581   0.0002018920
        0.0015634984   0.2090855277   0.0669256819  -0.0980838786   0.0001007016
       -0.0000567689   0.0002884098   0.0005032700  -0.0006888963   0.0004600904
        0.0002259514   0.0001447987  -0.0004764900  -0.0011599468  -0.0004068095
        0.0005237438  -0.0001524943   0.0001090063   0.0002218094   0.0001032398
        0.0002467226   0.0000069640  -0.0000638530   0.0000996816   0.0001909940
       -0.0292714864  -0.0388327013   0.0132596311  -0.0507762081  -0.0573309506
        0.0328485372   0.0083336685   0.0036171962  -0.0047899278   0.0025170915
       -0.0005336652   0.0007957119  -0.0004871287   0.0001498674  -0.0001494652
       -0.0010319857  -0.0005345276   0.0006212890   0.0015803998   0.0031228931
       -0.0004766724   0.0669256819   0.0892972410  -0.0417657749   0.0007522449
        0.0002189898  -0.0002061233  -0.0001630843   0.0002512170  -0.0002867335
        0.0000713348   0.0000269501   0.0001635761   0.0006245247   0.0003992749
       -0.0002077755   0.0011149515  -0.0000270591   0.0001224029  -0.0001438557
        0.0001604217   0.0000329630  -0.0000461486   0.0000148527   0.0000383614
       -0.0040198969   0.0007686025   0.0057827552   0.0865030421   0.0339804442
       -0.1015980695  -0.0070315131  -0.0024575559   0.0040281416  -0.0021568311
        0.0007621089   0.0002177923   0.0000580007  -0.0000646260  -0.0002164185
        0.0002774651   0.0004273718   0.0004979880   0.0260296364   0.0089676896
       -0.0226692136  -0.0980838786  -0.0417657749   0.1119466201   0.0001159147
       -0.0002074726   0.0001445581  -0.0008913019   0.0000055755   0.0007074538
       -0.0000521485  -0.0000705726   0.0002502380  -0.0004095948  -0.0001192754
        0.0006209331  -0.0001291907  -0.0002278841   0.0001360474  -0.0000853746
       -0.0000823033   0.0000769198  -0.0001243287   0.0000836724   0.0000742542
       -0.0049540578   0.0032854144  -0.0017437379   0.0009564207   0.0211143696
        0.0036536537  -0.0436481531  -0.0137755296  -0.0022055188  -0.0024314441
       -0.0197540264  -0.0038887187  -0.0043687500  -0.0041908677   0.0022928812
        0.0003377488   0.0016962839  -0.0001935414   0.0006686203   0.0003038283
        0.0001795055   0.0001007016   0.0007522449   0.0001159147   0.0521247607
        0.0162763893   0.0029082085   0.0015925098  -0.0024351005  -0.0009996988
        0.0001355079  -0.0002180252  -0.0000360237  -0.0000651429  -0.0013169608
       -0.0002334312  -0.0002804883  -0.0000932786   0.0000523298  -0.0002029254
       -0.0014997741  -0.0002633962   0.0000346917  -0.0001449677   0.0003615735
        0.0035623162  -0.0004296919   0.0012664563   0.0015921392  -0.0160469678
       -0.0021516785  -0.0148571461  -0.2633513208  -0.0369641473  -0.0033174007
       -0.0133866822  -0.0019341056  -0.0020738380  -0.0001857112   0.0015843173
       -0.0001780256  -0.0006713295   0.0001238076  -0.0004960682   0.0004164375
       -0.0000956069  -0.0000567689   0.0002189898  -0.0002074726   0.0162763893
        0.3006272329   0.0436645432  -0.0007386938  -0.0078496553  -0.0052469106
        0.0001679942   0.0001553290   0.0000532401   0.0001528464   0.0005368032
       -0.0003843170  -0.0001622103   0.0003306052   0.0001009675   0.0000271727
       -0.0003542045  -0.0001560150   0.0001012937  -0.0000098345   0.0003469216
       -0.0018381002   0.0014400121  -0.0009004047  -0.0001670443   0.0087440897
        0.0019102527  -0.0027483577  -0.0372031323  -0.0499215474   0.0015973553
        0.0110323615   0.0020816787   0.0020471018   0.0018298059  -0.0006181855
       -0.0000219469   0.0006514425   0.0007907144   0.0000917833   0.0006362868
        0.0002784772   0.0002884098  -0.0002061233   0.0001445581   0.0029082085
        0.0436645432   0.0553694359  -0.0025383032  -0.0318827000  -0.0101895603
        0.0000869328   0.0005375124  -0.0002431491  -0.0002695066   0.0001935389
        0.0002682275   0.0001696878   0.0001025654   0.0002176480   0.0001609376
        0.0006253421   0.0006582237   0.0002328420  -0.0001655449   0.0001536309
        0.0007712960  -0.0009378114   0.0014567385  -0.0065329201  -0.0015531310
       -0.0269282195  -0.0432525853  -0.0021345580  -0.0140407421  -0.0023999082
        0.0011357985   0.0270769544   0.0008646631   0.0010777922  -0.0001334421
        0.0002905210  -0.0002078111  -0.0004483710  -0.0042559311   0.0028659744
       -0.0023966474   0.0005032700  -0.0001630843  -0.0008913019   0.0015925098
       -0.0007386938  -0.0025383032   0.0557921482   0.0034968428   0.0159638912
       -0.0038114056  -0.0023981662   0.0025278262   0.0003875472  -0.0000750414
        0.0004165967  -0.0000213937  -0.0001091757   0.0001488650   0.0001835270
        0.0002710706   0.0000505519  -0.0001113385  -0.0005300057  -0.0002643967
       -0.0008010986   0.0011970647  -0.0011092223   0.0031837543   0.0017680487
        0.0139553464  -0.0011378953  -0.0482070701  -0.0301430280  -0.0021446322
       -0.0004231471   0.0120179012   0.0005757647   0.0011350744   0.0009377191
       -0.0000355929   0.0001287185   0.0004392313   0.0022141141  -0.0005775617
        0.0013298616  -0.0006888963   0.0002512170   0.0000055755  -0.0024351005
       -0.0078496553  -0.0318827000   0.0034968428   0.0529703103   0.0327821949
       -0.0018648879  -0.0002005668   0.0015158542   0.0002857116   0.0001692635
       -0.0003536544  -0.0000898720  -0.0003284811   0.0004451140  -0.0000051147
        0.0000690798   0.0001688103  -0.0005530973  -0.0001022947  -0.0001090038
        0.0007032225  -0.0000553122   0.0009257373  -0.0064660447  -0.0000836545
       -0.0149919505  -0.0138476992  -0.0286512623  -0.2641997242   0.0043941089
        0.0000006341  -0.0191104332  -0.0011034587  -0.0007401363   0.0014301194
        0.0005115592  -0.0003069534   0.0000454440  -0.0024316244   0.0011832197
        0.0000245210   0.0004600904  -0.0002867335   0.0007074538  -0.0009996988
       -0.0052469106  -0.0101895603   0.0159638912   0.0327821949   0.3065757024
        0.0028177139   0.0010580679  -0.0009363735  -0.0002428002  -0.0001930436
        0.0000727183   0.0000458436   0.0003050586  -0.0004392415  -0.0003937854
       -0.0003815924   0.0001408678   0.0005886818   0.0006164238  -0.0000552808
       -0.0001305837  -0.0001635178  -0.0005900315   0.0015408508   0.0000473957
        0.0013217390  -0.0003987408  -0.0017999104   0.0246178025  -0.0469139579
        0.0018693074  -0.0251264075  -0.0010974077  -0.0026980859  -0.0055527920
       -0.0000305164   0.0001935013   0.0004983253  -0.0004843401  -0.0000438600
       -0.0004345618   0.0002259514   0.0000713348  -0.0000521485   0.0001355079
        0.0001679942   0.0000869328  -0.0038114056  -0.0018648879   0.0028177139
        0.0539601886   0.0024570486   0.0293401357  -0.0046411981   0.0035008256
       -0.0259346356   0.0006012504   0.0001836422   0.0002509590   0.0003245981
       -0.0005725616  -0.0009782076   0.0007198031  -0.0013482262  -0.0002648236
       -0.0004404444  -0.0003061993   0.0005754041   0.0005317095   0.0005724636
       -0.0004926945  -0.0011605416  -0.0000380862   0.0118401692   0.0042430267
       -0.0417400803   0.0018192301  -0.0063044821  -0.0084219902  -0.0317418037
        0.0001418017  -0.0000291498  -0.0004208546  -0.0000927006   0.0001728885
       -0.0003054033   0.0001447987   0.0000269501  -0.0000705726  -0.0002180252
        0.0001553290   0.0005375124  -0.0023981662  -0.0002005668   0.0010580679
        0.0024570486   0.0545163014   0.0045666298   0.0041876485   0.0004940431
        0.0174463746  -0.0002449257  -0.0000577701  -0.0010604092   0.0000869319
        0.0003335038  -0.0013251694  -0.0009336796  -0.0054776368  -0.0024264809
       -0.0001824238  -0.0001260546   0.0003155807  -0.0004736025  -0.0003695588
        0.0007963592   0.0035679772   0.0030277137  -0.0175556171  -0.0268703041
       -0.0048418295  -0.2676966934  -0.0029999228  -0.0049455930  -0.0122480976
       -0.0001473301   0.0000933577   0.0001882158   0.0004397636  -0.0000173100
        0.0004107890  -0.0004764900   0.0001635761   0.0002502380  -0.0000360237
        0.0000532401  -0.0002431491   0.0025278262   0.0015158542  -0.0009363735
        0.0293401357   0.0045666298   0.3080404151  -0.0047433148   0.0030794809
       -0.0119049826  -0.0000535758  -0.0000397498  -0.0001893378   0.0000804951
        0.0000661479   0.0003495529   0.0000267899  -0.0022259049   0.0004231004
        0.0006161610  -0.0002262501   0.0001619272  -0.0045859982  -0.0022499138
        0.0031669973  -0.0236296220   0.0101138028  -0.0045859136  -0.1852563815
        0.1047926602  -0.0407988447   0.0037026270  -0.0014930654   0.0008331180
        0.0002319721  -0.0000609034   0.0000306869   0.0002663160  -0.0000266879
        0.0004267153  -0.0011599468   0.0006245247  -0.0004095948  -0.0000651429
        0.0001528464  -0.0002695066   0.0003875472   0.0002857116  -0.0002428002
       -0.0046411981   0.0041876485  -0.0047433148   0.2123694619  -0.1144482635
        0.0468579602   0.0006829216  -0.0011576331  -0.0003293412   0.0005179277
       -0.0003194961  -0.0000554709   0.0005633549  -0.0001749808  -0.0000426181
       -0.0002763288   0.0004204239  -0.0000125684  -0.0015805069  -0.0002005798
        0.0011771869  -0.0068205525   0.0045733261  -0.0017395656   0.0992915443
       -0.1112501921   0.0269338324   0.0221467747  -0.0290407920   0.0033581460
        0.0002547611   0.0002521733  -0.0001078781   0.0001275055  -0.0000244454
        0.0001316038  -0.0004068095   0.0003992749  -0.0001192754  -0.0013169608
        0.0005368032   0.0001935389  -0.0000750414   0.0001692635  -0.0001930436
        0.0035008256   0.0004940431   0.0030794809  -0.1144482635   0.1394773801
       -0.0312855214  -0.0020889999  -0.0053948600  -0.0018455096   0.0008685145
       -0.0006701234  -0.0001940484   0.0008235375   0.0002583045   0.0006236217
       -0.0002831262   0.0000320051  -0.0002829915   0.0020238684   0.0009686638
       -0.0007606780   0.0103548386  -0.0058246630   0.0033029094  -0.0412894052
        0.0307915575  -0.0584344573   0.0069856932  -0.0084366133   0.0020083823
       -0.0000211607   0.0000515716   0.0005857709   0.0001268415   0.0000788124
        0.0002081691   0.0005237438  -0.0002077755   0.0006209331  -0.0002334312
       -0.0003843170   0.0002682275   0.0004165967  -0.0003536544   0.0000727183
       -0.0259346356   0.0174463746  -0.0119049826   0.0468579602  -0.0312855214
        0.0632363250  -0.0003475988  -0.0022413541   0.0000922441  -0.0001167584
        0.0003450974   0.0001889690   0.0009365737  -0.0009801837   0.0007984610
        0.0049125374   0.0039764880   0.0020069068   0.0028416282  -0.0049630470
       -0.0009518520   0.0007165193  -0.0000643718  -0.0001869302   0.0056308995
        0.0036856460   0.0024626562  -0.2271014924   0.1236476359  -0.0305813917
        0.0005781969   0.0026219675  -0.0012733795  -0.0000727595   0.0004359098
        0.0002946727  -0.0001524943   0.0011149515  -0.0001291907  -0.0002804883
       -0.0001622103   0.0001696878  -0.0000213937  -0.0000898720   0.0000458436
        0.0006012504  -0.0002449257  -0.0000535758   0.0006829216  -0.0020889999
       -0.0003475988   0.2399214059  -0.1420622197   0.0351784369  -0.0222519093
        0.0092551296   0.0007771167  -0.0060048218   0.0049379183  -0.0074114019
        0.0000078504  -0.0025678008  -0.0009166943  -0.0018600466  -0.0010347327
        0.0000416318   0.0001816413   0.0006837275   0.0003403794   0.0191520937
       -0.0195889176   0.0014107244   0.1289682499  -0.1259379447   0.0217037723
        0.0014791810   0.0007212413   0.0005340955  -0.0002573038  -0.0000541467
       -0.0000931069   0.0001090063  -0.0000270591  -0.0002278841  -0.0000932786
        0.0003306052   0.0001025654  -0.0001091757  -0.0003284811   0.0003050586
        0.0001836422  -0.0000577701  -0.0000397498  -0.0011576331  -0.0053948600
       -0.0022413541  -0.1420622197   0.1431065437  -0.0222809375  -0.0071152310
        0.0081172849  -0.0013455675   0.0025732238   0.0020323102   0.0027070669
        0.0012466693   0.0001518850  -0.0033647640  -0.0000229354   0.0001394080
        0.0008027116  -0.0003600469  -0.0004771221   0.0006457979   0.0062384149
       -0.0038108073   0.0018280858  -0.0303764960   0.0206906615  -0.0495578045
       -0.0004737610   0.0000170661   0.0004919107  -0.0003682262  -0.0003503069
       -0.0002852484   0.0002218094   0.0001224029   0.0001360474   0.0000523298
        0.0001009675   0.0002176480   0.0001488650   0.0004451140  -0.0004392415
        0.0002509590  -0.0010604092  -0.0001893378  -0.0003293412  -0.0018455096
        0.0000922441   0.0351784369  -0.0222809375   0.0527319824   0.0136047336
       -0.0073997291   0.0034476022  -0.0250114112   0.0155573167  -0.0065576340
       -0.0002237432   0.0009261137  -0.0005602815   0.0000733837  -0.0001424912
       -0.0000285094   0.0008538876  -0.0016993484  -0.0004942502  -0.0040296150
       -0.0051342436   0.0012091226  -0.2084668800  -0.0875946557   0.1169204970
       -0.0005623805  -0.0004146666   0.0002421217  -0.0001220124  -0.0000442162
        0.0000565925   0.0001032398  -0.0001438557  -0.0000853746  -0.0002029254
        0.0000271727   0.0001609376   0.0001835270  -0.0000051147  -0.0003937854
        0.0003245981   0.0000869319   0.0000804951   0.0005179277   0.0008685145
       -0.0001167584  -0.0222519093  -0.0071152310   0.0136047336   0.2277714953
        0.0984072150  -0.1299943108   0.0060314067   0.0019778751  -0.0006012296
        0.0008167486   0.0000335782   0.0001324161   0.0002223999  -0.0002486809
       -0.0000308624  -0.0010369724  -0.0060282360  -0.0015859642  -0.0184139442
       -0.0111769414   0.0113367330  -0.0872954043  -0.0902705985   0.0613957640
        0.0005593227   0.0002931327  -0.0000219175   0.0000772387  -0.0000222271
        0.0000188828   0.0002467226   0.0001604217  -0.0000823033  -0.0014997741
       -0.0003542045   0.0006253421   0.0002710706   0.0000690798  -0.0003815924
       -0.0005725616   0.0003335038   0.0000661479  -0.0003194961  -0.0006701234
        0.0003450974   0.0092551296   0.0081172849  -0.0073997291   0.0984072150
        0.0973762961  -0.0670336688  -0.0007176948   0.0023877145   0.0026156544
       -0.0007298471  -0.0002063995   0.0002220243   0.0002656351   0.0002260907
       -0.0002784508  -0.0008803748  -0.0021047879   0.0003233071  -0.0051687888
       -0.0013070946   0.0044967805   0.1145383753   0.0612184194  -0.1272678226
       -0.0001603897  -0.0000323196   0.0000872342  -0.0000306587  -0.0000782131
       -0.0001030105   0.0000069640   0.0000329630   0.0000769198  -0.0002633962
       -0.0001560150   0.0006582237   0.0000505519   0.0001688103   0.0001408678
       -0.0009782076  -0.0013251694   0.0003495529  -0.0000554709  -0.0001940484
        0.0001889690   0.0007771167  -0.0013455675   0.0034476022  -0.1299943108
       -0.0670336688   0.1379791697   0.0226228016   0.0121370005  -0.0203213673
       -0.0000106040   0.0004094958   0.0008831127  -0.0004733046  -0.0005085092
       -0.0002422253   0.0007164372   0.0005083024  -0.0008581911  -0.0008089545
       -0.0014407850  -0.0052302968  -0.0621590790  -0.0023623139  -0.0693795692
       -0.0000861884  -0.0001470737  -0.0003162007   0.0000032696   0.0000122064
        0.0002098369  -0.0000638530  -0.0000461486  -0.0001243287   0.0000346917
        0.0001012937   0.0002328420  -0.0001113385  -0.0005530973   0.0005886818
        0.0007198031  -0.0009336796   0.0000267899   0.0005633549   0.0008235375
        0.0009365737  -0.0060048218   0.0025732238  -0.0250114112   0.0060314067
       -0.0007176948   0.0226228016   0.0616491807   0.0022812423   0.0756615844
        0.0000600146  -0.0003876239  -0.0005577109  -0.0001532657  -0.0000972636
        0.0001520546   0.0001694068   0.0003946524  -0.0002875236  -0.0054153273
       -0.0021404637  -0.0261719297  -0.0023412919  -0.0448566903  -0.0047684890
        0.0004018492   0.0003193502   0.0003390832   0.0001800774  -0.0001126228
        0.0002048049   0.0000996816   0.0000148527   0.0000836724  -0.0001449677
       -0.0000098345  -0.0001655449  -0.0005300057  -0.0001022947   0.0006164238
       -0.0013482262  -0.0054776368  -0.0022259049  -0.0001749808   0.0002583045
       -0.0009801837   0.0049379183   0.0020323102   0.0155573167   0.0019778751
        0.0023877145   0.0121370005   0.0022812423   0.0477772461   0.0060669305
        0.0009386846   0.0004396949   0.0002275290   0.0001730665  -0.0002042337
       -0.0006456176  -0.0006004881   0.0004269929   0.0016491433  -0.0026014996
       -0.0069889193  -0.0100258421  -0.0657547881  -0.0035172512  -0.3221084058
        0.0001512309  -0.0000498778   0.0001250066   0.0000641118   0.0000305224
       -0.0000227175   0.0001909940   0.0000383614   0.0000742542   0.0003615735
        0.0003469216   0.0001536309  -0.0002643967  -0.0001090038  -0.0000552808
       -0.0002648236  -0.0024264809   0.0004231004  -0.0000426181   0.0006236217
        0.0007984610  -0.0074114019   0.0027070669  -0.0065576340  -0.0006012296
        0.0026156544  -0.0203213673   0.0756615844   0.0060669305   0.3562857396
