   -0.13438480
   -0.02778924
   -0.07597954
   -0.01636355
   -0.05099497
   -0.06041746
    0.04139770
    0.01018091
   -0.05103421
    0.01197355
   -0.10090223
    0.04312173
    0.04033808
   -0.03991198
   -0.04625863
    0.02316695
    0.01495676
   -0.00379706
   -0.10590261
   -0.05352899
   -0.02112995
   -0.05301281
   -0.01828921
   -0.04694071
   -0.18118309
   -0.79024887
    0.26007530
    0.29548400
    0.26562285
    0.10735078
    0.08849401
    0.08372667
    0.05805888
    0.02412499
    0.04409988
    0.01954935
    0.04186916
    0.07909306
    0.03514304
    0.03651278
    0.03575209
    0.04875560
    0.04174104
    0.05991702
    0.02859613
    0.03896760
