$hessian                                                                        
        0.5896917729  -0.0031762071  -0.0013827291  -0.0698408176  -0.0014896854
        0.0011071521   0.0000281115  -0.0155027958  -0.0102357588  -0.0012522905
       -0.0007652676  -0.0009455347   0.0005324134   0.0004763817  -0.0003634476
       -0.0003545040   0.0005173856   0.0000436771   0.0007321353  -0.0005139595
        0.0000599434  -0.0006910259   0.0001014917   0.0001021252   0.0001280164
        0.0002001008   0.0000004133   0.0003856759  -0.0002685463  -0.0001529748
       -0.0004953684  -0.0008803755  -0.0011032365  -0.1395569701   0.0088442623
       -0.1347146186  -0.0892505843  -0.0777223298   0.0668237810  -0.2879341189
        0.0757610277   0.0748657495  -0.0005988553   0.0263203672   0.0131873331
       -0.0001245253  -0.0118203302  -0.0051429461   0.0002949695   0.0001113433
        0.0008075784  -0.0016955110  -0.0002342645  -0.0032748959   0.0000150236
       -0.0000250011   0.0000167181  -0.0000232438  -0.0000018607   0.0000363047
        0.0000002579   0.0000235433   0.0000318103   0.0000169271   0.0000198184
        0.0000500534  -0.0000247401   0.0000561272   0.0000458375   0.0000468741
        0.0000301994   0.0000132178  -0.0000296226  -0.0000614250   0.0001244471
       -0.0031762071   0.4891094386  -0.0531761088   0.0029741180  -0.1485746776
       -0.0323251079  -0.0053598344  -0.0047581670  -0.0100634145   0.0018635290
        0.0005311109   0.0003672017  -0.0002183611  -0.0002697505   0.0001239587
        0.0001765848   0.0000364473  -0.0000382198   0.0003172834  -0.0000688370
       -0.0002779191  -0.0002767641   0.0003150210   0.0001603832   0.0000193209
       -0.0000090488  -0.0000753126  -0.0004685186  -0.0000343506   0.0000019642
        0.0000066521  -0.0002000540   0.0008458432   0.0102068360  -0.0448872591
        0.0164325633  -0.0774262009  -0.1838380385   0.1199678610   0.0716051046
       -0.0664106305  -0.0214453108   0.0017771224  -0.0157687736  -0.0087327798
       -0.0015917614  -0.0288547898  -0.0117150925   0.0005323595   0.0016097543
        0.0010379565  -0.0012979149   0.0015518024  -0.0008197738   0.0002053263
        0.0002569294   0.0000414708   0.0000196449   0.0000146121   0.0000675580
        0.0000385355  -0.0000380806   0.0000678229   0.0000371783  -0.0000009776
        0.0000539149  -0.0000177044   0.0000153215  -0.0000314574  -0.0001020674
        0.0000307464  -0.0001206313   0.0001557386   0.0002422513  -0.0003473699
       -0.0013827291  -0.0531761088   0.5634785082   0.0028786175  -0.0388020382
       -0.0845430792  -0.0051140979  -0.0256370858  -0.0195163516   0.0014039280
       -0.0002385256   0.0008883748   0.0000567831   0.0002793805   0.0001058749
       -0.0000970889   0.0001433012  -0.0000795397   0.0006980223  -0.0002383814
       -0.0003248679  -0.0006903145   0.0001878144   0.0004390950   0.0000852726
        0.0001061834  -0.0001360835  -0.0002820043  -0.0001852400   0.0000577675
        0.0002196949  -0.0000310554   0.0000372624  -0.1344151283   0.0144922121
       -0.2384051295   0.0681146978   0.1240827888  -0.1518438643   0.0715447265
       -0.0210140734  -0.0670085284   0.0013042467  -0.0122063184  -0.0062277843
       -0.0002396210   0.0130539005   0.0068344659   0.0002168446  -0.0009811704
        0.0017006086  -0.0040897426   0.0003700397  -0.0051326065   0.0000355622
       -0.0000106602  -0.0001885738  -0.0000581375  -0.0000461406  -0.0001089521
        0.0000056893  -0.0000119003  -0.0000902140   0.0000015340  -0.0001078667
       -0.0000666214  -0.0000121060  -0.0000226836   0.0000178256  -0.0000444067
        0.0000489502   0.0000771521  -0.0001402425  -0.0000553220   0.0000352612
       -0.0698408176   0.0029741180   0.0028786175   0.5090377631  -0.0111890150
       -0.0380841027  -0.0957853048   0.0058045736  -0.0554992829  -0.0303221570
        0.0042118113  -0.0211217638   0.0003598835   0.0015426441  -0.0009868602
       -0.0003143194   0.0005932732   0.0013568580   0.0010654308  -0.0001685121
       -0.0001478393  -0.0008572665   0.0001021272  -0.0000552091   0.0000903351
       -0.0000823895  -0.0001419179  -0.0011151513   0.0003424995   0.0016951579
       -0.0007907903  -0.0021884067  -0.0004572850  -0.0000941543  -0.0125603525
       -0.0067917904   0.0003843387  -0.0087999571  -0.0044839283   0.0018884696
        0.0222007222   0.0117875948  -0.2424197964   0.0532768029   0.0503669154
       -0.0762041574  -0.0544622849   0.0568120696   0.0046463679  -0.0000620826
        0.0042448225   0.0002695688  -0.0009384583  -0.0006835809  -0.0000079782
       -0.0000707674  -0.0004996346   0.0000881763  -0.0000151010   0.0000720674
        0.0000328451  -0.0001718587   0.0000031964   0.0000641108  -0.0001672997
        0.0000184779  -0.0000028056  -0.0001844615  -0.0000014001  -0.0001076937
       -0.0000325189   0.0001575846  -0.0000648969   0.0000448942  -0.0004387670
       -0.0014896854  -0.1485746776  -0.0388020382  -0.0111890150   0.4573266391
       -0.0569179956   0.0063583004  -0.0604756769   0.0155014649   0.0026389918
        0.0002682331   0.0040372748  -0.0008452183  -0.0000158609   0.0005041955
        0.0002730350  -0.0004240626  -0.0001873214  -0.0006797746   0.0001366803
        0.0001405891   0.0005357392  -0.0000429220  -0.0000962762  -0.0000735092
       -0.0001081520   0.0000915891   0.0001761866  -0.0003846086  -0.0006280551
        0.0012611159   0.0000624088  -0.0012509431  -0.0020769312   0.0003260437
       -0.0034019153  -0.0029784170  -0.0226992770  -0.0052814002   0.0065586809
       -0.0097008801  -0.0057751125   0.0594188864  -0.0594716761  -0.0119204799
       -0.0579525217  -0.1500753559   0.1046020892   0.0116602512  -0.0029591154
        0.0196961253  -0.0113451216  -0.0022935492  -0.0209502326  -0.0002984386
       -0.0003229415   0.0001370060   0.0000279354  -0.0000304621   0.0000085839
        0.0000185542  -0.0000444470  -0.0000151554   0.0000030477  -0.0000317793
       -0.0000016341   0.0000009537  -0.0000422447  -0.0000001353   0.0000702403
       -0.0000892748   0.0000489802  -0.0000732859  -0.0003330414   0.0004607968
        0.0011071521  -0.0323251079  -0.0845430792  -0.0380841027  -0.0569179956
        0.4494227642  -0.0460404726   0.0144681140  -0.1401194175  -0.0109081973
        0.0011094203   0.0062580731   0.0019407564   0.0006817322  -0.0004903501
       -0.0004901529   0.0002857694   0.0000064073  -0.0001737401  -0.0000690418
       -0.0001003804   0.0002596584  -0.0000430285  -0.0000286820  -0.0000477889
       -0.0000344827   0.0000135481  -0.0000424266  -0.0002580586  -0.0003424908
        0.0009640811  -0.0013703170  -0.0008901080  -0.0018379502  -0.0186231283
       -0.0113892811  -0.0006513682   0.0119983817   0.0102102003   0.0035323876
       -0.0078076839  -0.0034364134   0.0547809862  -0.0099779847  -0.0543117059
        0.0535863646   0.0984527951  -0.1330728517  -0.0116789565   0.0029354562
       -0.0241284366  -0.0063095431  -0.0023952647  -0.0132777480   0.0000172301
       -0.0001068910   0.0005073680   0.0000585474   0.0000777463   0.0002288726
       -0.0000080613  -0.0000443852   0.0000700202  -0.0000448324   0.0002280457
        0.0000295195   0.0000009347   0.0000706443  -0.0000855256   0.0001161303
       -0.0001405032  -0.0003263508  -0.0000466360  -0.0001942321  -0.0002039523
        0.0000281115  -0.0053598344  -0.0051140979  -0.0957853048   0.0063583004
       -0.0460404726   0.4602243117   0.0058834693  -0.0321725173  -0.1970737294
        0.0261680757   0.0294884450  -0.0287658408  -0.0027951918   0.0079303381
        0.0007146525  -0.0038866267   0.0021114260  -0.0016671043   0.0005961424
        0.0004638493   0.0010483731  -0.0003231965  -0.0005394342  -0.0002521510
       -0.0000905151  -0.0001309405   0.0018824667   0.0030979857   0.0003911921
       -0.0195531117   0.0107864269   0.0041970701   0.0004663857   0.0000492440
        0.0005173935   0.0002206232   0.0001986388   0.0000838578   0.0001771129
       -0.0002156605   0.0004574682  -0.0191041308   0.0024154780  -0.0229920480
        0.0056679358   0.0001976191   0.0049841216  -0.0680924192  -0.0533440851
        0.0493236196  -0.0398262359   0.0104078273   0.0090226617   0.0005114684
        0.0010762400  -0.0011692051  -0.0009555088   0.0002434145   0.0001640650
       -0.0000127876   0.0000922275  -0.0000165514  -0.0000253277   0.0000725769
       -0.0001485496  -0.0000584731   0.0000685607  -0.0000913842  -0.0006492611
        0.0000342371   0.0000192773   0.0008799449  -0.0017313543  -0.0007395845
       -0.0155027958  -0.0047581670  -0.0256370858   0.0058045736  -0.0604756769
        0.0144681140   0.0058834693   0.5226428654  -0.0046541644   0.0256763345
       -0.0704377627  -0.0030374420  -0.0196915760   0.0029308923   0.0036761650
       -0.0027900186  -0.0024938126   0.0019359363   0.0000284679  -0.0008944048
        0.0002591038   0.0000146354   0.0002719596  -0.0002170961  -0.0000983213
       -0.0001070600  -0.0000429368   0.0022993559  -0.0042380923   0.0023013758
        0.0274313792  -0.0081143088  -0.0047041596  -0.0004368843  -0.0049264304
       -0.0033835437   0.0002606018   0.0012275108  -0.0008842007  -0.0007760667
        0.0005387360   0.0003171894   0.0031084752   0.0003016940   0.0043844237
        0.0097882141  -0.0008582647   0.0162573963  -0.0549417694  -0.1568041814
        0.0975380541   0.0132585742  -0.2152672830  -0.0973111419  -0.0012378287
        0.0009083435  -0.0002316417  -0.0010230488   0.0000640495   0.0001590173
        0.0000404893  -0.0000113326  -0.0000539880   0.0000732031  -0.0001460175
       -0.0001376610   0.0000075420  -0.0000222172   0.0000191622   0.0013292239
       -0.0002308899  -0.0000138192   0.0014937701   0.0008998508  -0.0010070571
       -0.0102357588  -0.0100634145  -0.0195163516  -0.0554992829   0.0155014649
       -0.1401194175  -0.0321725173  -0.0046541644   0.4677159400   0.0395685613
       -0.0042647777  -0.0647649230   0.0098419296  -0.0017366451  -0.0029534661
        0.0029429918   0.0022016392   0.0052359998  -0.0003571847   0.0003993126
        0.0001220253   0.0002907113  -0.0003622839  -0.0009115129  -0.0000985219
       -0.0001114809  -0.0003718112   0.0015183005   0.0016477043   0.0057666280
       -0.0007265167   0.0005936590   0.0000376433  -0.0000786699  -0.0028688095
       -0.0009887515   0.0007904691  -0.0002366668   0.0014502177  -0.0004979112
       -0.0000073543   0.0004526440  -0.0010183833  -0.0002399264   0.0020856556
       -0.0107628990   0.0038437893  -0.0214701998   0.0487532395   0.0984982678
       -0.1301663488   0.0089734607  -0.0975891878  -0.0984147746  -0.0005633386
       -0.0007710359  -0.0020041890   0.0005487284  -0.0000169462   0.0001773377
       -0.0001322804   0.0000440024  -0.0000573893   0.0000991469  -0.0000467026
       -0.0000576041   0.0000077799  -0.0000463227  -0.0000386929   0.0000033850
        0.0001563191   0.0004127637  -0.0011954391   0.0001295600  -0.0016214228
       -0.0012522905   0.0018635290   0.0014039280  -0.0303221570   0.0026389918
       -0.0109081973  -0.1970737294   0.0256763345   0.0395685613   0.6048162495
       -0.0209122940  -0.1060238277  -0.1669211495  -0.1361921992   0.0555442904
       -0.0491842422  -0.0106125360   0.0137728805   0.0048764821  -0.0105840854
       -0.0008793685  -0.0021367199   0.0010351346   0.0006679266   0.0000867604
        0.0001312581   0.0000011368  -0.0223038743   0.0304784292  -0.0009170248
       -0.1172817148   0.1173237051  -0.0070255782   0.0004343491   0.0001777370
        0.0002079884  -0.0001441360  -0.0003408624  -0.0000183447   0.0023881008
       -0.0000701469   0.0003916559  -0.0019115062   0.0002713920  -0.0023252178
        0.0011226758   0.0000378612   0.0006175100  -0.0171180581  -0.0023857832
        0.0061405248  -0.0095753642   0.0077471043   0.0035322133   0.0056881178
        0.0073082893  -0.0020708392  -0.0043889203   0.0014952263   0.0026922646
        0.0001387341  -0.0001008117   0.0000986718   0.0000766415  -0.0001052552
       -0.0000415017   0.0000974340   0.0001044071   0.0000154436  -0.0045528118
        0.0013496647   0.0028687047   0.0044411291  -0.0163350901   0.0026861991
       -0.0007652676   0.0005311109  -0.0002385256   0.0042118113   0.0002682331
        0.0011094203   0.0261680757  -0.0704377627  -0.0042647777  -0.0209122940
        0.6428830171  -0.0978663032  -0.0651321873  -0.2182990907   0.0483825588
       -0.0673247111   0.0402120006   0.0084672136  -0.0096055794  -0.0607746792
        0.0134420701   0.0007427959   0.0005420363  -0.0007063845  -0.0000446540
        0.0012109965  -0.0000149406   0.0851884395   0.0037934129  -0.0213212233
        0.0467423937  -0.2886784776   0.0396992552  -0.0000465240   0.0001229996
        0.0000238427  -0.0002656461  -0.0001056432   0.0000808692  -0.0002094370
        0.0003104242  -0.0004457044   0.0005198269   0.0007741408   0.0005531449
        0.0005537381  -0.0001718581   0.0000484781  -0.0199213020   0.0021199188
        0.0059628381   0.0258372449  -0.0074195899  -0.0069950246  -0.0147852154
       -0.0254444170   0.0090498010   0.0020213575   0.0015925786   0.0008045553
        0.0006989975   0.0001361784   0.0001038920   0.0005283028   0.0001732843
       -0.0003865377  -0.0001670843   0.0001589693   0.0000143366   0.0007134346
        0.0018746359   0.0010426638   0.0052534840  -0.0253724189   0.0034544817
       -0.0009455347   0.0003672017   0.0008883748  -0.0211217638   0.0040372748
        0.0062580731   0.0294884450  -0.0030374420  -0.0647649230  -0.1060238277
       -0.0978663032   0.1817203648   0.0433329013   0.0670959036  -0.0712673902
        0.0244983034  -0.0050247872  -0.0041884874  -0.0001400071   0.0129953983
       -0.0090344450  -0.0003475062  -0.0001619070   0.0002627382   0.0001053213
       -0.0001511502   0.0001457719  -0.0121123222  -0.0077659184   0.0054646688
        0.0094173617   0.0191726226  -0.0516480604   0.0000852523   0.0003239162
        0.0003713985   0.0000797693   0.0002931405  -0.0003306449   0.0011196793
        0.0003957666   0.0004164750  -0.0037144100  -0.0000033493  -0.0036252331
       -0.0002812749  -0.0001776883   0.0010855905   0.0182538011  -0.0011713709
       -0.0039189296   0.0135822536  -0.0038944313  -0.0017556689   0.0016725654
        0.0032548914  -0.0000764519   0.0024816199   0.0009382516   0.0074270802
       -0.0001137091  -0.0000610958  -0.0000489932  -0.0001814185   0.0000201667
        0.0001249422   0.0000120598  -0.0000559045  -0.0000017078   0.0028020738
        0.0009823829   0.0072385674  -0.0019496333   0.0094944309  -0.0007431099
        0.0005324134  -0.0002183611   0.0000567831   0.0003598835  -0.0008452183
        0.0019407564  -0.0287658408  -0.0196915760   0.0098419296  -0.1669211495
       -0.0651321873   0.0433329013   0.6506249630  -0.0351445663  -0.1212369166
       -0.3326791930   0.0093333902   0.0655303096  -0.0202192149   0.0839605193
       -0.0125907742   0.0022162976  -0.0004535054   0.0011963711  -0.0007459405
       -0.0009582027   0.0004308386  -0.0483758456  -0.0163853483   0.0143325766
        0.0477088887  -0.0440301729  -0.0032669512   0.0000357744  -0.0000403845
        0.0000524853  -0.0001188784   0.0000073203  -0.0000734245  -0.0006210958
       -0.0002010612  -0.0006033178   0.0000157448   0.0001594467  -0.0001804522
        0.0001861697   0.0000473901   0.0003054610  -0.0049582358   0.0001844165
        0.0015971471   0.0003950512  -0.0018526510  -0.0005345890  -0.0770628290
        0.0884638638  -0.0064199835  -0.0205619941   0.0005704141   0.0049815385
       -0.0006108111   0.0000478823   0.0001797158  -0.0007370900   0.0000490578
       -0.0000159478   0.0001384546  -0.0000408333  -0.0000403258  -0.0002816126
       -0.0008744449   0.0001446326   0.0004460903   0.0030448122   0.0010392361
        0.0004763817  -0.0002697505   0.0002793805   0.0015426441  -0.0000158609
        0.0006817322  -0.0027951918   0.0029308923  -0.0017366451  -0.1361921992
       -0.2182990907   0.0670959036  -0.0351445663   0.6475303269  -0.0970312750
        0.0814869151  -0.0979987826  -0.0079862254   0.0307592566   0.0083621014
       -0.0092966154   0.0027576069  -0.0065693776   0.0019314899  -0.0006832664
        0.0004886855   0.0002079977  -0.0217234309  -0.0042670389   0.0054044713
        0.0085095273  -0.0619189400   0.0105451461  -0.0000087258   0.0000637897
       -0.0000214519  -0.0001028568  -0.0002175186  -0.0000500256  -0.0007332520
       -0.0003453153  -0.0004704317   0.0003702780   0.0001150040   0.0002375972
        0.0003973147   0.0004414004   0.0004730202   0.0017628680   0.0001740863
       -0.0002286945   0.0015991699   0.0007058677  -0.0005010354   0.0880155373
       -0.2685627919   0.0241345109  -0.0216765823   0.0023296806   0.0046233409
       -0.0000855226  -0.0000829531   0.0002049149  -0.0003034871  -0.0001048398
       -0.0002107524  -0.0000450968   0.0001357961  -0.0000199148  -0.0003766454
        0.0005866535  -0.0000786630   0.0021933239  -0.0052120244   0.0018122248
       -0.0003634476   0.0001239587   0.0001058749  -0.0009868602   0.0005041955
       -0.0004903501   0.0079303381   0.0036761650  -0.0029534661   0.0555442904
        0.0483825588  -0.0712673902  -0.1212369166  -0.0970312750   0.1616706840
        0.0521457689   0.0087728638  -0.0558316250  -0.0023720188  -0.0219824335
        0.0024729034   0.0007220404   0.0025115115   0.0056331210   0.0004665434
        0.0002111780   0.0005979202   0.0155534131   0.0042836456  -0.0081421631
       -0.0136103629   0.0234641350   0.0003794968   0.0000182018   0.0000230445
        0.0000746367   0.0000035658  -0.0000079731  -0.0000252410   0.0003144584
        0.0002099491   0.0002186845  -0.0002245041  -0.0001299452  -0.0000432699
        0.0001235175  -0.0000454439   0.0000361963   0.0022369594   0.0002999639
        0.0000513653  -0.0004241423   0.0008019993   0.0005491462  -0.0066315937
        0.0247381117  -0.0369861291   0.0090827330  -0.0005604922  -0.0020425840
        0.0006281874  -0.0001577769  -0.0003030584  -0.0002979447   0.0001533026
       -0.0000651647  -0.0000231828  -0.0000041661  -0.0000237543   0.0001232076
        0.0000623898  -0.0001401156   0.0012777484   0.0017005332   0.0065242822
       -0.0003545040   0.0001765848  -0.0000970889  -0.0003143194   0.0002730350
       -0.0004901529   0.0007146525  -0.0027900186   0.0029429918  -0.0491842422
       -0.0673247111   0.0244983034  -0.3326791930   0.0814869151   0.0521457689
        0.6592850712  -0.0090910744  -0.1267722604  -0.1132847768   0.0315793754
        0.0077795530  -0.0308475191   0.0374577504   0.0009327906   0.0006994292
        0.0036802130  -0.0010509484   0.0487945524   0.0054655837  -0.0125078659
       -0.0356567170   0.0338158561   0.0011525324   0.0000285113   0.0000189988
        0.0000428074   0.0001570414   0.0001548094   0.0000601254   0.0003170672
       -0.0000431621   0.0004643147   0.0000883645  -0.0000215759  -0.0001184673
       -0.0000725039   0.0000114428  -0.0001509795  -0.0011955848   0.0002141087
       -0.0000826331   0.0000495404   0.0003243439  -0.0000456271  -0.0137662036
        0.0049963159   0.0021566568  -0.1318417194  -0.1186120834   0.0467689719
        0.0002525394  -0.0000830165  -0.0000973613   0.0001500473  -0.0001233517
        0.0001198490   0.0004076923   0.0004452434  -0.0000555936  -0.0017297908
       -0.0027419128   0.0025648421  -0.0000174353   0.0007303299  -0.0001605289
        0.0005173856   0.0000364473   0.0001433012   0.0005932732  -0.0004240626
        0.0002857694  -0.0038866267  -0.0024938126   0.0022016392  -0.0106125360
        0.0402120006  -0.0050247872   0.0093333902  -0.0979987826   0.0087728638
       -0.0090910744   0.6311639347  -0.1019336459   0.1006380052  -0.2741981331
        0.0211495066   0.0174933979  -0.0117227139  -0.0008219615  -0.0004019570
        0.0007615496  -0.0004778603  -0.0371375537  -0.0538409631   0.0200543978
        0.0278272152  -0.0223595916  -0.0031873725  -0.0000908613  -0.0000336554
       -0.0001293227  -0.0000750553  -0.0001587030  -0.0000911739  -0.0005369353
       -0.0001761096  -0.0003468409   0.0000635040  -0.0000270307   0.0001220428
       -0.0001135858  -0.0000613153  -0.0000759068  -0.0009679997  -0.0000413737
        0.0005075648   0.0000546366  -0.0003452056   0.0000944372   0.0274065589
       -0.0068780278  -0.0046907201  -0.1185301492  -0.1986959642   0.0609721104
       -0.0000608078   0.0003008651  -0.0005875679   0.0001960367   0.0004501867
        0.0005680635  -0.0007148298  -0.0005709900   0.0003247417  -0.0024387934
       -0.0032381652   0.0024387241   0.0005353618   0.0003396161  -0.0002680027
        0.0000436771  -0.0000382198  -0.0000795397   0.0013568580  -0.0001873214
        0.0000064073   0.0021114260   0.0019359363   0.0052359998   0.0137728805
        0.0084672136  -0.0041884874   0.0655303096  -0.0079862254  -0.0558316250
       -0.1267722604  -0.1019336459   0.1591142512  -0.0054107640   0.0369400736
       -0.0576996547   0.0043256269  -0.0057135276   0.0057607398  -0.0004663549
       -0.0008971314  -0.0019103564  -0.0037925006   0.0096232055   0.0001868471
        0.0022641804  -0.0043184169  -0.0030727663   0.0000711110  -0.0000187337
       -0.0000453325  -0.0000016893  -0.0000265579  -0.0000472087   0.0000882115
        0.0000730848  -0.0000955535   0.0001883731  -0.0000635511   0.0001466417
        0.0001242418   0.0000172237  -0.0001503114  -0.0002834650   0.0000274135
        0.0000263932  -0.0004451279   0.0004202918   0.0000455247  -0.0020714504
        0.0003715744   0.0011187175   0.0468579529   0.0609709500  -0.0550036779
       -0.0001515189   0.0003149006   0.0003249303   0.0002283889  -0.0004401808
        0.0000549349   0.0001140203   0.0001114793   0.0004089812   0.0024907639
        0.0026451882   0.0058894082  -0.0001728906  -0.0002950234  -0.0001952636
        0.0007321353   0.0003172834   0.0006980223   0.0010654308  -0.0006797746
       -0.0001737401  -0.0016671043   0.0000284679  -0.0003571847   0.0048764821
       -0.0096055794  -0.0001400071  -0.0202192149   0.0307592566  -0.0023720188
       -0.1132847768   0.1006380052  -0.0054107640   0.5400013791  -0.0009024968
       -0.0917199447  -0.1798714942   0.0303301842   0.0237408931  -0.0366316250
       -0.0068131859   0.0089784888  -0.1549383950  -0.1256207569   0.0500934456
       -0.0463095143  -0.0114413442   0.0123667704  -0.0001838738  -0.0000477428
       -0.0002521874  -0.0003818140  -0.0003068335  -0.0002169655  -0.0008543542
       -0.0004391711  -0.0008284109   0.0004508661   0.0000924134   0.0003181987
       -0.0002255682   0.0001349582  -0.0000562156   0.0005234232   0.0001786948
       -0.0001175571   0.0004988068  -0.0002407716   0.0000136740  -0.0045999215
        0.0014498038   0.0028412667   0.0080648906  -0.0169558289   0.0018719132
        0.0017949222   0.0017422805   0.0012278929   0.0016140032   0.0014154988
       -0.0022468677  -0.0038845356  -0.0035797724   0.0015026221   0.0078709288
        0.0081130211  -0.0026191890  -0.0044410764   0.0014333900   0.0028578648
       -0.0005139595  -0.0000688370  -0.0002383814  -0.0001685121   0.0001366803
       -0.0000690418   0.0005961424  -0.0008944048   0.0003993126  -0.0105840854
       -0.0607746792   0.0129953983   0.0839605193   0.0083621014  -0.0219824335
        0.0315793754  -0.2741981331   0.0369400736  -0.0009024968   0.6434372012
       -0.0975635549   0.0564503881  -0.1046327116  -0.0035895859  -0.0238519805
        0.0115500914   0.0028796639  -0.0620700144  -0.2173508777   0.0469979404
       -0.0623641545   0.0430754532   0.0054289163   0.0000780337  -0.0000686640
        0.0000727984   0.0002113631   0.0000030601   0.0000613408   0.0006814547
        0.0001076710   0.0004561656  -0.0000603833  -0.0001990258  -0.0000604005
       -0.0000212373  -0.0000687749  -0.0001275727  -0.0002829717  -0.0000728888
       -0.0001167476   0.0001914736   0.0001470665   0.0001295494   0.0004525715
        0.0014631477   0.0012936474   0.0048926397  -0.0240030420   0.0039694980
       -0.0016629494   0.0005199362   0.0001848239  -0.0007983539   0.0005566674
        0.0005569075  -0.0027447747  -0.0030380332   0.0011693346  -0.0155449210
       -0.0252089390   0.0091965825   0.0024768331   0.0012199348   0.0010157651
        0.0000599434  -0.0002779191  -0.0003248679  -0.0001478393   0.0001405891
       -0.0001003804   0.0004638493   0.0002591038   0.0001220253  -0.0008793685
        0.0134420701  -0.0090344450  -0.0125907742  -0.0092966154   0.0024729034
        0.0077795530   0.0211495066  -0.0576996547  -0.0917199447  -0.0975635549
        0.1799792781   0.0222360937   0.0023567713  -0.0509817677   0.0103165507
       -0.0009365274  -0.0051961977   0.0355035563   0.0616497590  -0.0721669945
        0.0232469967  -0.0067942302  -0.0064684432   0.0000692567  -0.0001624672
       -0.0000924668   0.0000344115   0.0000114688   0.0000115080  -0.0000355764
        0.0000012463   0.0001081042  -0.0000837758  -0.0000510766  -0.0003139204
        0.0000440524  -0.0001277425  -0.0001953166  -0.0000874255   0.0000002491
       -0.0000437623  -0.0001459213   0.0001836859  -0.0002839428   0.0029497817
        0.0011173587   0.0076730218  -0.0023953930   0.0090402351   0.0004798532
       -0.0018832733  -0.0004309350   0.0009758993   0.0015261054  -0.0000564187
        0.0007610849   0.0011153494   0.0011474641   0.0002659758   0.0020426179
        0.0038583522   0.0018703028   0.0025811738   0.0013396269   0.0081822030
       -0.0006910259  -0.0002767641  -0.0006903145  -0.0008572665   0.0005357392
        0.0002596584   0.0010483731   0.0000146354   0.0002907113  -0.0021367199
        0.0007427959  -0.0003475062   0.0022162976   0.0027576069   0.0007220404
       -0.0308475191   0.0174933979   0.0043256269  -0.1798714942   0.0564503881
        0.0222360937   0.3916805200   0.0520369341  -0.0751320112  -0.1078093372
       -0.0730619578   0.0210552393  -0.0440785377  -0.0058347870   0.0109379463
        0.0032806375  -0.0033778519   0.0009433807   0.0001389453   0.0000573874
        0.0002573526   0.0004480618   0.0003217822   0.0002394520   0.0005730719
        0.0004123696   0.0009330038  -0.0003220223  -0.0001137568  -0.0002327751
        0.0002371992  -0.0001012466   0.0001417825  -0.0002072900  -0.0001289600
       -0.0000441642  -0.0002281712   0.0001293250  -0.0001235413  -0.0010333994
        0.0001028804   0.0000800441  -0.0008596490  -0.0011424081   0.0001467839
       -0.0071360861  -0.0167954624  -0.0023399307   0.0022194905  -0.0065241445
        0.0083207788  -0.0256345221  -0.0244212310   0.0088251484   0.0006798445
        0.0006283848  -0.0009099047  -0.0008094010   0.0000949432   0.0001051047
        0.0001014917   0.0003150210   0.0001878144   0.0001021272  -0.0000429220
       -0.0000430285  -0.0003231965   0.0002719596  -0.0003622839   0.0010351346
        0.0005420363  -0.0001619070  -0.0004535054  -0.0065693776   0.0025115115
        0.0374577504  -0.0117227139  -0.0057135276   0.0303301842  -0.1046327116
        0.0023567713   0.0520369341   0.3489561820  -0.0509753852  -0.0546317348
       -0.1805116305   0.0296020077  -0.0236603823   0.0093382189   0.0045959647
       -0.0033020138  -0.0033639269   0.0025201149  -0.0000781154   0.0001124217
        0.0000133842  -0.0001545784   0.0001450739   0.0000485544  -0.0001915192
       -0.0001074754  -0.0000813035   0.0001440941   0.0003272616   0.0000001817
        0.0000413820   0.0001434375  -0.0001519542   0.0001194855   0.0002896697
       -0.0000064030   0.0001082172   0.0001988247  -0.0000098707   0.0017906093
       -0.0004037468  -0.0004788722  -0.0011505023   0.0013316521  -0.0004708841
       -0.0240353887  -0.0366641698   0.0024851602  -0.0159671696  -0.0276988182
        0.0161072665   0.0018803952   0.0082419669  -0.0015908788   0.0003419788
        0.0013597883  -0.0008144908  -0.0015416779   0.0001439784   0.0004320580
        0.0001021252   0.0001603832   0.0004390950  -0.0000552091  -0.0000962762
       -0.0000286820  -0.0005394342  -0.0002170961  -0.0009115129   0.0006679266
       -0.0007063845   0.0002627382   0.0011963711   0.0019314899   0.0056331210
        0.0009327906  -0.0008219615   0.0057607398   0.0237408931  -0.0035895859
       -0.0509817677  -0.0751320112  -0.0509753852   0.0994826173   0.0199376134
        0.0342160696  -0.0584020013   0.0160018515   0.0006291945  -0.0011325480
        0.0005010367   0.0025757185   0.0041203735  -0.0001577870   0.0001795539
        0.0001400530  -0.0001437813  -0.0000115943   0.0000413162  -0.0001851059
        0.0000734735  -0.0002143353   0.0000180033   0.0000619032   0.0004535467
       -0.0000959816   0.0001046593   0.0003642290   0.0002206156  -0.0001157176
        0.0001696714   0.0003034994  -0.0003001708   0.0002798753  -0.0001645686
       -0.0000652744  -0.0002611965  -0.0000106185  -0.0003575248  -0.0015026214
       -0.0119430226  -0.0143646053   0.0091226484   0.0203335920   0.0293421696
       -0.0088982513   0.0048606763   0.0035083788  -0.0012134923  -0.0009053685
       -0.0010780083  -0.0027326659   0.0005158935  -0.0000834090   0.0000090500
        0.0001280164   0.0000193209   0.0000852726   0.0000903351  -0.0000735092
       -0.0000477889  -0.0002521510  -0.0000983213  -0.0000985219   0.0000867604
       -0.0000446540   0.0001053213  -0.0007459405  -0.0006832664   0.0004665434
        0.0006994292  -0.0004019570  -0.0004663549  -0.0366316250  -0.0238519805
        0.0103165507  -0.1078093372  -0.0546317348   0.0199376134   0.4916870020
       -0.0480945044   0.0091682508  -0.0042653736   0.0021044273   0.0008488177
       -0.0017807507  -0.0013583740   0.0011225007  -0.0000674735  -0.0000129166
       -0.0000454104  -0.0000605477  -0.0000596207  -0.0000209611  -0.0001301956
       -0.0000534005  -0.0000665149   0.0000276163  -0.0000036089   0.0000381001
       -0.0000467357   0.0000160595  -0.0000105527   0.0000401596   0.0000238519
        0.0000028926   0.0000668832  -0.0000369329   0.0000089525   0.0001495195
       -0.0001122144   0.0000271651  -0.0019717040  -0.0001990257   0.0004038443
       -0.0417530880   0.0047357115   0.0002314919  -0.0650473060   0.0310029608
       -0.0629859398  -0.2319057173   0.0915268638   0.0209537038  -0.0001163502
        0.0001344729  -0.0000145149  -0.0003914258   0.0001523526   0.0000395386
        0.0002001008  -0.0000090488   0.0001061834  -0.0000823895  -0.0001081520
       -0.0000344827  -0.0000905151  -0.0001070600  -0.0001114809   0.0001312581
        0.0012109965  -0.0001511502  -0.0009582027   0.0004886855   0.0002111780
        0.0036802130   0.0007615496  -0.0008971314  -0.0068131859   0.0115500914
       -0.0009365274  -0.0730619578  -0.1805116305   0.0342160696  -0.0480945044
        0.4554669428   0.0172345546   0.0007099728  -0.0005237409   0.0001889962
        0.0007414258  -0.0010024696   0.0001917384  -0.0000805397   0.0000104357
       -0.0000569208  -0.0001132242  -0.0000480916  -0.0000258305  -0.0001477861
        0.0000001170  -0.0001296378   0.0000807133   0.0000321059   0.0000154538
        0.0000081437   0.0000458046  -0.0000241701   0.0000489577   0.0000386150
        0.0000135369   0.0000593985  -0.0000331320   0.0000015120   0.0000145252
       -0.0000570850   0.0000488578   0.0017541586  -0.0003208398  -0.0003012002
        0.0056669334  -0.1319597821  -0.1134127645   0.0314024698  -0.0728221344
        0.0742265911   0.0848491868  -0.0823235912  -0.0103598992  -0.0000712590
        0.0001030585   0.0000284053   0.0001661070   0.0001183555  -0.0000418818
        0.0000004133  -0.0000753126  -0.0001360835  -0.0001419179   0.0000915891
        0.0000135481  -0.0001309405  -0.0000429368  -0.0003718112   0.0000011368
       -0.0000149406   0.0001457719   0.0004308386   0.0002079977   0.0005979202
       -0.0010509484  -0.0004778603  -0.0019103564   0.0089784888   0.0028796639
       -0.0051961977   0.0210552393   0.0296020077  -0.0584020013   0.0091682508
        0.0172345546   0.4999012696   0.0012628149  -0.0001051150   0.0017249071
        0.0007985251   0.0006229727   0.0010731140  -0.0000116805  -0.0000792620
        0.0000493495   0.0000151349   0.0000021745   0.0000714847  -0.0000255508
       -0.0000529498   0.0001544785  -0.0000339074  -0.0000177884  -0.0000767531
        0.0000020885  -0.0000390856  -0.0000414483   0.0000382685   0.0000716542
       -0.0000401062   0.0000870085   0.0000368219  -0.0000885704  -0.0000200776
        0.0000658117   0.0000702300  -0.0000310859   0.0001360577  -0.0000549342
        0.0024763233  -0.1116514012  -0.1774986408  -0.0649028769   0.0732836853
       -0.2121364427   0.0219708335  -0.0116187869  -0.0477819378   0.0000551973
        0.0000011753   0.0001692047   0.0000084239  -0.0000607270  -0.0002359947
        0.0003856759  -0.0004685186  -0.0002820043  -0.0011151513   0.0001761866
       -0.0000424266   0.0018824667   0.0022993559   0.0015183005  -0.0223038743
        0.0851884395  -0.0121123222  -0.0483758456  -0.0217234309   0.0155534131
        0.0487945524  -0.0371375537  -0.0037925006  -0.1549383950  -0.0620700144
        0.0355035563  -0.0440785377  -0.0236603823   0.0160018515  -0.0042653736
        0.0007099728   0.0012628149   0.6682859787  -0.0495401716  -0.1205151026
       -0.3368382319   0.0124263761   0.0688884138   0.0000811855  -0.0000628367
        0.0000655999   0.0000678639   0.0000256120   0.0000850480  -0.0007586806
        0.0002751547  -0.0002880622  -0.0001235175  -0.0001296846  -0.0001826348
        0.0000550607  -0.0001469443   0.0002694962   0.0000216489  -0.0002749621
        0.0000102957  -0.0013779702   0.0001303690  -0.0001939477  -0.0003084352
       -0.0005715703   0.0001156667  -0.0003459624   0.0027163387   0.0011715247
       -0.0007515838  -0.0002662609  -0.0001986350  -0.0007177600  -0.0003219799
        0.0006303613  -0.0004056642  -0.0012664845   0.0003172424  -0.0815623905
        0.0931939886  -0.0083164095  -0.0213070588   0.0004990010   0.0045304608
       -0.0002685463  -0.0000343506  -0.0001852400   0.0003424995  -0.0003846086
       -0.0002580586   0.0030979857  -0.0042380923   0.0016477043   0.0304784292
        0.0037934129  -0.0077659184  -0.0163853483  -0.0042670389   0.0042836456
        0.0054655837  -0.0538409631   0.0096232055  -0.1256207569  -0.2173508777
        0.0616497590  -0.0058347870   0.0093382189   0.0006291945   0.0021044273
       -0.0005237409  -0.0001051150  -0.0495401716   0.6358043406  -0.0945279758
        0.0817029545  -0.0990208496  -0.0075104976   0.0000680238  -0.0000217755
        0.0000240222   0.0002531350   0.0000255842   0.0000638290   0.0002911962
        0.0000868629   0.0002992391   0.0000492630  -0.0000074689   0.0001527765
        0.0000587156  -0.0000832024  -0.0000390486  -0.0002509822  -0.0002016078
        0.0001115687   0.0006179640  -0.0002627178  -0.0002927446  -0.0003429403
        0.0007280411  -0.0001464713   0.0023712486  -0.0050881885   0.0018343788
       -0.0004237812  -0.0002645209  -0.0000774680  -0.0003857245  -0.0002636154
        0.0003069338   0.0005505710   0.0002998340  -0.0001325708   0.0937036674
       -0.2669404045   0.0259592902  -0.0221026262   0.0027177287   0.0044555615
       -0.0001529748   0.0000019642   0.0000577675   0.0016951579  -0.0006280551
       -0.0003424908   0.0003911921   0.0023013758   0.0057666280  -0.0009170248
       -0.0213212233   0.0054646688   0.0143325766   0.0054044713  -0.0081421631
       -0.0125078659   0.0200543978   0.0001868471   0.0500934456   0.0469979404
       -0.0721669945   0.0109379463   0.0045959647  -0.0011325480   0.0008488177
        0.0001889962   0.0017249071  -0.1205151026  -0.0945279758   0.1578178284
        0.0530597430   0.0093042805  -0.0561368835  -0.0000043665  -0.0000816094
       -0.0000985755  -0.0000347544  -0.0000448108  -0.0000635192   0.0003397950
       -0.0001653229   0.0000382244   0.0002724865   0.0000320612   0.0002487141
        0.0000188647  -0.0000189515  -0.0001189440  -0.0002052691   0.0000168711
        0.0000823762  -0.0008833854   0.0003864788   0.0001528520   0.0000723523
       -0.0000595060  -0.0004182480   0.0011917363   0.0017552568   0.0060732307
        0.0005125272   0.0003548553  -0.0000327541  -0.0000363567  -0.0001413573
       -0.0001002972   0.0000128681   0.0002704517   0.0002226264  -0.0081653414
        0.0259091626  -0.0373889430   0.0096429321  -0.0005857162  -0.0016943100
       -0.0004953684   0.0000066521   0.0002196949  -0.0007907903   0.0012611159
        0.0009640811  -0.0195531117   0.0274313792  -0.0007265167  -0.1172817148
        0.0467423937   0.0094173617   0.0477088887   0.0085095273  -0.0136103629
       -0.0356567170   0.0278272152   0.0022641804  -0.0463095143  -0.0623641545
        0.0232469967   0.0032806375  -0.0033020138   0.0005010367  -0.0017807507
        0.0007414258   0.0007985251  -0.3368382319   0.0817029545   0.0530597430
        0.6539013781  -0.0211889984  -0.1283776839   0.0000917993   0.0001270831
        0.0001386174  -0.0001700214   0.0002577918  -0.0000924029   0.0008408896
       -0.0002725590   0.0001141768  -0.0001641998  -0.0001758839  -0.0005510310
       -0.0001528324  -0.0000570255  -0.0000903246   0.0005936171   0.0019666058
       -0.0011539861  -0.0035716670   0.0013645074   0.0008264470  -0.0012441061
       -0.0030539084   0.0025745908   0.0000729074   0.0009329617  -0.0002379218
        0.0006438118   0.0004215779   0.0002252253   0.0003562141   0.0002333274
       -0.0005265615  -0.0003019246  -0.0000215956   0.0001042089  -0.0127536882
        0.0046522278   0.0022600671  -0.1304255050  -0.1137426073   0.0486518382
       -0.0008803755  -0.0002000540  -0.0000310554  -0.0021884067   0.0000624088
       -0.0013703170   0.0107864269  -0.0081143088   0.0005936590   0.1173237051
       -0.2886784776   0.0191726226  -0.0440301729  -0.0619189400   0.0234641350
        0.0338158561  -0.0223595916  -0.0043184169  -0.0114413442   0.0430754532
       -0.0067942302  -0.0033778519  -0.0033639269   0.0025757185  -0.0013583740
       -0.0010024696   0.0006229727   0.0124263761  -0.0990208496   0.0093042805
       -0.0211889984   0.6408425712  -0.1036866654   0.0000990149   0.0000496625
        0.0000029103  -0.0002670774   0.0002152864  -0.0002297648   0.0014186791
        0.0007211729   0.0002909648  -0.0003749926  -0.0001247745  -0.0001037642
        0.0001225697  -0.0002505935   0.0003138168  -0.0021884890   0.0009217824
        0.0004774836   0.0002922856  -0.0002177157  -0.0000802823  -0.0024994581
       -0.0029466654   0.0027921534   0.0005128878   0.0001747761  -0.0000123993
       -0.0003244623  -0.0000118278  -0.0000439231  -0.0003529520  -0.0000142361
        0.0001997506  -0.0000969959  -0.0002664263   0.0000600260   0.0266532743
       -0.0069962611  -0.0050010761  -0.1128811246  -0.1905759950   0.0618014007
       -0.0011032365   0.0008458432   0.0000372624  -0.0004572850  -0.0012509431
       -0.0008901080   0.0041970701  -0.0047041596   0.0000376433  -0.0070255782
        0.0396992552  -0.0516480604  -0.0032669512   0.0105451461   0.0003794968
        0.0011525324  -0.0031873725  -0.0030727663   0.0123667704   0.0054289163
       -0.0064684432   0.0009433807   0.0025201149   0.0041203735   0.0011225007
        0.0001917384   0.0010731140   0.0688884138  -0.0075104976  -0.0561368835
       -0.1283776839  -0.1036866654   0.1623861061   0.0000498220   0.0000390788
        0.0000473041   0.0004344529  -0.0000391169   0.0000335930   0.0012455803
       -0.0005169039   0.0008524920  -0.0000360521   0.0000475082   0.0002289365
       -0.0000295976   0.0000728584   0.0000487278   0.0000362862  -0.0009152372
        0.0002767405   0.0022807424  -0.0010250224  -0.0002722856   0.0025723354
        0.0027808551   0.0059813582  -0.0001072640  -0.0002503658  -0.0000045715
        0.0001469843   0.0000275974  -0.0001462940  -0.0002558166  -0.0002274916
        0.0001272975   0.0001233933   0.0001082320  -0.0000324348  -0.0024721866
        0.0002590759   0.0004921217   0.0475713870   0.0607475562  -0.0574507203
       -0.1395569701   0.0102068360  -0.1344151283  -0.0000941543  -0.0020769312
       -0.0018379502   0.0004663857  -0.0004368843  -0.0000786699   0.0004343491
       -0.0000465240   0.0000852523   0.0000357744  -0.0000087258   0.0000182018
        0.0000285113  -0.0000908613   0.0000711110  -0.0001838738   0.0000780337
        0.0000692567   0.0001389453  -0.0000781154  -0.0001577870  -0.0000674735
       -0.0000805397  -0.0000116805   0.0000811855   0.0000680238  -0.0000043665
        0.0000917993   0.0000990149   0.0000498220   0.1509091962  -0.0119027507
        0.1512852800   0.0081123082  -0.0003046733   0.0073281366  -0.0207964761
        0.0041509479  -0.0231818528   0.0004289901   0.0006580212   0.0009327401
        0.0001349896  -0.0000606662  -0.0001253424  -0.0000189049  -0.0001700561
        0.0001953556   0.0000077166   0.0001681831  -0.0000589172  -0.0000226112
       -0.0000057964  -0.0000201368  -0.0000102587  -0.0000004259  -0.0000329008
        0.0000065894   0.0000008021  -0.0000035422  -0.0000146557  -0.0000062746
       -0.0000104282   0.0000063088  -0.0000299580  -0.0000439311  -0.0000217056
       -0.0000370588  -0.0000305064  -0.0000959658  -0.0000936208  -0.0000220158
        0.0088442623  -0.0448872591   0.0144922121  -0.0125603525   0.0003260437
       -0.0186231283   0.0000492440  -0.0049264304  -0.0028688095   0.0001777370
        0.0001229996   0.0003239162  -0.0000403845   0.0000637897   0.0000230445
        0.0000189988  -0.0000336554  -0.0000187337  -0.0000477428  -0.0000686640
       -0.0001624672   0.0000573874   0.0001124217   0.0001795539  -0.0000129166
        0.0000104357  -0.0000792620  -0.0000628367  -0.0000217755  -0.0000816094
        0.0001270831   0.0000496625   0.0000390788  -0.0119027507   0.0482106832
       -0.0166856057   0.0109136451  -0.0008138380   0.0193021769   0.0058155038
        0.0019626376   0.0065948362  -0.0000420695   0.0000382686  -0.0007716796
       -0.0007329713  -0.0004015522  -0.0007201161   0.0001040601  -0.0000158037
        0.0002739220  -0.0007815460   0.0002798439  -0.0012750811   0.0000313574
       -0.0000216486  -0.0000454986   0.0000193830  -0.0000035164  -0.0000026556
        0.0000217093   0.0000260419   0.0000245765   0.0000224097  -0.0000325213
        0.0000440314  -0.0000048531   0.0000117624  -0.0000205760   0.0000232825
        0.0000017430   0.0000474541  -0.0000376398   0.0000103309   0.0000104202
       -0.1347146186   0.0164325633  -0.2384051295  -0.0067917904  -0.0034019153
       -0.0113892811   0.0005173935  -0.0033835437  -0.0009887515   0.0002079884
        0.0000238427   0.0003713985   0.0000524853  -0.0000214519   0.0000746367
        0.0000428074  -0.0001293227  -0.0000453325  -0.0002521874   0.0000727984
       -0.0000924668   0.0002573526   0.0000133842   0.0001400530  -0.0000454104
       -0.0000569208   0.0000493495   0.0000655999   0.0000240222  -0.0000985755
        0.0001386174   0.0000029103   0.0000473041   0.1512852800  -0.0166856057
        0.2621983580  -0.0105075677   0.0061854268  -0.0192035238   0.0002920132
        0.0005581458   0.0067347524   0.0000193530   0.0000819463   0.0000556744
        0.0000897098   0.0005143643   0.0006921519   0.0000374035  -0.0002787107
        0.0003964191  -0.0006805265   0.0000212152  -0.0004966593  -0.0000295249
        0.0000222013   0.0000186524   0.0000147693   0.0000267345   0.0000306607
       -0.0000141425  -0.0000118934  -0.0000120436  -0.0000078607   0.0000390414
       -0.0000278936   0.0000176788   0.0000154441   0.0000435771   0.0000052067
       -0.0000330250  -0.0000453691  -0.0000000297  -0.0000316519  -0.0000479614
       -0.0892505843  -0.0774262009   0.0681146978   0.0003843387  -0.0029784170
       -0.0006513682   0.0002206232   0.0002606018   0.0007904691  -0.0001441360
       -0.0002656461   0.0000797693  -0.0001188784  -0.0001028568   0.0000035658
        0.0001570414  -0.0000750553  -0.0000016893  -0.0003818140   0.0002113631
        0.0000344115   0.0004480618  -0.0001545784  -0.0001437813  -0.0000605477
       -0.0001132242   0.0000151349   0.0000678639   0.0002531350  -0.0000347544
       -0.0001700214  -0.0002670774   0.0004344529   0.0081123082   0.0109136451
       -0.0105075677   0.0925999708   0.0866556010  -0.0767554737  -0.0134684306
       -0.0187166221   0.0199042989   0.0003240419   0.0012211223  -0.0001215582
        0.0010432963  -0.0000531104  -0.0001847460   0.0002359039  -0.0001168560
       -0.0004339853   0.0000766273   0.0002193314  -0.0000346797   0.0000154494
        0.0001163962  -0.0000305200   0.0000277937   0.0000290673  -0.0000294716
       -0.0000085143   0.0000119566  -0.0000104444  -0.0000178275   0.0000111427
       -0.0000232635   0.0000205385  -0.0000333822  -0.0000310015   0.0000009763
       -0.0000099865  -0.0000183873  -0.0001140813   0.0004096506  -0.0003641080
       -0.0777223298  -0.1838380385   0.1240827888  -0.0087999571  -0.0226992770
        0.0119983817   0.0001986388   0.0012275108  -0.0002366668  -0.0003408624
       -0.0001056432   0.0002931405   0.0000073203  -0.0002175186  -0.0000079731
        0.0001548094  -0.0001587030  -0.0000265579  -0.0003068335   0.0000030601
        0.0000114688   0.0003217822   0.0001450739  -0.0000115943  -0.0000596207
       -0.0000480916   0.0000021745   0.0000256120   0.0000255842  -0.0000448108
        0.0002577918   0.0002152864  -0.0000391169  -0.0003046733  -0.0008138380
        0.0061854268   0.0866556010   0.2034679096  -0.1365739250   0.0000646152
        0.0069343531  -0.0025312035  -0.0002032375   0.0001798315   0.0003686502
        0.0002068321  -0.0049719320  -0.0030845421  -0.0003755425   0.0001416322
       -0.0006707125   0.0001135794   0.0002556598   0.0002728443   0.0000257180
        0.0000339940  -0.0000328027   0.0000539756   0.0000175863  -0.0000377908
        0.0000177731   0.0000184769  -0.0000069698   0.0000196831  -0.0000198085
       -0.0000056795   0.0000010728   0.0000325079  -0.0000051152   0.0000720073
       -0.0000085440   0.0000355002  -0.0000837554   0.0001829276   0.0000650854
        0.0668237810   0.1199678610  -0.1518438643  -0.0044839283  -0.0052814002
        0.0102102003   0.0000838578  -0.0008842007   0.0014502177  -0.0000183447
        0.0000808692  -0.0003306449  -0.0000734245  -0.0000500256  -0.0000252410
        0.0000601254  -0.0000911739  -0.0000472087  -0.0002169655   0.0000613408
        0.0000115080   0.0002394520   0.0000485544   0.0000413162  -0.0000209611
       -0.0000258305   0.0000714847   0.0000850480   0.0000638290  -0.0000635192
       -0.0000924029  -0.0002297648   0.0000335930   0.0073281366   0.0193021769
       -0.0192035238  -0.0767554737  -0.1365739250   0.1651669831   0.0073591672
        0.0063636349  -0.0047159777  -0.0000599187  -0.0005372696   0.0004986341
       -0.0003829552  -0.0029017424  -0.0004922339   0.0003474042   0.0004962995
       -0.0005081035  -0.0001719791  -0.0000812666  -0.0002535547   0.0000126270
        0.0000299890   0.0000362139   0.0000263292   0.0000204010   0.0000326500
       -0.0000175568  -0.0000274398  -0.0000324663  -0.0000103284   0.0000347532
       -0.0000534176   0.0000174970   0.0000233254   0.0000509747   0.0000207778
       -0.0000213465  -0.0000187096  -0.0000999640   0.0002123515  -0.0000153105
       -0.2879341189   0.0716051046   0.0715447265   0.0018884696   0.0065586809
        0.0035323876   0.0001771129  -0.0007760667  -0.0004979112   0.0023881008
       -0.0002094370   0.0011196793  -0.0006210958  -0.0007332520   0.0003144584
        0.0003170672  -0.0005369353   0.0000882115  -0.0008543542   0.0006814547
       -0.0000355764   0.0005730719  -0.0001915192  -0.0001851059  -0.0001301956
       -0.0001477861  -0.0000255508  -0.0007586806   0.0002911962   0.0003397950
        0.0008408896   0.0014186791   0.0012455803  -0.0207964761   0.0058155038
        0.0002920132  -0.0134684306   0.0000646152   0.0073591672   0.3171631054
       -0.0833627373  -0.0838693333   0.0009832253   0.0001231070  -0.0005094200
        0.0006379529  -0.0006119923  -0.0000969188  -0.0001361419   0.0000244863
        0.0000896505  -0.0001833886  -0.0000741634  -0.0002560273  -0.0000354141
        0.0001227645  -0.0000437327  -0.0000207365   0.0000184391  -0.0000690214
       -0.0000136567   0.0000169590  -0.0000203055  -0.0000343663   0.0000040594
       -0.0000238647   0.0000252660  -0.0000436565  -0.0000654105  -0.0000772025
        0.0000074262  -0.0000489445   0.0000699967  -0.0000649304  -0.0001785464
        0.0757610277  -0.0664106305  -0.0210140734   0.0222007222  -0.0097008801
       -0.0078076839  -0.0002156605   0.0005387360  -0.0000073543  -0.0000701469
        0.0003104242   0.0003957666  -0.0002010612  -0.0003453153   0.0002099491
       -0.0000431621  -0.0001761096   0.0000730848  -0.0004391711   0.0001076710
        0.0000012463   0.0004123696  -0.0001074754   0.0000734735  -0.0000534005
        0.0000001170  -0.0000529498   0.0002751547   0.0000868629  -0.0001653229
       -0.0002725590   0.0007211729  -0.0005169039   0.0041509479   0.0019626376
        0.0005581458  -0.0187166221   0.0069343531   0.0063636349  -0.0833627373
        0.0714502210   0.0245810684  -0.0001092004  -0.0050244803  -0.0028835548
        0.0006375845  -0.0002111962  -0.0003088508  -0.0000635822  -0.0000670457
        0.0001189473   0.0000430348   0.0002773072   0.0000841605   0.0000235492
       -0.0001397174  -0.0000718100   0.0000395671  -0.0000209505  -0.0000507759
       -0.0000011234   0.0000527071  -0.0000022430  -0.0000052791  -0.0000216374
        0.0000279340   0.0000148707   0.0000082813  -0.0000043690   0.0001243859
       -0.0000686305   0.0000757246  -0.0001295085  -0.0001564220   0.0003227560
        0.0748657495  -0.0214453108  -0.0670085284   0.0117875948  -0.0057751125
       -0.0034364134   0.0004574682   0.0003171894   0.0004526440   0.0003916559
       -0.0004457044   0.0004164750  -0.0006033178  -0.0004704317   0.0002186845
        0.0004643147  -0.0003468409  -0.0000955535  -0.0008284109   0.0004561656
        0.0001081042   0.0009330038  -0.0000813035  -0.0002143353  -0.0000665149
       -0.0001296378   0.0001544785  -0.0002880622   0.0002992391   0.0000382244
        0.0001141768   0.0002909648   0.0008524920  -0.0231818528   0.0065948362
        0.0067347524   0.0199042989  -0.0025312035  -0.0047159777  -0.0838693333
        0.0245810684   0.0673482598  -0.0002178497  -0.0029489903  -0.0005371477
       -0.0002447725   0.0007229162   0.0005199650   0.0002099973  -0.0000865725
       -0.0004370218  -0.0000770780   0.0001097780   0.0000715666   0.0000360972
        0.0001314049   0.0000107602   0.0000763104   0.0000655806   0.0000315268
       -0.0000236193  -0.0000015946  -0.0000066897  -0.0000038895   0.0000750254
       -0.0000255008   0.0000362496   0.0000308445   0.0000532782   0.0000688589
       -0.0000158945  -0.0000188520   0.0000589249   0.0006035838  -0.0005151914
       -0.0005988553   0.0017771224   0.0013042467  -0.2424197964   0.0594188864
        0.0547809862  -0.0191041308   0.0031084752  -0.0010183833  -0.0019115062
        0.0005198269  -0.0037144100   0.0000157448   0.0003702780  -0.0002245041
        0.0000883645   0.0000635040   0.0001883731   0.0004508661  -0.0000603833
       -0.0000837758  -0.0003220223   0.0001440941   0.0000180033   0.0000276163
        0.0000807133  -0.0000339074  -0.0001235175   0.0000492630   0.0002724865
       -0.0001641998  -0.0003749926  -0.0000360521   0.0004289901  -0.0000420695
        0.0000193530   0.0003240419  -0.0002032375  -0.0000599187   0.0009832253
       -0.0001092004  -0.0002178497   0.2771962858  -0.0651359225  -0.0585028314
       -0.0154659322   0.0004969373   0.0068643021   0.0005748487   0.0000086178
        0.0004544353   0.0001518112  -0.0002344713   0.0000811589  -0.0000868681
        0.0000089269  -0.0000513405  -0.0000152732   0.0000401185   0.0000070330
       -0.0000010863   0.0000306519  -0.0000078281   0.0000122030   0.0000279079
       -0.0000072131  -0.0000079910   0.0000689637  -0.0000113368  -0.0000014221
        0.0000176807   0.0000400074  -0.0000313967  -0.0000716909  -0.0000610345
        0.0263203672  -0.0157687736  -0.0122063184   0.0532768029  -0.0594716761
       -0.0099779847   0.0024154780   0.0003016940  -0.0002399264   0.0002713920
        0.0007741408  -0.0000033493   0.0001594467   0.0001150040  -0.0001299452
       -0.0000215759  -0.0000270307  -0.0000635511   0.0000924134  -0.0001990258
       -0.0000510766  -0.0001137568   0.0003272616   0.0000619032  -0.0000036089
        0.0000321059  -0.0000177884  -0.0001296846  -0.0000074689   0.0000320612
       -0.0001758839  -0.0001247745   0.0000475082   0.0006580212   0.0000382686
        0.0000819463   0.0012211223   0.0001798315  -0.0005372696   0.0001231070
       -0.0050244803  -0.0029489903  -0.0651359225   0.0732674668   0.0199445052
       -0.0185321835   0.0051318639   0.0065056186   0.0002412410  -0.0001090478
       -0.0000011743  -0.0007184644   0.0003655645  -0.0004901566   0.0000539843
        0.0000892012   0.0000076573   0.0000011797   0.0000201375  -0.0000142193
        0.0000291936   0.0000008523  -0.0000045121   0.0000331473  -0.0000188457
       -0.0000052467  -0.0000179505   0.0000575401  -0.0000033424  -0.0000373942
        0.0000343543   0.0000136563  -0.0000104716   0.0000158365  -0.0000000050
        0.0131873331  -0.0087327798  -0.0062277843   0.0503669154  -0.0119204799
       -0.0543117059  -0.0229920480   0.0043844237   0.0020856556  -0.0023252178
        0.0005531449  -0.0036252331  -0.0001804522   0.0002375972  -0.0000432699
       -0.0001184673   0.0001220428   0.0001466417   0.0003181987  -0.0000604005
       -0.0003139204  -0.0002327751   0.0000001817   0.0004535467   0.0000381001
        0.0000154538  -0.0000767531  -0.0001826348   0.0001527765   0.0002487141
       -0.0005510310  -0.0001037642   0.0002289365   0.0009327401  -0.0007716796
        0.0000556744  -0.0001215582   0.0003686502   0.0004986341  -0.0005094200
       -0.0028835548  -0.0005371477  -0.0585028314   0.0199445052   0.0662023013
        0.0216966535  -0.0016344745  -0.0055951261  -0.0003403111   0.0002021431
        0.0005761591  -0.0004760650   0.0002191064   0.0003392709   0.0000070210
       -0.0000238295  -0.0002177616  -0.0000140487  -0.0000089175  -0.0000112976
       -0.0000137696   0.0000172391  -0.0000182004   0.0000123597  -0.0000694415
       -0.0000050354   0.0000114758  -0.0000358075   0.0000562524  -0.0000433650
        0.0000343398   0.0001312178   0.0000331979  -0.0000064751  -0.0000397691
       -0.0001245253  -0.0015917614  -0.0002396210  -0.0762041574  -0.0579525217
        0.0535863646   0.0056679358   0.0097882141  -0.0107628990   0.0011226758
        0.0005537381  -0.0002812749   0.0001861697   0.0003973147   0.0001235175
       -0.0000725039  -0.0001135858   0.0001242418  -0.0002255682  -0.0000212373
        0.0000440524   0.0002371992   0.0000413820  -0.0000959816  -0.0000467357
        0.0000081437   0.0000020885   0.0000550607   0.0000587156   0.0000188647
       -0.0001528324   0.0001225697  -0.0000295976   0.0001349896  -0.0007329713
        0.0000897098   0.0010432963   0.0002068321  -0.0003829552   0.0006379529
        0.0006375845  -0.0002447725  -0.0154659322  -0.0185321835   0.0216966535
        0.0842804997   0.0669097726  -0.0606093835  -0.0011932020   0.0005493001
       -0.0031472917   0.0002544909   0.0001211646   0.0002435138  -0.0001205612
       -0.0004555831  -0.0001668007  -0.0000138720   0.0000053030  -0.0000146740
       -0.0000067207   0.0000483303   0.0000037999  -0.0000099914   0.0000433770
        0.0000151615   0.0000080540   0.0000590597  -0.0000064220   0.0000343921
       -0.0000170023   0.0000149790  -0.0000261143  -0.0001339551   0.0000187266
       -0.0118203302  -0.0288547898   0.0130539005  -0.0544622849  -0.1500753559
        0.0984527951   0.0001976191  -0.0008582647   0.0038437893   0.0000378612
       -0.0001718581  -0.0001776883   0.0000473901   0.0004414004  -0.0000454439
        0.0000114428  -0.0000613153   0.0000172237   0.0001349582  -0.0000687749
       -0.0001277425  -0.0001012466   0.0001434375   0.0001046593   0.0000160595
        0.0000458046  -0.0000390856  -0.0001469443  -0.0000832024  -0.0000189515
       -0.0000570255  -0.0002505935   0.0000728584  -0.0000606662  -0.0004015522
        0.0005143643  -0.0000531104  -0.0049719320  -0.0029017424  -0.0006119923
       -0.0002111962   0.0007229162   0.0004969373   0.0051318639  -0.0016344745
        0.0669097726   0.1788895240  -0.1118530360  -0.0001705529   0.0008845154
        0.0004053004  -0.0001624135   0.0003738028  -0.0002542506  -0.0001143920
        0.0000037336  -0.0001335582  -0.0000577253   0.0000098180   0.0000355446
        0.0000120724   0.0000143027   0.0000203816   0.0000178176   0.0000086517
        0.0000316291  -0.0000173805   0.0000350331  -0.0000141284  -0.0000282494
        0.0000238345   0.0000009942  -0.0000176167   0.0000031128  -0.0000762549
       -0.0051429461  -0.0117150925   0.0068344659   0.0568120696   0.1046020892
       -0.1330728517   0.0049841216   0.0162573963  -0.0214701998   0.0006175100
        0.0000484781   0.0010855905   0.0003054610   0.0004730202   0.0000361963
       -0.0001509795  -0.0000759068  -0.0001503114  -0.0000562156  -0.0001275727
       -0.0001953166   0.0001417825  -0.0001519542   0.0003642290  -0.0000105527
       -0.0000241701  -0.0000414483   0.0002694962  -0.0000390486  -0.0001189440
       -0.0000903246   0.0003138168   0.0000487278  -0.0001253424  -0.0007201161
        0.0006921519  -0.0001847460  -0.0030845421  -0.0004922339  -0.0000969188
       -0.0003088508   0.0005199650   0.0068643021   0.0065056186  -0.0055951261
       -0.0606093835  -0.1118530360   0.1559004749  -0.0033419850   0.0004286826
       -0.0044658287   0.0000661705   0.0002868609  -0.0000516998  -0.0003471616
       -0.0005106642  -0.0000109109   0.0000455417  -0.0000338964  -0.0000316345
       -0.0000155613   0.0000372206  -0.0000069590   0.0000025034  -0.0000525685
        0.0000225199   0.0000213944  -0.0000458525   0.0000394745   0.0000247913
       -0.0000071537   0.0001029999   0.0000169729  -0.0002027581   0.0000566691
        0.0002949695   0.0005323595   0.0002168446   0.0046463679   0.0116602512
       -0.0116789565  -0.0680924192  -0.0549417694   0.0487532395  -0.0171180581
       -0.0199213020   0.0182538011  -0.0049582358   0.0017628680   0.0022369594
       -0.0011955848  -0.0009679997  -0.0002834650   0.0005234232  -0.0002829717
       -0.0000874255  -0.0002072900   0.0001194855   0.0002206156   0.0000401596
        0.0000489577   0.0000382685   0.0000216489  -0.0002509822  -0.0002052691
        0.0005936171  -0.0021884890   0.0000362862  -0.0000189049   0.0001040601
        0.0000374035   0.0002359039  -0.0003755425   0.0003474042  -0.0001361419
       -0.0000635822   0.0002099973   0.0005748487   0.0002412410  -0.0003403111
       -0.0011932020  -0.0001705529  -0.0033419850   0.0841518897   0.0632431270
       -0.0541791136   0.0019779380  -0.0003593998  -0.0002895214   0.0000687188
        0.0004480227   0.0000165314  -0.0003783700   0.0000721109  -0.0000526762
        0.0000277477  -0.0000024188   0.0000187218   0.0000079360   0.0000046879
       -0.0000243052   0.0000083961   0.0000287705   0.0000273536   0.0001405197
       -0.0000242960  -0.0000491453  -0.0000158781   0.0012833644   0.0001187470
        0.0001113433   0.0016097543  -0.0009811704  -0.0000620826  -0.0029591154
        0.0029354562  -0.0533440851  -0.1568041814   0.0984982678  -0.0023857832
        0.0021199188  -0.0011713709   0.0001844165   0.0001740863   0.0002999639
        0.0002141087  -0.0000413737   0.0000274135   0.0001786948  -0.0000728888
        0.0000002491  -0.0001289600   0.0002896697  -0.0001157176   0.0000238519
        0.0000386150   0.0000716542  -0.0002749621  -0.0002016078   0.0000168711
        0.0019666058   0.0009217824  -0.0009152372  -0.0001700561  -0.0000158037
       -0.0002787107  -0.0001168560   0.0001416322   0.0004962995   0.0000244863
       -0.0000670457  -0.0000865725   0.0000086178  -0.0001090478   0.0002021431
        0.0005493001   0.0008845154   0.0004286826   0.0632431270   0.1814809520
       -0.1155428271  -0.0106146511  -0.0275253107   0.0162686866   0.0001769810
        0.0002170232  -0.0001058989   0.0000265447   0.0000192801  -0.0000204477
        0.0000269339  -0.0000560829  -0.0000320065   0.0000234826  -0.0000089611
       -0.0000436716  -0.0000065929   0.0000467801   0.0000115841   0.0000432059
       -0.0000044930  -0.0000116561   0.0003023288  -0.0000780973   0.0000480157
        0.0008075784   0.0010379565   0.0017006086   0.0042448225   0.0196961253
       -0.0241284366   0.0493236196   0.0975380541  -0.1301663488   0.0061405248
        0.0059628381  -0.0039189296   0.0015971471  -0.0002286945   0.0000513653
       -0.0000826331   0.0005075648   0.0000263932  -0.0001175571  -0.0001167476
       -0.0000437623  -0.0000441642  -0.0000064030   0.0001696714   0.0000028926
        0.0000135369  -0.0000401062   0.0000102957   0.0001115687   0.0000823762
       -0.0011539861   0.0004774836   0.0002767405   0.0001953556   0.0002739220
        0.0003964191  -0.0004339853  -0.0006707125  -0.0005081035   0.0000896505
        0.0001189473  -0.0004370218   0.0004544353  -0.0000011743   0.0005761591
       -0.0031472917   0.0004053004  -0.0044658287  -0.0541791136  -0.1155428271
        0.1520653839  -0.0037826403  -0.0087541179   0.0084411982  -0.0000004226
       -0.0000993493  -0.0000620708   0.0000498908  -0.0000553949  -0.0000557903
       -0.0000157889  -0.0000126065  -0.0000350157  -0.0000059638  -0.0000122426
       -0.0000223813  -0.0000066590  -0.0000118931   0.0000186221  -0.0001040813
        0.0000251362   0.0000029929   0.0001580742  -0.0006562708   0.0000758650
       -0.0016955110  -0.0012979149  -0.0040897426   0.0002695688  -0.0113451216
       -0.0063095431  -0.0398262359   0.0132585742   0.0089734607  -0.0095753642
        0.0258372449   0.0135822536   0.0003950512   0.0015991699  -0.0004241423
        0.0000495404   0.0000546366  -0.0004451279   0.0004988068   0.0001914736
       -0.0001459213  -0.0002281712   0.0001082172   0.0003034994   0.0000668832
        0.0000593985   0.0000870085  -0.0013779702   0.0006179640  -0.0008833854
       -0.0035716670   0.0002922856   0.0022807424   0.0000077166  -0.0007815460
       -0.0006805265   0.0000766273   0.0001135794  -0.0001719791  -0.0001833886
        0.0000430348  -0.0000770780   0.0001518112  -0.0007184644  -0.0004760650
        0.0002544909  -0.0001624135   0.0000661705   0.0019779380  -0.0106146511
       -0.0037826403   0.0530772807  -0.0163707177  -0.0087369204  -0.0001431247
       -0.0006041355   0.0005747585   0.0001121054  -0.0000172835  -0.0000343219
       -0.0000063070  -0.0000146094   0.0000422012   0.0000244504  -0.0000203504
        0.0000673717   0.0000146029   0.0000081243   0.0000919494  -0.0002975365
       -0.0000167626  -0.0000464774  -0.0000715974  -0.0002197326   0.0002344554
       -0.0002342645   0.0015518024   0.0003700397  -0.0009384583  -0.0022935492
       -0.0023952647   0.0104078273  -0.2152672830  -0.0975891878   0.0077471043
       -0.0074195899  -0.0038944313  -0.0018526510   0.0007058677   0.0008019993
        0.0003243439  -0.0003452056   0.0004202918  -0.0002407716   0.0001470665
        0.0001836859   0.0001293250   0.0001988247  -0.0003001708  -0.0000369329
       -0.0000331320   0.0000368219   0.0001303690  -0.0002627178   0.0003864788
        0.0013645074  -0.0002177157  -0.0010250224   0.0001681831   0.0002798439
        0.0000212152   0.0002193314   0.0002556598  -0.0000812666  -0.0000741634
        0.0002773072   0.0001097780  -0.0002344713   0.0003655645   0.0002191064
        0.0001211646   0.0003738028   0.0002868609  -0.0003593998  -0.0275253107
       -0.0087541179  -0.0163707177   0.2487978173   0.1115913178  -0.0001569048
        0.0001499476  -0.0000934664  -0.0000803575   0.0000108538   0.0000596850
        0.0000199404  -0.0000666926   0.0000241006   0.0000147980   0.0000532973
       -0.0000045747  -0.0000190123   0.0000427790  -0.0000025374   0.0000507649
       -0.0000115096  -0.0001473687  -0.0000995542   0.0002322717  -0.0002239728
       -0.0032748959  -0.0008197738  -0.0051326065  -0.0006835809  -0.0209502326
       -0.0132777480   0.0090226617  -0.0973111419  -0.0984147746   0.0035322133
       -0.0069950246  -0.0017556689  -0.0005345890  -0.0005010354   0.0005491462
       -0.0000456271   0.0000944372   0.0000455247   0.0000136740   0.0001295494
       -0.0002839428  -0.0001235413  -0.0000098707   0.0002798753   0.0000089525
        0.0000015120  -0.0000885704  -0.0001939477  -0.0002927446   0.0001528520
        0.0008264470  -0.0000802823  -0.0002722856  -0.0000589172  -0.0012750811
       -0.0004966593  -0.0000346797   0.0002728443  -0.0002535547  -0.0002560273
        0.0000841605   0.0000715666   0.0000811589  -0.0004901566   0.0003392709
        0.0002435138  -0.0002542506  -0.0000516998  -0.0002895214   0.0162686866
        0.0084411982  -0.0087369204   0.1115913178   0.1104919694   0.0004501693
        0.0005148162  -0.0002523808  -0.0000696438  -0.0000030098   0.0000323209
       -0.0000051663   0.0000138284   0.0000009538  -0.0000092515  -0.0000105199
       -0.0000048296  -0.0000108204  -0.0000159254  -0.0000299375   0.0000430036
        0.0000269845  -0.0000124101   0.0001053358   0.0000109125  -0.0000776096
        0.0000150236   0.0002053263   0.0000355622  -0.0000079782  -0.0002984386
        0.0000172301   0.0005114684  -0.0012378287  -0.0005633386   0.0056881178
       -0.0147852154   0.0016725654  -0.0770628290   0.0880155373  -0.0066315937
       -0.0137662036   0.0274065589  -0.0020714504  -0.0045999215   0.0004525715
        0.0029497817  -0.0010333994   0.0017906093  -0.0001645686   0.0001495195
        0.0000145252  -0.0000200776  -0.0003084352  -0.0003429403   0.0000723523
       -0.0012441061  -0.0024994581   0.0025723354  -0.0000226112   0.0000313574
       -0.0000295249   0.0000154494   0.0000257180   0.0000126270  -0.0000354141
        0.0000235492   0.0000360972  -0.0000868681   0.0000539843   0.0000070210
       -0.0001205612  -0.0001143920  -0.0003471616   0.0000687188   0.0001769810
       -0.0000004226  -0.0001431247  -0.0001569048   0.0004501693   0.0911513515
       -0.0984672460   0.0032106346   0.0005764864   0.0007607754  -0.0009686279
        0.0000699307   0.0000167433   0.0000060658   0.0000627998   0.0000003579
       -0.0000315844  -0.0000080842  -0.0000214841   0.0000085782  -0.0000877628
       -0.0001264324  -0.0003416062   0.0002184330  -0.0009242546   0.0001189364
       -0.0000250011   0.0002569294  -0.0000106602  -0.0000707674  -0.0003229415
       -0.0001068910   0.0010762400   0.0009083435  -0.0007710359   0.0073082893
       -0.0254444170   0.0032548914   0.0884638638  -0.2685627919   0.0247381117
        0.0049963159  -0.0068780278   0.0003715744   0.0014498038   0.0014631477
        0.0011173587   0.0001028804  -0.0004037468  -0.0000652744  -0.0001122144
       -0.0000570850   0.0000658117  -0.0005715703   0.0007280411  -0.0000595060
       -0.0030539084  -0.0029466654   0.0027808551  -0.0000057964  -0.0000216486
        0.0000222013   0.0001163962   0.0000339940   0.0000299890   0.0001227645
       -0.0001397174   0.0001314049   0.0000089269   0.0000892012  -0.0000238295
       -0.0004555831   0.0000037336  -0.0005106642   0.0004480227   0.0002170232
       -0.0000993493  -0.0006041355   0.0001499476   0.0005148162  -0.0984672460
        0.3011208948  -0.0306486613  -0.0009722318   0.0009508445  -0.0005797826
        0.0000027892   0.0000104584   0.0000046617   0.0000038709   0.0000080480
       -0.0000179830  -0.0000150808   0.0000495358   0.0000028464  -0.0001028180
        0.0000999956  -0.0003201989   0.0003561895  -0.0013130970   0.0001793137
        0.0000167181   0.0000414708  -0.0001885738  -0.0004996346   0.0001370060
        0.0005073680  -0.0011692051  -0.0002316417  -0.0020041890  -0.0020708392
        0.0090498010  -0.0000764519  -0.0064199835   0.0241345109  -0.0369861291
        0.0021566568  -0.0046907201   0.0011187175   0.0028412667   0.0012936474
        0.0076730218   0.0000800441  -0.0004788722  -0.0002611965   0.0000271651
        0.0000488578   0.0000702300   0.0001156667  -0.0001464713  -0.0004182480
        0.0025745908   0.0027921534   0.0059813582  -0.0000201368  -0.0000454986
        0.0000186524  -0.0000305200  -0.0000328027   0.0000362139  -0.0000437327
       -0.0000718100   0.0000107602  -0.0000513405   0.0000076573  -0.0002177616
       -0.0001668007  -0.0001335582  -0.0000109109   0.0000165314  -0.0001058989
       -0.0000620708   0.0005747585  -0.0000934664  -0.0002523808   0.0032106346
       -0.0306486613   0.0290214477  -0.0006556543  -0.0009747956  -0.0026060968
       -0.0000277841   0.0000211726   0.0000747806  -0.0000012498   0.0000025923
        0.0000968339   0.0000065646  -0.0000095780  -0.0000016542  -0.0003350928
       -0.0003362760  -0.0015314058  -0.0001286231   0.0004711814   0.0000076850
       -0.0000232438   0.0000196449  -0.0000581375   0.0000881763   0.0000279354
        0.0000585474  -0.0009555088  -0.0010230488   0.0005487284  -0.0043889203
        0.0020213575   0.0024816199  -0.0205619941  -0.0216765823   0.0090827330
       -0.1318417194  -0.1185301492   0.0468579529   0.0080648906   0.0048926397
       -0.0023953930  -0.0008596490  -0.0011505023  -0.0000106185  -0.0019717040
        0.0017541586  -0.0000310859  -0.0003459624   0.0023712486   0.0011917363
        0.0000729074   0.0005128878  -0.0001072640  -0.0000102587   0.0000193830
        0.0000147693   0.0000277937   0.0000539756   0.0000263292  -0.0000207365
        0.0000395671   0.0000763104  -0.0000152732   0.0000011797  -0.0000140487
       -0.0000138720  -0.0000577253   0.0000455417  -0.0003783700   0.0000265447
        0.0000498908   0.0001121054  -0.0000803575  -0.0000696438   0.0005764864
       -0.0009722318  -0.0006556543   0.1558716089   0.1294632899  -0.0568018757
       -0.0020468691   0.0005787271  -0.0009560170  -0.0014009290   0.0009311757
        0.0013536523  -0.0001093751   0.0002547053  -0.0000356236   0.0002151235
        0.0005196844  -0.0002908486  -0.0000847070   0.0000024923  -0.0003616012
       -0.0000018607   0.0000146121  -0.0000461406  -0.0000151010  -0.0000304621
        0.0000777463   0.0002434145   0.0000640495  -0.0000169462   0.0014952263
        0.0015925786   0.0009382516   0.0005704141   0.0023296806  -0.0005604922
       -0.1186120834  -0.1986959642   0.0609709500  -0.0169558289  -0.0240030420
        0.0090402351  -0.0011424081   0.0013316521  -0.0003575248  -0.0001990257
       -0.0003208398   0.0001360577   0.0027163387  -0.0050881885   0.0017552568
        0.0009329617   0.0001747761  -0.0002503658  -0.0000004259  -0.0000035164
        0.0000267345   0.0000290673   0.0000175863   0.0000204010   0.0000184391
       -0.0000209505   0.0000655806   0.0000401185   0.0000201375  -0.0000089175
        0.0000053030   0.0000098180  -0.0000338964   0.0000721109   0.0000192801
       -0.0000553949  -0.0000172835   0.0000108538  -0.0000030098   0.0007607754
        0.0009508445  -0.0009747956   0.1294632899   0.2216221725  -0.0700294243
        0.0007953433   0.0005341450   0.0006745456   0.0010091330   0.0002056285
       -0.0012639505  -0.0001742969   0.0003441656  -0.0000746626  -0.0010234602
       -0.0011445171   0.0003138292  -0.0000101614   0.0000654998  -0.0003440669
        0.0000363047   0.0000675580  -0.0001089521   0.0000720674   0.0000085839
        0.0002288726   0.0001640650   0.0001590173   0.0001773377   0.0026922646
        0.0008045553   0.0074270802   0.0049815385   0.0046233409  -0.0020425840
        0.0467689719   0.0609721104  -0.0550036779   0.0018719132   0.0039694980
        0.0004798532   0.0001467839  -0.0004708841  -0.0015026214   0.0004038443
       -0.0003012002  -0.0000549342   0.0011715247   0.0018343788   0.0060732307
       -0.0002379218  -0.0000123993  -0.0000045715  -0.0000329008  -0.0000026556
        0.0000306607  -0.0000294716  -0.0000377908   0.0000326500  -0.0000690214
       -0.0000507759   0.0000315268   0.0000070330  -0.0000142193  -0.0000112976
       -0.0000146740   0.0000355446  -0.0000316345  -0.0000526762  -0.0000204477
       -0.0000557903  -0.0000343219   0.0000596850   0.0000323209  -0.0009686279
       -0.0005797826  -0.0026060968  -0.0568018757  -0.0700294243   0.0496990782
       -0.0011101038   0.0001217931   0.0000276904   0.0014108340  -0.0005320254
       -0.0003220544   0.0000098557  -0.0001725173  -0.0002330231   0.0000056136
       -0.0000307232  -0.0006795088  -0.0003910196  -0.0004012198  -0.0015835551
        0.0000002579   0.0000385355   0.0000056893   0.0000328451   0.0000185542
       -0.0000080613  -0.0000127876   0.0000404893  -0.0001322804   0.0001387341
        0.0006989975  -0.0001137091  -0.0006108111  -0.0000855226   0.0006281874
        0.0002525394  -0.0000608078  -0.0001515189   0.0017949222  -0.0016629494
       -0.0018832733  -0.0071360861  -0.0240353887  -0.0119430226  -0.0417530880
        0.0056669334   0.0024763233  -0.0007515838  -0.0004237812   0.0005125272
        0.0006438118  -0.0003244623   0.0001469843   0.0000065894   0.0000217093
       -0.0000141425  -0.0000085143   0.0000177731  -0.0000175568  -0.0000136567
       -0.0000011234  -0.0000236193  -0.0000010863   0.0000291936  -0.0000137696
       -0.0000067207   0.0000120724  -0.0000155613   0.0000277477   0.0000269339
       -0.0000157889  -0.0000063070   0.0000199404  -0.0000051663   0.0000699307
        0.0000027892  -0.0000277841  -0.0020468691   0.0007953433  -0.0011101038
        0.0510496624   0.0052521384  -0.0000134012   0.0003424821  -0.0055738797
       -0.0098014299  -0.0020735310   0.0193402609   0.0216378099   0.0000476346
        0.0001593104  -0.0000722825   0.0000138841   0.0000269403  -0.0000450495
        0.0000235433  -0.0000380806  -0.0000119003  -0.0001718587  -0.0000444470
       -0.0000443852   0.0000922275  -0.0000113326   0.0000440024  -0.0001008117
        0.0001361784  -0.0000610958   0.0000478823  -0.0000829531  -0.0001577769
       -0.0000830165   0.0003008651   0.0003149006   0.0017422805   0.0005199362
       -0.0004309350  -0.0167954624  -0.0366641698  -0.0143646053   0.0047357115
       -0.1319597821  -0.1116514012  -0.0002662609  -0.0002645209   0.0003548553
        0.0004215779  -0.0000118278   0.0000275974   0.0000008021   0.0000260419
       -0.0000118934   0.0000119566   0.0000184769  -0.0000274398   0.0000169590
        0.0000527071  -0.0000015946   0.0000306519   0.0000008523   0.0000172391
        0.0000483303   0.0000143027   0.0000372206  -0.0000024188  -0.0000560829
       -0.0000126065  -0.0000146094  -0.0000666926   0.0000138284   0.0000167433
        0.0000104584   0.0000211726   0.0005787271   0.0005341450   0.0001217931
        0.0052521384   0.1697981669   0.1313877863   0.0006247358   0.0076998939
        0.0074232124   0.0036624136  -0.0100384404  -0.0128262936   0.0000925649
        0.0001562020  -0.0001152398   0.0000351925  -0.0000298972  -0.0000464410
        0.0000318103   0.0000678229  -0.0000902140   0.0000031964  -0.0000151554
        0.0000700202  -0.0000165514  -0.0000539880  -0.0000573893   0.0000986718
        0.0001038920  -0.0000489932   0.0001797158   0.0002049149  -0.0003030584
       -0.0000973613  -0.0005875679   0.0003249303   0.0012278929   0.0001848239
        0.0009758993  -0.0023399307   0.0024851602   0.0091226484   0.0002314919
       -0.1134127645  -0.1774986408  -0.0001986350  -0.0000774680  -0.0000327541
        0.0002252253  -0.0000439231  -0.0001462940  -0.0000035422   0.0000245765
       -0.0000120436  -0.0000104444  -0.0000069698  -0.0000324663  -0.0000203055
       -0.0000022430  -0.0000066897  -0.0000078281  -0.0000045121  -0.0000182004
        0.0000037999   0.0000203816  -0.0000069590   0.0000187218  -0.0000320065
       -0.0000350157   0.0000422012   0.0000241006   0.0000009538   0.0000060658
        0.0000046617   0.0000747806  -0.0009560170   0.0006745456   0.0000276904
       -0.0000134012   0.1313877863   0.1968176175   0.0002080736  -0.0170709369
       -0.0251730645   0.0013831647  -0.0038849548  -0.0037859916   0.0000189562
        0.0000414076  -0.0000848200  -0.0000149709  -0.0000315839  -0.0000819458
        0.0000169271   0.0000371783   0.0000015340   0.0000641108   0.0000030477
       -0.0000448324  -0.0000253277   0.0000732031   0.0000991469   0.0000766415
        0.0005283028  -0.0001814185  -0.0007370900  -0.0003034871  -0.0002979447
        0.0001500473   0.0001960367   0.0002283889   0.0016140032  -0.0007983539
        0.0015261054   0.0022194905  -0.0159671696   0.0203335920  -0.0650473060
        0.0314024698  -0.0649028769  -0.0007177600  -0.0003857245  -0.0000363567
        0.0003562141  -0.0003529520  -0.0002558166  -0.0000146557   0.0000224097
       -0.0000078607  -0.0000178275   0.0000196831  -0.0000103284  -0.0000343663
       -0.0000052791  -0.0000038895   0.0000122030   0.0000331473   0.0000123597
       -0.0000099914   0.0000178176   0.0000025034   0.0000079360   0.0000234826
       -0.0000059638   0.0000244504   0.0000147980  -0.0000092515   0.0000627998
        0.0000038709  -0.0000012498  -0.0014009290   0.0010091330   0.0014108340
        0.0003424821   0.0006247358   0.0002080736   0.0746420530  -0.0291213370
        0.0667108010  -0.0116235250   0.0127702559  -0.0247861966   0.0000305127
        0.0001190882  -0.0000239296   0.0000089072   0.0000356428   0.0000345767
        0.0000198184  -0.0000009776  -0.0001078667  -0.0001672997  -0.0000317793
        0.0002280457   0.0000725769  -0.0001460175  -0.0000467026  -0.0001052552
        0.0001732843   0.0000201667   0.0000490578  -0.0001048398   0.0001533026
       -0.0001233517   0.0004501867  -0.0004401808   0.0014154988   0.0005566674
       -0.0000564187  -0.0065241445  -0.0276988182   0.0293421696   0.0310029608
       -0.0728221344   0.0732836853  -0.0003219799  -0.0002636154  -0.0001413573
        0.0002333274  -0.0000142361  -0.0002274916  -0.0000062746  -0.0000325213
        0.0000390414   0.0000111427  -0.0000198085   0.0000347532   0.0000040594
       -0.0000216374   0.0000750254   0.0000279079  -0.0000188457  -0.0000694415
        0.0000433770   0.0000086517  -0.0000525685   0.0000046879  -0.0000089611
       -0.0000122426  -0.0000203504   0.0000532973  -0.0000105199   0.0000003579
        0.0000080480   0.0000025923   0.0009311757   0.0002056285  -0.0005320254
       -0.0055738797   0.0076998939  -0.0170709369  -0.0291213370   0.0976294784
       -0.0970511000   0.0080242758  -0.0057030128   0.0126962646   0.0000895397
        0.0001447687  -0.0000309330   0.0000341088  -0.0000426996  -0.0000252610
        0.0000500534   0.0000539149  -0.0000666214   0.0000184779  -0.0000016341
        0.0000295195  -0.0001485496  -0.0001376610  -0.0000576041  -0.0000415017
       -0.0003865377   0.0001249422  -0.0000159478  -0.0002107524  -0.0000651647
        0.0001198490   0.0005680635   0.0000549349  -0.0022468677   0.0005569075
        0.0007610849   0.0083207788   0.0161072665  -0.0088982513  -0.0629859398
        0.0742265911  -0.2121364427   0.0006303613   0.0003069338  -0.0001002972
       -0.0005265615   0.0001997506   0.0001272975  -0.0000104282   0.0000440314
       -0.0000278936  -0.0000232635  -0.0000056795  -0.0000534176  -0.0000238647
        0.0000279340  -0.0000255008  -0.0000072131  -0.0000052467  -0.0000050354
        0.0000151615   0.0000316291   0.0000225199  -0.0000243052  -0.0000436716
       -0.0000223813   0.0000673717  -0.0000045747  -0.0000048296  -0.0000315844
       -0.0000179830   0.0000968339   0.0013536523  -0.0012639505  -0.0003220544
       -0.0098014299   0.0074232124  -0.0251730645   0.0667108010  -0.0970511000
        0.2447794665  -0.0012753526  -0.0001554354   0.0010905588  -0.0000888310
       -0.0002009447  -0.0000429527  -0.0000348663  -0.0000610633  -0.0000856468
       -0.0000247401  -0.0000177044  -0.0000121060  -0.0000028056   0.0000009537
        0.0000009347  -0.0000584731   0.0000075420   0.0000077799   0.0000974340
       -0.0001670843   0.0000120598   0.0001384546  -0.0000450968  -0.0000231828
        0.0004076923  -0.0007148298   0.0001140203  -0.0038845356  -0.0027447747
        0.0011153494  -0.0256345221   0.0018803952   0.0048606763  -0.2319057173
        0.0848491868   0.0219708335  -0.0004056642   0.0005505710   0.0000128681
       -0.0003019246  -0.0000969959   0.0001233933   0.0000063088  -0.0000048531
        0.0000176788   0.0000205385   0.0000010728   0.0000174970   0.0000252660
        0.0000148707   0.0000362496  -0.0000079910  -0.0000179505   0.0000114758
        0.0000080540  -0.0000173805   0.0000213944   0.0000083961  -0.0000065929
       -0.0000066590   0.0000146029  -0.0000190123  -0.0000108204  -0.0000080842
       -0.0000150808   0.0000065646  -0.0001093751  -0.0001742969   0.0000098557
       -0.0020735310   0.0036624136   0.0013831647  -0.0116235250   0.0080242758
       -0.0012753526   0.2754501767  -0.0950046950  -0.0284002710  -0.0000454607
        0.0000561263  -0.0000094373  -0.0000905744  -0.0000010599   0.0000160332
        0.0000561272   0.0000153215  -0.0000226836  -0.0001844615  -0.0000422447
        0.0000706443   0.0000685607  -0.0000222172  -0.0000463227   0.0001044071
        0.0001589693  -0.0000559045  -0.0000408333   0.0001357961  -0.0000041661
        0.0004452434  -0.0005709900   0.0001114793  -0.0035797724  -0.0030380332
        0.0011474641  -0.0244212310   0.0082419669   0.0035083788   0.0915268638
       -0.0823235912  -0.0116187869  -0.0012664845   0.0002998340   0.0002704517
       -0.0000215956  -0.0002664263   0.0001082320  -0.0000299580   0.0000117624
        0.0000154441  -0.0000333822   0.0000325079   0.0000233254  -0.0000436565
        0.0000082813   0.0000308445   0.0000689637   0.0000575401  -0.0000358075
        0.0000590597   0.0000350331  -0.0000458525   0.0000287705   0.0000467801
       -0.0000118931   0.0000081243   0.0000427790  -0.0000159254  -0.0000214841
        0.0000495358  -0.0000095780   0.0002547053   0.0003441656  -0.0001725173
        0.0193402609  -0.0100384404  -0.0038849548   0.0127702559  -0.0057030128
       -0.0001554354  -0.0950046950   0.0923640723   0.0107927709  -0.0000122349
        0.0001275584  -0.0000128047  -0.0000715536   0.0000330520   0.0000135974
        0.0000458375  -0.0000314574   0.0000178256  -0.0000014001  -0.0000001353
       -0.0000855256  -0.0000913842   0.0000191622  -0.0000386929   0.0000154436
        0.0000143366  -0.0000017078  -0.0000403258  -0.0000199148  -0.0000237543
       -0.0000555936   0.0003247417   0.0004089812   0.0015026221   0.0011693346
        0.0002659758   0.0088251484  -0.0015908788  -0.0012134923   0.0209537038
       -0.0103598992  -0.0477819378   0.0003172424  -0.0001325708   0.0002226264
        0.0001042089   0.0000600260  -0.0000324348  -0.0000439311  -0.0000205760
        0.0000435771  -0.0000310015  -0.0000051152   0.0000509747  -0.0000654105
       -0.0000043690   0.0000532782  -0.0000113368  -0.0000033424   0.0000562524
       -0.0000064220  -0.0000141284   0.0000394745   0.0000273536   0.0000115841
        0.0000186221   0.0000919494  -0.0000025374  -0.0000299375   0.0000085782
        0.0000028464  -0.0000016542  -0.0000356236  -0.0000746626  -0.0002330231
        0.0216378099  -0.0128262936  -0.0037859916  -0.0247861966   0.0126962646
        0.0010905588  -0.0284002710   0.0107927709   0.0509044609   0.0000192038
       -0.0000148530   0.0000472726   0.0000197952   0.0000096669   0.0000082715
        0.0000468741  -0.0001020674  -0.0000444067  -0.0001076937   0.0000702403
        0.0001161303  -0.0006492611   0.0013292239   0.0000033850  -0.0045528118
        0.0007134346   0.0028020738  -0.0002816126  -0.0003766454   0.0001232076
       -0.0017297908  -0.0024387934   0.0024907639   0.0078709288  -0.0155449210
        0.0020426179   0.0006798445   0.0003419788  -0.0009053685  -0.0001163502
       -0.0000712590   0.0000551973  -0.0815623905   0.0937036674  -0.0081653414
       -0.0127536882   0.0266532743  -0.0024721866  -0.0000217056   0.0000232825
        0.0000052067   0.0000009763   0.0000720073   0.0000207778  -0.0000772025
        0.0001243859   0.0000688589  -0.0000014221  -0.0000373942  -0.0000433650
        0.0000343921  -0.0000282494   0.0000247913   0.0001405197   0.0000432059
       -0.0001040813  -0.0002975365   0.0000507649   0.0000430036  -0.0000877628
       -0.0001028180  -0.0003350928   0.0002151235  -0.0010234602   0.0000056136
        0.0000476346   0.0000925649   0.0000189562   0.0000305127   0.0000895397
       -0.0000888310  -0.0000454607  -0.0000122349   0.0000192038   0.0925584257
       -0.1042002362   0.0053618214   0.0006594573   0.0006305088  -0.0010429356
        0.0000301994   0.0000307464   0.0000489502  -0.0000325189  -0.0000892748
       -0.0001405032   0.0000342371  -0.0002308899   0.0001563191   0.0013496647
        0.0018746359   0.0009823829  -0.0008744449   0.0005866535   0.0000623898
       -0.0027419128  -0.0032381652   0.0026451882   0.0081130211  -0.0252089390
        0.0038583522   0.0006283848   0.0013597883  -0.0010780083   0.0001344729
        0.0001030585   0.0000011753   0.0931939886  -0.2669404045   0.0259091626
        0.0046522278  -0.0069962611   0.0002590759  -0.0000370588   0.0000017430
       -0.0000330250  -0.0000099865  -0.0000085440  -0.0000213465   0.0000074262
       -0.0000686305  -0.0000158945   0.0000176807   0.0000343543   0.0000343398
       -0.0000170023   0.0000238345  -0.0000071537  -0.0000242960  -0.0000044930
        0.0000251362  -0.0000167626  -0.0000115096   0.0000269845  -0.0001264324
        0.0000999956  -0.0003362760   0.0005196844  -0.0011445171  -0.0000307232
        0.0001593104   0.0001562020   0.0000414076   0.0001190882   0.0001447687
       -0.0002009447   0.0000561263   0.0001275584  -0.0000148530  -0.1042002362
        0.2984702033  -0.0316373027  -0.0009348612   0.0009280861  -0.0005348336
        0.0000132178  -0.0001206313   0.0000771521   0.0001575846   0.0000489802
       -0.0003263508   0.0000192773  -0.0000138192   0.0004127637   0.0028687047
        0.0010426638   0.0072385674   0.0001446326  -0.0000786630  -0.0001401156
        0.0025648421   0.0024387241   0.0058894082  -0.0026191890   0.0091965825
        0.0018703028  -0.0009099047  -0.0008144908  -0.0027326659  -0.0000145149
        0.0000284053   0.0001692047  -0.0083164095   0.0259592902  -0.0373889430
        0.0022600671  -0.0050010761   0.0004921217  -0.0000305064   0.0000474541
       -0.0000453691  -0.0000183873   0.0000355002  -0.0000187096  -0.0000489445
        0.0000757246  -0.0000188520   0.0000400074   0.0000136563   0.0001312178
        0.0000149790   0.0000009942   0.0001029999  -0.0000491453  -0.0000116561
        0.0000029929  -0.0000464774  -0.0001473687  -0.0000124101  -0.0003416062
       -0.0003201989  -0.0015314058  -0.0002908486   0.0003138292  -0.0006795088
       -0.0000722825  -0.0001152398  -0.0000848200  -0.0000239296  -0.0000309330
       -0.0000429527  -0.0000094373  -0.0000128047   0.0000472726   0.0053618214
       -0.0316373027   0.0292503201  -0.0006535511  -0.0008976204  -0.0026622208
       -0.0000296226   0.0001557386  -0.0001402425  -0.0000648969  -0.0000732859
       -0.0000466360   0.0008799449   0.0014937701  -0.0011954391   0.0044411291
        0.0052534840  -0.0019496333   0.0004460903   0.0021933239   0.0012777484
       -0.0000174353   0.0005353618  -0.0001728906  -0.0044410764   0.0024768331
        0.0025811738  -0.0008094010  -0.0015416779   0.0005158935  -0.0003914258
        0.0001661070   0.0000084239  -0.0213070588  -0.0221026262   0.0096429321
       -0.1304255050  -0.1128811246   0.0475713870  -0.0000959658  -0.0000376398
       -0.0000000297  -0.0001140813  -0.0000837554  -0.0000999640   0.0000699967
       -0.0001295085   0.0000589249  -0.0000313967  -0.0000104716   0.0000331979
       -0.0000261143  -0.0000176167   0.0000169729  -0.0000158781   0.0003023288
        0.0001580742  -0.0000715974  -0.0000995542   0.0001053358   0.0002184330
        0.0003561895  -0.0001286231  -0.0000847070  -0.0000101614  -0.0003910196
        0.0000138841   0.0000351925  -0.0000149709   0.0000089072   0.0000341088
       -0.0000348663  -0.0000905744  -0.0000715536   0.0000197952   0.0006594573
       -0.0009348612  -0.0006535511   0.1512788941   0.1249913988  -0.0571619933
       -0.0000614250   0.0002422513  -0.0000553220   0.0000448942  -0.0003330414
       -0.0001942321  -0.0017313543   0.0008998508   0.0001295600  -0.0163350901
       -0.0253724189   0.0094944309   0.0030448122  -0.0052120244   0.0017005332
        0.0007303299   0.0003396161  -0.0002950234   0.0014333900   0.0012199348
        0.0013396269   0.0000949432   0.0001439784  -0.0000834090   0.0001523526
        0.0001183555  -0.0000607270   0.0004990010   0.0027177287  -0.0005857162
       -0.1137426073  -0.1905759950   0.0607475562  -0.0000936208   0.0000103309
       -0.0000316519   0.0004096506   0.0001829276   0.0002123515  -0.0000649304
       -0.0001564220   0.0006035838  -0.0000716909   0.0000158365  -0.0000064751
       -0.0001339551   0.0000031128  -0.0002027581   0.0012833644  -0.0000780973
       -0.0006562708  -0.0002197326   0.0002322717   0.0000109125  -0.0009242546
       -0.0013130970   0.0004711814   0.0000024923   0.0000654998  -0.0004012198
        0.0000269403  -0.0000298972  -0.0000315839   0.0000356428  -0.0000426996
       -0.0000610633  -0.0000010599   0.0000330520   0.0000096669   0.0006305088
        0.0009280861  -0.0008976204   0.1249913988   0.2159608599  -0.0711563304
        0.0001244471  -0.0003473699   0.0000352612  -0.0004387670   0.0004607968
       -0.0002039523  -0.0007395845  -0.0010070571  -0.0016214228   0.0026861991
        0.0034544817  -0.0007431099   0.0010392361   0.0018122248   0.0065242822
       -0.0001605289  -0.0002680027  -0.0001952636   0.0028578648   0.0010157651
        0.0081822030   0.0001051047   0.0004320580   0.0000090500   0.0000395386
       -0.0000418818  -0.0002359947   0.0045304608   0.0044555615  -0.0016943100
        0.0486518382   0.0618014007  -0.0574507203  -0.0000220158   0.0000104202
       -0.0000479614  -0.0003641080   0.0000650854  -0.0000153105  -0.0001785464
        0.0003227560  -0.0005151914  -0.0000610345  -0.0000000050  -0.0000397691
        0.0000187266  -0.0000762549   0.0000566691   0.0001187470   0.0000480157
        0.0000758650   0.0002344554  -0.0002239728  -0.0000776096   0.0001189364
        0.0001793137   0.0000076850  -0.0003616012  -0.0003440669  -0.0015835551
       -0.0000450495  -0.0000464410  -0.0000819458   0.0000345767  -0.0000252610
       -0.0000856468   0.0000160332   0.0000135974   0.0000082715  -0.0010429356
       -0.0005348336  -0.0026622208  -0.0571619933  -0.0711563304   0.0523546973
