$hessian                                                                        
        0.4592137204  -0.0058070309   0.0182684349  -0.1548361558  -0.0076598994
        0.0233074530  -0.0284580538   0.0011667410  -0.0033698546  -0.0008782476
        0.0019937535  -0.0060173455  -0.0004541412   0.0010831620  -0.0000393481
       -0.0002269821   0.0000491681   0.0006217601   0.0016214746   0.0000689389
       -0.0002276570  -0.0012921706  -0.0000197358   0.0000655902  -0.0002278181
       -0.0004168901   0.0004647596  -0.0004545495  -0.0008356876  -0.0006876922
       -0.0658386600  -0.0714828583   0.0171742374  -0.1098458367   0.0378280995
       -0.1144901522  -0.0657157435   0.0469652243   0.0559727038  -0.0176684744
       -0.0032456577   0.0030830591  -0.0176099552   0.0008089743   0.0044092939
        0.0013576383  -0.0001658303   0.0008599410   0.0013435424  -0.0003838306
        0.0007771704   0.0000778332   0.0001271310  -0.0001128256  -0.0000899933
       -0.0000150201   0.0000512227  -0.0000923254  -0.0000210850   0.0000479555
        0.0000748984  -0.0000376669  -0.0001587065
       -0.0058070309   0.5910488720   0.0003892814  -0.0055588899  -0.0704023469
        0.0003954409   0.0080887178   0.0010696433  -0.0003956640   0.0009182595
       -0.0000564161   0.0013007630   0.0000872038  -0.0002149624  -0.0001514819
        0.0002285214  -0.0000978516  -0.0001409639  -0.0001562304   0.0003139773
        0.0000636357   0.0001339774  -0.0001396656   0.0000089698  -0.0000993442
       -0.0001263784  -0.0000582392   0.0001323235  -0.0000267714   0.0000390935
       -0.0757836134  -0.2984845128   0.0627115135   0.0388287367  -0.0678111974
        0.0660121365   0.0494136496  -0.1545304532  -0.1314080142  -0.0294960649
       -0.0026830722   0.0052108092   0.0186493107   0.0006989713  -0.0038129251
        0.0009661965   0.0009891614  -0.0003965289  -0.0005530586   0.0003501756
        0.0000513085   0.0000703762   0.0000730954   0.0001328589   0.0000740038
       -0.0000326051  -0.0000237270  -0.0000462615  -0.0000418125   0.0000296773
       -0.0000907830   0.0001041493   0.0000420560
        0.0182684349   0.0003892814   0.5885367924   0.0169549290   0.0004224274
       -0.0715616856  -0.0241610123  -0.0003837999   0.0022067656  -0.0027442399
        0.0012935563  -0.0035074344  -0.0003694969   0.0002606414   0.0001245570
       -0.0001398568  -0.0000805582   0.0001451074   0.0004863293   0.0000602643
        0.0001356387  -0.0004016150   0.0000128482  -0.0001551091  -0.0002508374
       -0.0001151177   0.0001600325  -0.0003476725  -0.0003733306  -0.0000569720
        0.0188348336   0.0625168867  -0.0614732984  -0.1175102823   0.0660065257
       -0.2457125920   0.0598639351  -0.1312196188  -0.2049261588   0.0083645222
        0.0007730092  -0.0011710016   0.0243634928   0.0006062117  -0.0046018290
       -0.0003605705  -0.0008101331   0.0008014463  -0.0008455734   0.0004606338
        0.0014408798   0.0000613454   0.0000823182  -0.0001270981  -0.0000183260
        0.0000123991  -0.0000475497  -0.0000568960  -0.0000056620  -0.0000441404
        0.0000085565   0.0000912171  -0.0001663507
       -0.1548361558  -0.0055588899   0.0169549290   0.3933158725   0.0106494196
       -0.0314983442  -0.0679993744   0.0163516249  -0.0491531734  -0.0289352015
        0.0049513254  -0.0146549756   0.0004002765   0.0009450084  -0.0000611302
       -0.0003093515  -0.0003665968   0.0009085732  -0.0008783705  -0.0000798337
        0.0002239564   0.0007333118   0.0000286193  -0.0000919589  -0.0003059661
       -0.0002519104   0.0009444426   0.0004072339  -0.0007244319  -0.0006069737
       -0.0101645173  -0.0075426571   0.0033212208  -0.0151767225   0.0007080459
       -0.0020918413  -0.0101065651   0.0040791970   0.0071572817  -0.0541819565
       -0.0570720947   0.0163831358  -0.0539591045   0.0356177425   0.0470422816
        0.0012007401   0.0001253183   0.0031447564   0.0011606928  -0.0019495870
        0.0023373836  -0.0002286015   0.0000408153  -0.0002600494   0.0000460762
       -0.0000097370   0.0001344668   0.0000467235  -0.0000724535   0.0001104009
       -0.0002290400   0.0001310753  -0.0002443823
       -0.0076598994  -0.0704023469   0.0004224274   0.0106494196   0.5276356293
        0.0117968291   0.0114844403  -0.0768240483   0.0290640983   0.0030198430
        0.0009074367  -0.0019922517  -0.0017986978  -0.0005542843   0.0004440855
        0.0002735446  -0.0003855089   0.0002228218   0.0001597074   0.0005727500
        0.0000459778  -0.0001724181   0.0001658807   0.0000389400  -0.0000876392
        0.0000668473  -0.0002704720   0.0006397632   0.0000870769  -0.0004798658
       -0.0251937948  -0.0010826404   0.0037135590   0.0064653542   0.0008494555
       -0.0010498456   0.0156976968   0.0015336167  -0.0019593041  -0.0495023740
       -0.2467743424   0.0526976590   0.0297694602  -0.1289823612  -0.1049084465
        0.0137889361  -0.0118904172   0.0275159945  -0.0074802232   0.0048495505
       -0.0151914402  -0.0001877591  -0.0001162866   0.0001068163  -0.0001525514
        0.0000417301   0.0002961224   0.0000774349   0.0002325513  -0.0002876221
        0.0002097568   0.0000697114  -0.0002260832
        0.0233074530   0.0003954409  -0.0715616856  -0.0314983442   0.0117968291
        0.4963909786  -0.0346375197   0.0290265326  -0.1542114691  -0.0089568626
       -0.0020151676   0.0063891488   0.0015095632   0.0005588424   0.0001746595
       -0.0002191610   0.0002892669   0.0001043949  -0.0002333546   0.0000444021
        0.0004057818   0.0002027658   0.0000266712   0.0001122625  -0.0003528773
       -0.0003195889  -0.0003138000   0.0023291258  -0.0005969280  -0.0005779197
        0.0076066585   0.0016014606  -0.0008107161  -0.0195075908  -0.0010394601
        0.0036999323   0.0211119639   0.0001342679  -0.0034632470   0.0160544674
        0.0527171856  -0.0593730481   0.0422358530  -0.1049035805  -0.1774654899
       -0.0059714716   0.0071532149  -0.0116669169  -0.0130683563   0.0052365968
       -0.0283509477  -0.0001134518   0.0000014216   0.0002240438   0.0000523277
       -0.0000288437   0.0002276193   0.0001302201   0.0000373581   0.0000270040
        0.0000185915  -0.0001159219   0.0000394147
       -0.0284580538   0.0080887178  -0.0241610123  -0.0679993744   0.0114844403
       -0.0346375197   0.4530818042   0.0109489198  -0.0326119245  -0.2008131905
       -0.0062347325   0.0198834529  -0.0258881110  -0.0085586204   0.0020684608
        0.0007572463  -0.0038361214  -0.0004132416  -0.0007198995  -0.0001251150
        0.0002988766   0.0002658875   0.0002248374  -0.0006559419   0.0008112910
        0.0032938551   0.0019766922  -0.0257274907   0.0057462908   0.0068494039
        0.0009988646   0.0007858132   0.0004790717  -0.0059093059  -0.0002494611
        0.0007807969   0.0009771580  -0.0009180824  -0.0000837843   0.0022607699
        0.0010191831   0.0020808047   0.0022182338  -0.0020498965   0.0009836854
       -0.0531026589  -0.0503826906   0.0162979034  -0.0527024022   0.0301592056
        0.0426295015   0.0008922880   0.0014719894  -0.0004103989  -0.0009218190
        0.0001149385  -0.0000310098  -0.0009125663  -0.0000665948  -0.0000922927
        0.0008913289  -0.0009168763  -0.0012315243
        0.0011667410   0.0010696433  -0.0003837999   0.0163516249  -0.0768240483
        0.0290265326   0.0109489198   0.5176141966   0.0163606767  -0.0100251428
       -0.0638996196  -0.0012565845  -0.0241811560  -0.0025951670   0.0024648571
       -0.0031638549  -0.0027644009  -0.0032872608  -0.0001433400  -0.0009021515
       -0.0004391661   0.0001838522  -0.0002714378   0.0005003981   0.0021543433
       -0.0029180301  -0.0027563700   0.0219689493  -0.0007286404  -0.0029210846
       -0.0003073881   0.0012505552  -0.0008572278  -0.0004235935   0.0004748207
       -0.0001633920   0.0001431835   0.0003927416   0.0003690365   0.0130525679
       -0.0100805159   0.0238696078  -0.0074592202   0.0049889386  -0.0134351109
       -0.0521406111  -0.2402779329   0.0529817759   0.0315292529  -0.1253505113
       -0.1016230596  -0.0010289148   0.0006444913   0.0009529363  -0.0010787313
       -0.0001069437  -0.0002140877   0.0010203411  -0.0002051413   0.0000647951
        0.0014321768   0.0004891535   0.0007465277
       -0.0033698546  -0.0003956640   0.0022067656  -0.0491531734   0.0290640983
       -0.1542114691  -0.0326119245   0.0163606767   0.4750635153   0.0313963354
       -0.0012836576  -0.0608359973  -0.0043263497  -0.0003326914  -0.0000929939
        0.0005763469  -0.0028718262   0.0051201175   0.0001294817  -0.0004290514
        0.0003153757  -0.0001981884   0.0005085776  -0.0016422912   0.0023897638
       -0.0031932265   0.0052018516   0.0110852211  -0.0001359242  -0.0020581026
        0.0001707077  -0.0007777128   0.0010364933   0.0012883900  -0.0001636539
        0.0009086548   0.0003102508   0.0002851891   0.0018791645  -0.0049911112
        0.0066363197  -0.0089829633  -0.0118270037   0.0038276881  -0.0240178642
        0.0163582481   0.0531666674  -0.0604393406   0.0437142067  -0.1018269864
       -0.1761349535  -0.0010041291   0.0005669451  -0.0017752040  -0.0002322928
       -0.0000596582  -0.0000103971   0.0004687416  -0.0000909480   0.0000900750
       -0.0001736666   0.0011448387  -0.0016204364
       -0.0008782476   0.0009182595  -0.0027442399  -0.0289352015   0.0030198430
       -0.0089568626  -0.2008131905  -0.0100251428   0.0313963354   0.6049423530
        0.0212847937  -0.0640718874  -0.1403870540  -0.1257034179  -0.0280916773
       -0.0365090769  -0.0235664037  -0.0022206278   0.0039464694   0.0003648273
       -0.0017654582   0.0001618972  -0.0000779672   0.0002447887  -0.0358900920
        0.0205493992   0.0124697232  -0.1393827331   0.1168828737   0.0531160763
       -0.0000948243   0.0002165507  -0.0004582011  -0.0007203751   0.0000056287
        0.0000019251  -0.0000958612   0.0001045371  -0.0004893250   0.0012122984
        0.0004237352   0.0001960543   0.0012099738  -0.0004467873  -0.0000926342
       -0.0149255230  -0.0068309646   0.0020555336  -0.0147261728   0.0043001503
        0.0057203893   0.0057130384   0.0112987791   0.0036335077  -0.0047610685
       -0.0004021727   0.0021074712  -0.0047719847  -0.0009170839   0.0019455881
        0.0057053750  -0.0113994374  -0.0039964795
        0.0019937535  -0.0000564161   0.0012935563   0.0049513254   0.0009074367
       -0.0020151676  -0.0062347325  -0.0638996196  -0.0012836576   0.0212847937
        0.5872779280   0.1460563820  -0.0546743361  -0.2404487821  -0.0559598667
       -0.0792415634   0.0204239985   0.0194160428   0.0003043986  -0.0615571860
       -0.0185193710  -0.0000095981   0.0016681746   0.0004431322   0.0760210586
        0.0292476044  -0.0025843170   0.0455318271  -0.2256746706  -0.0658915301
        0.0000894645  -0.0003482886   0.0001314256   0.0004022509   0.0001856372
        0.0000307234  -0.0000653781  -0.0001256822   0.0000441216   0.0004422632
        0.0001617752   0.0001450276  -0.0002635377   0.0002958134  -0.0003389603
       -0.0280685820  -0.0041934296   0.0042886622   0.0183354082  -0.0002731765
       -0.0047089997  -0.0096747295  -0.0238961682  -0.0063135942   0.0000000925
        0.0021235520  -0.0018453937  -0.0011260604   0.0021182687  -0.0019921568
        0.0100018817  -0.0239367693  -0.0103960589
       -0.0060173455   0.0013007630  -0.0035074344  -0.0146549756  -0.0019922517
        0.0063891488   0.0198834529  -0.0012565845  -0.0608359973  -0.0640718874
        0.1460563820   0.2008225962  -0.0037443127  -0.0439647307  -0.0635284146
       -0.0205046819   0.0100935525   0.0071794401  -0.0016176508  -0.0185236219
       -0.0124343943   0.0000514094   0.0004581383   0.0004610076   0.0314307577
        0.0067480159  -0.0022926552   0.0297289253  -0.0778977995  -0.0798367301
       -0.0000113174   0.0003297324  -0.0003604150  -0.0012141223   0.0000372779
        0.0000992203  -0.0000666796  -0.0001589732  -0.0005689758  -0.0001711880
       -0.0001643911   0.0005552892  -0.0004121556  -0.0000255261   0.0004281938
        0.0070472368   0.0007533790   0.0003164096   0.0224602078  -0.0012362436
       -0.0037733387  -0.0041027299  -0.0104131619  -0.0018019663   0.0019300959
       -0.0020264630   0.0072352814   0.0015544702  -0.0018384696   0.0072330597
        0.0025024909  -0.0062790241  -0.0017793250
       -0.0004541412   0.0000872038  -0.0003694969   0.0004002765  -0.0017986978
        0.0015095632  -0.0258881110  -0.0241811560  -0.0043263497  -0.1403870540
       -0.0546743361  -0.0037443127   0.6576225475   0.0075875309  -0.0846059019
       -0.3402491590  -0.0495762451   0.0303020687  -0.0331304516   0.0770134170
        0.0308583195  -0.0008145055   0.0001464104   0.0013165403  -0.0463616848
       -0.0280945657  -0.0026119476   0.0540982463  -0.0240024849  -0.0170256270
        0.0000714545   0.0000170234  -0.0000031073  -0.0000706790  -0.0000325157
       -0.0000208959   0.0001210163  -0.0001731298  -0.0000860862  -0.0000227641
       -0.0000867471   0.0002301517  -0.0001407590   0.0000585791  -0.0001352623
       -0.0046617132  -0.0010538602   0.0006392262   0.0007098432  -0.0016184643
       -0.0013577484  -0.1036853842   0.1010615799   0.0457973574  -0.0165243865
       -0.0027320000   0.0017773954  -0.0001567851  -0.0006885789  -0.0002286310
       -0.0004758060   0.0027410371   0.0020847443
        0.0010831620  -0.0002149624   0.0002606414   0.0009450084  -0.0005542843
        0.0005588424  -0.0085586204  -0.0025951670  -0.0003326914  -0.1257034179
       -0.2404487821  -0.0439647307   0.0075875309   0.5962848744   0.1604905919
        0.0220489453  -0.0898300445  -0.0188273827   0.0206212279   0.0315255350
        0.0083865193   0.0040944911  -0.0044182495  -0.0046320769  -0.0307814948
       -0.0153347700   0.0007598842   0.0286890009  -0.0596970828  -0.0252450638
       -0.0000980250   0.0000067745  -0.0000112845   0.0002179450   0.0001270928
        0.0000165797   0.0000880700   0.0001975427   0.0000649973   0.0001569237
        0.0002319693   0.0003468711  -0.0001402801  -0.0001641411  -0.0002832113
        0.0000377939  -0.0000261078  -0.0000578469   0.0018967819   0.0006657043
       -0.0002969985   0.1003299531  -0.2110429622  -0.0767888060  -0.0241115620
       -0.0020269217   0.0031868685  -0.0004989801   0.0003454538   0.0001629034
        0.0020955461  -0.0030314714  -0.0037946064
       -0.0000393481  -0.0001514819   0.0001245570  -0.0000611302   0.0004440855
        0.0001746595   0.0020684608   0.0024648571  -0.0000929939  -0.0280916773
       -0.0559598667  -0.0635284146  -0.0846059019   0.1604905919   0.1838135062
        0.0542581489  -0.0073716187  -0.0547754380   0.0117431019  -0.0010952542
       -0.0051518972   0.0027458798  -0.0039802567   0.0055770555  -0.0031140953
        0.0006272030  -0.0024553749   0.0006504186  -0.0167949595  -0.0039026532
       -0.0000999958   0.0000115811   0.0000848042  -0.0000014586  -0.0000446958
        0.0000319185   0.0000386201   0.0001146874  -0.0000329640   0.0002674217
       -0.0000881719   0.0001660953  -0.0000737623  -0.0002519811   0.0000358504
        0.0021790194   0.0007094870   0.0003014459   0.0003391263   0.0008729531
        0.0004976917   0.0454775732  -0.0762100071  -0.0670685353  -0.0054795796
       -0.0001971911   0.0006646358  -0.0001620427   0.0002303318   0.0000345426
        0.0019612213  -0.0038202933   0.0055015085
       -0.0002269821   0.0002285214  -0.0001398568  -0.0003093515   0.0002735446
       -0.0002191610   0.0007572463  -0.0031638549   0.0005763469  -0.0365090769
       -0.0792415634  -0.0205046819  -0.3402491590   0.0220489453   0.0542581489
        0.6717968180   0.0485508879  -0.0724333338  -0.1327561719   0.0390428772
        0.0258369392  -0.0388479882   0.0324082354   0.0178386335   0.0547194363
        0.0263290903   0.0005424325  -0.0459987184   0.0266671746   0.0160744293
        0.0001572493   0.0000489228  -0.0000087420  -0.0000321108  -0.0000199197
        0.0000062245   0.0000434080  -0.0000479300  -0.0000236817  -0.0002020177
        0.0000930895  -0.0000265453   0.0000650275  -0.0000011132   0.0002276985
       -0.0011719629   0.0000540779  -0.0001930088   0.0001799845   0.0002325356
        0.0000716314  -0.0179225509   0.0018634589   0.0035180543  -0.1123220965
       -0.1127653371  -0.0258033586  -0.0009543104  -0.0031777808   0.0002272612
       -0.0002166728   0.0005761378   0.0001745698
        0.0000491681  -0.0000978516  -0.0000805582  -0.0003665968  -0.0003855089
        0.0002892669  -0.0038361214  -0.0027644009  -0.0028718262  -0.0235664037
        0.0204239985   0.0100935525  -0.0495762451  -0.0898300445  -0.0073716187
        0.0485508879   0.6010939915   0.1568556663   0.1124965587  -0.2326392414
       -0.0784820523   0.0070191255   0.0023425880  -0.0016422106  -0.0220301308
       -0.0566364941  -0.0160598312   0.0242010351  -0.0102999723  -0.0064499789
       -0.0000204590  -0.0000969410  -0.0000165248  -0.0000903239  -0.0000493794
       -0.0000377460  -0.0000930540  -0.0000968320   0.0000275615  -0.0001522203
       -0.0000589096  -0.0000097175  -0.0000327303  -0.0000290468  -0.0000183426
       -0.0005513964  -0.0002096775   0.0002204833   0.0002343795  -0.0003196644
       -0.0001472123   0.0238743576  -0.0001026546  -0.0038667524  -0.1135896034
       -0.2271806658  -0.0474396008  -0.0030104866  -0.0036704888  -0.0031799659
        0.0004902592   0.0006071955   0.0001874078
        0.0006217601  -0.0001409639   0.0001451074   0.0009085732   0.0002228218
        0.0001043949  -0.0004132416  -0.0032872608   0.0051201175  -0.0022206278
        0.0194160428   0.0071794401   0.0303020687  -0.0188273827  -0.0547754380
       -0.0724333338   0.1568556663   0.1781255253   0.0508087739  -0.0671165414
       -0.0826213271   0.0090569630  -0.0057113779   0.0002019495  -0.0156736034
       -0.0237453712  -0.0037464453   0.0148659429  -0.0065888397  -0.0078455963
       -0.0000280493  -0.0000449864  -0.0000950228   0.0001776172   0.0000147134
       -0.0001223709  -0.0000432897   0.0000228681  -0.0000698516   0.0000907294
       -0.0000295652  -0.0001609848   0.0000209975  -0.0000174663  -0.0001302598
       -0.0010171713  -0.0002185683   0.0001353309  -0.0002870567   0.0001472750
        0.0001673443   0.0108949022  -0.0005755997  -0.0011562344  -0.0260637064
       -0.0474450894  -0.0462725291   0.0002690771  -0.0031280033   0.0060583346
        0.0001626750   0.0001976287  -0.0002414844
        0.0016214746  -0.0001562304   0.0004863293  -0.0008783705   0.0001597074
       -0.0002333546  -0.0007198995  -0.0001433400   0.0001294817   0.0039464694
        0.0003043986  -0.0016176508  -0.0331304516   0.0206212279   0.0117431019
       -0.1327561719   0.1124965587   0.0508087739   0.6565433839   0.0261924840
       -0.0785335421  -0.3351330205  -0.0143853726   0.0457570922  -0.1337720446
       -0.1211277855  -0.0273516165  -0.0337820968  -0.0231597844  -0.0028633409
       -0.0002694443  -0.0001358317  -0.0000139281   0.0000496912   0.0000167089
       -0.0000825900  -0.0002662925   0.0001214003   0.0000598976  -0.0000596814
        0.0000637278  -0.0000581702  -0.0000617709  -0.0000484004  -0.0000788387
        0.0004789272   0.0002180713   0.0000590895   0.0004804887  -0.0001946029
       -0.0000932229  -0.0044094800  -0.0006378504   0.0018674906   0.0082599863
       -0.0127109143  -0.0052677025   0.0082660624   0.0130823068   0.0034054703
       -0.0044077592  -0.0005764790   0.0018772302
        0.0000689389   0.0003139773   0.0000602643  -0.0000798337   0.0005727500
        0.0000444021  -0.0001251150  -0.0009021515  -0.0004290514   0.0003648273
       -0.0615571860  -0.0185236219   0.0770134170   0.0315255350  -0.0010952542
        0.0390428772  -0.2326392414  -0.0671165414   0.0261924840   0.5775972026
        0.1482881626  -0.0144738317  -0.0468452681  -0.0028246656  -0.0475057154
       -0.2472000392  -0.0574669008  -0.0796319521   0.0223219428   0.0215309735
       -0.0000190669   0.0002958814   0.0000319214   0.0000498538   0.0002644439
       -0.0000406173  -0.0000058650   0.0003418910  -0.0000698295   0.0000474665
        0.0001069024  -0.0001760998   0.0000801375   0.0000076127   0.0001612461
       -0.0003849350   0.0004229114   0.0000135593   0.0003188450   0.0003029115
        0.0001315769  -0.0013853533   0.0019382302  -0.0021907436   0.0109770889
       -0.0244531281  -0.0108704937  -0.0106960792  -0.0243272123  -0.0072940723
        0.0001518111   0.0019120344  -0.0021642146
       -0.0002276570   0.0000636357   0.0001356387   0.0002239564   0.0000459778
        0.0004057818   0.0002988766  -0.0004391661   0.0003153757  -0.0017654582
       -0.0185193710  -0.0124343943   0.0308583195   0.0083865193  -0.0051518972
        0.0258369392  -0.0784820523  -0.0826213271  -0.0785335421   0.1482881626
        0.1849627832   0.0458466804  -0.0028462997  -0.0398400587  -0.0029999457
       -0.0460886723  -0.0669351454  -0.0215513145   0.0120628636   0.0046907975
        0.0000464601  -0.0000079915   0.0003787788  -0.0001356820  -0.0000409059
        0.0003707857   0.0000489505  -0.0000250720   0.0003366203  -0.0001878159
        0.0000147834   0.0000336014  -0.0001746526  -0.0000305467   0.0001411565
       -0.0000258759  -0.0000150867   0.0001059333   0.0002067021   0.0001649986
        0.0002215233   0.0016267927  -0.0022007543   0.0077040113   0.0028666947
       -0.0071178461  -0.0002065079  -0.0043962870  -0.0110355062  -0.0003401897
        0.0021378586  -0.0021776702   0.0077267326
       -0.0012921706   0.0001339774  -0.0004016150   0.0007333118  -0.0001724181
        0.0002027658   0.0002658875   0.0001838522  -0.0001981884   0.0001618972
       -0.0000095981   0.0000514094  -0.0008145055   0.0040944911   0.0027458798
       -0.0388479882   0.0070191255   0.0090569630  -0.3351330205  -0.0144738317
        0.0458466804   0.4169671494   0.0188596773  -0.0598582037  -0.0391708416
       -0.0108311108   0.0031362360  -0.0008396677  -0.0049799573  -0.0002529681
        0.0002803511   0.0001223331   0.0000414552  -0.0000313453  -0.0000272925
        0.0001121713   0.0002770049  -0.0001270921  -0.0000307131   0.0000226234
       -0.0000523636   0.0001641984   0.0000255693  -0.0000221651   0.0001557222
       -0.0001619694  -0.0000682417  -0.0001682545  -0.0001628298   0.0001357023
       -0.0000786977  -0.0016609910  -0.0001585515   0.0001462706   0.0005167515
       -0.0006286306  -0.0006911249   0.0005320390   0.0009535293  -0.0001833595
       -0.0016672554   0.0000485649   0.0002033725
       -0.0000197358  -0.0001396656   0.0000128482   0.0000286193   0.0001658807
        0.0000266712   0.0002248374  -0.0002714378   0.0005085776  -0.0000779672
        0.0016681746   0.0004581383   0.0001464104  -0.0044182495  -0.0039802567
        0.0324082354   0.0023425880  -0.0057113779  -0.0143853726  -0.0468452681
       -0.0028462997   0.0188596773   0.0507215990   0.0079979773  -0.0363835377
       -0.0016901738   0.0041206601  -0.0009531755  -0.0048870297  -0.0039433160
        0.0000586647  -0.0000658274  -0.0000176785  -0.0000049819  -0.0000667549
        0.0000097020  -0.0000230894  -0.0000873780   0.0000235933  -0.0000670512
       -0.0000793095  -0.0000112213   0.0000762559  -0.0001027753   0.0000233276
        0.0001120010  -0.0000009229  -0.0000640053  -0.0002167583   0.0000245438
        0.0000851638   0.0013910916  -0.0000401643  -0.0001009590  -0.0005017206
        0.0018665843   0.0017160012   0.0008521727   0.0020346330   0.0014647311
       -0.0015245754  -0.0001290463   0.0002277227
        0.0000655902   0.0000089698  -0.0001551091  -0.0000919589   0.0000389400
        0.0001122625  -0.0006559419   0.0005003981  -0.0016422912   0.0002447887
        0.0004431322   0.0004610076   0.0013165403  -0.0046320769   0.0055770555
        0.0178386335  -0.0016422106   0.0002019495   0.0457570922  -0.0028246656
       -0.0398400587  -0.0598582037   0.0079979773   0.0302627780  -0.0051830545
        0.0000550241   0.0045174624   0.0009431652  -0.0032818408   0.0060938507
       -0.0000412116  -0.0000050523  -0.0000910937   0.0000102850   0.0000071123
       -0.0000839915  -0.0000642058   0.0000134164  -0.0000688813  -0.0000410831
       -0.0000075306  -0.0001240598   0.0000044085   0.0000163661  -0.0000989093
        0.0002160442   0.0001191815   0.0000003763   0.0001065278  -0.0000978717
       -0.0000306957   0.0007126806   0.0000940821  -0.0003166594  -0.0007337389
        0.0016945728  -0.0021924652  -0.0002786970   0.0014682043  -0.0023689524
       -0.0002676607   0.0000338715  -0.0002135753
       -0.0002278181  -0.0000993442  -0.0002508374  -0.0003059661  -0.0000876392
       -0.0003528773   0.0008112910   0.0021543433   0.0023897638  -0.0358900920
        0.0760210586   0.0314307577  -0.0463616848  -0.0307814948  -0.0031140953
        0.0547194363  -0.0220301308  -0.0156736034  -0.1337720446  -0.0475057154
       -0.0029999457  -0.0391708416  -0.0363835377  -0.0051830545   0.6713006491
        0.0047047704  -0.0869752420  -0.3400327784  -0.0487689542   0.0303975186
        0.0000464226   0.0000480156   0.0000065798  -0.0000318268   0.0000112956
        0.0000126966   0.0001571184  -0.0000305336  -0.0000396280   0.0000647804
       -0.0001367377   0.0001842063  -0.0002008344  -0.0000628280  -0.0000745874
        0.0001762149  -0.0002345686  -0.0000836570  -0.0011640675   0.0000803312
       -0.0001888822  -0.0002251937  -0.0005564046  -0.0002065898  -0.0009210616
        0.0023772354   0.0020938735  -0.1108766013   0.1048034959   0.0468672827
       -0.0180951017  -0.0035226574   0.0017603210
       -0.0004168901  -0.0001263784  -0.0001151177  -0.0002519104   0.0000668473
       -0.0003195889   0.0032938551  -0.0029180301  -0.0031932265   0.0205493992
        0.0292476044   0.0067480159  -0.0280945657  -0.0153347700   0.0006272030
        0.0263290903  -0.0566364941  -0.0237453712  -0.1211277855  -0.2472000392
       -0.0460886723  -0.0108311108  -0.0016901738   0.0000550241   0.0047047704
        0.5983854716   0.1605330949   0.0227879581  -0.0895515552  -0.0192100890
        0.0001023665  -0.0000627976  -0.0000221631  -0.0000352527  -0.0000888536
        0.0000648998   0.0000320773  -0.0001246516  -0.0000078058   0.0000124118
       -0.0000842371   0.0000466245   0.0000685783  -0.0001216385   0.0000486658
       -0.0000175417  -0.0001409195  -0.0000784935   0.0010617645  -0.0000854088
       -0.0003887031  -0.0004844977   0.0005001415   0.0003419075   0.0022215896
       -0.0032054072  -0.0037925294   0.1056149914  -0.2083789058  -0.0743197643
       -0.0255192981  -0.0024498044   0.0028160892
        0.0004647596  -0.0000582392   0.0001600325   0.0009444426  -0.0002704720
       -0.0003138000   0.0019766922  -0.0027563700   0.0052018516   0.0124697232
       -0.0025843170  -0.0022926552  -0.0026119476   0.0007598842  -0.0024553749
        0.0005424325  -0.0160598312  -0.0037464453  -0.0273516165  -0.0574669008
       -0.0669351454   0.0031362360   0.0041206601   0.0045174624  -0.0869752420
        0.1605330949   0.1809059118   0.0544823316  -0.0077421012  -0.0550482867
        0.0000194623  -0.0000160968  -0.0001008406   0.0001955465   0.0000099334
       -0.0000834397  -0.0000100216   0.0000183969  -0.0000635565   0.0000356766
        0.0000537062  -0.0000782736   0.0001654911   0.0000611779  -0.0001052160
       -0.0003763758  -0.0003824663  -0.0000057411  -0.0004715768   0.0000577761
        0.0000088306  -0.0001615692   0.0003550580  -0.0001256280   0.0020174018
       -0.0038494631   0.0055581866   0.0471605780  -0.0742927131  -0.0663676199
       -0.0056524246  -0.0004907172   0.0013697475
       -0.0004545495   0.0001323235  -0.0003476725   0.0004072339   0.0006397632
        0.0023291258  -0.0257274907   0.0219689493   0.0110852211  -0.1393827331
        0.0455318271   0.0297289253   0.0540982463   0.0286890009   0.0006504186
       -0.0459987184   0.0242010351   0.0148659429  -0.0337820968  -0.0796319521
       -0.0215513145  -0.0008396677  -0.0009531755   0.0009431652  -0.3400327784
        0.0227879581   0.0544823316   0.6578217776   0.0444818177  -0.0721171052
        0.0001225281   0.0001945740   0.0000385400  -0.0000704863   0.0000341955
        0.0000099037   0.0000728468  -0.0000176952  -0.0000102259  -0.0001401479
        0.0000269493  -0.0001567727  -0.0000255521  -0.0000750370   0.0002360852
        0.0007051944   0.0021126069  -0.0000968781  -0.0046805767   0.0004881780
        0.0011507579  -0.0005127472  -0.0034532710  -0.0000332653  -0.0001482682
        0.0006883133   0.0002445133  -0.0163516606   0.0012023091   0.0030826981
       -0.1050803534  -0.1090486700  -0.0245343946
       -0.0008356876  -0.0000267714  -0.0003733306  -0.0007244319   0.0000870769
       -0.0005969280   0.0057462908  -0.0007286404  -0.0001359242   0.1168828737
       -0.2256746706  -0.0778977995  -0.0240024849  -0.0596970828  -0.0167949595
        0.0266671746  -0.0102999723  -0.0065888397  -0.0231597844   0.0223219428
        0.0120628636  -0.0049799573  -0.0048870297  -0.0032818408  -0.0487689542
       -0.0895515552  -0.0077421012   0.0444818177   0.6006756661   0.1548096936
       -0.0000910570   0.0001985236   0.0001112713  -0.0001716258   0.0000804053
        0.0000203411   0.0001367163   0.0000310920  -0.0000256648   0.0001573035
       -0.0003437260   0.0000028643  -0.0002869220   0.0003507761  -0.0002282940
       -0.0017114239   0.0008758373   0.0005797736  -0.0013073041   0.0004025537
        0.0001332544  -0.0028798364  -0.0035761043  -0.0030219434   0.0004937358
        0.0004250005   0.0001099714   0.0226372206   0.0002490482  -0.0034612941
       -0.1082836637  -0.2309123698  -0.0476811135
       -0.0006876922   0.0000390935  -0.0000569720  -0.0006069737  -0.0004798658
       -0.0005779197   0.0068494039  -0.0029210846  -0.0020581026   0.0531160763
       -0.0658915301  -0.0798367301  -0.0170256270  -0.0252450638  -0.0039026532
        0.0160744293  -0.0064499789  -0.0078455963  -0.0028633409   0.0215309735
        0.0046907975  -0.0002529681  -0.0039433160   0.0060938507   0.0303975186
       -0.0192100890  -0.0550482867  -0.0721171052   0.1548096936   0.1794475179
       -0.0000243635   0.0000608095  -0.0000330467  -0.0001315972   0.0000795052
        0.0000775416  -0.0000216305  -0.0000508059   0.0000547792   0.0000276919
       -0.0000363781   0.0002234040   0.0001215395   0.0002124466   0.0000564289
       -0.0008779076  -0.0005992093   0.0002900155   0.0017189835  -0.0006401893
       -0.0001244204   0.0002999075  -0.0030436835   0.0060788846   0.0001735782
        0.0000646412  -0.0000564214   0.0101676913  -0.0000759400  -0.0017747403
       -0.0243376142  -0.0482100288  -0.0456983306
       -0.0658386600  -0.0757836134   0.0188348336  -0.0101645173  -0.0251937948
        0.0076066585   0.0009988646  -0.0003073881   0.0001707077  -0.0000948243
        0.0000894645  -0.0000113174   0.0000714545  -0.0000980250  -0.0000999958
        0.0001572493  -0.0000204590  -0.0000280493  -0.0002694443  -0.0000190669
        0.0000464601   0.0002803511   0.0000586647  -0.0000412116   0.0000464226
        0.0001023665   0.0000194623   0.0001225281  -0.0000910570  -0.0000243635
        0.0701233907   0.0824725127  -0.0215660063   0.0060838988   0.0124118919
       -0.0037859226   0.0048323345   0.0061104757  -0.0017067859  -0.0061372717
       -0.0002273843   0.0011080605   0.0002731684  -0.0004962658   0.0000879162
       -0.0002484003   0.0007882069  -0.0005743688  -0.0001747308   0.0000114310
       -0.0000979970  -0.0000194652   0.0000451694   0.0000408121   0.0000290135
        0.0000194250  -0.0000020583   0.0000304355  -0.0000040872  -0.0000081637
       -0.0001017976   0.0001315330   0.0000313291
       -0.0714828583  -0.2984845128   0.0625168867  -0.0075426571  -0.0010826404
        0.0016014606   0.0007858132   0.0012505552  -0.0007777128   0.0002165507
       -0.0003482886   0.0003297324   0.0000170234   0.0000067745   0.0000115811
        0.0000489228  -0.0000969410  -0.0000449864  -0.0001358317   0.0002958814
       -0.0000079915   0.0001223331  -0.0000658274  -0.0000050523   0.0000480156
       -0.0000627976  -0.0000160968   0.0001945740   0.0001985236   0.0000608095
        0.0824725127   0.3299210022  -0.0708655998  -0.0006239417  -0.0104861847
        0.0069832738  -0.0039231452  -0.0226428489   0.0004259419  -0.0004774158
        0.0013164779   0.0003537183   0.0008069664   0.0007630074  -0.0004123651
       -0.0004943130  -0.0001799319  -0.0000849385  -0.0000508754  -0.0003103252
       -0.0000388166  -0.0000163600  -0.0000309918  -0.0000006972  -0.0000015731
        0.0000421678  -0.0000135971   0.0000295429   0.0000319071  -0.0000048905
        0.0000067165  -0.0000350067  -0.0000106595
        0.0171742374   0.0627115135  -0.0614732984   0.0033212208   0.0037135590
       -0.0008107161   0.0004790717  -0.0008572278   0.0010364933  -0.0004582011
        0.0001314256  -0.0003604150  -0.0000031073  -0.0000112845   0.0000848042
       -0.0000087420  -0.0000165248  -0.0000950228  -0.0000139281   0.0000319214
        0.0003787788   0.0000414552  -0.0000176785  -0.0000910937   0.0000065798
       -0.0000221631  -0.0001008406   0.0000385400   0.0001112713  -0.0000330467
       -0.0215660063  -0.0708655998   0.0622984359   0.0044664632   0.0260919205
       -0.0073357214  -0.0050345960  -0.0216891595   0.0060829205   0.0012174538
        0.0000587806   0.0005308013   0.0005454600   0.0005246099  -0.0000001414
       -0.0000667566   0.0005440963   0.0001967724  -0.0001868803  -0.0003709789
       -0.0004180103   0.0000001563  -0.0000258852  -0.0000324096   0.0000161371
        0.0000024666   0.0000272250   0.0000206864  -0.0000109680   0.0000557026
        0.0000107561  -0.0000340946   0.0000587821
       -0.1098458367   0.0388287367  -0.1175102823  -0.0151767225   0.0064653542
       -0.0195075908  -0.0059093059  -0.0004235935   0.0012883900  -0.0007203751
        0.0004022509  -0.0012141223  -0.0000706790   0.0002179450  -0.0000014586
       -0.0000321108  -0.0000903239   0.0001776172   0.0000496912   0.0000498538
       -0.0001356820  -0.0000313453  -0.0000049819   0.0000102850  -0.0000318268
       -0.0000352527   0.0001955465  -0.0000704863  -0.0001716258  -0.0001315972
        0.0060838988  -0.0006239417   0.0044664632   0.1199502635  -0.0425067676
        0.1285835750   0.0060721526  -0.0021509390   0.0039202507  -0.0002104588
       -0.0001828067  -0.0004338781  -0.0001996962   0.0004050374  -0.0002438777
        0.0000923106  -0.0002868094   0.0002869249   0.0000922557   0.0000575495
        0.0003991732  -0.0000114838   0.0000357301  -0.0000666829  -0.0000092181
        0.0000162691   0.0000004482  -0.0000087533  -0.0000129697  -0.0000099886
       -0.0000122736   0.0000112853  -0.0000735133
        0.0378280995  -0.0678111974   0.0660065257   0.0007080459   0.0008494555
       -0.0010394601  -0.0002494611   0.0004748207  -0.0001636539   0.0000056287
        0.0001856372   0.0000372779  -0.0000325157   0.0001270928  -0.0000446958
       -0.0000199197  -0.0000493794   0.0000147134   0.0000167089   0.0002644439
       -0.0000409059  -0.0000272925  -0.0000667549   0.0000071123   0.0000112956
       -0.0000888536   0.0000099334   0.0000341955   0.0000804053   0.0000795052
        0.0124118919  -0.0104861847   0.0260919205  -0.0425067676   0.0697834858
       -0.0746842104  -0.0077282280   0.0064633920  -0.0158892494  -0.0009286207
        0.0001592523  -0.0003883133   0.0004142121   0.0001073626   0.0001298626
       -0.0000424754   0.0000797909  -0.0000705621   0.0000879929  -0.0000533371
       -0.0000223966   0.0000088500  -0.0000381878  -0.0000176290  -0.0000077766
        0.0000256154  -0.0000050334   0.0000076560   0.0000327772  -0.0000077435
        0.0000084804  -0.0000396366  -0.0000029974
       -0.1144901522   0.0660121365  -0.2457125920  -0.0020918413  -0.0010498456
        0.0036999323   0.0007807969  -0.0001633920   0.0009086548   0.0000019251
        0.0000307234   0.0000992203  -0.0000208959   0.0000165797   0.0000319185
        0.0000062245  -0.0000377460  -0.0001223709  -0.0000825900  -0.0000406173
        0.0003707857   0.0001121713   0.0000097020  -0.0000839915   0.0000126966
        0.0000648998  -0.0000834397   0.0000099037   0.0000203411   0.0000775416
       -0.0037859226   0.0069832738  -0.0073357214   0.1285835750  -0.0746842104
        0.2711252953  -0.0104340007   0.0032406138  -0.0242968503   0.0005579224
        0.0000478544   0.0004526561   0.0010128243  -0.0003144889   0.0005167070
       -0.0000851593  -0.0002001766   0.0000760980  -0.0000405571   0.0001018119
        0.0002065619  -0.0000244361  -0.0000072396  -0.0000122639  -0.0000027252
       -0.0000005443   0.0000491270   0.0000053603  -0.0000140639   0.0000435369
       -0.0000251197  -0.0000156117  -0.0000108057
       -0.0657157435   0.0494136496   0.0598639351  -0.0101065651   0.0156976968
        0.0211119639   0.0009771580   0.0001431835   0.0003102508  -0.0000958612
       -0.0000653781  -0.0000666796   0.0001210163   0.0000880700   0.0000386201
        0.0000434080  -0.0000930540  -0.0000432897  -0.0002662925  -0.0000058650
        0.0000489505   0.0002770049  -0.0000230894  -0.0000642058   0.0001571184
        0.0000320773  -0.0000100216   0.0000728468   0.0001367163  -0.0000216305
        0.0048323345  -0.0039231452  -0.0050345960   0.0060721526  -0.0077282280
       -0.0104340007   0.0699685844  -0.0531363766  -0.0660147141   0.0002812329
        0.0003481972   0.0003661739  -0.0061330445  -0.0004610652   0.0010223011
       -0.0001732842   0.0000456674  -0.0000846521  -0.0002497433  -0.0002830128
       -0.0009235157  -0.0001033203  -0.0001218046  -0.0000547646   0.0000292448
        0.0000088499  -0.0000015906   0.0000302337  -0.0000125121  -0.0000132021
       -0.0000184807  -0.0000605772   0.0000046677
        0.0469652243  -0.1545304532  -0.1312196188   0.0040791970   0.0015336167
        0.0001342679  -0.0009180824   0.0003927416   0.0002851891   0.0001045371
       -0.0001256822  -0.0001589732  -0.0001731298   0.0001975427   0.0001146874
       -0.0000479300  -0.0000968320   0.0000228681   0.0001214003   0.0003418910
       -0.0000250720  -0.0001270921  -0.0000873780   0.0000134164  -0.0000305336
       -0.0001246516   0.0000183969  -0.0000176952   0.0000310920  -0.0000508059
        0.0061104757  -0.0226428489  -0.0216891595  -0.0021509390   0.0064633920
        0.0032406138  -0.0531363766   0.1672260240   0.1483498376  -0.0009792626
        0.0005562417   0.0008269834  -0.0003430840   0.0012374224   0.0001766416
        0.0001493133  -0.0005489471  -0.0000587580   0.0004360287   0.0001739523
        0.0000738708  -0.0000126495  -0.0000215569  -0.0000465453  -0.0000340103
        0.0000343103  -0.0000090038  -0.0000080780   0.0000337231   0.0000124790
        0.0000126868  -0.0000435998  -0.0000113156
        0.0559727038  -0.1314080142  -0.2049261588   0.0071572817  -0.0019593041
       -0.0034632470  -0.0000837843   0.0003690365   0.0018791645  -0.0004893250
        0.0000441216  -0.0005689758  -0.0000860862   0.0000649973  -0.0000329640
       -0.0000236817   0.0000275615  -0.0000698516   0.0000598976  -0.0000698295
        0.0003366203  -0.0000307131   0.0000235933  -0.0000688813  -0.0000396280
       -0.0000078058  -0.0000635565  -0.0000102259  -0.0000256648   0.0000547792
       -0.0017067859   0.0004259419   0.0060829205   0.0039202507  -0.0158892494
       -0.0242968503  -0.0660147141   0.1483498376   0.2245194756  -0.0000443793
       -0.0001169276   0.0002229485   0.0012769582   0.0004572882   0.0006142603
       -0.0001183770   0.0002861837  -0.0001812415   0.0002340207  -0.0005524380
       -0.0001628407   0.0000053992  -0.0000259508   0.0000422764   0.0000000735
       -0.0000070716   0.0000514289   0.0000129704  -0.0000030850   0.0000437762
        0.0000081446   0.0000167792  -0.0000130830
       -0.0176684744  -0.0294960649   0.0083645222  -0.0541819565  -0.0495023740
        0.0160544674   0.0022607699   0.0130525679  -0.0049911112   0.0012122984
        0.0004422632  -0.0001711880  -0.0000227641   0.0001569237   0.0002674217
       -0.0002020177  -0.0001522203   0.0000907294  -0.0000596814   0.0000474665
       -0.0001878159   0.0000226234  -0.0000670512  -0.0000410831   0.0000647804
        0.0000124118   0.0000356766  -0.0001401479   0.0001573035   0.0000276919
       -0.0061372717  -0.0004774158   0.0012174538  -0.0002104588  -0.0009286207
        0.0005579224   0.0002812329  -0.0009792626  -0.0000443793   0.0713243550
        0.0620624206  -0.0169841127   0.0040873824   0.0052209126  -0.0011095932
       -0.0010965052   0.0009346739  -0.0031105657   0.0003805835  -0.0000381517
        0.0004901024   0.0000422381  -0.0002287590  -0.0002708736  -0.0000075023
       -0.0000016134  -0.0000612610  -0.0000047031  -0.0000144084  -0.0000481864
        0.0000552189  -0.0002010015  -0.0000858177
       -0.0032456577  -0.0026830722   0.0007730092  -0.0570720947  -0.2467743424
        0.0527171856   0.0010191831  -0.0100805159   0.0066363197   0.0004237352
        0.0001617752  -0.0001643911  -0.0000867471   0.0002319693  -0.0000881719
        0.0000930895  -0.0000589096  -0.0000295652   0.0000637278   0.0001069024
        0.0000147834  -0.0000523636  -0.0000793095  -0.0000075306  -0.0001367377
       -0.0000842371   0.0000537062   0.0000269493  -0.0003437260  -0.0000363781
       -0.0002273843   0.0013164779   0.0000587806  -0.0001828067   0.0001592523
        0.0000478544   0.0003481972   0.0005562417  -0.0001169276   0.0620624206
        0.2806679697  -0.0623367390  -0.0035787775  -0.0245195756   0.0010018863
        0.0009722739   0.0003958866   0.0021389966  -0.0001867965   0.0008290817
       -0.0006893225   0.0000222152   0.0001961157  -0.0001155237  -0.0000398486
       -0.0000230446  -0.0000760502  -0.0000825775  -0.0000500147   0.0001106634
       -0.0001399998   0.0000750751   0.0001074145
        0.0030830591   0.0052108092  -0.0011710016   0.0163831358   0.0526976590
       -0.0593730481   0.0020808047   0.0238696078  -0.0089829633   0.0001960543
        0.0001450276   0.0005552892   0.0002301517   0.0003468711   0.0001660953
       -0.0000265453  -0.0000097175  -0.0001609848  -0.0000581702  -0.0001760998
        0.0000336014   0.0001641984  -0.0000112213  -0.0001240598   0.0001842063
        0.0000466245  -0.0000782736  -0.0001567727   0.0000028643   0.0002234040
        0.0011080605   0.0003537183   0.0005308013  -0.0004338781  -0.0003883133
        0.0004526561   0.0003661739   0.0008269834   0.0002229485  -0.0169841127
       -0.0623367390   0.0668596444  -0.0040721602  -0.0228225006   0.0046201110
       -0.0024908972   0.0021010090  -0.0040608485   0.0005099395   0.0005714624
        0.0007014850  -0.0001449274  -0.0003254822  -0.0002657245   0.0000519813
       -0.0000041785  -0.0000455505   0.0000202588  -0.0000251437  -0.0000258555
       -0.0000105605  -0.0000732408  -0.0000777258
       -0.0176099552   0.0186493107   0.0243634928  -0.0539591045   0.0297694602
        0.0422358530   0.0022182338  -0.0074592202  -0.0118270037   0.0012099738
       -0.0002635377  -0.0004121556  -0.0001407590  -0.0001402801  -0.0000737623
        0.0000650275  -0.0000327303   0.0000209975  -0.0000617709   0.0000801375
       -0.0001746526   0.0000255693   0.0000762559   0.0000044085  -0.0002008344
        0.0000685783   0.0001654911  -0.0000255521  -0.0002869220   0.0001215395
        0.0002731684   0.0008069664   0.0005454600  -0.0001996962   0.0004142121
        0.0010128243  -0.0061330445  -0.0003430840   0.0012769582   0.0040873824
       -0.0035787775  -0.0040721602   0.0710788366  -0.0392629530  -0.0504495821
        0.0003783121  -0.0002624602   0.0004156414  -0.0010949703   0.0011248954
       -0.0030510454   0.0000570420   0.0002119763   0.0000512144  -0.0000053487
        0.0000412521  -0.0000300205  -0.0000067274   0.0000383247  -0.0000468466
        0.0000442173   0.0003485954  -0.0000766516
        0.0008089743   0.0006989713   0.0006062117   0.0356177425  -0.1289823612
       -0.1049035805  -0.0020498965   0.0049889386   0.0038276881  -0.0004467873
        0.0002958134  -0.0000255261   0.0000585791  -0.0001641411  -0.0002519811
       -0.0000011132  -0.0000290468  -0.0000174663  -0.0000484004   0.0000076127
       -0.0000305467  -0.0000221651  -0.0001027753   0.0000163661  -0.0000628280
       -0.0001216385   0.0000611779  -0.0000750370   0.0003507761   0.0002124466
       -0.0004962658   0.0007630074   0.0005246099   0.0004050374   0.0001073626
       -0.0003144889  -0.0004610652   0.0012374224   0.0004572882   0.0052209126
       -0.0245195756  -0.0228225006  -0.0392629530   0.1441571260   0.1203033509
       -0.0001560897   0.0007218538   0.0007012499   0.0007231525   0.0008203567
        0.0015275542   0.0001212285   0.0000334858  -0.0000203298   0.0000534490
       -0.0000054359  -0.0000893391   0.0000030164  -0.0000678933   0.0000578636
        0.0000705090  -0.0001898590   0.0001799520
        0.0044092939  -0.0038129251  -0.0046018290   0.0470422816  -0.1049084465
       -0.1774654899   0.0009836854  -0.0134351109  -0.0240178642  -0.0000926342
       -0.0003389603   0.0004281938  -0.0001352623  -0.0002832113   0.0000358504
        0.0002276985  -0.0000183426  -0.0001302598  -0.0000788387   0.0001612461
        0.0001411565   0.0001557222   0.0000233276  -0.0000989093  -0.0000745874
        0.0000486658  -0.0001052160   0.0002360852  -0.0002282940   0.0000564289
        0.0000879162  -0.0004123651  -0.0000001414  -0.0002438777   0.0001298626
        0.0005167070   0.0010223011   0.0001766416   0.0006142603  -0.0011095932
        0.0010018863   0.0046201110  -0.0504495821   0.1203033509   0.2036995620
        0.0005169520  -0.0005552704   0.0007975800  -0.0025750420   0.0015712637
       -0.0044971100   0.0000754050   0.0001589715  -0.0000386095   0.0000673284
        0.0000442465  -0.0000763157   0.0000640922  -0.0000159635   0.0000006667
       -0.0001293441   0.0003894269   0.0001212282
        0.0013576383   0.0009661965  -0.0003605705   0.0012007401   0.0137889361
       -0.0059714716  -0.0531026589  -0.0521406111   0.0163582481  -0.0149255230
       -0.0280685820   0.0070472368  -0.0046617132   0.0000377939   0.0021790194
       -0.0011719629  -0.0005513964  -0.0010171713   0.0004789272  -0.0003849350
       -0.0000258759  -0.0001619694   0.0001120010   0.0002160442   0.0001762149
       -0.0000175417  -0.0003763758   0.0007051944  -0.0017114239  -0.0008779076
       -0.0002484003  -0.0004943130  -0.0000667566   0.0000923106  -0.0000424754
       -0.0000851593  -0.0001732842   0.0001493133  -0.0001183770  -0.0010965052
        0.0009722739  -0.0024908972   0.0003783121  -0.0001560897   0.0005169520
        0.0682896209   0.0597043379  -0.0151541360   0.0032745163   0.0066622922
       -0.0007780521  -0.0000468648   0.0002997717   0.0002889183  -0.0003530311
        0.0000743057   0.0000159819   0.0001629184   0.0000225427  -0.0000181206
       -0.0001744802   0.0007776032   0.0007184708
       -0.0001658303   0.0009891614  -0.0008101331   0.0001253183  -0.0118904172
        0.0071532149  -0.0503826906  -0.2402779329   0.0531666674  -0.0068309646
       -0.0041934296   0.0007533790  -0.0010538602  -0.0000261078   0.0007094870
        0.0000540779  -0.0002096775  -0.0002185683   0.0002180713   0.0004229114
       -0.0000150867  -0.0000682417  -0.0000009229   0.0001191815  -0.0002345686
       -0.0001409195  -0.0003824663   0.0021126069   0.0008758373  -0.0005992093
        0.0007882069  -0.0001799319   0.0005440963  -0.0002868094   0.0000797909
       -0.0002001766   0.0000456674  -0.0005489471   0.0002861837   0.0009346739
        0.0003958866   0.0021010090  -0.0002624602   0.0007218538  -0.0005552704
        0.0597043379   0.2796935095  -0.0633995330  -0.0050174532  -0.0262964759
        0.0009385840   0.0001197771   0.0002630419   0.0002036318  -0.0000463293
        0.0000371486   0.0001200243   0.0001116365   0.0000458273  -0.0000725615
        0.0001348339   0.0002397935   0.0001575463
        0.0008599410  -0.0003965289   0.0008014463   0.0031447564   0.0275159945
       -0.0116669169   0.0162979034   0.0529817759  -0.0604393406   0.0020555336
        0.0042886622   0.0003164096   0.0006392262  -0.0000578469   0.0003014459
       -0.0001930088   0.0002204833   0.0001353309   0.0000590895   0.0000135593
        0.0001059333  -0.0001682545  -0.0000640053   0.0000003763  -0.0000836570
       -0.0000784935  -0.0000057411  -0.0000968781   0.0005797736   0.0002900155
       -0.0005743688  -0.0000849385   0.0001967724   0.0002869249  -0.0000705621
        0.0000760980  -0.0000846521  -0.0000587580  -0.0001812415  -0.0031105657
        0.0021389966  -0.0040608485   0.0004156414   0.0007012499   0.0007975800
       -0.0151541360  -0.0633995330   0.0690967865  -0.0047257857  -0.0238795804
        0.0044346205   0.0000890910   0.0001168616  -0.0000746925   0.0000094019
        0.0000055397  -0.0000613243  -0.0000570684  -0.0000057192   0.0000730883
        0.0003908658  -0.0004669308  -0.0001357983
        0.0013435424  -0.0005530586  -0.0008455734   0.0011606928  -0.0074802232
       -0.0130683563  -0.0527024022   0.0315292529   0.0437142067  -0.0147261728
        0.0183354082   0.0224602078   0.0007098432   0.0018967819   0.0003391263
        0.0001799845   0.0002343795  -0.0002870567   0.0004804887   0.0003188450
        0.0002067021  -0.0001628298  -0.0002167583   0.0001065278  -0.0011640675
        0.0010617645  -0.0004715768  -0.0046805767  -0.0013073041   0.0017189835
       -0.0001747308  -0.0000508754  -0.0001868803   0.0000922557   0.0000879929
       -0.0000405571  -0.0002497433   0.0004360287   0.0002340207   0.0003805835
       -0.0001867965   0.0005099395  -0.0010949703   0.0007231525  -0.0025750420
        0.0032745163  -0.0050174532  -0.0047257857   0.0677624436  -0.0382692849
       -0.0471719524  -0.0001865669  -0.0010534791   0.0000940914   0.0001635017
       -0.0000091854  -0.0000278372  -0.0003554297  -0.0000665727  -0.0000330306
       -0.0000503625  -0.0004126146   0.0000498427
       -0.0003838306   0.0003501756   0.0004606338  -0.0019495870   0.0048495505
        0.0052365968   0.0301592056  -0.1253505113  -0.1018269864   0.0043001503
       -0.0002731765  -0.0012362436  -0.0016184643   0.0006657043   0.0008729531
        0.0002325356  -0.0003196644   0.0001472750  -0.0001946029   0.0003029115
        0.0001649986   0.0001357023   0.0000245438  -0.0000978717   0.0000803312
       -0.0000854088   0.0000577761   0.0004881780   0.0004025537  -0.0006401893
        0.0000114310  -0.0003103252  -0.0003709789   0.0000575495  -0.0000533371
        0.0001018119  -0.0002830128   0.0001739523  -0.0005524380  -0.0000381517
        0.0008290817   0.0005714624   0.0011248954   0.0008203567   0.0015712637
        0.0066622922  -0.0262964759  -0.0238795804  -0.0382692849   0.1439233262
        0.1194203708  -0.0003445427  -0.0000336927  -0.0000815793  -0.0000558594
        0.0000215544   0.0000273821   0.0000332898   0.0000607167  -0.0000259893
       -0.0001482246   0.0002981646   0.0000793327
        0.0007771704   0.0000513085   0.0014408798   0.0023373836  -0.0151914402
       -0.0283509477   0.0426295015  -0.1016230596  -0.1761349535   0.0057203893
       -0.0047089997  -0.0037733387  -0.0013577484  -0.0002969985   0.0004976917
        0.0000716314  -0.0001472123   0.0001673443  -0.0000932229   0.0001315769
        0.0002215233  -0.0000786977   0.0000851638  -0.0000306957  -0.0001888822
       -0.0003887031   0.0000088306   0.0011507579   0.0001332544  -0.0001244204
       -0.0000979970  -0.0000388166  -0.0004180103   0.0003991732  -0.0000223966
        0.0002065619  -0.0009235157   0.0000738708  -0.0001628407   0.0004901024
       -0.0006893225   0.0007014850  -0.0030510454   0.0015275542  -0.0044971100
       -0.0007780521   0.0009385840   0.0044346205  -0.0471719524   0.1194203708
        0.2057474401   0.0002378569   0.0005309510   0.0001614711  -0.0001125753
       -0.0000351718   0.0000999526   0.0000379175   0.0000876049  -0.0000864540
        0.0000018049   0.0001618818  -0.0001090297
        0.0000778332   0.0000703762   0.0000613454  -0.0002286015  -0.0001877591
       -0.0001134518   0.0008922880  -0.0010289148  -0.0010041291   0.0057130384
       -0.0096747295  -0.0041027299  -0.1036853842   0.1003299531   0.0454775732
       -0.0179225509   0.0238743576   0.0108949022  -0.0044094800  -0.0013853533
        0.0016267927  -0.0016609910   0.0013910916   0.0007126806  -0.0002251937
       -0.0004844977  -0.0001615692  -0.0005127472  -0.0028798364   0.0002999075
       -0.0000194652  -0.0000163600   0.0000001563  -0.0000114838   0.0000088500
       -0.0000244361  -0.0001033203  -0.0000126495   0.0000053992   0.0000422381
        0.0000222152  -0.0001449274   0.0000570420   0.0001212285   0.0000754050
       -0.0000468648   0.0001197771   0.0000890910  -0.0001865669  -0.0003445427
        0.0002378569   0.1212459312  -0.1102862582  -0.0531388405   0.0007134877
        0.0009456626  -0.0002555667  -0.0000150542   0.0000142585  -0.0002535105
        0.0002858452  -0.0005968693  -0.0002819487
        0.0001271310   0.0000730954   0.0000823182   0.0000408153  -0.0001162866
        0.0000014216   0.0014719894   0.0006444913   0.0005669451   0.0112987791
       -0.0238961682  -0.0104131619   0.1010615799  -0.2110429622  -0.0762100071
        0.0018634589  -0.0001026546  -0.0005755997  -0.0006378504   0.0019382302
       -0.0022007543  -0.0001585515  -0.0000401643   0.0000940821  -0.0005564046
        0.0005001415   0.0003550580  -0.0034532710  -0.0035761043  -0.0030436835
        0.0000451694  -0.0000309918  -0.0000258852   0.0000357301  -0.0000381878
       -0.0000072396  -0.0001218046  -0.0000215569  -0.0000259508  -0.0002287590
        0.0001961157  -0.0003254822   0.0002119763   0.0000334858   0.0001589715
        0.0002997717   0.0002630419   0.0001168616  -0.0010534791  -0.0000336927
        0.0005309510  -0.1102862582   0.2358545331   0.0896147684  -0.0006123173
        0.0006216778   0.0012505191   0.0000168974  -0.0000523413   0.0005628574
        0.0006353970  -0.0011737019  -0.0005069897
       -0.0001128256   0.0001328589  -0.0001270981  -0.0002600494   0.0001068163
        0.0002240438  -0.0004103989   0.0009529363  -0.0017752040   0.0036335077
       -0.0063135942  -0.0018019663   0.0457973574  -0.0767888060  -0.0670685353
        0.0035180543  -0.0038667524  -0.0011562344   0.0018674906  -0.0021907436
        0.0077040113   0.0001462706  -0.0001009590  -0.0003166594  -0.0002065898
        0.0003419075  -0.0001256280  -0.0000332653  -0.0030219434   0.0060788846
        0.0000408121  -0.0000006972  -0.0000324096  -0.0000666829  -0.0000176290
       -0.0000122639  -0.0000547646  -0.0000465453   0.0000422764  -0.0002708736
       -0.0001155237  -0.0002657245   0.0000512144  -0.0000203298  -0.0000386095
        0.0002889183   0.0002036318  -0.0000746925   0.0000940914  -0.0000815793
        0.0001614711  -0.0531388405   0.0896147684   0.0624833460  -0.0007704569
        0.0010130859  -0.0023743961  -0.0002475865   0.0005417916  -0.0014672082
        0.0001346169  -0.0003426937  -0.0000574036
       -0.0000899933   0.0000740038  -0.0000183260   0.0000460762  -0.0001525514
        0.0000523277  -0.0009218190  -0.0010787313  -0.0002322928  -0.0047610685
        0.0000000925   0.0019300959  -0.0165243865  -0.0241115620  -0.0054795796
       -0.1123220965  -0.1135896034  -0.0260637064   0.0082599863   0.0109770889
        0.0028666947   0.0005167515  -0.0005017206  -0.0007337389  -0.0009210616
        0.0022215896   0.0020174018  -0.0001482682   0.0004937358   0.0001735782
        0.0000290135  -0.0000015731   0.0000161371  -0.0000092181  -0.0000077766
       -0.0000027252   0.0000292448  -0.0000340103   0.0000000735  -0.0000075023
       -0.0000398486   0.0000519813  -0.0000053487   0.0000534490   0.0000673284
       -0.0003530311  -0.0000463293   0.0000094019   0.0001635017  -0.0000558594
       -0.0001125753   0.0007134877  -0.0006123173  -0.0007704569   0.1260323819
        0.1255323069   0.0262969746   0.0002879538   0.0007430120   0.0001409889
       -0.0000146036   0.0001366048  -0.0002095830
       -0.0000150201  -0.0000326051   0.0000123991  -0.0000097370   0.0000417301
       -0.0000288437   0.0001149385  -0.0001069437  -0.0000596582  -0.0004021727
        0.0021235520  -0.0020264630  -0.0027320000  -0.0020269217  -0.0001971911
       -0.1127653371  -0.2271806658  -0.0474450894  -0.0127109143  -0.0244531281
       -0.0071178461  -0.0006286306   0.0018665843   0.0016945728   0.0023772354
       -0.0032054072  -0.0038494631   0.0006883133   0.0004250005   0.0000646412
        0.0000194250   0.0000421678   0.0000024666   0.0000162691   0.0000256154
       -0.0000005443   0.0000088499   0.0000343103  -0.0000070716  -0.0000016134
       -0.0000230446  -0.0000041785   0.0000412521  -0.0000054359   0.0000442465
        0.0000743057   0.0000371486   0.0000055397  -0.0000091854   0.0000215544
       -0.0000351718   0.0009456626   0.0006216778   0.0010130859   0.1255323069
        0.2529561901   0.0575056271  -0.0006860737  -0.0011211203  -0.0001187321
        0.0001421255  -0.0000402588   0.0005476738
        0.0000512227  -0.0000237270  -0.0000475497   0.0001344668   0.0002961224
        0.0002276193  -0.0000310098  -0.0002140877  -0.0000103971   0.0021074712
       -0.0018453937   0.0072352814   0.0017773954   0.0031868685   0.0006646358
       -0.0258033586  -0.0474396008  -0.0462725291  -0.0052677025  -0.0108704937
       -0.0002065079  -0.0006911249   0.0017160012  -0.0021924652   0.0020938735
       -0.0037925294   0.0055581866   0.0002445133   0.0001099714  -0.0000564214
       -0.0000020583  -0.0000135971   0.0000272250   0.0000004482  -0.0000050334
        0.0000491270  -0.0000015906  -0.0000090038   0.0000514289  -0.0000612610
       -0.0000760502  -0.0000455505  -0.0000300205  -0.0000893391  -0.0000763157
        0.0000159819   0.0001200243  -0.0000613243  -0.0000278372   0.0000273821
        0.0000999526  -0.0002555667   0.0012505191  -0.0023743961   0.0262969746
        0.0575056271   0.0394020181  -0.0003403194  -0.0003572269  -0.0004899237
       -0.0002104980   0.0005235666  -0.0014820938
       -0.0000923254  -0.0000462615  -0.0000568960   0.0000467235   0.0000774349
        0.0001302201  -0.0009125663   0.0010203411   0.0004687416  -0.0047719847
       -0.0011260604   0.0015544702  -0.0001567851  -0.0004989801  -0.0001620427
       -0.0009543104  -0.0030104866   0.0002690771   0.0082660624  -0.0106960792
       -0.0043962870   0.0005320390   0.0008521727  -0.0002786970  -0.1108766013
        0.1056149914   0.0471605780  -0.0163516606   0.0226372206   0.0101676913
        0.0000304355   0.0000295429   0.0000206864  -0.0000087533   0.0000076560
        0.0000053603   0.0000302337  -0.0000080780   0.0000129704  -0.0000047031
       -0.0000825775   0.0000202588  -0.0000067274   0.0000030164   0.0000640922
        0.0001629184   0.0001116365  -0.0000570684  -0.0003554297   0.0000332898
        0.0000379175  -0.0000150542   0.0000168974  -0.0002475865   0.0002879538
       -0.0006860737  -0.0003403194   0.1244361775  -0.1152060110  -0.0541224438
        0.0007143576   0.0009564084  -0.0002507230
       -0.0000210850  -0.0000418125  -0.0000056620  -0.0000724535   0.0002325513
        0.0000373581  -0.0000665948  -0.0002051413  -0.0000909480  -0.0009170839
        0.0021182687  -0.0018384696  -0.0006885789   0.0003454538   0.0002303318
       -0.0031777808  -0.0036704888  -0.0031280033   0.0130823068  -0.0243272123
       -0.0110355062   0.0009535293   0.0020346330   0.0014682043   0.1048034959
       -0.2083789058  -0.0742927131   0.0012023091   0.0002490482  -0.0000759400
       -0.0000040872   0.0000319071  -0.0000109680  -0.0000129697   0.0000327772
       -0.0000140639  -0.0000125121   0.0000337231  -0.0000030850  -0.0000144084
       -0.0000500147  -0.0000251437   0.0000383247  -0.0000678933  -0.0000159635
        0.0000225427   0.0000458273  -0.0000057192  -0.0000665727   0.0000607167
        0.0000876049   0.0000142585  -0.0000523413   0.0005417916   0.0007430120
       -0.0011211203  -0.0003572269  -0.1152060110   0.2321089405   0.0872849991
       -0.0005996408   0.0006210835   0.0012491225
        0.0000479555   0.0000296773  -0.0000441404   0.0001104009  -0.0002876221
        0.0000270040  -0.0000922927   0.0000647951   0.0000900750   0.0019455881
       -0.0019921568   0.0072330597  -0.0002286310   0.0001629034   0.0000345426
        0.0002272612  -0.0031799659   0.0060583346   0.0034054703  -0.0072940723
       -0.0003401897  -0.0001833595   0.0014647311  -0.0023689524   0.0468672827
       -0.0743197643  -0.0663676199   0.0030826981  -0.0034612941  -0.0017747403
       -0.0000081637  -0.0000048905   0.0000557026  -0.0000099886  -0.0000077435
        0.0000435369  -0.0000132021   0.0000124790   0.0000437762  -0.0000481864
        0.0001106634  -0.0000258555  -0.0000468466   0.0000578636   0.0000006667
       -0.0000181206  -0.0000725615   0.0000730883  -0.0000330306  -0.0000259893
       -0.0000864540  -0.0002535105   0.0005628574  -0.0014672082   0.0001409889
       -0.0001187321  -0.0004899237  -0.0541224438   0.0872849991   0.0616800957
       -0.0007698699   0.0010138231  -0.0023747982
        0.0000748984  -0.0000907830   0.0000085565  -0.0002290400   0.0002097568
        0.0000185915   0.0008913289   0.0014321768  -0.0001736666   0.0057053750
        0.0100018817   0.0025024909  -0.0004758060   0.0020955461   0.0019612213
       -0.0002166728   0.0004902592   0.0001626750  -0.0044077592   0.0001518111
        0.0021378586  -0.0016672554  -0.0015245754  -0.0002676607  -0.0180951017
       -0.0255192981  -0.0056524246  -0.1050803534  -0.1082836637  -0.0243376142
       -0.0001017976   0.0000067165   0.0000107561  -0.0000122736   0.0000084804
       -0.0000251197  -0.0000184807   0.0000126868   0.0000081446   0.0000552189
       -0.0001399998  -0.0000105605   0.0000442173   0.0000705090  -0.0001293441
       -0.0001744802   0.0001348339   0.0003908658  -0.0000503625  -0.0001482246
        0.0000018049   0.0002858452   0.0006353970   0.0001346169  -0.0000146036
        0.0001421255  -0.0002104980   0.0007143576  -0.0005996408  -0.0007698699
        0.1227727455   0.1209140045   0.0242391761
       -0.0000376669   0.0001041493   0.0000912171   0.0001310753   0.0000697114
       -0.0001159219  -0.0009168763   0.0004891535   0.0011448387  -0.0113994374
       -0.0239367693  -0.0062790241   0.0027410371  -0.0030314714  -0.0038202933
        0.0005761378   0.0006071955   0.0001976287  -0.0005764790   0.0019120344
       -0.0021776702   0.0000485649  -0.0001290463   0.0000338715  -0.0035226574
       -0.0024498044  -0.0004907172  -0.1090486700  -0.2309123698  -0.0482100288
        0.0001315330  -0.0000350067  -0.0000340946   0.0000112853  -0.0000396366
       -0.0000156117  -0.0000605772  -0.0000435998   0.0000167792  -0.0002010015
        0.0000750751  -0.0000732408   0.0003485954  -0.0001898590   0.0003894269
        0.0007776032   0.0002397935  -0.0004669308  -0.0004126146   0.0002981646
        0.0001618818  -0.0005968693  -0.0011737019  -0.0003426937   0.0001366048
       -0.0000402588   0.0005235666   0.0009564084   0.0006210835   0.0010138231
        0.1209140045   0.2575651631   0.0584531934
       -0.0001587065   0.0000420560  -0.0001663507  -0.0002443823  -0.0002260832
        0.0000394147  -0.0012315243   0.0007465277  -0.0016204364  -0.0039964795
       -0.0103960589  -0.0017793250   0.0020847443  -0.0037946064   0.0055015085
        0.0001745698   0.0001874078  -0.0002414844   0.0018772302  -0.0021642146
        0.0077267326   0.0002033725   0.0002277227  -0.0002135753   0.0017603210
        0.0028160892   0.0013697475  -0.0245343946  -0.0476811135  -0.0456983306
        0.0000313291  -0.0000106595   0.0000587821  -0.0000735133  -0.0000029974
       -0.0000108057   0.0000046677  -0.0000113156  -0.0000130830  -0.0000858177
        0.0001074145  -0.0000777258  -0.0000766516   0.0001799520   0.0001212282
        0.0007184708   0.0001575463  -0.0001357983   0.0000498427   0.0000793327
       -0.0001090297  -0.0002819487  -0.0005069897  -0.0000574036  -0.0002095830
        0.0005476738  -0.0014820938  -0.0002507230   0.0012491225  -0.0023747982
        0.0242391761   0.0584531934   0.0391628266
