$hessian                                                                        
        0.5655893928  -0.0006286993   0.0778967813  -0.0774976815  -0.0003458017
        0.0431397529  -0.0364562337  -0.0002173996   0.0232766884   0.0002872969
       -0.0035468716   0.0011184208  -0.0006499273  -0.0006357507  -0.0021459152
        0.0004949236  -0.0000014604   0.0001597444  -0.0006580901   0.0006273240
       -0.0021579902   0.0002282337   0.0035527127   0.0011500295  -0.3349140065
        0.0008631758  -0.0643484482  -0.0595735801  -0.0562365422  -0.0400370880
       -0.0593580757   0.0565604277  -0.0387436545   0.0013031917  -0.0011195568
       -0.0004165197   0.0013196513   0.0011244843  -0.0004074921   0.0000080282
       -0.0000413183   0.0006825272  -0.0000566191  -0.0000083084  -0.0001415259
       -0.0000120653  -0.0000000823   0.0004413168  -0.0000619967   0.0000102445
       -0.0001436514   0.0000075579   0.0000434221   0.0006770240
       -0.0006286993   0.6091095118   0.0010072576  -0.0002073740  -0.0673682804
        0.0005959747  -0.0001291255   0.0017218783  -0.0000571157   0.0010646887
       -0.0004669534   0.0001601900  -0.0003640104  -0.0000634363   0.0001488891
        0.0000054157   0.0003365422   0.0000019724   0.0003454995  -0.0000550179
       -0.0001624236  -0.0010302757  -0.0004077501  -0.0001605805   0.0008935659
       -0.0450571585   0.0001575610  -0.0541199782  -0.2460932332  -0.1369712250
        0.0543814504  -0.2510655209   0.1348876653  -0.0126186793  -0.0007742557
        0.0229108059   0.0123953360  -0.0003380415  -0.0225266535   0.0000578283
        0.0002641635   0.0000294184  -0.0000335929  -0.0000099007   0.0000659345
        0.0000000645   0.0000135471   0.0000022267   0.0000327781  -0.0000093543
       -0.0000652900  -0.0000448918   0.0002632600  -0.0000246072
        0.0778967813   0.0010072576   0.4924247458   0.0261607079   0.0006088679
       -0.1356343762   0.0158591007  -0.0000440396   0.0077483603  -0.0022261427
        0.0029259459  -0.0004345294   0.0009550784   0.0008460661   0.0005786581
       -0.0003870614  -0.0000011251  -0.0000404157   0.0009475495  -0.0008514208
        0.0005769643  -0.0022265643  -0.0029200260  -0.0004907420  -0.0679610907
        0.0001590230  -0.0560504350  -0.0371638748  -0.1337775172  -0.1336024696
       -0.0359003415   0.1316754665  -0.1287408576   0.0121024717   0.0026658770
       -0.0225346063   0.0123258710  -0.0022880860  -0.0230104381  -0.0001544254
       -0.0000239043  -0.0002390273  -0.0000135330   0.0000118230  -0.0000427786
       -0.0000492669   0.0000000566  -0.0002263269  -0.0000139880  -0.0000126462
       -0.0000426935  -0.0001512718   0.0000183817  -0.0002390322
       -0.0774976815  -0.0002073740   0.0261607079   0.4265706934  -0.0005776027
        0.0657927492  -0.1871638727   0.0002887184  -0.0308347455  -0.0283295459
        0.0122455502  -0.0068083421   0.0024726295   0.0055903585  -0.0000579578
       -0.0009680134  -0.0000151696   0.0000032919   0.0024041421  -0.0055962917
       -0.0000576560  -0.0283927444  -0.0120863389  -0.0069375444  -0.0147482062
       -0.0001671864   0.0196875165   0.0048507490   0.0033775713  -0.0024588600
        0.0048374713  -0.0033487477  -0.0024983935  -0.0516298725   0.0415701577
       -0.0317703400  -0.0516114464  -0.0410716209  -0.0326019898   0.0007890049
       -0.0013585385   0.0007151327  -0.0010855049  -0.0000556896   0.0001525661
       -0.0002180734  -0.0000027048   0.0006312002  -0.0010868441   0.0000564491
        0.0001561868   0.0008071151   0.0013584598   0.0007264778
       -0.0003458017  -0.0673682804   0.0006088679  -0.0005776027   0.5371870899
        0.0005399666   0.0004836157  -0.0679577651   0.0000771453   0.0246521101
       -0.0016459445   0.0044034115   0.0033858616  -0.0038441843  -0.0001907865
       -0.0000094449  -0.0010180137  -0.0000034919  -0.0033782108  -0.0038170324
        0.0001750558  -0.0245348051  -0.0015711048  -0.0043627306  -0.0000025841
        0.0005395347  -0.0000531492   0.0115976804   0.0007873930  -0.0176698873
       -0.0117382925   0.0004010778   0.0179830054   0.0460813055  -0.1986175025
        0.0966266278  -0.0455946845  -0.1949410169  -0.0981236338   0.0014968952
        0.0010282786  -0.0000063415   0.0013001785  -0.0000930530  -0.0002494570
       -0.0000004427  -0.0000082642  -0.0000014120  -0.0012915936  -0.0000873852
        0.0002470190  -0.0015241843   0.0010261728  -0.0000002092
        0.0431397529   0.0005959747  -0.1356343762   0.0657927492   0.0005399666
        0.4476796988  -0.0481716654   0.0000877758  -0.0679693715  -0.0037805891
       -0.0021996135  -0.0016104589  -0.0027822350  -0.0001331183   0.0067174027
        0.0003702271  -0.0000006050  -0.0002790780  -0.0027966852   0.0001087618
        0.0067343387  -0.0038875654   0.0022085986  -0.0015469646   0.0019771832
       -0.0000268296   0.0040559338   0.0076654839  -0.0046848749  -0.0166837985
        0.0074434949   0.0049891904  -0.0162715243  -0.0329781278   0.1015155202
       -0.1082280047  -0.0339056787  -0.1030217017  -0.1117440929   0.0009936160
       -0.0003411397  -0.0019133134  -0.0002675685  -0.0000242558   0.0001238827
        0.0004686875   0.0000016503  -0.0016503829  -0.0002710550   0.0000250590
        0.0001283863   0.0009899755   0.0003596413  -0.0019082771
       -0.0364562337  -0.0001291255   0.0158591007  -0.1871638727   0.0004836157
       -0.0481716654   0.5865100244   0.0000558414   0.0851959026  -0.1334467044
        0.1205243205  -0.0171019419  -0.0355302108   0.0214504714  -0.0071103978
        0.0041924364  -0.0001246600   0.0021270753  -0.0359038962  -0.0211810167
       -0.0072523893  -0.1342130984  -0.1209720585  -0.0175157069  -0.0031392832
       -0.0000336167   0.0040516773   0.0005036329   0.0003722144   0.0012236650
        0.0004932620  -0.0003884052   0.0012128085  -0.0143767002   0.0058706760
       -0.0038227145  -0.0145162466  -0.0058124191  -0.0039235042   0.0054012645
       -0.0118116736   0.0004696008  -0.0044679632  -0.0001724533  -0.0027608674
        0.0011924354  -0.0000033404  -0.0002011058  -0.0044665635   0.0002056431
       -0.0027603253   0.0053877175   0.0116659865   0.0004807883
       -0.0002173996   0.0017218783  -0.0000440396   0.0002887184  -0.0679577651
        0.0000877758   0.0000558414   0.6336209876   0.0006389467   0.0525667602
       -0.2520419201   0.0099293837   0.0795628670   0.0273447164   0.0166385813
       -0.0001495048  -0.0645555671  -0.0001053385  -0.0792696656   0.0278274076
       -0.0165156273  -0.0529561476  -0.2512407110  -0.0105804160  -0.0000353832
        0.0007075934   0.0000442737   0.0007067051   0.0003035691  -0.0002017031
       -0.0007196561   0.0003034701   0.0001910345   0.0234156370  -0.0020951452
        0.0068776478  -0.0231427867  -0.0018817118  -0.0068640288   0.0103299199
       -0.0271741381   0.0026965779  -0.0003413567   0.0014297121   0.0000559330
       -0.0000051207  -0.0005685598   0.0000015605   0.0003694700   0.0014257012
       -0.0000632227  -0.0104588980  -0.0271695179  -0.0027873389
        0.0232766884  -0.0000571157   0.0077483603  -0.0308347455   0.0000771453
       -0.0679693715   0.0851959026   0.0006389467   0.1614145608  -0.0180271795
        0.0251032937  -0.0520858095  -0.0071532852   0.0040721813  -0.0014700211
        0.0023231404  -0.0001103003  -0.0057656210  -0.0074465550  -0.0039317184
       -0.0015537807  -0.0183012308  -0.0257307118  -0.0521591643   0.0036788432
        0.0000394712  -0.0039481189  -0.0002952218   0.0003258045   0.0008729823
       -0.0002978558  -0.0003417242   0.0008633098  -0.0144760613   0.0014608897
       -0.0018605353  -0.0148893230  -0.0014247471  -0.0019803966   0.0010490208
       -0.0027443727   0.0009537950  -0.0024915826  -0.0000677441   0.0076917867
        0.0001564652  -0.0000023543   0.0006143249  -0.0024850304   0.0000582162
        0.0076906296   0.0010180101   0.0026348400   0.0009430694
        0.0002872969   0.0010646887  -0.0022261427  -0.0283295459   0.0246521101
       -0.0037805891  -0.1334467044   0.0525667602  -0.0180271795   0.6205349158
        0.0226485636   0.1043553199  -0.3065268531   0.0400891322  -0.0528163682
       -0.0336751226  -0.0811479880  -0.0072978710  -0.0448248722   0.0271826699
       -0.0081849211   0.0511995982   0.0261049309   0.0109942722   0.0003211541
        0.0000404706   0.0002901455  -0.0002188338  -0.0000809799  -0.0001624441
        0.0003581040   0.0001453119  -0.0003925611  -0.0044144569   0.0008458685
       -0.0013959615   0.0004545488   0.0017454746   0.0007709257  -0.1039903039
       -0.1119565297  -0.0151323206  -0.0165265174   0.0021458622  -0.0037006005
       -0.0006572440  -0.0031204319  -0.0016856391  -0.0002130550   0.0006098496
       -0.0000228828  -0.0003321086  -0.0035357634  -0.0015851819
       -0.0035468716  -0.0004669534   0.0029259459   0.0122455502  -0.0016459445
       -0.0021996135   0.1205243205  -0.2520419201   0.0251032937   0.0226485636
        0.6542357377   0.0051690909  -0.0354954019  -0.0973620728  -0.0071248384
       -0.0256731510   0.0279298183  -0.0051196848   0.0298555005  -0.0132689394
        0.0060911141  -0.0266459692  -0.0660309539  -0.0057027489  -0.0006216136
        0.0000195848   0.0003475222   0.0001830524  -0.0002498490  -0.0000067053
       -0.0000235005   0.0004746922   0.0004651617  -0.0007869259  -0.0000316526
        0.0001296042  -0.0018648733   0.0010610363  -0.0000140520  -0.1109283066
       -0.2436967923  -0.0240050842   0.0249272279  -0.0014965223   0.0052100037
       -0.0027248851  -0.0039240543  -0.0006266939   0.0006652590   0.0005654529
        0.0000362556  -0.0027379757  -0.0040706675  -0.0006785710
        0.0011184208   0.0001601900  -0.0004345294  -0.0068083421   0.0044034115
       -0.0016104589  -0.0171019419   0.0099293837  -0.0520858095   0.1043553199
        0.0051690909   0.1397090025  -0.0527808828   0.0083116030  -0.0607709727
       -0.0071850316  -0.0169256390  -0.0003276803  -0.0085233884   0.0058641110
       -0.0069305939   0.0109425569   0.0054162533   0.0040761860   0.0003293590
        0.0000448234  -0.0001505383  -0.0000126268   0.0000266393  -0.0000864190
       -0.0004871851   0.0002529755   0.0000319613  -0.0024645638   0.0008182771
        0.0002560835   0.0005238705   0.0008350575  -0.0000012137  -0.0149309526
       -0.0234035373  -0.0361277857  -0.0034975973   0.0004548075  -0.0003040486
       -0.0017731918  -0.0006760645   0.0076439295  -0.0000370435   0.0001073785
        0.0000449321  -0.0016667793  -0.0007887615   0.0070679550
       -0.0006499273  -0.0003640104   0.0009550784   0.0024726295   0.0033858616
       -0.0027822350  -0.0355302108   0.0795628670  -0.0071532852  -0.3065268531
       -0.0354954019  -0.0527808828   0.6191848100  -0.0208282935   0.1025182067
       -0.1503404759  -0.0579963712  -0.0203150202   0.0574198035  -0.0269423008
        0.0113245552  -0.0450615481  -0.0296895129  -0.0086397065  -0.0000392170
       -0.0000487919   0.0000259357  -0.0000211895   0.0000208278  -0.0000799015
       -0.0002378946   0.0000013999   0.0000102579  -0.0011949890  -0.0000442856
        0.0001655096   0.0002115993  -0.0001978239   0.0001343071  -0.0168535812
       -0.0023926755  -0.0035838135  -0.1063589799   0.1129457227  -0.0145094103
       -0.0160484569  -0.0245525996  -0.0036753737  -0.0002394445   0.0029572049
       -0.0016617317  -0.0001860743  -0.0003218165   0.0000475098
       -0.0006357507  -0.0000634363   0.0008460661   0.0055903585  -0.0038441843
       -0.0001331183   0.0214504714   0.0273447164   0.0040721813   0.0400891322
       -0.0973620728   0.0083116030  -0.0208282935   0.6683113668  -0.0037915790
       -0.1335771217  -0.2658729231  -0.0274903972   0.0263935081  -0.0658585819
        0.0054524098  -0.0270195234  -0.0129897851  -0.0058384714   0.0000117825
       -0.0000121337  -0.0000003662   0.0000995793  -0.0000215151   0.0000463922
        0.0001432938   0.0000001957  -0.0000780316   0.0009291080  -0.0001374309
        0.0005799366  -0.0001624075  -0.0002225695   0.0000203673  -0.0258047777
       -0.0012981762  -0.0051100173   0.1128891801  -0.2429932973   0.0231169117
       -0.0019711098  -0.0011461772  -0.0005147711   0.0029425715  -0.0044746907
        0.0005623235  -0.0005400010   0.0006406952  -0.0000514393
       -0.0021459152   0.0001488891   0.0005786581  -0.0000579578  -0.0001907865
        0.0067174027  -0.0071103978   0.0166385813  -0.0014700211  -0.0528163682
       -0.0071248384  -0.0607709727   0.1025182067  -0.0037915790   0.1420554808
       -0.0204520662  -0.0121963571  -0.0548777683   0.0114023364  -0.0057438391
        0.0042177789  -0.0083122781  -0.0060815330  -0.0069742241  -0.0003212048
       -0.0001077242   0.0004175480  -0.0000454085  -0.0001071520   0.0000330172
       -0.0001202712   0.0000512606  -0.0000845794   0.0006162937  -0.0000269987
        0.0001203257   0.0002440595   0.0003876780   0.0001838276  -0.0035992062
       -0.0004789600   0.0003625498  -0.0146033413   0.0231525356  -0.0382865389
       -0.0035600061  -0.0050200923   0.0005363055  -0.0016627986   0.0005494323
        0.0075566394   0.0000263237  -0.0000585165  -0.0003154293
        0.0004949236   0.0000054157  -0.0003870614  -0.0009680134  -0.0000094449
        0.0003702271   0.0041924364  -0.0001495048   0.0023231404  -0.0336751226
       -0.0256731510  -0.0071850316  -0.1503404759  -0.1335771217  -0.0204520662
        0.6590125554  -0.0002434339   0.1096127398  -0.1495602143   0.1331767699
       -0.0199527161  -0.0332341625   0.0259547675  -0.0070195991   0.0000619101
        0.0000013598  -0.0000760621  -0.0000597133   0.0000768977  -0.0000946688
       -0.0000577219  -0.0000763436  -0.0000968101   0.0002288780  -0.0000332663
        0.0000667691   0.0002254241   0.0000340858   0.0000690414  -0.0057005256
       -0.0002249525  -0.0028069617   0.0066865080   0.0111720184   0.0010509170
       -0.2982968697   0.0006122028  -0.0536403855   0.0066872991  -0.0113069571
        0.0010216674  -0.0056971154   0.0002606581  -0.0028031397
       -0.0000014604   0.0003365422  -0.0000011251  -0.0000151696  -0.0010180137
       -0.0000006050  -0.0001246600  -0.0645555671  -0.0001103003  -0.0811479880
        0.0279298183  -0.0169256390  -0.0579963712  -0.2658729231  -0.0121963571
       -0.0002434339   0.6333529443   0.0006018766   0.0575983381  -0.2668248572
        0.0115753167   0.0814231384   0.0274146379   0.0170404490  -0.0000031463
        0.0001483906   0.0000007875  -0.0001014017   0.0000691829   0.0000711032
        0.0001007314   0.0000722598  -0.0000696285   0.0002529194   0.0002872822
       -0.0001161644  -0.0002563877   0.0002877948   0.0001186989   0.0001920086
        0.0009961369   0.0000298411  -0.0115288670  -0.0252625817  -0.0024247609
        0.0006121555  -0.0430939340   0.0001183340   0.0113924575  -0.0252613878
        0.0023293690  -0.0001528632   0.0009942746  -0.0000411955
        0.0001597444   0.0000019724  -0.0000404157   0.0000032919  -0.0000034919
       -0.0002790780   0.0021270753  -0.0001053385  -0.0057656210  -0.0072978710
       -0.0051196848  -0.0003276803  -0.0203150202  -0.0274903972  -0.0548777683
        0.1096127398   0.0006018766   0.1446400926  -0.0200131590   0.0268574288
       -0.0547460909  -0.0069903869   0.0052454216  -0.0002471548   0.0000734241
        0.0000003581   0.0000259375   0.0000225999   0.0000383889   0.0000672178
        0.0000258235  -0.0000394841   0.0000662780  -0.0001488040  -0.0000478443
        0.0000515723  -0.0001515337   0.0000508863   0.0000505865  -0.0028104165
       -0.0000325742   0.0076469628   0.0010471178   0.0022712231   0.0016245963
       -0.0536109955   0.0001166120  -0.0471592541   0.0010749569  -0.0023645773
        0.0016250502  -0.0028085868   0.0000192247   0.0076447691
       -0.0006580901   0.0003454995   0.0009475495   0.0024041421  -0.0033782108
       -0.0027966852  -0.0359038962  -0.0792696656  -0.0074465550  -0.0448248722
        0.0298555005  -0.0085233884   0.0574198035   0.0263935081   0.0114023364
       -0.1495602143   0.0575983381  -0.0200131590   0.6193258648   0.0206674618
        0.1025299173  -0.3064865195   0.0365512272  -0.0526379993  -0.0000456404
        0.0000476849   0.0000276276  -0.0002366135  -0.0000046903   0.0000127435
       -0.0000224205  -0.0000162834  -0.0000789056   0.0002186793   0.0001849859
        0.0001351982  -0.0012110709   0.0000388493   0.0001642488  -0.0001820254
        0.0003255457   0.0000485477  -0.0002649467  -0.0029697006  -0.0016720489
       -0.0159405188   0.0246276491  -0.0035881470  -0.1072991176  -0.1134632806
       -0.0149531629  -0.0167325436   0.0024655811  -0.0035581179
        0.0006273240  -0.0000550179  -0.0008514208  -0.0055962917  -0.0038170324
        0.0001087618  -0.0211810167   0.0278274076  -0.0039317184   0.0271826699
       -0.0132689394   0.0058641110  -0.0269423008  -0.0658585819  -0.0057438391
        0.1331767699  -0.2668248572   0.0268574288   0.0206674618   0.6681450015
        0.0050941156  -0.0390336001  -0.0973520404  -0.0082241902  -0.0000112551
       -0.0000112373   0.0000014339  -0.0001381986   0.0000018095   0.0000723890
       -0.0000968968  -0.0000233659  -0.0000480039   0.0001550401  -0.0002182936
       -0.0000192705  -0.0009078283  -0.0001225472  -0.0005844749   0.0005444654
        0.0006375479   0.0000560346  -0.0029535212  -0.0044471751  -0.0005989075
        0.0020463609  -0.0012750759   0.0005221170  -0.1134077706  -0.2419088820
       -0.0236904994   0.0258685880  -0.0014287203   0.0051159330
       -0.0021579902  -0.0001624236   0.0005769643  -0.0000576560   0.0001750558
        0.0067343387  -0.0072523893  -0.0165156273  -0.0015537807  -0.0081849211
        0.0060911141  -0.0069305939   0.0113245552   0.0054524098   0.0042177789
       -0.0199527161   0.0115753167  -0.0547460909   0.1025299173   0.0050941156
        0.1420661455  -0.0528802851   0.0072176156  -0.0607811415  -0.0003244820
        0.0000991214   0.0004204912  -0.0001212347  -0.0000482686  -0.0000829262
       -0.0000456537   0.0001078815   0.0000369382   0.0002315988  -0.0003860590
        0.0001764684   0.0006322432   0.0000319279   0.0001222102   0.0000286738
        0.0000621182  -0.0003161136  -0.0016752300  -0.0005816375   0.0075507563
       -0.0035334242   0.0050299509   0.0005577662  -0.0150544230  -0.0237312117
       -0.0384352743  -0.0035065829   0.0004886004   0.0003860630
        0.0002282337  -0.0010302757  -0.0022265643  -0.0283927444  -0.0245348051
       -0.0038875654  -0.1342130984  -0.0529561476  -0.0183012308   0.0511995982
       -0.0266459692   0.0109425569  -0.0450615481  -0.0270195234  -0.0083122781
       -0.0332341625   0.0814231384  -0.0069903869  -0.3064865195  -0.0390336001
       -0.0528802851   0.6202781719  -0.0229279076   0.1041364346   0.0003163193
       -0.0000431427   0.0003030109   0.0003487589  -0.0001409427  -0.0003988246
       -0.0002170132   0.0000844568  -0.0001581399   0.0004574781  -0.0017564227
        0.0007639984  -0.0043604149  -0.0008201848  -0.0013967779  -0.0003065269
        0.0035303032  -0.0015717635  -0.0002176831  -0.0006067440  -0.0000266644
       -0.0006338612   0.0031131566  -0.0016724012  -0.0166343379  -0.0020701595
       -0.0037315784  -0.1030706501   0.1114347702  -0.0145915405
        0.0035527127  -0.0004077501  -0.0029200260  -0.0120863389  -0.0015711048
        0.0022085986  -0.1209720585  -0.2512407110  -0.0257307118   0.0261049309
       -0.0660309539   0.0054162533  -0.0296895129  -0.0129897851  -0.0060815330
        0.0259547675   0.0274146379   0.0052454216   0.0365512272  -0.0973520404
        0.0072176156  -0.0229279076   0.6545145384  -0.0037474036   0.0006207286
        0.0000239475  -0.0003488062   0.0000078130   0.0004723794  -0.0004481600
       -0.0001759476  -0.0002552447   0.0000051053   0.0018775247   0.0010953222
        0.0000203103   0.0008296422  -0.0000227159  -0.0001239601   0.0027291779
       -0.0041048371   0.0006460013  -0.0006613417   0.0005706764  -0.0000363677
        0.0027180651  -0.0039537587   0.0005943692  -0.0248494795  -0.0013644388
       -0.0051965084   0.1104159969  -0.2447981614   0.0232798017
        0.0011500295  -0.0001605805  -0.0004907420  -0.0069375444  -0.0043627306
       -0.0015469646  -0.0175157069  -0.0105804160  -0.0521591643   0.0109942722
       -0.0057027489   0.0040761860  -0.0086397065  -0.0058384714  -0.0069742241
       -0.0070195991   0.0170404490  -0.0002471548  -0.0526379993  -0.0082241902
       -0.0607811415   0.1041364346  -0.0037474036   0.1396658363   0.0003370148
       -0.0000453646  -0.0001538876  -0.0004709966  -0.0002479000   0.0000280723
       -0.0000054675  -0.0000257508  -0.0000878612   0.0005349591  -0.0008258563
       -0.0000287828  -0.0024645064  -0.0008182360   0.0002133736  -0.0016572882
        0.0007551974   0.0070737294  -0.0000401551  -0.0001048482   0.0000449962
       -0.0017628981   0.0006440848   0.0076522598  -0.0035834945  -0.0004438449
       -0.0003211186  -0.0144173477   0.0226886108  -0.0359634120
       -0.3349140065   0.0008935659  -0.0679610907  -0.0147482062  -0.0000025841
        0.0019771832  -0.0031392832  -0.0000353832   0.0036788432   0.0003211541
       -0.0006216136   0.0003293590  -0.0000392170   0.0000117825  -0.0003212048
        0.0000619101  -0.0000031463   0.0000734241  -0.0000456404  -0.0000112551
       -0.0003244820   0.0003163193   0.0006207286   0.0003370148   0.3692511353
       -0.0009682831   0.0728667385  -0.0089233364  -0.0038004783  -0.0052821501
       -0.0088702723   0.0039135644  -0.0051988175   0.0004499574  -0.0001196859
       -0.0002797391   0.0004493796   0.0001227722  -0.0002776756  -0.0000970659
       -0.0000128291   0.0001168424   0.0000043679  -0.0000382027   0.0000045048
        0.0000158508  -0.0000004211   0.0001399273   0.0000039611   0.0000379667
        0.0000038466  -0.0000970076   0.0000135022   0.0001174758
        0.0008631758  -0.0450571585   0.0001590230  -0.0001671864   0.0005395347
       -0.0000268296  -0.0000336167   0.0007075934   0.0000394712   0.0000404706
        0.0000195848   0.0000448234  -0.0000487919  -0.0000121337  -0.0001077242
        0.0000013598   0.0001483906   0.0000003581   0.0000476849  -0.0000112373
        0.0000991214  -0.0000431427   0.0000239475  -0.0000453646  -0.0009682831
        0.0436236318  -0.0002255146  -0.0247916923   0.0000278969  -0.0073504857
        0.0251192265  -0.0002015389   0.0074011600  -0.0006670244   0.0002492539
        0.0003566359   0.0006494374   0.0002605252  -0.0003501487  -0.0000468450
       -0.0000772122  -0.0000217668  -0.0000436853  -0.0000395293  -0.0000596014
       -0.0000002688  -0.0000843740   0.0000010386   0.0000435254  -0.0000399066
        0.0000592930   0.0000456562  -0.0000772684   0.0000265112
       -0.0643484482   0.0001575610  -0.0560504350   0.0196875165  -0.0000531492
        0.0040559338   0.0040516773   0.0000442737  -0.0039481189   0.0002901455
        0.0003475222  -0.0001505383   0.0000259357  -0.0000003662   0.0004175480
       -0.0000760621   0.0000007875   0.0000259375   0.0000276276   0.0000014339
        0.0004204912   0.0003030109  -0.0003488062  -0.0001538876   0.0728667385
       -0.0002255146   0.0606599741  -0.0174645052  -0.0021368132  -0.0025002013
       -0.0170090720   0.0022124612  -0.0023272929   0.0008528444   0.0003964905
       -0.0000259055   0.0008613963  -0.0003927717  -0.0000402596  -0.0000297843
       -0.0000186112  -0.0001008586  -0.0000035572   0.0000098103  -0.0000134968
       -0.0000031414  -0.0000000651  -0.0001567881  -0.0000021973  -0.0000100940
       -0.0000124825  -0.0000301249   0.0000158511  -0.0000996194
       -0.0595735801  -0.0541199782  -0.0371638748   0.0048507490   0.0115976804
        0.0076654839   0.0005036329   0.0007067051  -0.0002952218  -0.0002188338
        0.0001830524  -0.0000126268  -0.0000211895   0.0000995793  -0.0000454085
       -0.0000597133  -0.0001014017   0.0000225999  -0.0002366135  -0.0001381986
       -0.0001212347   0.0003487589   0.0000078130  -0.0004709966  -0.0089233364
       -0.0247916923  -0.0174645052   0.0597110645   0.0620311713   0.0412654573
        0.0042615271   0.0051060501   0.0031150907   0.0004071384   0.0000508941
       -0.0000817680  -0.0012033114   0.0001204932   0.0033023036  -0.0000678456
       -0.0001387686   0.0000508188  -0.0000122144  -0.0000813523  -0.0000120932
        0.0000481324  -0.0000939343   0.0000216562   0.0000621786  -0.0000414689
        0.0000183713   0.0001234564  -0.0003966441   0.0002059481
       -0.0562365422  -0.2460932332  -0.1337775172   0.0033775713   0.0007873930
       -0.0046848749   0.0003722144   0.0003035691   0.0003258045  -0.0000809799
       -0.0002498490   0.0000266393   0.0000208278  -0.0000215151  -0.0001071520
        0.0000768977   0.0000691829   0.0000383889  -0.0000046903   0.0000018095
       -0.0000482686  -0.0001409427   0.0004723794  -0.0002479000  -0.0038004783
        0.0000278969  -0.0021368132   0.0620311713   0.2693086960   0.1509731343
       -0.0052194290  -0.0262661555  -0.0116839513  -0.0001090781   0.0006814371
        0.0010547830  -0.0000941401   0.0013054860   0.0000244865  -0.0000794735
       -0.0000952915   0.0000772687  -0.0000179712   0.0000248429   0.0000162604
       -0.0000116706   0.0000160165   0.0000299461  -0.0000910866  -0.0000058235
       -0.0000412057   0.0000078001  -0.0002668416   0.0001609710
       -0.0400370880  -0.1369712250  -0.1336024696  -0.0024588600  -0.0176698873
       -0.0166837985   0.0012236650  -0.0002017031   0.0008729823  -0.0001624441
       -0.0000067053  -0.0000864190  -0.0000799015   0.0000463922   0.0000330172
       -0.0000946688   0.0000711032   0.0000672178   0.0000127435   0.0000723890
       -0.0000829262  -0.0003988246  -0.0004481600   0.0000280723  -0.0052821501
       -0.0073504857  -0.0025002013   0.0412654573   0.1509731343   0.1461570298
        0.0030428234   0.0110169207   0.0103388823  -0.0001053319  -0.0003809864
       -0.0000845706   0.0031463132   0.0002067760  -0.0046116831  -0.0000155908
        0.0001452458  -0.0001422149  -0.0000679450   0.0000272601  -0.0000732958
       -0.0000618284   0.0000121312   0.0000674036  -0.0000905033  -0.0000165927
        0.0001524679   0.0001641341   0.0004743929   0.0001505054
       -0.0593580757   0.0543814504  -0.0359003415   0.0048374713  -0.0117382925
        0.0074434949   0.0004932620  -0.0007196561  -0.0002978558   0.0003581040
       -0.0000235005  -0.0004871851  -0.0002378946   0.0001432938  -0.0001202712
       -0.0000577219   0.0001007314   0.0000258235  -0.0000224205  -0.0000968968
       -0.0000456537  -0.0002170132  -0.0001759476  -0.0000054675  -0.0088702723
        0.0251192265  -0.0170090720   0.0042615271  -0.0052194290   0.0030428234
        0.0594491635  -0.0623214827   0.0398490408  -0.0012034349  -0.0001745109
        0.0032947309   0.0004073936  -0.0000472847  -0.0000849711   0.0001287684
        0.0004128810   0.0002131399   0.0000616404   0.0000419713   0.0000196379
        0.0000487896   0.0000949119   0.0000236695  -0.0000120029   0.0000817667
       -0.0000116684  -0.0000672840   0.0001407676   0.0000501253
        0.0565604277  -0.2510655209   0.1316754665  -0.0033487477   0.0004010778
        0.0049891904  -0.0003884052   0.0003034701  -0.0003417242   0.0001453119
        0.0004746922   0.0002529755   0.0000013999   0.0000001957   0.0000512606
       -0.0000763436   0.0000722598  -0.0000394841  -0.0000162834  -0.0000233659
        0.0001078815   0.0000844568  -0.0002552447  -0.0000257508   0.0039135644
       -0.0002015389   0.0022124612   0.0051060501  -0.0262661555   0.0110169207
       -0.0623214827   0.2748747118  -0.1486855483   0.0000408594   0.0013083039
        0.0000745801   0.0001119658   0.0006925445  -0.0010417707  -0.0000143445
       -0.0002619072  -0.0001688636   0.0000932275  -0.0000066697   0.0000384784
        0.0000121497   0.0000159383  -0.0000301075   0.0000188088   0.0000257900
       -0.0000127968   0.0000773849  -0.0000885813  -0.0000731688
       -0.0387436545   0.1348876653  -0.1287408576  -0.0024983935   0.0179830054
       -0.0162715243   0.0012128085   0.0001910345   0.0008633098  -0.0003925611
        0.0004651617   0.0000319613   0.0000102579  -0.0000780316  -0.0000845794
       -0.0000968101  -0.0000696285   0.0000662780  -0.0000789056  -0.0000480039
        0.0000369382  -0.0001581399   0.0000051053  -0.0000878612  -0.0051988175
        0.0074011600  -0.0023272929   0.0031150907  -0.0116839513   0.0103388823
        0.0398490408  -0.1486855483   0.1407249910   0.0031494564  -0.0001053063
       -0.0046096932  -0.0001033482   0.0003965293  -0.0000939776   0.0001679619
       -0.0004887970   0.0001491052  -0.0000894079   0.0000159242   0.0001534604
       -0.0000616696  -0.0000125260   0.0000676193  -0.0000670423  -0.0000262138
       -0.0000726748  -0.0000158660  -0.0001475788  -0.0001440845
        0.0013031917  -0.0126186793   0.0121024717  -0.0516298725   0.0460813055
       -0.0329781278  -0.0143767002   0.0234156370  -0.0144760613  -0.0044144569
       -0.0007869259  -0.0024645638  -0.0011949890   0.0009291080   0.0006162937
        0.0002288780   0.0002529194  -0.0001488040   0.0002186793   0.0001550401
        0.0002315988   0.0004574781   0.0018775247   0.0005349591   0.0004499574
       -0.0006670244   0.0008528444   0.0004071384  -0.0001090781  -0.0001053319
       -0.0012034349   0.0000408594   0.0031494564   0.0662907853  -0.0508916065
        0.0310145483   0.0036913558  -0.0061037891   0.0025512361  -0.0000356764
       -0.0004005984  -0.0001352828  -0.0003524105  -0.0000677886  -0.0000433192
        0.0001183156  -0.0000885523  -0.0002201728   0.0001441606  -0.0000171411
       -0.0000149102  -0.0001023999  -0.0010012103  -0.0004668347
       -0.0011195568  -0.0007742557   0.0026658770   0.0415701577  -0.1986175025
        0.1015155202   0.0058706760  -0.0020951452   0.0014608897   0.0008458685
       -0.0000316526   0.0008182771  -0.0000442856  -0.0001374309  -0.0000269987
       -0.0000332663   0.0002872822  -0.0000478443   0.0001849859  -0.0002182936
       -0.0003860590  -0.0017564227   0.0010953222  -0.0008258563  -0.0001196859
        0.0002492539   0.0003964905   0.0000508941   0.0006814371  -0.0003809864
       -0.0001745109   0.0013083039  -0.0001053063  -0.0508916065   0.2258632863
       -0.1163105178   0.0060260431  -0.0279621956   0.0109907408  -0.0001734416
        0.0003163207   0.0000972005   0.0000018709   0.0000358202   0.0001514539
       -0.0000167298   0.0000247499   0.0000959266  -0.0000783483  -0.0000062418
       -0.0001422433  -0.0001426416  -0.0000190585   0.0000334359
       -0.0004165197   0.0229108059  -0.0225346063  -0.0317703400   0.0966266278
       -0.1082280047  -0.0038227145   0.0068776478  -0.0018605353  -0.0013959615
        0.0001296042   0.0002560835   0.0001655096   0.0005799366   0.0001203257
        0.0000667691  -0.0001161644   0.0000515723   0.0001351982  -0.0000192705
        0.0001764684   0.0007639984   0.0000203103  -0.0000287828  -0.0002797391
        0.0003566359  -0.0000259055  -0.0000817680   0.0010547830  -0.0000845706
        0.0032947309   0.0000745801  -0.0046096932   0.0310145483  -0.1163105178
        0.1284455742   0.0026487859  -0.0116405224   0.0085172867  -0.0000647280
        0.0000106083  -0.0001390644  -0.0000498184  -0.0000301149  -0.0001153429
        0.0000360969  -0.0000255823  -0.0000371428   0.0000981778   0.0000111116
        0.0000372552  -0.0003422258  -0.0005104794   0.0000590827
        0.0013196513   0.0123953360   0.0123258710  -0.0516114464  -0.0455946845
       -0.0339056787  -0.0145162466  -0.0231427867  -0.0148893230   0.0004545488
       -0.0018648733   0.0005238705   0.0002115993  -0.0001624075   0.0002440595
        0.0002254241  -0.0002563877  -0.0001515337  -0.0012110709  -0.0009078283
        0.0006322432  -0.0043604149   0.0008296422  -0.0024645064   0.0004493796
        0.0006494374   0.0008613963  -0.0012033114  -0.0000941401   0.0031463132
        0.0004073936   0.0001119658  -0.0001033482   0.0036913558   0.0060260431
        0.0026487859   0.0663431729   0.0504514301   0.0320155418  -0.0000826364
        0.0009839754  -0.0004648246   0.0001454678   0.0000167318  -0.0000141563
        0.0001199947   0.0000892459  -0.0002237182  -0.0003489582   0.0000703574
       -0.0000424068  -0.0000339030   0.0003989431  -0.0001385854
        0.0011244843  -0.0003380415  -0.0022880860  -0.0410716209  -0.1949410169
       -0.1030217017  -0.0058124191  -0.0018817118  -0.0014247471   0.0017454746
        0.0010610363   0.0008350575  -0.0001978239  -0.0002225695   0.0003876780
        0.0000340858   0.0002877948   0.0000508863   0.0000388493  -0.0001225472
        0.0000319279  -0.0008201848  -0.0000227159  -0.0008182360   0.0001227722
        0.0002605252  -0.0003927717   0.0001204932   0.0013054860   0.0002067760
       -0.0000472847   0.0006925445   0.0003965293  -0.0061037891  -0.0279621956
       -0.0116405224   0.0504514301   0.2215484437   0.1179198525   0.0001456636
       -0.0000300183  -0.0000370053   0.0000757197  -0.0000071961   0.0001415040
        0.0000168611   0.0000237497  -0.0000972879   0.0000011594   0.0000349115
       -0.0001508733   0.0001761292   0.0003135210  -0.0000989803
       -0.0004074921  -0.0225266535  -0.0230104381  -0.0326019898  -0.0981236338
       -0.1117440929  -0.0039235042  -0.0068640288  -0.0019803966   0.0007709257
       -0.0000140520  -0.0000012137   0.0001343071   0.0000203673   0.0001838276
        0.0000690414   0.0001186989   0.0000505865   0.0001642488  -0.0005844749
        0.0001222102  -0.0013967779  -0.0001239601   0.0002133736  -0.0002776756
       -0.0003501487  -0.0000402596   0.0033023036   0.0000244865  -0.0046116831
       -0.0000849711  -0.0010417707  -0.0000939776   0.0025512361   0.0109907408
        0.0085172867   0.0320155418   0.1179198525   0.1325942342  -0.0003365303
        0.0005135698   0.0000555136   0.0000984952  -0.0000117018   0.0000399085
        0.0000366151   0.0000266318  -0.0000393824  -0.0000502753   0.0000317221
       -0.0001161899  -0.0000634985  -0.0000056453  -0.0001393070
        0.0000080282   0.0000578283  -0.0001544254   0.0007890049   0.0014968952
        0.0009936160   0.0054012645   0.0103299199   0.0010490208  -0.1039903039
       -0.1109283066  -0.0149309526  -0.0168535812  -0.0258047777  -0.0035992062
       -0.0057005256   0.0001920086  -0.0028104165  -0.0001820254   0.0005444654
        0.0000286738  -0.0003065269   0.0027291779  -0.0016572882  -0.0000970659
       -0.0000468450  -0.0000297843  -0.0000678456  -0.0000794735  -0.0000155908
        0.0001287684  -0.0000143445   0.0001679619  -0.0000356764  -0.0001734416
       -0.0000647280  -0.0000826364   0.0001456636  -0.0003365303   0.1209825530
        0.1227910310   0.0204319517   0.0005600465  -0.0007599824   0.0006549966
       -0.0006997730  -0.0012468946  -0.0001234107  -0.0000622176   0.0000905501
        0.0003736512   0.0002085123   0.0006765259   0.0000224609
       -0.0000413183   0.0002641635  -0.0000239043  -0.0013585385   0.0010282786
       -0.0003411397  -0.0118116736  -0.0271741381  -0.0027443727  -0.1119565297
       -0.2436967923  -0.0234035373  -0.0023926755  -0.0012981762  -0.0004789600
       -0.0002249525   0.0009961369  -0.0000325742   0.0003255457   0.0006375479
        0.0000621182   0.0035303032  -0.0041048371   0.0007551974  -0.0000128291
       -0.0000772122  -0.0000186112  -0.0001387686  -0.0000952915   0.0001452458
        0.0004128810  -0.0002619072  -0.0004887970  -0.0004005984   0.0003163207
        0.0000106083   0.0009839754  -0.0000300183   0.0005135698   0.1227910310
        0.2737504103   0.0259934069   0.0008048695   0.0009452389   0.0001200490
        0.0000989298  -0.0001098830   0.0000129393   0.0000730496   0.0001361190
        0.0000332452  -0.0006827010  -0.0012259600  -0.0001144834
        0.0006825272   0.0000294184  -0.0002390273   0.0007151327  -0.0000063415
       -0.0019133134   0.0004696008   0.0026965779   0.0009537950  -0.0151323206
       -0.0240050842  -0.0361277857  -0.0035838135  -0.0051100173   0.0003625498
       -0.0028069617   0.0000298411   0.0076469628   0.0000485477   0.0000560346
       -0.0003161136  -0.0015717635   0.0006460013   0.0070737294   0.0001168424
       -0.0000217668  -0.0001008586   0.0000508188   0.0000772687  -0.0001422149
        0.0002131399  -0.0001688636   0.0001491052  -0.0001352828   0.0000972005
       -0.0001390644  -0.0004648246  -0.0000370053   0.0000555136   0.0204319517
        0.0259934069   0.0270012876   0.0006639362  -0.0001655990  -0.0024346986
       -0.0000765742  -0.0002380673  -0.0002900019   0.0003587160   0.0000166363
       -0.0018072697   0.0000203272   0.0001103593   0.0002674045
       -0.0000566191  -0.0000335929  -0.0000135330  -0.0010855049   0.0013001785
       -0.0002675685  -0.0044679632  -0.0003413567  -0.0024915826  -0.0165265174
        0.0249272279  -0.0034975973  -0.1063589799   0.1128891801  -0.0146033413
        0.0066865080  -0.0115288670   0.0010471178  -0.0002649467  -0.0029535212
       -0.0016752300  -0.0002176831  -0.0006613417  -0.0000401551   0.0000043679
       -0.0000436853  -0.0000035572  -0.0000122144  -0.0000179712  -0.0000679450
        0.0000616404   0.0000932275  -0.0000894079  -0.0003524105   0.0000018709
       -0.0000498184   0.0001454678   0.0000757197   0.0000984952   0.0005600465
        0.0008048695   0.0006639362   0.1210375326  -0.1228109755   0.0198713741
        0.0006535259  -0.0009525033   0.0006420379   0.0002566955  -0.0006750903
        0.0001187219  -0.0000629454  -0.0000733691   0.0003580531
       -0.0000083084  -0.0000099007   0.0000118230  -0.0000556896  -0.0000930530
       -0.0000242558  -0.0001724533   0.0014297121  -0.0000677441   0.0021458622
       -0.0014965223   0.0004548075   0.1129457227  -0.2429932973   0.0231525356
        0.0111720184  -0.0252625817   0.0022712231  -0.0029697006  -0.0044471751
       -0.0005816375  -0.0006067440   0.0005706764  -0.0001048482  -0.0000382027
       -0.0000395293   0.0000098103  -0.0000813523   0.0000248429   0.0000272601
        0.0000419713  -0.0000066697   0.0000159242  -0.0000677886   0.0000358202
       -0.0000301149   0.0000167318  -0.0000071961  -0.0000117018  -0.0007599824
        0.0009452389  -0.0001655990  -0.1228109755   0.2716653344  -0.0252007242
        0.0006698478   0.0006304370   0.0001251332   0.0006692992  -0.0010830854
        0.0001291178  -0.0000902559   0.0001369487  -0.0000110092
       -0.0001415259   0.0000659345  -0.0000427786   0.0001525661  -0.0002494570
        0.0001238827  -0.0027608674   0.0000559330   0.0076917867  -0.0037006005
        0.0052100037  -0.0003040486  -0.0145094103   0.0231169117  -0.0382865389
        0.0010509170  -0.0024247609   0.0016245963  -0.0016720489  -0.0005989075
        0.0075507563  -0.0000266644  -0.0000363677   0.0000449962   0.0000045048
       -0.0000596014  -0.0000134968  -0.0000120932   0.0000162604  -0.0000732958
        0.0000196379   0.0000384784   0.0001534604  -0.0000433192   0.0001514539
       -0.0001153429  -0.0000141563   0.0001415040   0.0000399085   0.0006549966
        0.0001200490  -0.0024346986   0.0198713741  -0.0252007242   0.0284138346
        0.0006336450  -0.0001868694  -0.0022652209   0.0001204137  -0.0001321193
       -0.0003024132   0.0003726309  -0.0000277211  -0.0018053874
       -0.0000120653   0.0000000645  -0.0000492669  -0.0002180734  -0.0000004427
        0.0004686875   0.0011924354  -0.0000051207   0.0001564652  -0.0006572440
       -0.0027248851  -0.0017731918  -0.0160484569  -0.0019711098  -0.0035600061
       -0.2982968697   0.0006121555  -0.0536109955  -0.0159405188   0.0020463609
       -0.0035334242  -0.0006338612   0.0027180651  -0.0017628981   0.0000158508
       -0.0000002688  -0.0000031414   0.0000481324  -0.0000116706  -0.0000618284
        0.0000487896   0.0000121497  -0.0000616696   0.0001183156  -0.0000167298
        0.0000360969   0.0001199947   0.0000168611   0.0000366151  -0.0006997730
        0.0000989298  -0.0000765742   0.0006535259   0.0006698478   0.0006336450
        0.3303498801  -0.0006758306   0.0626048165   0.0006548049  -0.0006719002
        0.0006324490  -0.0006948671  -0.0000964761  -0.0000757789
       -0.0000000823   0.0000135471   0.0000000566  -0.0000027048  -0.0000082642
        0.0000016503  -0.0000033404  -0.0005685598  -0.0000023543  -0.0031204319
       -0.0039240543  -0.0006760645  -0.0245525996  -0.0011461772  -0.0050200923
        0.0006122028  -0.0430939340   0.0001166120   0.0246276491  -0.0012750759
        0.0050299509   0.0031131566  -0.0039537587   0.0006440848  -0.0000004211
       -0.0000843740  -0.0000000651  -0.0000939343   0.0000160165   0.0000121312
        0.0000949119   0.0000159383  -0.0000125260  -0.0000885523   0.0000247499
       -0.0000255823   0.0000892459   0.0000237497   0.0000266318  -0.0012468946
       -0.0001098830  -0.0002380673  -0.0009525033   0.0006304370  -0.0001868694
       -0.0006758306   0.0529255056  -0.0001021273   0.0009505724   0.0006288811
        0.0001939464   0.0012495566  -0.0001147440   0.0002386843
        0.0004413168   0.0000022267  -0.0002263269   0.0006312002  -0.0000014120
       -0.0016503829  -0.0002011058   0.0000015605   0.0006143249  -0.0016856391
       -0.0006266939   0.0076439295  -0.0036753737  -0.0005147711   0.0005363055
       -0.0536403855   0.0001183340  -0.0471592541  -0.0035881470   0.0005221170
        0.0005577662  -0.0016724012   0.0005943692   0.0076522598   0.0001399273
        0.0000010386  -0.0001567881   0.0000216562   0.0000299461   0.0000674036
        0.0000236695  -0.0000301075   0.0000676193  -0.0002201728   0.0000959266
       -0.0000371428  -0.0002237182  -0.0000972879  -0.0000393824  -0.0001234107
        0.0000129393  -0.0002900019   0.0006420379   0.0001251332  -0.0022652209
        0.0626048165  -0.0001021273   0.0372410464   0.0006444338  -0.0001186425
       -0.0022659708  -0.0001187041  -0.0000125489  -0.0002901842
       -0.0000619967   0.0000327781  -0.0000139880  -0.0010868441  -0.0012915936
       -0.0002710550  -0.0044665635   0.0003694700  -0.0024850304  -0.0002130550
        0.0006652590  -0.0000370435  -0.0002394445   0.0029425715  -0.0016627986
        0.0066872991   0.0113924575   0.0010749569  -0.1072991176  -0.1134077706
       -0.0150544230  -0.0166343379  -0.0248494795  -0.0035834945   0.0000039611
        0.0000435254  -0.0000021973   0.0000621786  -0.0000910866  -0.0000905033
       -0.0000120029   0.0000188088  -0.0000670423   0.0001441606  -0.0000783483
        0.0000981778  -0.0003489582   0.0000011594  -0.0000502753  -0.0000622176
        0.0000730496   0.0003587160   0.0002566955   0.0006692992   0.0001204137
        0.0006548049   0.0009505724   0.0006444338   0.1220577243   0.1233657377
        0.0203613045   0.0005577140  -0.0008064099   0.0006598488
        0.0000102445  -0.0000093543  -0.0000126462   0.0000564491  -0.0000873852
        0.0000250590   0.0002056431   0.0014257012   0.0000582162   0.0006098496
        0.0005654529   0.0001073785   0.0029572049  -0.0044746907   0.0005494323
       -0.0113069571  -0.0252613878  -0.0023645773  -0.1134632806  -0.2419088820
       -0.0237312117  -0.0020701595  -0.0013644388  -0.0004438449   0.0000379667
       -0.0000399066  -0.0000100940  -0.0000414689  -0.0000058235  -0.0000165927
        0.0000817667   0.0000257900  -0.0000262138  -0.0000171411  -0.0000062418
        0.0000111116   0.0000703574   0.0000349115   0.0000317221   0.0000905501
        0.0001361190   0.0000166363  -0.0006750903  -0.0010830854  -0.0001321193
       -0.0006719002   0.0006288811  -0.0001186425   0.1233657377   0.2704795242
        0.0258831860   0.0007602279   0.0009448163   0.0001732003
       -0.0001436514  -0.0000652900  -0.0000426935   0.0001561868   0.0002470190
        0.0001283863  -0.0027603253  -0.0000632227   0.0076906296  -0.0000228828
        0.0000362556   0.0000449321  -0.0016617317   0.0005623235   0.0075566394
        0.0010216674   0.0023293690   0.0016250502  -0.0149531629  -0.0236904994
       -0.0384352743  -0.0037315784  -0.0051965084  -0.0003211186   0.0000038466
        0.0000592930  -0.0000124825   0.0000183713  -0.0000412057   0.0001524679
       -0.0000116684  -0.0000127968  -0.0000726748  -0.0000149102  -0.0001422433
        0.0000372552  -0.0000424068  -0.0001508733  -0.0001161899   0.0003736512
        0.0000332452  -0.0018072697   0.0001187219   0.0001291178  -0.0003024132
        0.0006324490   0.0001939464  -0.0022659708   0.0203613045   0.0258831860
        0.0285746341   0.0006561192  -0.0001111159  -0.0024339074
        0.0000075579  -0.0000448918  -0.0001512718   0.0008071151  -0.0015241843
        0.0009899755   0.0053877175  -0.0104588980   0.0010180101  -0.0003321086
       -0.0027379757  -0.0016667793  -0.0001860743  -0.0005400010   0.0000263237
       -0.0056971154  -0.0001528632  -0.0028085868  -0.0167325436   0.0258685880
       -0.0035065829  -0.1030706501   0.1104159969  -0.0144173477  -0.0000970076
        0.0000456562  -0.0000301249   0.0001234564   0.0000078001   0.0001641341
       -0.0000672840   0.0000773849  -0.0000158660  -0.0001023999  -0.0001426416
       -0.0003422258  -0.0000339030   0.0001761292  -0.0000634985   0.0002085123
       -0.0006827010   0.0000203272  -0.0000629454  -0.0000902559   0.0003726309
       -0.0006948671   0.0012495566  -0.0001187041   0.0005577140   0.0007602279
        0.0006561192   0.1199848258  -0.1222269272   0.0198734671
        0.0000434221   0.0002632600   0.0000183817   0.0013584598   0.0010261728
        0.0003596413   0.0116659865  -0.0271695179   0.0026348400  -0.0035357634
       -0.0040706675  -0.0007887615  -0.0003218165   0.0006406952  -0.0000585165
        0.0002606581   0.0009942746   0.0000192247   0.0024655811  -0.0014287203
        0.0004886004   0.1114347702  -0.2447981614   0.0226886108   0.0000135022
       -0.0000772684   0.0000158511  -0.0003966441  -0.0002668416   0.0004743929
        0.0001407676  -0.0000885813  -0.0001475788  -0.0010012103  -0.0000190585
       -0.0005104794   0.0003989431   0.0003135210  -0.0000056453   0.0006765259
       -0.0012259600   0.0001103593  -0.0000733691   0.0001369487  -0.0000277211
       -0.0000964761  -0.0001147440  -0.0000125489  -0.0008064099   0.0009448163
       -0.0001111159  -0.1222269272   0.2749398322  -0.0251475349
        0.0006770240  -0.0000246072  -0.0002390322   0.0007264778  -0.0000002092
       -0.0019082771   0.0004807883  -0.0027873389   0.0009430694  -0.0015851819
       -0.0006785710   0.0070679550   0.0000475098  -0.0000514393  -0.0003154293
       -0.0028031397  -0.0000411955   0.0076447691  -0.0035581179   0.0051159330
        0.0003860630  -0.0145915405   0.0232798017  -0.0359634120   0.0001174758
        0.0000265112  -0.0000996194   0.0002059481   0.0001609710   0.0001505054
        0.0000501253  -0.0000731688  -0.0001440845  -0.0004668347   0.0000334359
        0.0000590827  -0.0001385854  -0.0000989803  -0.0001393070   0.0000224609
       -0.0001144834   0.0002674045   0.0003580531  -0.0000110092  -0.0018053874
       -0.0000757789   0.0002386843  -0.0002901842   0.0006598488   0.0001732003
       -0.0024339074   0.0198734671  -0.0251475349   0.0268197915
