           1           2  0.95531330481798138     
           2           3   1.0138761544540651     
           3           4   1.4117064913562158     
           4           5   1.4438261511860382     
           3           6  0.10899482495067458     
           5           6   1.4391354139026831     
           4           7  0.11178321148827433     
           6           7   1.4392687742412134     
           3           8   1.4118319972320339     
           5           8  0.11175737628450533     
           7           8   1.4436766815111541     
           1           9  0.88411572268659067     
           1          10  0.89137081907740590     
           1          11  0.89143196088597376     
           2          12  0.96112256313470346     
           2          13  0.96095569583958051     
           4          14  0.96728333612399120     
           5          15  0.97134741692694071     
           6          16  0.97205221249396345     
           7          17  0.97135176243282029     
           8          18  0.96729161661377427     
