           1           2  0.94326427539885926     
           2           3   1.0114635407958756     
           3           4   1.0074390559503801     
           4           5   1.0140236608279440     
           5           6  0.98498334574631885     
           1           7  0.76290340308844717     
           6           7  0.14734322585148546     
           1           8  0.91661463087094086     
           1           9  0.91706134354242475     
           2          10  0.96386798613867231     
           2          11  0.96820579591854594     
           3          12  0.96210482416713650     
           3          13  0.96853688292195428     
           4          14  0.96906556287091949     
           4          15  0.96204825020375506     
           5          16  0.97010516059637308     
           5          17  0.96864050138152769     
