   -0.17372241
   -0.03191008
    0.05627098
   -0.28523582
    0.13477459
   -0.01325249
   -0.03628121
   -0.04340304
    0.00027503
   -0.00104244
   -0.04438784
   -0.07565162
   -0.04095180
   -0.04424064
    0.00841116
   -0.04459317
   -0.03623741
   -0.04432637
    0.00872400
    0.00114162
   -0.94249695
    0.31471702
    0.30204185
    0.29962558
    0.11184408
    0.11221502
    0.08494191
    0.06583366
    0.04483105
    0.03209476
    0.04945886
    0.06101413
    0.03906916
    0.03360151
    0.03315914
    0.03229459
    0.03139357
