   -0.14712167
   -0.02800701
   -0.07445449
   -0.06541438
   -0.06210752
   -0.05859884
   -0.06017346
   -0.05677255
   -0.05972432
   -0.05829416
   -0.06107315
   -0.05416913
   -0.10866667
   -0.98740377
    0.31458958
    0.30635056
    0.28060210
    0.10903942
    0.09626460
    0.05093359
    0.05953312
    0.04935846
    0.03828412
    0.03707886
    0.03505697
    0.02669141
    0.02757881
    0.03015270
    0.03094689
    0.02559696
    0.02215011
    0.03021199
    0.03191738
    0.02688639
    0.02455726
    0.03083185
    0.03207593
    0.02821073
    0.02690956
    0.03711429
    0.03671424
    0.03634326
