           1           2  0.96245637554988450     
           2           3   1.0115288052801752     
           3           4   1.0049327289115157     
           4           5   1.0210923551523314     
           1           7  0.88788299010192628     
           1           8  0.89059654607796568     
           1           9  0.89159238610632352     
           2          10  0.96837922434578672     
           2          11  0.96555158859968127     
           3          12  0.97228710338377922     
           3          13  0.97343174314556102     
           4          14  0.97698979974798661     
           4          15  0.97596799005966062     
           5          16  0.98745372929557107     
           5          17  0.98624103120377404     
           5          18  0.98665318273745251     
