           1           2  0.93156451705262100     
           2           3   1.0010176990089077     
           3           4   1.0139673249770600     
           4           5   1.5652779861181374     
           5           6   1.2915802051793945     
           6           7   1.5122966251726089     
           7           8   1.1612737534113302     
           8           9   1.4893012062879447     
           9          10   1.2990281379039037     
          10          11   1.5986616661812914     
           8          12   1.1251061419414774     
          11          12   1.2196970643321094     
           4          13   1.0974876142716956     
           7          13   1.0443132005839821     
           1          15  0.91290723883825797     
           1          16  0.91706267961550014     
           1          17  0.86450582378804464     
           2          18  0.96577508378425536     
           2          19  0.97043511110270531     
           3          20  0.95677720619929030     
           3          21  0.95777238621629823     
           5          22  0.96393708609428519     
           6          23  0.95720409676755946     
           9          24  0.96479666587820945     
          10          25  0.96650152006925905     
          11          26  0.96706265118583579     
