   20
          6          1          6
          6          7         12
          6         13         18
          6         19         24
          1         25         25
          2         26         27
          2         28         29
          2         30         31
          1         32         32
          1         33         33
          6         34         39
          6         40         45
          6         46         51
          6         52         57
          6         58         63
          6         64         69
          6         70         75
          6         76         81
          6         82         87
          4         88         91
