   -0.12654423
   -0.03060858
   -0.08280627
   -0.00994662
   -0.04925618
   -0.05588519
    0.03218298
    0.00686005
   -0.04440666
   -0.05234615
    0.03007168
    0.01438041
   -0.04302986
   -0.04881246
    0.02905929
    0.01596577
   -0.04656245
   -0.04057361
   -0.01532807
    0.00539687
   -0.01025348
   -0.01414447
   -0.09550633
    0.27065695
    0.28252134
    0.26651227
    0.10184639
    0.10742632
    0.07153840
    0.09701762
    0.04440922
    0.05387839
    0.03712275
    0.04969764
    0.04674525
    0.05256611
    0.04519460
    0.04649510
    0.05846522
