$hessian                                                                        
        0.5555455616   0.0000016940   0.0756954693  -0.0851910644  -0.0000005357
        0.0324001439  -0.0137217784  -0.0052760033   0.0204151341   0.0005084268
       -0.0000383048  -0.0005450930  -0.0000175568   0.0000000043   0.0002061430
        0.0005081023   0.0000384374  -0.0005452208  -0.0137208931   0.0052765752
        0.0204144483  -0.1465695285   0.1414578410   0.0060232358  -0.1518325693
        0.0000238485  -0.1496205549  -0.1466392416  -0.1414832006   0.0060050174
        0.0069324380  -0.0000004573  -0.0115114958   0.0009942808   0.0009687047
       -0.0006960752  -0.0026715913  -0.0035554789   0.0002579595  -0.0012291259
       -0.0006440175   0.0007095159  -0.0000548176   0.0001232946   0.0002804708
        0.0000479469   0.0000000063  -0.0000349687   0.0000729125  -0.0000000068
       -0.0000061947  -0.0012294121   0.0006440024   0.0007096619  -0.0000548179
       -0.0001233562   0.0002805089   0.0009941416  -0.0009685559  -0.0006959797
       -0.0026714136   0.0035555088   0.0002578740
        0.0000016940   0.6109984651  -0.0000014046  -0.0000000630  -0.0662284406
        0.0000004174  -0.0139956345  -0.0034626716   0.0218063001   0.0003015051
        0.0003082109  -0.0002122312   0.0000000565  -0.0005714625  -0.0000000918
       -0.0003014620   0.0003080366   0.0002123923   0.0139964952  -0.0034630041
       -0.0218072250   0.1445174718  -0.2450322288  -0.0098687332   0.0000230435
       -0.0438857893   0.0000317111  -0.1445424139  -0.2449669707   0.0098377532
       -0.0000004522   0.0006435895   0.0000008341  -0.0010040827   0.0016152366
        0.0007895930  -0.0034159166  -0.0041171566   0.0006446839  -0.0004666744
       -0.0000833847   0.0004357061  -0.0000197980   0.0001327482   0.0001053398
        0.0000000160   0.0002046677  -0.0000000189  -0.0000000051   0.0000528775
        0.0000000066   0.0004668470  -0.0000835583  -0.0004358967   0.0000198306
        0.0001328196  -0.0001053208   0.0010034037   0.0016153942  -0.0007890418
        0.0034161390  -0.0041173788  -0.0006447736
        0.0756954693  -0.0000014046   0.4896070028   0.0260941632   0.0000001830
       -0.1258325678   0.0094917646   0.0060468485  -0.0082599347  -0.0006581086
       -0.0006215850  -0.0008177923  -0.0001344817  -0.0000000338   0.0002247409
       -0.0006585910   0.0006219538  -0.0008178127   0.0094917697  -0.0060476569
       -0.0082606542   0.0039747412  -0.0060457458  -0.0425585901  -0.1417877764
        0.0000312972  -0.2344708608   0.0039560357   0.0060162606  -0.0425558588
        0.0146487881   0.0000000656  -0.0333048390  -0.0007227374  -0.0005263723
        0.0007237189   0.0016550232   0.0018192060   0.0011804586  -0.0006583826
       -0.0005272114   0.0012892080  -0.0002594460  -0.0000112771   0.0002531095
        0.0001713114   0.0000000098   0.0000786015  -0.0003137692   0.0000000126
        0.0000754339  -0.0006588176   0.0005272780   0.0012893681  -0.0002595348
        0.0000112552   0.0002531722  -0.0007224830   0.0005262253   0.0007235643
        0.0016550621  -0.0018193086   0.0011805315
       -0.0851910644  -0.0000000630   0.0260941632   0.4481305565  -0.0000002515
        0.0696834662  -0.0912499664  -0.0454202540  -0.0036879570  -0.0197236730
       -0.0198622605  -0.0032981355   0.0027830485   0.0000000013   0.0016641814
       -0.0197236051   0.0198624818  -0.0032976636  -0.0912490652   0.0454191152
       -0.0036889038  -0.0097349766   0.0033677839   0.0128417573   0.0129369520
       -0.0000006300  -0.0098985989  -0.0097378149  -0.0033663984   0.0128450278
       -0.1315853644   0.0000002361  -0.1043743616   0.0072432116   0.0112464207
        0.0002308882  -0.0062475592  -0.0094011890   0.0037045181   0.0002177923
        0.0000359304   0.0012973526  -0.0039503769  -0.0002717077  -0.0032820754
        0.0002585674   0.0000000085   0.0006279989  -0.0004395301   0.0000000133
        0.0005879106   0.0002177159  -0.0000359187   0.0012972730  -0.0039508208
        0.0002719785  -0.0032822423   0.0072436699  -0.0112468300   0.0002306775
       -0.0062476971   0.0094015330   0.0037047231
       -0.0000005357  -0.0662284406   0.0000001830  -0.0000002515   0.4393199129
       -0.0000004397  -0.0412519439  -0.1340265666   0.0019328471  -0.0088872497
       -0.0020993751  -0.0043793440  -0.0000000689  -0.0005569118  -0.0000000109
        0.0088874953  -0.0020995833   0.0043791507   0.0412519448  -0.1340281992
       -0.0019319238   0.0117680599  -0.0002658666  -0.0176863790  -0.0000015929
        0.0007658447   0.0000020429  -0.0117664884  -0.0002654623   0.0176838603
        0.0000002544  -0.0416773752   0.0000002497  -0.0133484112  -0.0278454961
        0.0031400209  -0.0020157980  -0.0024942069   0.0020871334  -0.0001070259
       -0.0001414173   0.0004973724  -0.0003264156   0.0009844735   0.0000029281
        0.0000000143  -0.0001342322   0.0000000081  -0.0000000043   0.0002895989
       -0.0000000048   0.0001070355  -0.0001414648  -0.0004973935   0.0003265331
        0.0009844317  -0.0000027399   0.0133484881  -0.0278452415  -0.0031402274
        0.0020159607  -0.0024944223  -0.0020873334
        0.0324001439   0.0000004174  -0.1258325678   0.0696834662  -0.0000004397
        0.4523129180  -0.0028381892   0.0004333826  -0.0618969014  -0.0100003193
       -0.0146444260   0.0022395662   0.0016246815   0.0000000052   0.0012392785
       -0.0099997594   0.0146441165   0.0022398394  -0.0028387855  -0.0004324780
       -0.0618963983   0.0042414202  -0.0050235376  -0.0017805626   0.0060018869
        0.0000006804  -0.0251093227   0.0042408121   0.0050223451  -0.0017785003
       -0.1101848706  -0.0000000974  -0.1620585827  -0.0015803041  -0.0042814979
       -0.0004033222   0.0133189780   0.0202376364  -0.0055626965   0.0002058991
       -0.0003339563  -0.0007668141  -0.0033357347  -0.0001837632  -0.0021501444
        0.0000127670  -0.0000000084   0.0001655505   0.0004391385  -0.0000000036
       -0.0000783555   0.0002059529   0.0003338294  -0.0007669703  -0.0033356086
        0.0001838948  -0.0021499948  -0.0015805566   0.0042816037  -0.0004031320
        0.0133189818  -0.0202377033  -0.0055628867
       -0.0137217784  -0.0139956345   0.0094917646  -0.0912499664  -0.0412519439
       -0.0028381892   0.4564701388  -0.0419105210  -0.0288923074  -0.1283189391
        0.0002196077  -0.0561476534  -0.0191017300   0.0076516960  -0.0115314318
        0.0006135831  -0.0020756930  -0.0000098504   0.0083642404   0.0083337247
       -0.0000557148   0.0006224027  -0.0004317688  -0.0000881704   0.0002412285
        0.0003840152  -0.0003444963  -0.0010815235   0.0003543382   0.0028879646
       -0.0145418799  -0.0190817569  -0.0019084234  -0.1144303470   0.1026691963
        0.0213235245  -0.0715384408  -0.0048052169   0.0783925378   0.0052903604
        0.0000523514   0.0026481229  -0.0156621964  -0.0026676016  -0.0121474566
       -0.0016630570   0.0033969906   0.0000856490   0.0003668249  -0.0004094558
       -0.0005589222   0.0000351357   0.0001404276  -0.0001372214   0.0001037540
       -0.0002367023  -0.0000116639  -0.0009687147   0.0035480794   0.0000142094
        0.0001709046   0.0001158677  -0.0001722717
       -0.0052760033  -0.0034626716   0.0060468485  -0.0454202540  -0.1340265666
        0.0004333826  -0.0419105210   0.4734197523   0.0033364073   0.0029178014
       -0.0648017525   0.0016148078   0.0191791894  -0.0022114826   0.0145141783
       -0.0016837918   0.0025226327  -0.0001997171  -0.0083339508  -0.0270671724
        0.0015882341   0.0005467714   0.0017256080  -0.0001260996  -0.0000620043
        0.0004402535   0.0000234899   0.0000478744   0.0006805625   0.0001843377
       -0.0050387127  -0.0036396293  -0.0007204216   0.1034700991  -0.1894047886
       -0.0298721109  -0.0059308594  -0.0455130025   0.0168521114  -0.0001732659
        0.0004559477  -0.0001760766  -0.0177327951  -0.0014150856  -0.0142612454
        0.0035011731  -0.0039132314   0.0000001895  -0.0002779234   0.0004566798
        0.0004663647   0.0000314674  -0.0000923143   0.0002253215  -0.0001027340
        0.0002161535  -0.0000003099   0.0024810298  -0.0042576252  -0.0002281886
       -0.0002325902  -0.0001122673   0.0002984964
        0.0204151341   0.0218063001  -0.0082599347  -0.0036879570   0.0019328471
       -0.0618969014  -0.0288923074   0.0033364073   0.5034207823  -0.0555818202
       -0.0000655398  -0.1180218328  -0.0020223093   0.0034379311   0.0012849721
        0.0000339795  -0.0005983774   0.0000429123  -0.0000557161  -0.0015879721
        0.0013185224  -0.0006071623   0.0005648390   0.0001799081   0.0005340347
        0.0002680051   0.0008447486   0.0034786140   0.0007082789  -0.0047205699
       -0.0118394466  -0.0156977227   0.0000112735   0.0222279475  -0.0291080040
       -0.0499387565   0.0765686715   0.0170303784  -0.2428330463  -0.0233857979
       -0.0001693016  -0.0248944219   0.0010451590  -0.0006020874   0.0013051913
        0.0004972982  -0.0003707445   0.0007340053   0.0006995735  -0.0003156504
        0.0008123610  -0.0000561272  -0.0000073919  -0.0000877376   0.0000071721
       -0.0000060802   0.0000142713   0.0005619106  -0.0003597132   0.0004919418
        0.0000591492  -0.0001964021   0.0001923114
        0.0005084268   0.0003015051  -0.0006581086  -0.0197236730  -0.0088872497
       -0.0100003193  -0.1283189391   0.0029178014  -0.0555818202   0.4592179762
        0.0348857933  -0.0249212680  -0.1014452151   0.0530360958   0.0092232466
        0.0088822713  -0.0091430486  -0.0015193036   0.0006136821   0.0016838019
        0.0000340074  -0.0000542541  -0.0001169688   0.0000244234   0.0001185563
       -0.0001119004  -0.0003632865   0.0003033603   0.0001178570  -0.0000169120
       -0.0012463614  -0.0024425049  -0.0001129728  -0.0168455423   0.0034118631
       -0.0128692944   0.0055355037  -0.0004135844   0.0019009056  -0.0679409881
        0.0025535126   0.0704722789  -0.1157947339  -0.1043699091   0.0196449065
       -0.0146780987   0.0184314726   0.0010754235  -0.0087696139   0.0120191532
        0.0039137279   0.0004950676  -0.0004945041  -0.0004123199  -0.0009430217
       -0.0034147950   0.0001498976   0.0000493771   0.0001002041   0.0000687629
        0.0000362198  -0.0000645952  -0.0000519749
       -0.0000383048   0.0003082109  -0.0006215850  -0.0198622605  -0.0020993751
       -0.0146444260   0.0002196077  -0.0648017525  -0.0000655398   0.0348857933
        0.4865552913   0.0016938160   0.0537409945  -0.1425773196  -0.0119436969
        0.0091427565  -0.0305923703  -0.0022234227   0.0020757933   0.0025226595
        0.0005984842  -0.0000812777  -0.0003910046   0.0000354233   0.0008457975
        0.0003848435   0.0000829076   0.0001161500   0.0000795017  -0.0000635968
       -0.0038584756  -0.0038188656  -0.0002829334   0.0185976816  -0.0012914512
        0.0143366637   0.0008045552   0.0006743182   0.0000926148   0.0014847357
       -0.0451525634  -0.0102902249  -0.1033226714  -0.1899482147   0.0260942054
        0.0036099194  -0.0025334120   0.0004359313   0.0037163188  -0.0037719198
       -0.0030664445   0.0007100047   0.0009769602  -0.0005020621  -0.0029585057
       -0.0045726748   0.0003793168   0.0002509676   0.0003045748   0.0001455257
       -0.0000795800  -0.0002554367  -0.0001909565
       -0.0005450930  -0.0002122312  -0.0008177923  -0.0032981355  -0.0043793440
        0.0022395662  -0.0561476534   0.0016148078  -0.1180218328  -0.0249212680
        0.0016938160   0.4996900994   0.0096689029  -0.0125746243  -0.0697534489
       -0.0015189975   0.0022228167   0.0009425941  -0.0000096989   0.0001997929
        0.0000430964   0.0000949594   0.0000282488   0.0001790686   0.0015340652
        0.0010390929   0.0004370046   0.0001170982   0.0000895205   0.0000376589
        0.0002821398   0.0005568868   0.0007161657   0.0012293246   0.0007039789
        0.0017762133  -0.0212550865   0.0003541045  -0.0236955007   0.0700587356
       -0.0118589842  -0.2388647985   0.0194372201   0.0263956516  -0.0509723446
       -0.0119141107   0.0154585432   0.0013208019   0.0168507552  -0.0227640806
       -0.0059555089  -0.0003067433   0.0009632299   0.0003200351   0.0004540223
        0.0006616031   0.0006441372   0.0000853542   0.0000201510  -0.0000148798
        0.0001042094  -0.0002129802  -0.0002503349
       -0.0000175568   0.0000000565  -0.0001344817   0.0027830485  -0.0000000689
        0.0016246815  -0.0191017300   0.0191791894  -0.0020223093  -0.1014452151
        0.0537409945   0.0096689029   0.5005989670  -0.0000000962   0.0058445042
       -0.1014469411  -0.0537448409   0.0096687959  -0.0191023664  -0.0191799587
       -0.0020226583  -0.0000319980   0.0000015388  -0.0001490774  -0.0002142011
       -0.0000000600   0.0004018152  -0.0000319759  -0.0000014779  -0.0001490517
        0.0004790765  -0.0000000007  -0.0001425365  -0.0038123570   0.0006795079
       -0.0030552563   0.0009163824  -0.0002937204   0.0005427326  -0.0091799471
        0.0118016781   0.0051289535   0.0078166861  -0.0108534781  -0.0013111220
       -0.1683707546   0.0000038363  -0.1104595206  -0.0855802601  -0.0000005412
        0.0852606284  -0.0091788904  -0.0118000958   0.0051283429   0.0078163015
        0.0108533403  -0.0013107363  -0.0038125456  -0.0006794904  -0.0030553166
        0.0009162770   0.0002936872   0.0005427094
        0.0000000043  -0.0005714625  -0.0000000338   0.0000000013  -0.0005569118
        0.0000000052   0.0076516960  -0.0022114826   0.0034379311   0.0530360958
       -0.1425773196  -0.0125746243  -0.0000000962   0.4305612068  -0.0000031183
       -0.0530390326  -0.1425813834   0.0125744703  -0.0076513203  -0.0022109232
       -0.0034379509   0.0000845937  -0.0000249494   0.0000070988  -0.0000000335
        0.0003907706   0.0000000330  -0.0000845746  -0.0000249392  -0.0000071098
       -0.0000000119   0.0000288996  -0.0000000041  -0.0003440721   0.0008564430
        0.0000716362  -0.0003940057   0.0003416507   0.0000058985   0.0041814606
       -0.0041522461  -0.0028595011   0.0121796882  -0.0242728635  -0.0027412385
        0.0000035745  -0.0430290553   0.0000027799  -0.0000006135  -0.0427368137
        0.0000011038  -0.0041814871  -0.0041525435   0.0028594555  -0.0121799847
       -0.0242740782   0.0027406893   0.0003441792   0.0008563929  -0.0000715628
        0.0003939384   0.0003416082  -0.0000059579
        0.0002061430  -0.0000000918   0.0002247409   0.0016641814  -0.0000000109
        0.0012392785  -0.0115314318   0.0145141783   0.0012849721   0.0092232466
       -0.0119436969  -0.0697534489   0.0058445042  -0.0000031183   0.5242789386
        0.0092234471   0.0119438706  -0.0697531074  -0.0115310567  -0.0145137830
        0.0012846559   0.0000445796  -0.0000315208  -0.0001228701  -0.0003910402
        0.0000000768  -0.0003326552   0.0000446073   0.0000315210  -0.0001228756
        0.0001286058   0.0000000198   0.0000495900  -0.0039171735   0.0005280470
       -0.0019452124  -0.0005443226   0.0005433846   0.0006177881   0.0175269487
       -0.0234978806  -0.0062054494  -0.0020710487   0.0038912673   0.0009597359
       -0.1098373485   0.0000031016  -0.1452522358   0.0849242959   0.0000009473
       -0.2298791491   0.0175261263   0.0234973808  -0.0062049410  -0.0020717038
       -0.0038924178   0.0009598506  -0.0039171343  -0.0005279597  -0.0019452589
       -0.0005444257  -0.0005433155   0.0006176531
        0.0005081023  -0.0003014620  -0.0006585910  -0.0197236051   0.0088874953
       -0.0099997594   0.0006135831  -0.0016837918   0.0000339795   0.0088822713
        0.0091427565  -0.0015189975  -0.1014469411  -0.0530390326   0.0092234471
        0.4592132155  -0.0348779458  -0.0249210772  -0.1283194619  -0.0029174949
       -0.0555814300   0.0003032868  -0.0001179555  -0.0000170508   0.0001188514
        0.0001117360  -0.0003632507  -0.0000542300   0.0001169435   0.0000242525
       -0.0012461715   0.0024423149  -0.0001130091   0.0000493462  -0.0001001953
        0.0000687059   0.0000362274   0.0000645781  -0.0000519643   0.0004951000
        0.0004944878  -0.0004123340  -0.0009431146   0.0034147268   0.0001500336
       -0.0146795821  -0.0184322503   0.0010749714  -0.0087693625  -0.0120185157
        0.0039134000  -0.0679344957  -0.0025574571   0.0704587804  -0.1157930578
        0.1043688914   0.0196584198  -0.0168451496  -0.0034116187  -0.0128692744
        0.0055351880   0.0004137894   0.0019007483
        0.0000384374   0.0003080366   0.0006219538   0.0198624818  -0.0020995833
        0.0146441165  -0.0020756930   0.0025226327  -0.0005983774  -0.0091430486
       -0.0305923703   0.0022228167  -0.0537448409  -0.1425813834   0.0119438706
       -0.0348779458   0.4865600988  -0.0016878270  -0.0002188969  -0.0648014185
        0.0000666968  -0.0001161456   0.0000795174   0.0000636783  -0.0008462693
        0.0003849231  -0.0000830388   0.0000812469  -0.0003909756  -0.0000353828
        0.0038583917  -0.0038187631   0.0002829348  -0.0002508964   0.0003046234
       -0.0001453773   0.0000796126  -0.0002553372   0.0001910336  -0.0007100913
        0.0009769590   0.0005021942   0.0029586211  -0.0045726583  -0.0003790804
       -0.0036106199  -0.0025336993  -0.0004358790  -0.0037159404  -0.0037719684
        0.0030663793  -0.0014883809  -0.0451558195   0.0103007316   0.1033216923
       -0.1899458997  -0.0261124510  -0.0185974658  -0.0012911592  -0.0143366800
       -0.0008042489   0.0006742447  -0.0000923125
       -0.0005452208   0.0002123923  -0.0008178127  -0.0032976636   0.0043791507
        0.0022398394  -0.0000098504  -0.0001997171   0.0000429123  -0.0015193036
       -0.0022234227   0.0009425941   0.0096687959   0.0125744703  -0.0697531074
       -0.0249210772  -0.0016878270   0.4996813747  -0.0561459287  -0.0016137912
       -0.1180194355   0.0001171394  -0.0000895304   0.0000377657   0.0015345802
       -0.0010391960   0.0004371705   0.0000948673  -0.0000282322   0.0001790796
        0.0002821208  -0.0005569763   0.0007162073   0.0000853834  -0.0000202166
       -0.0000149208   0.0001041962   0.0002128415  -0.0002504252  -0.0003068032
       -0.0009631503   0.0003199616   0.0004541853  -0.0006619613   0.0006439852
       -0.0119148771  -0.0154585404   0.0013203522   0.0168508858   0.0227636856
       -0.0059551178   0.0700444252   0.0118705824  -0.2388535610   0.0194496841
       -0.0264125354  -0.0509781339   0.0012295159  -0.0007039816   0.0017763956
       -0.0212550548  -0.0003540443  -0.0236951238
       -0.0137208931   0.0139964952   0.0094917697  -0.0912490652   0.0412519448
       -0.0028387855   0.0083642404  -0.0083339508  -0.0000557161   0.0006136821
        0.0020757933  -0.0000096989  -0.0191023664  -0.0076513203  -0.0115310567
       -0.1283194619  -0.0002188969  -0.0561459287   0.4564766694   0.0419194546
       -0.0288854961  -0.0010818373  -0.0003546617   0.0028874414   0.0002414116
       -0.0003839870  -0.0003450216   0.0006220805   0.0004313913  -0.0000879941
       -0.0145414844   0.0190817450  -0.0019085631  -0.0009685327  -0.0035481060
        0.0000141650   0.0001710518  -0.0001158797  -0.0001722704   0.0000350836
       -0.0001404734  -0.0001372233   0.0001038476   0.0002366268  -0.0000115899
       -0.0016632754  -0.0033972097   0.0000857382   0.0003667853   0.0004092793
       -0.0005587586   0.0052902009  -0.0000526318   0.0026475486  -0.0156644090
        0.0026687232  -0.0121478424  -0.1144360947  -0.1026784985   0.0213231650
       -0.0715376330   0.0048041624   0.0783861175
        0.0052765752  -0.0034630041  -0.0060476569   0.0454191152  -0.1340281992
       -0.0004324780   0.0083337247  -0.0270671724  -0.0015879721   0.0016838019
        0.0025226595   0.0001997929  -0.0191799587  -0.0022109232  -0.0145137830
       -0.0029174949  -0.0648014185  -0.0016137912   0.0419194546   0.4734344317
       -0.0033400533  -0.0000475074   0.0006806413  -0.0001843606   0.0000620093
        0.0004402956  -0.0000230436  -0.0005463619   0.0017249037   0.0001256821
        0.0050385828  -0.0036395346   0.0007204532  -0.0024810876  -0.0042575451
        0.0002283548   0.0002325486  -0.0001121627  -0.0002983843  -0.0000314747
       -0.0000924559  -0.0002252741   0.0001026953   0.0002162327   0.0000004175
       -0.0035013507  -0.0039132725  -0.0000002334   0.0002778758   0.0004566869
       -0.0004663559   0.0001742024   0.0004556954   0.0001768525   0.0177344153
       -0.0014160509   0.0142604012  -0.1034796366  -0.1894154442   0.0298717050
        0.0059298715  -0.0455143634  -0.0168502729
        0.0204144483  -0.0218072250  -0.0082606542  -0.0036889038  -0.0019319238
       -0.0618963983  -0.0000557148   0.0015882341   0.0013185224   0.0000340074
        0.0005984842   0.0000430964  -0.0020226583  -0.0034379509   0.0012846559
       -0.0555814300   0.0000666968  -0.1180194355  -0.0288854961  -0.0033400533
        0.5034002086   0.0034791030  -0.0007082545  -0.0047206643   0.0005340747
       -0.0002684161   0.0008453547  -0.0006069832  -0.0005647188   0.0001791841
       -0.0118392768   0.0156979382   0.0000111806   0.0005619508   0.0003597212
        0.0004920226   0.0000591728   0.0001963992   0.0001923840  -0.0000561274
        0.0000074031  -0.0000876781   0.0000071559   0.0000059963   0.0000144168
        0.0004972099   0.0003705958   0.0007340643   0.0006995531   0.0003156977
        0.0008123508  -0.0233854313   0.0001699229  -0.0248921932   0.0010454344
        0.0006019451   0.0013054134   0.0222276341   0.0291077736  -0.0499363487
        0.0765622772  -0.0170282658  -0.2428194823
       -0.1465695285   0.1445174718   0.0039747412  -0.0097349766   0.0117680599
        0.0042414202   0.0006224027   0.0005467714  -0.0006071623  -0.0000542541
       -0.0000812777   0.0000949594  -0.0000319980   0.0000845937   0.0000445796
        0.0003032868  -0.0001161456   0.0001171394  -0.0010818373  -0.0000475074
        0.0034791030   0.1575297820  -0.1606789616  -0.0062257491  -0.0126752493
        0.0176452594  -0.0037555449   0.0113336990  -0.0125939820  -0.0006072390
        0.0006955922  -0.0001864908  -0.0006289762  -0.0000117802  -0.0008952650
        0.0004295849   0.0002302094  -0.0000528824  -0.0001534706  -0.0002864117
       -0.0000276100  -0.0003613678   0.0000303910   0.0000170670  -0.0000106116
        0.0000691867  -0.0000828747   0.0001005799   0.0000655462  -0.0000953863
       -0.0000649714  -0.0000037790   0.0000295265  -0.0000164515   0.0000876881
       -0.0001826929   0.0000068527  -0.0000923906  -0.0003458944   0.0000308002
       -0.0004255788   0.0007782209  -0.0000882158
        0.1414578410  -0.2450322288  -0.0060457458   0.0033677839  -0.0002658666
       -0.0050235376  -0.0004317688   0.0017256080   0.0005648390  -0.0001169688
       -0.0003910046   0.0000282488   0.0000015388  -0.0000249494  -0.0000315208
       -0.0001179555   0.0000795174  -0.0000895304  -0.0003546617   0.0006806413
       -0.0007082545  -0.1606789616   0.2696551085   0.0085796870   0.0042705062
       -0.0002520852   0.0025725659   0.0125850654  -0.0261880191  -0.0003336902
       -0.0001506204   0.0003960991   0.0002149355   0.0005016251  -0.0004600017
        0.0000708859  -0.0002644139  -0.0002723310   0.0001268723   0.0000455448
        0.0000797984  -0.0000037748  -0.0002192123  -0.0000774115   0.0000405028
       -0.0000270049   0.0000149019  -0.0000187472  -0.0000166922   0.0000376006
        0.0000532921  -0.0000495553  -0.0000287660  -0.0000391431  -0.0000584707
        0.0000499999  -0.0000358137   0.0000286056   0.0001598177  -0.0000481623
        0.0002277753   0.0001135708   0.0001260913
        0.0060232358  -0.0098687332  -0.0425585901   0.0128417573  -0.0176863790
       -0.0017805626  -0.0000881704  -0.0001260996   0.0001799081   0.0000244234
        0.0000354233   0.0001790686  -0.0001490774   0.0000070988  -0.0001228701
       -0.0000170508   0.0000636783   0.0000377657   0.0028874414  -0.0001843606
       -0.0047206643  -0.0062257491   0.0085796870   0.0453352209  -0.0157729932
        0.0196382389   0.0009011440  -0.0006052570   0.0003295727   0.0028966217
        0.0005185799  -0.0007577873  -0.0005113617   0.0001936918   0.0007610981
        0.0002493803   0.0000521594  -0.0000933972   0.0000213613  -0.0001734971
       -0.0000087292  -0.0001000133  -0.0001098704   0.0000134114   0.0000553551
       -0.0000687055   0.0000153348   0.0000548906   0.0000125080  -0.0000392557
        0.0000167592  -0.0000387713  -0.0000168594  -0.0000309126  -0.0001059289
        0.0000624374   0.0000685590  -0.0000677005   0.0003112260  -0.0000851054
        0.0008689745  -0.0010356054  -0.0000859544
       -0.1518325693   0.0000230435  -0.1417877764   0.0129369520  -0.0000015929
        0.0060018869   0.0002412285  -0.0000620043   0.0005340347   0.0001185563
        0.0008457975   0.0015340652  -0.0002142011  -0.0000000335  -0.0003910402
        0.0001188514  -0.0008462693   0.0015345802   0.0002414116   0.0000620093
        0.0005340747  -0.0126752493   0.0042705062  -0.0157729932   0.1642223293
       -0.0000263155   0.1646110471  -0.0126804393  -0.0042651926  -0.0157782168
       -0.0008204875   0.0000000661   0.0034606556  -0.0002017433   0.0000354207
       -0.0000180571  -0.0001880803  -0.0001828270  -0.0000677105   0.0004806380
       -0.0004746696  -0.0016264890   0.0001873877  -0.0000750941  -0.0004664679
       -0.0002833002  -0.0000000127   0.0000452124   0.0000698982   0.0000000356
       -0.0001672065   0.0004807804   0.0004746436  -0.0016271411   0.0001876082
        0.0000751860  -0.0004667009  -0.0002016134  -0.0000354298  -0.0000180430
       -0.0001879580   0.0001827327  -0.0000677141
        0.0000238485  -0.0438857893   0.0000312972  -0.0000006300   0.0007658447
        0.0000006804   0.0003840152   0.0004402535   0.0002680051  -0.0001119004
        0.0003848435   0.0010390929  -0.0000000600   0.0003907706   0.0000000768
        0.0001117360   0.0003849231  -0.0010391960  -0.0003839870   0.0004402956
       -0.0002684161   0.0176452594  -0.0002520852   0.0196382389  -0.0000263155
        0.0422492848  -0.0000348837  -0.0176418162  -0.0002436174  -0.0196346222
        0.0000001219   0.0007516414  -0.0000004585   0.0001602903  -0.0004854520
        0.0002559730  -0.0001184834  -0.0000545189  -0.0000862423  -0.0004409147
        0.0000062027  -0.0011719915   0.0000138671  -0.0001304505  -0.0002616657
        0.0000000305   0.0000895394  -0.0000000306  -0.0000000110  -0.0001875560
       -0.0000000042   0.0004406698   0.0000062945   0.0011722381  -0.0000138879
       -0.0001304407   0.0002617373  -0.0001603326  -0.0004854723  -0.0002560153
        0.0001184998  -0.0000545116   0.0000861864
       -0.1496205549   0.0000317111  -0.2344708608  -0.0098985989   0.0000020429
       -0.0251093227  -0.0003444963   0.0000234899   0.0008447486  -0.0003632865
        0.0000829076   0.0004370046   0.0004018152   0.0000000330  -0.0003326552
       -0.0003632507  -0.0000830388   0.0004371705  -0.0003450216  -0.0000230436
        0.0008453547  -0.0037555449   0.0025725659   0.0009011440   0.1646110471
       -0.0000348837   0.2591030214  -0.0037586999  -0.0025718079   0.0008980208
        0.0032683863   0.0000002024  -0.0047478896  -0.0000193856   0.0001423527
       -0.0002514094  -0.0001599862  -0.0000718101   0.0002146599   0.0004518626
        0.0003431485   0.0003269915  -0.0001176434  -0.0001520546   0.0001608665
       -0.0002117928  -0.0000000138   0.0001316069   0.0000702026  -0.0000000031
        0.0001605846   0.0004519247  -0.0003431658   0.0003268949  -0.0001175077
        0.0001520425   0.0001608160  -0.0000193901  -0.0001425627  -0.0002514152
       -0.0001600790   0.0000718877   0.0002146682
       -0.1466392416  -0.1445424139   0.0039560357  -0.0097378149  -0.0117664884
        0.0042408121  -0.0010815235   0.0000478744   0.0034786140   0.0003033603
        0.0001161500   0.0001170982  -0.0000319759  -0.0000845746   0.0000446073
       -0.0000542300   0.0000812469   0.0000948673   0.0006220805  -0.0005463619
       -0.0006069832   0.0113336990   0.0125850654  -0.0006052570  -0.0126804393
       -0.0176418162  -0.0037586999   0.1576067483   0.1607070400  -0.0062047113
        0.0006961375   0.0001865980  -0.0006293386  -0.0000923489   0.0003459385
        0.0000307928  -0.0004255298  -0.0007781268  -0.0000882603  -0.0000037963
       -0.0000295202  -0.0000163890   0.0000876688   0.0001826797   0.0000069048
        0.0000691823   0.0000828677   0.0001005863   0.0000655403   0.0000953608
       -0.0000649715  -0.0002863314   0.0000276240  -0.0003611508   0.0000304601
       -0.0000170833  -0.0000105689  -0.0000118898   0.0008950819   0.0004294849
        0.0002302442   0.0000528582  -0.0001534728
       -0.1414832006  -0.2449669707   0.0060162606  -0.0033663984  -0.0002654623
        0.0050223451   0.0003543382   0.0006805625   0.0007082789   0.0001178570
        0.0000795017   0.0000895205  -0.0000014779  -0.0000249392   0.0000315210
        0.0001169435  -0.0003909756  -0.0000282322   0.0004313913   0.0017249037
       -0.0005647188  -0.0125939820  -0.0261880191   0.0003295727  -0.0042651926
       -0.0002436174  -0.0025718079   0.1607070400   0.2695815644  -0.0085459758
        0.0001506643   0.0003963791  -0.0002149321  -0.0000286917   0.0001597043
        0.0000481848  -0.0002278237   0.0001135213  -0.0001260281   0.0000495348
       -0.0000286899   0.0000391983   0.0000584150   0.0000499719   0.0000358613
        0.0000270807   0.0000149020   0.0000187141   0.0000166513   0.0000375834
       -0.0000532610  -0.0000454143   0.0000796054   0.0000037818   0.0002191506
       -0.0000773693  -0.0000404741  -0.0005012367  -0.0004599595  -0.0000710110
        0.0002643511  -0.0002721966  -0.0001267981
        0.0060050174   0.0098377532  -0.0425558588   0.0128450278   0.0176838603
       -0.0017785003   0.0028879646   0.0001843377  -0.0047205699  -0.0000169120
       -0.0000635968   0.0000376589  -0.0001490517  -0.0000071098  -0.0001228756
        0.0000242525  -0.0000353828   0.0001790796  -0.0000879941   0.0001256821
        0.0001791841  -0.0006072390  -0.0003336902   0.0028966217  -0.0157782168
       -0.0196346222   0.0008980208  -0.0062047113  -0.0085459758   0.0453338820
        0.0005190317   0.0007580971  -0.0005111865  -0.0000677394  -0.0003112138
       -0.0000851212   0.0008688469   0.0010355318  -0.0000859861  -0.0000387067
        0.0000169146  -0.0000308328  -0.0001060605  -0.0000624682   0.0000686291
       -0.0000686820  -0.0000153244   0.0000548708   0.0000124984   0.0000392535
        0.0000167817  -0.0001736179   0.0000086670  -0.0001000563  -0.0001097545
       -0.0000133643   0.0000553482   0.0001937045  -0.0007607107   0.0002495626
        0.0000523421   0.0000933615   0.0000213480
        0.0069324380  -0.0000004522   0.0146487881  -0.1315853644   0.0000002544
       -0.1101848706  -0.0145418799  -0.0050387127  -0.0118394466  -0.0012463614
       -0.0038584756   0.0002821398   0.0004790765  -0.0000000119   0.0001286058
       -0.0012461715   0.0038583917   0.0002821208  -0.0145414844   0.0050385828
       -0.0118392768   0.0006955922  -0.0001506204   0.0005185799  -0.0008204875
        0.0000001219   0.0032683863   0.0006961375   0.0001506643   0.0005190317
        0.1565400124   0.0000001478   0.1154053049   0.0003061099   0.0002107797
        0.0000469938  -0.0004606598  -0.0000997753  -0.0001600446   0.0000510198
        0.0000526111   0.0002599839  -0.0006758478   0.0000978115  -0.0006651852
        0.0002608818  -0.0000000089  -0.0000003992  -0.0000634307  -0.0000000004
       -0.0001524074   0.0000510333  -0.0000526043   0.0002599438  -0.0006759405
       -0.0000977555  -0.0006651505   0.0003060845  -0.0002107745   0.0000469652
       -0.0004607581   0.0000998264  -0.0001600630
       -0.0000004573   0.0006435895   0.0000000656   0.0000002361  -0.0416773752
       -0.0000000974  -0.0190817569  -0.0036396293  -0.0156977227  -0.0024425049
       -0.0038188656   0.0005568868  -0.0000000007   0.0000288996   0.0000000198
        0.0024423149  -0.0038187631  -0.0005569763   0.0190817450  -0.0036395346
        0.0156979382  -0.0001864908   0.0003960991  -0.0007577873   0.0000000661
        0.0007516414   0.0000002024   0.0001865980   0.0003963791   0.0007580971
        0.0000001478   0.0529540961  -0.0000006555  -0.0001193165   0.0001406673
       -0.0005540794  -0.0001972533   0.0004995038  -0.0004536119   0.0001123292
        0.0000232110   0.0000456704  -0.0010052017   0.0000291034  -0.0009459507
        0.0000000211   0.0001083635   0.0000000278  -0.0000000106  -0.0000697226
       -0.0000000119  -0.0001122508   0.0000232900  -0.0000455964   0.0010052084
        0.0000289419   0.0009459103   0.0001192812   0.0001406783   0.0005540395
        0.0001972956   0.0004994263   0.0004536316
       -0.0115114958   0.0000008341  -0.0333048390  -0.1043743616   0.0000002497
       -0.1620585827  -0.0019084234  -0.0007204216   0.0000112735  -0.0001129728
       -0.0002829334   0.0007161657  -0.0001425365  -0.0000000041   0.0000495900
       -0.0001130091   0.0002829348   0.0007162073  -0.0019085631   0.0007204532
        0.0000111806  -0.0006289762   0.0002149355  -0.0005113617   0.0034606556
       -0.0000004585  -0.0047478896  -0.0006293386  -0.0002149321  -0.0005111865
        0.1154053049  -0.0000006555   0.1975396717   0.0001927602  -0.0001640888
       -0.0000165487   0.0008627750   0.0006244084   0.0007402704   0.0001599214
        0.0000421684   0.0002294142  -0.0000306501   0.0000571065  -0.0000071573
        0.0001204234  -0.0000000011   0.0001326354  -0.0000264233  -0.0000000005
        0.0000652094   0.0001598153  -0.0000421761   0.0002293895  -0.0000305818
       -0.0000570862  -0.0000072213   0.0001928074   0.0001640975  -0.0000165147
        0.0008628689  -0.0006244303   0.0007402936
        0.0009942808  -0.0010040827  -0.0007227374   0.0072432116  -0.0133484112
       -0.0015803041  -0.1144303470   0.1034700991   0.0222279475  -0.0168455423
        0.0185976816   0.0012293246  -0.0038123570  -0.0003440721  -0.0039171735
        0.0000493462  -0.0002508964   0.0000853834  -0.0009685327  -0.0024810876
        0.0005619508  -0.0000117802   0.0005016251   0.0001936918  -0.0002017433
        0.0001602903  -0.0000193856  -0.0000923489  -0.0000286917  -0.0000677394
        0.0003061099  -0.0001193165   0.0001927602   0.1351966898  -0.1174403107
       -0.0243408665  -0.0080009673   0.0119070935   0.0060665957   0.0008530547
        0.0000711763   0.0003958981  -0.0002180614   0.0001912993   0.0002171074
       -0.0007485101   0.0012798682  -0.0000501130   0.0002855773  -0.0002406117
       -0.0002711346   0.0000016036  -0.0000321462  -0.0000312251   0.0001340953
       -0.0000891971  -0.0000151169   0.0003336818  -0.0007575201  -0.0000751220
       -0.0000674608  -0.0000427895  -0.0000797413
        0.0009687047   0.0016152366  -0.0005263723   0.0112464207  -0.0278454961
       -0.0042814979   0.1026691963  -0.1894047886  -0.0291080040   0.0034118631
       -0.0012914512   0.0007039789   0.0006795079   0.0008564430   0.0005280470
       -0.0001001953   0.0003046234  -0.0000202166  -0.0035481060  -0.0042575451
        0.0003597212  -0.0008952650  -0.0004600017   0.0007610981   0.0000354207
       -0.0004854520   0.0001423527   0.0003459385   0.0001597043  -0.0003112138
        0.0002107797   0.0001406673  -0.0001640888  -0.1174403107   0.2213920135
        0.0342666673   0.0025259766  -0.0004173187  -0.0025036719  -0.0002893670
        0.0001711813   0.0000272659  -0.0001797882   0.0004580200  -0.0001244903
       -0.0000440549  -0.0000970784  -0.0000681024  -0.0001230174   0.0000318603
        0.0000841475  -0.0000081002  -0.0000208959  -0.0000123243  -0.0000896568
        0.0002368603  -0.0000003762   0.0007575633  -0.0012367804   0.0000281511
       -0.0001335098   0.0001501981   0.0002189287
       -0.0006960752   0.0007895930   0.0007237189   0.0002308882   0.0031400209
       -0.0004033222   0.0213235245  -0.0298721109  -0.0499387565  -0.0128692944
        0.0143366637   0.0017762133  -0.0030552563   0.0000716362  -0.0019452124
        0.0000687059  -0.0001453773  -0.0000149208   0.0000141650   0.0002283548
        0.0004920226   0.0004295849   0.0000708859   0.0002493803  -0.0000180571
        0.0002559730  -0.0002514094   0.0000307928   0.0000481848  -0.0000851212
        0.0000469938  -0.0005540794  -0.0000165487  -0.0243408665   0.0342666673
        0.0571146942   0.0195129119  -0.0242444484  -0.0091366677  -0.0001311185
        0.0006131214   0.0005192119   0.0002935176   0.0001650090   0.0002325762
       -0.0005739225   0.0007611164   0.0001921999  -0.0001132249   0.0000026920
       -0.0000037863  -0.0000268317  -0.0000247614   0.0000248460  -0.0000028234
        0.0000309940   0.0001197963  -0.0000750968  -0.0000282073   0.0001388610
       -0.0000485173   0.0000880724   0.0002122247
       -0.0026715913  -0.0034159166   0.0016550232  -0.0062475592  -0.0020157980
        0.0133189780  -0.0715384408  -0.0059308594   0.0765686715   0.0055355037
        0.0008045552  -0.0212550865   0.0009163824  -0.0003940057  -0.0005443226
        0.0000362274   0.0000796126   0.0001041962   0.0001710518   0.0002325486
        0.0000591728   0.0002302094  -0.0002644139   0.0000521594  -0.0001880803
       -0.0001184834  -0.0001599862  -0.0004255298  -0.0002278237   0.0008688469
       -0.0004606598  -0.0001972533   0.0008627750  -0.0080009673   0.0025259766
        0.0195129119   0.0850202094   0.0078410615  -0.0864024733  -0.0029486691
        0.0003629431  -0.0040218767   0.0006814935   0.0001901802  -0.0004784885
        0.0000234980   0.0000492819  -0.0000084680  -0.0003001073   0.0002792380
        0.0000834202  -0.0000964287  -0.0000580919   0.0000010078   0.0000793187
        0.0000652068  -0.0001090650  -0.0000675029   0.0001335280  -0.0000485962
        0.0002516423   0.0000585136  -0.0000588000
       -0.0035554789  -0.0041171566   0.0018192060  -0.0094011890  -0.0024942069
        0.0202376364  -0.0048052169  -0.0455130025   0.0170303784  -0.0004135844
        0.0006743182   0.0003541045  -0.0002937204   0.0003416507   0.0005433846
        0.0000645781  -0.0002553372   0.0002128415  -0.0001158797  -0.0001121627
        0.0001963992  -0.0000528824  -0.0002723310  -0.0000933972  -0.0001828270
       -0.0000545189  -0.0000718101  -0.0007781268   0.0001135213   0.0010355318
       -0.0000997753   0.0004995038   0.0006244084   0.0119070935  -0.0004173187
       -0.0242444484   0.0078410615   0.0514468550  -0.0163340217  -0.0001768392
        0.0008177356  -0.0002701174  -0.0001816651   0.0001772845  -0.0008759364
       -0.0000043291  -0.0000643930  -0.0001246627   0.0003415531  -0.0000019034
        0.0000011491  -0.0000270649  -0.0000069969  -0.0001311115  -0.0000499922
        0.0000115647   0.0001284302   0.0000428049   0.0001501565  -0.0000882403
       -0.0000585198  -0.0009232626   0.0000502757
        0.0002579595   0.0006446839   0.0011804586   0.0037045181   0.0020871334
       -0.0055626965   0.0783925378   0.0168521114  -0.2428330463   0.0019009056
        0.0000926148  -0.0236955007   0.0005427326   0.0000058985   0.0006177881
       -0.0000519643   0.0001910336  -0.0002504252  -0.0001722704  -0.0002983843
        0.0001923840  -0.0001534706   0.0001268723   0.0000213613  -0.0000677105
       -0.0000862423   0.0002146599  -0.0000882603  -0.0001260281  -0.0000859861
       -0.0001600446  -0.0004536119   0.0007402704   0.0060665957  -0.0025036719
       -0.0091366677  -0.0864024733  -0.0163340217   0.2797596888  -0.0037099161
        0.0001219495  -0.0029875625   0.0003572958  -0.0000124928   0.0003233427
        0.0002203873  -0.0001827686   0.0002172494  -0.0004369516   0.0002655121
        0.0002544670  -0.0000703423  -0.0000921841   0.0001986011   0.0000090074
       -0.0000291190   0.0001429020  -0.0000797372  -0.0002189532   0.0002121582
       -0.0000587990  -0.0000503313   0.0004765533
       -0.0012291259  -0.0004666744  -0.0006583826   0.0002177923  -0.0001070259
        0.0002058991   0.0052903604  -0.0001732659  -0.0233857979  -0.0679409881
        0.0014847357   0.0700587356  -0.0091799471   0.0041814606   0.0175269487
        0.0004951000  -0.0007100913  -0.0003068032   0.0000350836  -0.0000314747
       -0.0000561274  -0.0002864117   0.0000455448  -0.0001734971   0.0004806380
       -0.0004409147   0.0004518626  -0.0000037963   0.0000495348  -0.0000387067
        0.0000510198   0.0001123292   0.0001599214   0.0008530547  -0.0002893670
       -0.0001311185  -0.0029486691  -0.0001768392  -0.0037099161   0.0837743359
       -0.0046934151  -0.0812137669  -0.0081727913  -0.0027072146   0.0204330142
        0.0001005871  -0.0000922937   0.0004944438  -0.0018383497   0.0040170674
        0.0007477349   0.0004198686   0.0001703387  -0.0002367698  -0.0000228072
       -0.0002076463  -0.0000705775   0.0000015382   0.0000081332  -0.0000267500
       -0.0000964921   0.0000270784  -0.0000703466
       -0.0006440175  -0.0000833847  -0.0005272114   0.0000359304  -0.0001414173
       -0.0003339563   0.0000523514   0.0004559477  -0.0001693016   0.0025535126
       -0.0451525634  -0.0118589842   0.0118016781  -0.0041522461  -0.0234978806
        0.0004944878   0.0009769590  -0.0009631503  -0.0001404734  -0.0000924559
        0.0000074031  -0.0000276100   0.0000797984  -0.0000087292  -0.0004746696
        0.0000062027   0.0003431485  -0.0000295202  -0.0000286899   0.0000169146
        0.0000526111   0.0000232110   0.0000421684   0.0000711763   0.0001711813
        0.0006131214   0.0003629431   0.0008177356   0.0001219495  -0.0046934151
        0.0515989997   0.0118907813  -0.0118933428  -0.0010168757   0.0250895428
       -0.0005163744   0.0006853367  -0.0001634709   0.0031237142  -0.0040673880
       -0.0012470285  -0.0001703086  -0.0002364162   0.0003886045  -0.0000488833
        0.0001840387   0.0001388496   0.0000321306  -0.0000209128   0.0000249550
        0.0000580792  -0.0000070607   0.0000922743
        0.0007095159   0.0004357061   0.0012892080   0.0012973526   0.0004973724
       -0.0007668141   0.0026481229  -0.0001760766  -0.0248944219   0.0704722789
       -0.0102902249  -0.2388647985   0.0051289535  -0.0028595011  -0.0062054494
       -0.0004123340   0.0005021942   0.0003199616  -0.0001372233  -0.0002252741
       -0.0000876781  -0.0003613678  -0.0000037748  -0.0001000133  -0.0016264890
       -0.0011719915   0.0003269915  -0.0000163890   0.0000391983  -0.0000308328
        0.0002599839   0.0000456704   0.0002294142   0.0003958981   0.0000272659
        0.0005192119  -0.0040218767  -0.0002701174  -0.0029875625  -0.0812137669
        0.0118907813   0.2792895915   0.0064459480   0.0026010466  -0.0100505198
       -0.0001755142   0.0002970690   0.0005853175   0.0009258780  -0.0013845155
        0.0006327296  -0.0002366945  -0.0003885027   0.0004115594  -0.0000519935
        0.0002902872   0.0001607858  -0.0000312350   0.0000123021   0.0000247516
        0.0000009522   0.0001310852   0.0001985679
       -0.0000548176  -0.0000197980  -0.0002594460  -0.0039503769  -0.0003264156
       -0.0033357347  -0.0156621964  -0.0177327951   0.0010451590  -0.1157947339
       -0.1033226714   0.0194372201   0.0078166861   0.0121796882  -0.0020710487
       -0.0009431146   0.0029586211   0.0004541853   0.0001038476   0.0001026953
        0.0000071559   0.0000303910  -0.0002192123  -0.0001098704   0.0001873877
        0.0000138671  -0.0001176434   0.0000876688   0.0000584150  -0.0001060605
       -0.0006758478  -0.0010052017  -0.0000306501  -0.0002180614  -0.0001797882
        0.0002935176   0.0006814935  -0.0001816651   0.0003572958  -0.0081727913
       -0.0118933428   0.0064459480   0.1348867924   0.1178379621  -0.0217971543
        0.0004308665   0.0004190576   0.0000441032   0.0005792886   0.0002674641
       -0.0001499837  -0.0000228366   0.0000488771  -0.0000519581   0.0004768209
        0.0008545511  -0.0000611989   0.0001341026   0.0000896800  -0.0000028602
        0.0000794310   0.0000500113   0.0000090240
        0.0001232946   0.0001327482  -0.0000112771  -0.0002717077   0.0009844735
       -0.0001837632  -0.0026676016  -0.0014150856  -0.0006020874  -0.1043699091
       -0.1899482147   0.0263956516  -0.0108534781  -0.0242728635   0.0038912673
        0.0034147268  -0.0045726583  -0.0006619613   0.0002366268   0.0002162327
        0.0000059963   0.0000170670  -0.0000774115   0.0000134114  -0.0000750941
       -0.0001304505  -0.0001520546   0.0001826797   0.0000499719  -0.0000624682
        0.0000978115   0.0000291034   0.0000571065   0.0001912993   0.0004580200
        0.0001650090   0.0001901802   0.0001772845  -0.0000124928  -0.0027072146
       -0.0010168757   0.0026010466   0.1178379621   0.2196118276  -0.0313609432
       -0.0001712299   0.0000803847   0.0002810866  -0.0005524442   0.0004724928
       -0.0000420629   0.0002075688   0.0001839321  -0.0002903507  -0.0008545306
       -0.0012114547  -0.0000290476   0.0000892105   0.0002368628  -0.0000311108
       -0.0000652173   0.0000116802   0.0000290445
        0.0002804708   0.0001053398   0.0002531095  -0.0032820754   0.0000029281
       -0.0021501444  -0.0121474566  -0.0142612454   0.0013051913   0.0196449065
        0.0260942054  -0.0509723446  -0.0013111220  -0.0027412385   0.0009597359
        0.0001500336  -0.0003790804   0.0006439852  -0.0000115899   0.0000004175
        0.0000144168  -0.0000106116   0.0000405028   0.0000553551  -0.0004664679
       -0.0002616657   0.0001608665   0.0000069048   0.0000358613   0.0000686291
       -0.0006651852  -0.0009459507  -0.0000071573   0.0002171074  -0.0001244903
        0.0002325762  -0.0004784885  -0.0008759364   0.0003233427   0.0204330142
        0.0250895428  -0.0100505198  -0.0217971543  -0.0313609432   0.0585042050
       -0.0000466595   0.0004703990  -0.0001376526  -0.0002596239  -0.0006506805
        0.0001266318  -0.0000704386  -0.0001386743   0.0001608421  -0.0000612736
        0.0000289337   0.0002462643  -0.0000151393   0.0000003365   0.0001197445
       -0.0001091508  -0.0001285614   0.0001429227
        0.0000479469   0.0000000160   0.0001713114   0.0002585674   0.0000000143
        0.0000127670  -0.0016630570   0.0035011731   0.0004972982  -0.0146780987
        0.0036099194  -0.0119141107  -0.1683707546   0.0000035745  -0.1098373485
       -0.0146795821  -0.0036106199  -0.0119148771  -0.0016632754  -0.0035013507
        0.0004972099   0.0000691867  -0.0000270049  -0.0000687055  -0.0002833002
        0.0000000305  -0.0002117928   0.0000691823   0.0000270807  -0.0000686820
        0.0002608818   0.0000000211   0.0001204234  -0.0007485101  -0.0000440549
       -0.0005739225   0.0000234980  -0.0000043291   0.0002203873   0.0001005871
       -0.0005163744  -0.0001755142   0.0004308665  -0.0001712299  -0.0000466595
        0.1929960786  -0.0000027327   0.1275598218   0.0080235793  -0.0000000720
        0.0063081337   0.0001005060   0.0005164003  -0.0001755205   0.0004308067
        0.0001711332  -0.0000466835  -0.0007486015   0.0000440780  -0.0005739241
        0.0000234925   0.0000043272   0.0002203882
        0.0000000063   0.0002046677   0.0000000098   0.0000000085  -0.0001342322
       -0.0000000084   0.0033969906  -0.0039132314  -0.0003707445   0.0184314726
       -0.0025334120   0.0154585432   0.0000038363  -0.0430290553   0.0000031016
       -0.0184322503  -0.0025336993  -0.0154585404  -0.0033972097  -0.0039132725
        0.0003705958  -0.0000828747   0.0000149019   0.0000153348  -0.0000000127
        0.0000895394  -0.0000000138   0.0000828677   0.0000149020  -0.0000153244
       -0.0000000089   0.0001083635  -0.0000000011   0.0012798682  -0.0000970784
        0.0007611164   0.0000492819  -0.0000643930  -0.0001827686  -0.0000922937
        0.0006853367   0.0002970690   0.0004190576   0.0000803847   0.0004703990
       -0.0000027327   0.0525709635  -0.0000031390   0.0000000230   0.0018450655
        0.0000001268   0.0000921357   0.0006853116  -0.0002970704  -0.0004190641
        0.0000804067  -0.0004703579  -0.0012798205  -0.0000971052  -0.0007610909
       -0.0000492810  -0.0000643641   0.0001827631
       -0.0000349687  -0.0000000189   0.0000786015   0.0006279989   0.0000000081
        0.0001655505   0.0000856490   0.0000001895   0.0007340053   0.0010754235
        0.0004359313   0.0013208019  -0.1104595206   0.0000027799  -0.1452522358
        0.0010749714  -0.0004358790   0.0013203522   0.0000857382  -0.0000002334
        0.0007340643   0.0001005799  -0.0000187472   0.0000548906   0.0000452124
       -0.0000000306   0.0001316069   0.0001005863   0.0000187141   0.0000548708
       -0.0000003992   0.0000000278   0.0001326354  -0.0000501130  -0.0000681024
        0.0001921999  -0.0000084680  -0.0001246627   0.0002172494   0.0004944438
       -0.0001634709   0.0005853175   0.0000441032   0.0002810866  -0.0001376526
        0.1275598218  -0.0000031390   0.1668558968  -0.0212209879   0.0000003169
       -0.0280449362   0.0004947327   0.0001634648   0.0005853893   0.0000439463
       -0.0002810837  -0.0001378146  -0.0000501901   0.0000681169   0.0001920229
       -0.0000085599   0.0001247321   0.0002171842
        0.0000729125  -0.0000000051  -0.0003137692  -0.0004395301  -0.0000000043
        0.0004391385   0.0003668249  -0.0002779234   0.0006995735  -0.0087696139
        0.0037163188   0.0168507552  -0.0855802601  -0.0000006135   0.0849242959
       -0.0087693625  -0.0037159404   0.0168508858   0.0003667853   0.0002778758
        0.0006995531   0.0000655462  -0.0000166922   0.0000125080   0.0000698982
       -0.0000000110   0.0000702026   0.0000655403   0.0000166513   0.0000124984
       -0.0000634307  -0.0000000106  -0.0000264233   0.0002855773  -0.0001230174
       -0.0001132249  -0.0003001073   0.0003415531  -0.0004369516  -0.0018383497
        0.0031237142   0.0009258780   0.0005792886  -0.0005524442  -0.0002596239
        0.0080235793   0.0000000230  -0.0212209879   0.0971380961   0.0000000952
       -0.0992302495  -0.0018381972  -0.0031235520   0.0009257192   0.0005793444
        0.0005525388  -0.0002595982   0.0002855767   0.0001229988  -0.0001132415
       -0.0003001182  -0.0003415548  -0.0004369380
       -0.0000000068   0.0000528775   0.0000000126   0.0000000133   0.0002895989
       -0.0000000036  -0.0004094558   0.0004566798  -0.0003156504   0.0120191532
       -0.0037719198  -0.0227640806  -0.0000005412  -0.0427368137   0.0000009473
       -0.0120185157  -0.0037719684   0.0227636856   0.0004092793   0.0004566869
        0.0003156977  -0.0000953863   0.0000376006  -0.0000392557   0.0000000356
       -0.0001875560  -0.0000000031   0.0000953608   0.0000375834   0.0000392535
       -0.0000000004  -0.0000697226  -0.0000000005  -0.0002406117   0.0000318603
        0.0000026920   0.0002792380  -0.0000019034   0.0002655121   0.0040170674
       -0.0040673880  -0.0013845155   0.0002674641   0.0004724928  -0.0006506805
       -0.0000000720   0.0018450655   0.0000003169   0.0000000952   0.0544916720
       -0.0000010316  -0.0040169614  -0.0040671232   0.0013844015  -0.0002675806
        0.0004724370   0.0006509080   0.0002406591   0.0000317880  -0.0000027207
       -0.0002792342  -0.0000019476  -0.0002654848
       -0.0000061947   0.0000000066   0.0000754339   0.0005879106  -0.0000000048
       -0.0000783555  -0.0005589222   0.0004663647   0.0008123610   0.0039137279
       -0.0030664445  -0.0059555089   0.0852606284   0.0000011038  -0.2298791491
        0.0039134000   0.0030663793  -0.0059551178  -0.0005587586  -0.0004663559
        0.0008123508  -0.0000649714   0.0000532921   0.0000167592  -0.0001672065
       -0.0000000042   0.0001605846  -0.0000649715  -0.0000532610   0.0000167817
       -0.0001524074  -0.0000000119   0.0000652094  -0.0002711346   0.0000841475
       -0.0000037863   0.0000834202   0.0000011491   0.0002544670   0.0007477349
       -0.0012470285   0.0006327296  -0.0001499837  -0.0000420629   0.0001266318
        0.0063081337   0.0000001268  -0.0280449362  -0.0992302495  -0.0000010316
        0.2659331879   0.0007478121   0.0012468672   0.0006328754  -0.0001501177
        0.0000421045   0.0001268106  -0.0002711668  -0.0000841526  -0.0000038001
        0.0000833167  -0.0000011836   0.0002544708
       -0.0012294121   0.0004668470  -0.0006588176   0.0002177159   0.0001070355
        0.0002059529   0.0000351357   0.0000314674  -0.0000561272   0.0004950676
        0.0007100047  -0.0003067433  -0.0091788904  -0.0041814871   0.0175261263
       -0.0679344957  -0.0014883809   0.0700444252   0.0052902009   0.0001742024
       -0.0233854313  -0.0000037790  -0.0000495553  -0.0000387713   0.0004807804
        0.0004406698   0.0004519247  -0.0002863314  -0.0000454143  -0.0001736179
        0.0000510333  -0.0001122508   0.0001598153   0.0000016036  -0.0000081002
       -0.0000268317  -0.0000964287  -0.0000270649  -0.0000703423   0.0004198686
       -0.0001703086  -0.0002366945  -0.0000228366   0.0002075688  -0.0000704386
        0.0001005060   0.0000921357   0.0004947327  -0.0018381972  -0.0040169614
        0.0007478121   0.0837651517   0.0046980433  -0.0811985500  -0.0081712898
        0.0027053241   0.0204324356   0.0008531577   0.0002893767  -0.0001310590
       -0.0029485605   0.0001768483  -0.0037098001
        0.0006440024  -0.0000835583   0.0005272780  -0.0000359187  -0.0001414648
        0.0003338294   0.0001404276  -0.0000923143  -0.0000073919  -0.0004945041
        0.0009769602   0.0009632299  -0.0118000958  -0.0041525435   0.0234973808
       -0.0025574571  -0.0451558195   0.0118705824  -0.0000526318   0.0004556954
        0.0001699229   0.0000295265  -0.0000287660  -0.0000168594   0.0004746436
        0.0000062945  -0.0003431658   0.0000276240   0.0000796054   0.0000086670
       -0.0000526043   0.0000232900  -0.0000421761  -0.0000321462  -0.0000208959
       -0.0000247614  -0.0000580919  -0.0000069969  -0.0000921841   0.0001703387
       -0.0002364162  -0.0003885027   0.0000488771   0.0001839321  -0.0001386743
        0.0005164003   0.0006853116   0.0001634648  -0.0031235520  -0.0040671232
        0.0012468672   0.0046980433   0.0516005600  -0.0119034582   0.0118911548
       -0.0010148915  -0.0250887469  -0.0000711616   0.0001712628  -0.0006132382
       -0.0003628747   0.0008178781  -0.0001220635
        0.0007096619  -0.0004358967   0.0012893681   0.0012972730  -0.0004973935
       -0.0007669703  -0.0001372214   0.0002253215  -0.0000877376  -0.0004123199
       -0.0005020621   0.0003200351   0.0051283429   0.0028594555  -0.0062049410
        0.0704587804   0.0103007316  -0.2388535610   0.0026475486   0.0001768525
       -0.0248921932  -0.0000164515  -0.0000391431  -0.0000309126  -0.0016271411
        0.0011722381   0.0003268949  -0.0003611508   0.0000037818  -0.0001000563
        0.0002599438  -0.0000455964   0.0002293895  -0.0000312251  -0.0000123243
        0.0000248460   0.0000010078  -0.0001311115   0.0001986011  -0.0002367698
        0.0003886045   0.0004115594  -0.0000519581  -0.0002903507   0.0001608421
       -0.0001755205  -0.0002970704   0.0005853893   0.0009257192   0.0013844015
        0.0006328754  -0.0811985500  -0.0119034582   0.2792772020   0.0064457892
       -0.0026001031  -0.0100525802   0.0003958648  -0.0000271909   0.0005191785
       -0.0040216237   0.0002703140  -0.0029872288
       -0.0000548179   0.0000198306  -0.0002595348  -0.0039508208   0.0003265331
       -0.0033356086   0.0001037540  -0.0001027340   0.0000071721  -0.0009430217
       -0.0029585057   0.0004540223   0.0078163015  -0.0121799847  -0.0020717038
       -0.1157930578   0.1033216923   0.0194496841  -0.0156644090   0.0177344153
        0.0010454344   0.0000876881  -0.0000584707  -0.0001059289   0.0001876082
       -0.0000138879  -0.0001175077   0.0000304601   0.0002191506  -0.0001097545
       -0.0006759405   0.0010052084  -0.0000305818   0.0001340953  -0.0000896568
       -0.0000028234   0.0000793187  -0.0000499922   0.0000090074  -0.0000228072
       -0.0000488833  -0.0000519935   0.0004768209  -0.0008545306  -0.0000612736
        0.0004308067  -0.0004190641   0.0000439463   0.0005793444  -0.0002675806
       -0.0001501177  -0.0081712898   0.0118911548   0.0064457892   0.1348865482
       -0.1178361730  -0.0218090763  -0.0002180862   0.0001796978   0.0002936054
        0.0006815048   0.0001817810   0.0003572433
       -0.0001233562   0.0001328196   0.0000112552   0.0002719785   0.0009844317
        0.0001838948  -0.0002367023   0.0002161535  -0.0000060802  -0.0034147950
       -0.0045726748   0.0006616031   0.0108533403  -0.0242740782  -0.0038924178
        0.1043688914  -0.1899458997  -0.0264125354   0.0026687232  -0.0014160509
        0.0006019451  -0.0001826929   0.0000499999   0.0000624374   0.0000751860
       -0.0001304407   0.0001520425  -0.0000170833  -0.0000773693  -0.0000133643
       -0.0000977555   0.0000289419  -0.0000570862  -0.0000891971   0.0002368603
        0.0000309940   0.0000652068   0.0000115647  -0.0000291190  -0.0002076463
        0.0001840387   0.0002902872   0.0008545511  -0.0012114547   0.0000289337
        0.0001711332   0.0000804067  -0.0002810837   0.0005525388   0.0004724370
        0.0000421045   0.0027053241  -0.0010148915  -0.0026001031  -0.1178361730
        0.2196100287   0.0313785667  -0.0001912682   0.0004579459  -0.0001648551
       -0.0001902035   0.0001772309   0.0000125806
        0.0002805089  -0.0001053208   0.0002531722  -0.0032822423  -0.0000027399
       -0.0021499948  -0.0000116639  -0.0000003099   0.0000142713   0.0001498976
        0.0003793168   0.0006441372  -0.0013107363   0.0027406893   0.0009598506
        0.0196584198  -0.0261124510  -0.0509781339  -0.0121478424   0.0142604012
        0.0013054134   0.0000068527  -0.0000358137   0.0000685590  -0.0004667009
        0.0002617373   0.0001608160  -0.0000105689  -0.0000404741   0.0000553482
       -0.0006651505   0.0009459103  -0.0000072213  -0.0000151169  -0.0000003762
        0.0001197963  -0.0001090650   0.0001284302   0.0001429020  -0.0000705775
        0.0001388496   0.0001607858  -0.0000611989  -0.0000290476   0.0002462643
       -0.0000466835  -0.0004703579  -0.0001378146  -0.0002595982   0.0006509080
        0.0001268106   0.0204324356  -0.0250887469  -0.0100525802  -0.0218090763
        0.0313785667   0.0585117734   0.0002170398   0.0001245340   0.0002325656
       -0.0004789326   0.0008762946   0.0003232789
        0.0009941416   0.0010034037  -0.0007224830   0.0072436699   0.0133484881
       -0.0015805566  -0.0009687147   0.0024810298   0.0005619106   0.0000493771
        0.0002509676   0.0000853542  -0.0038125456   0.0003441792  -0.0039171343
       -0.0168451496  -0.0185974658   0.0012295159  -0.1144360947  -0.1034796366
        0.0222276341  -0.0000923906   0.0000286056  -0.0000677005  -0.0002016134
       -0.0001603326  -0.0000193901  -0.0000118898  -0.0005012367   0.0001937045
        0.0003060845   0.0001192812   0.0001928074   0.0003336818   0.0007575633
       -0.0000750968  -0.0000675029   0.0000428049  -0.0000797372   0.0000015382
        0.0000321306  -0.0000312350   0.0001341026   0.0000892105  -0.0000151393
       -0.0007486015  -0.0012798205  -0.0000501901   0.0002855767   0.0002406591
       -0.0002711668   0.0008531577  -0.0000711616   0.0003958648  -0.0002180862
       -0.0001912682   0.0002170398   0.1352025081   0.1174498976  -0.0243409038
       -0.0080012493  -0.0119072991   0.0060669021
       -0.0009685559   0.0016153942   0.0005262253  -0.0112468300  -0.0278452415
        0.0042816037   0.0035480794  -0.0042576252  -0.0003597132   0.0001002041
        0.0003045748   0.0000201510  -0.0006794904   0.0008563929  -0.0005279597
       -0.0034116187  -0.0012911592  -0.0007039816  -0.1026784985  -0.1894154442
        0.0291077736  -0.0003458944   0.0001598177   0.0003112260  -0.0000354298
       -0.0004854723  -0.0001425627   0.0008950819  -0.0004599595  -0.0007607107
       -0.0002107745   0.0001406783   0.0001640975  -0.0007575201  -0.0012367804
       -0.0000282073   0.0001335280   0.0001501565  -0.0002189532   0.0000081332
       -0.0000209128   0.0000123021   0.0000896800   0.0002368628   0.0000003365
        0.0000440780  -0.0000971052   0.0000681169   0.0001229988   0.0000317880
       -0.0000841526   0.0002893767   0.0001712628  -0.0000271909   0.0001796978
        0.0004579459   0.0001245340   0.1174498976   0.2214021876  -0.0342667760
       -0.0025261431  -0.0004173613   0.0025038414
       -0.0006959797  -0.0007890418   0.0007235643   0.0002306775  -0.0031402274
       -0.0004031320   0.0000142094  -0.0002281886   0.0004919418   0.0000687629
        0.0001455257  -0.0000148798  -0.0030553166  -0.0000715628  -0.0019452589
       -0.0128692744  -0.0143366800   0.0017763956   0.0213231650   0.0298717050
       -0.0499363487   0.0000308002  -0.0000481623  -0.0000851054  -0.0000180430
       -0.0002560153  -0.0002514152   0.0004294849  -0.0000710110   0.0002495626
        0.0000469652   0.0005540395  -0.0000165147  -0.0000751220   0.0000281511
        0.0001388610  -0.0000485962  -0.0000882403   0.0002121582  -0.0000267500
        0.0000249550   0.0000247516  -0.0000028602  -0.0000311108   0.0001197445
       -0.0005739241  -0.0007610909   0.0001920229  -0.0001132415  -0.0000027207
       -0.0000038001  -0.0001310590  -0.0006132382   0.0005191785   0.0002936054
       -0.0001648551   0.0002325656  -0.0243409038  -0.0342667760   0.0571125647
        0.0195134002   0.0242445451  -0.0091368563
       -0.0026714136   0.0034161390   0.0016550621  -0.0062476971   0.0020159607
        0.0133189818   0.0001709046  -0.0002325902   0.0000591492   0.0000362198
       -0.0000795800   0.0001042094   0.0009162770   0.0003939384  -0.0005444257
        0.0055351880  -0.0008042489  -0.0212550548  -0.0715376330   0.0059298715
        0.0765622772  -0.0004255788   0.0002277753   0.0008689745  -0.0001879580
        0.0001184998  -0.0001600790   0.0002302442   0.0002643511   0.0000523421
       -0.0004607581   0.0001972956   0.0008628689  -0.0000674608  -0.0001335098
       -0.0000485173   0.0002516423  -0.0000585198  -0.0000587990  -0.0000964921
        0.0000580792   0.0000009522   0.0000794310  -0.0000652173  -0.0001091508
        0.0000234925  -0.0000492810  -0.0000085599  -0.0003001182  -0.0002792342
        0.0000833167  -0.0029485605  -0.0003628747  -0.0040216237   0.0006815048
       -0.0001902035  -0.0004789326  -0.0080012493  -0.0025261431   0.0195134002
        0.0850200153  -0.0078405079  -0.0863963917
        0.0035555088  -0.0041173788  -0.0018193086   0.0094015330  -0.0024944223
       -0.0202377033   0.0001158677  -0.0001122673  -0.0001964021  -0.0000645952
       -0.0002554367  -0.0002129802   0.0002936872   0.0003416082  -0.0005433155
        0.0004137894   0.0006742447  -0.0003540443   0.0048041624  -0.0455143634
       -0.0170282658   0.0007782209   0.0001135708  -0.0010356054   0.0001827327
       -0.0000545116   0.0000718877   0.0000528582  -0.0002721966   0.0000933615
        0.0000998264   0.0004994263  -0.0006244303  -0.0000427895   0.0001501981
        0.0000880724   0.0000585136  -0.0009232626  -0.0000503313   0.0000270784
       -0.0000070607   0.0001310852   0.0000500113   0.0000116802  -0.0001285614
        0.0000043272  -0.0000643641   0.0001247321  -0.0003415548  -0.0000019476
       -0.0000011836   0.0001768483   0.0008178781   0.0002703140   0.0001817810
        0.0001772309   0.0008762946  -0.0119072991  -0.0004173613   0.0242445451
       -0.0078405079   0.0514487356   0.0163318393
        0.0002578740  -0.0006447736   0.0011805315   0.0037047231  -0.0020873334
       -0.0055628867  -0.0001722717   0.0002984964   0.0001923114  -0.0000519749
       -0.0001909565  -0.0002503349   0.0005427094  -0.0000059579   0.0006176531
        0.0019007483  -0.0000923125  -0.0236951238   0.0783861175  -0.0168502729
       -0.2428194823  -0.0000882158   0.0001260913  -0.0000859544  -0.0000677141
        0.0000861864   0.0002146682  -0.0001534728  -0.0001267981   0.0000213480
       -0.0001600630   0.0004536316   0.0007402936  -0.0000797413   0.0002189287
        0.0002122247  -0.0000588000   0.0000502757   0.0004765533  -0.0000703466
        0.0000922743   0.0001985679   0.0000090240   0.0000290445   0.0001429227
        0.0002203882   0.0001827631   0.0002171842  -0.0004369380  -0.0002654848
        0.0002544708  -0.0037098001  -0.0001220635  -0.0029872288   0.0003572433
        0.0000125806   0.0003232789   0.0060669021   0.0025038414  -0.0091368563
       -0.0863963917   0.0163318393   0.2797458590
