           1           2  0.94601821467035385     
           2           3  0.99753840681701600     
           3           4   1.0078309940928309     
           4           5   1.0077942379206037     
           5           6   1.0077955732737387     
           2           7  0.99753846318681694     
           6           7   1.0078300793726163     
           1           8  0.88882796912183792     
           1           9  0.89070168788120574     
           1          10  0.88882855459317955     
           2          11  0.95992127753751055     
           3          12  0.97116974589344018     
           3          13  0.97081040780643169     
           4          14  0.97389818578170240     
           4          15  0.97654028170198437     
           5          16  0.97706801978947011     
           5          17  0.97760732689803076     
           6          18  0.97389690333630485     
           6          19  0.97654004260834160     
           7          20  0.97117044659254703     
           7          21  0.97081001977146630     
