   -0.13508207
   -0.02772556
   -0.07699280
   -0.00752432
   -0.03995078
   -0.04983601
    0.04652127
    0.02384628
   -0.04256226
   -0.03947064
    0.02587517
    0.02445063
   -0.05047248
   -0.04860151
    0.01995805
    0.02122082
   -0.05451645
   -0.04478897
   -0.02023960
   -0.03756743
   -0.05871811
   -0.09196223
   -0.18005015
   -0.83795372
    0.26432261
    0.29480605
    0.26017540
    0.08945033
    0.10916793
    0.05999354
    0.08869178
    0.04279810
    0.12209289
    0.11404514
    0.04649200
    0.03975047
    0.04043510
    0.03624495
    0.03121556
    0.04246102
