$hessian                                                                        
        0.5626026254   0.0558884594   0.0068799034  -0.1025511980   0.0428691653
        0.0092789206   0.0060203764  -0.0030073374  -0.0036412147  -0.0011742379
       -0.0008712548   0.0000512981  -0.0003814956   0.0003672503  -0.0004699855
        0.0003140509  -0.0001537343  -0.0001907766  -0.0459080814  -0.0057220265
       -0.0150754828  -0.0825001475  -0.0754590544   0.0622751018  -0.3128531290
       -0.0433037187  -0.0648562433  -0.0015023321   0.0036810110   0.0012764409
       -0.0232947577   0.0288021428   0.0037603861   0.0009565592  -0.0002419723
        0.0007293745   0.0009413881  -0.0009279968  -0.0001958714  -0.0000147332
       -0.0000892830  -0.0001137826  -0.0000886309  -0.0000169631   0.0000041831
       -0.0006107597  -0.0017042314   0.0001039211   0.0000445031  -0.0001104563
        0.0001838273
        0.0558884594   0.5005712803  -0.0102424838   0.0487955793  -0.1309855850
       -0.0150299626   0.0118520243  -0.0271168968   0.0058849887   0.0002663413
       -0.0013841137   0.0015930044   0.0003543746   0.0001001410  -0.0003227557
        0.0000993339   0.0000495867  -0.0003590399  -0.0056662048  -0.0773112259
       -0.0896087472  -0.0738302249  -0.1916433850   0.1238389173  -0.0478737628
       -0.0518538205  -0.0113105582   0.0094385777  -0.0149209727  -0.0040245130
        0.0035019733  -0.0017678190   0.0002283877  -0.0020571465  -0.0042227054
        0.0013676340   0.0006026455   0.0015494510  -0.0019778760  -0.0000906847
        0.0001400516   0.0002023071  -0.0005472937  -0.0002894160  -0.0003262497
       -0.0006692533  -0.0008258895  -0.0001174596  -0.0000647384  -0.0000886810
        0.0002044066
        0.0068799034  -0.0102424838   0.5892025142   0.0069954556  -0.0117731545
       -0.0702436642  -0.0084338163   0.0150044283  -0.0000852607  -0.0003872504
        0.0003943959  -0.0004703244   0.0000083137   0.0005384557  -0.0007792169
        0.0000650282  -0.0002545313   0.0003418664  -0.0139868674  -0.0926728700
       -0.3033995557   0.0619162755   0.1252220190  -0.1510727332  -0.0656945673
       -0.0103509821  -0.0606032707   0.0176978894  -0.0252826621  -0.0043828269
       -0.0048184484   0.0059440859   0.0014431717   0.0010034990   0.0030061616
       -0.0019996683  -0.0010808598   0.0009082630   0.0014859757  -0.0000000610
        0.0003304511   0.0001121961   0.0001912598   0.0000705036   0.0002910539
       -0.0003279034  -0.0008588614   0.0000898074  -0.0000278505   0.0000167811
        0.0000699356
       -0.1025511980   0.0487955793   0.0069954556   0.4950902449   0.0298763274
        0.0052119936  -0.0799386432  -0.0308273308   0.0281417029  -0.0072373935
       -0.0150087871   0.0087480821   0.0010751972  -0.0003785716   0.0006452625
       -0.0003167751   0.0002185131  -0.0000138157  -0.0000870703   0.0018328770
        0.0040215966   0.0053519079  -0.0049610788  -0.0019958594  -0.0174559497
        0.0214999308   0.0016656662  -0.0451763635   0.0010958345   0.0014629276
       -0.2458603018  -0.0523061237  -0.0536752382   0.0040377352   0.0130377510
       -0.0116021206  -0.0063337878  -0.0112429146   0.0121419590   0.0005934623
        0.0011425744   0.0003761499  -0.0012840914  -0.0026551755  -0.0015320117
       -0.0001874983  -0.0001356291  -0.0004528893   0.0002805251   0.0000162236
       -0.0001388610
        0.0428691653  -0.1309855850  -0.0117731545   0.0298763274   0.4092740495
        0.0332622162  -0.0288494177  -0.1156292956   0.0433575089  -0.0119107825
       -0.0207304689   0.0086087009   0.0003819146   0.0004378247   0.0000423400
        0.0003902228  -0.0008448327   0.0002531534   0.0056025045  -0.0096441614
       -0.0066318925   0.0087024202  -0.0182291533   0.0001966714   0.0038600464
        0.0051324871   0.0017204032  -0.0021168172  -0.0578662956  -0.0662849384
       -0.0460132764  -0.0502529946  -0.0129395368  -0.0030068473  -0.0121448552
        0.0126257866   0.0025332443   0.0036189927  -0.0014144741   0.0001397338
        0.0006371617   0.0008373951  -0.0027768205  -0.0028093715  -0.0020632213
        0.0000344416   0.0001106033   0.0002981306   0.0002839408  -0.0000741052
       -0.0000950887
        0.0092789206  -0.0150299626  -0.0702436642   0.0052119936   0.0332622162
        0.5096579730   0.0242518216   0.0447626155  -0.1064287688   0.0001177577
       -0.0059874394   0.0080990678   0.0002413728   0.0002894937   0.0001754492
       -0.0003625292   0.0000766209  -0.0007479413   0.0139624562  -0.0219353618
       -0.0028492138  -0.0077196832   0.0119491937   0.0019143927  -0.0021018931
        0.0045753927   0.0010975801  -0.0020633802  -0.0593028113  -0.2558801608
       -0.0511591471  -0.0166979328  -0.0595230783   0.0030963798   0.0097461748
       -0.0078587555   0.0091544266   0.0179264303  -0.0182816708  -0.0004913557
       -0.0014488407   0.0011648142  -0.0013455391  -0.0018994141  -0.0003003633
       -0.0002619656  -0.0001378906   0.0000083248   0.0001903644  -0.0001484844
       -0.0000039850
        0.0060203764   0.0118520243  -0.0084338163  -0.0799386432  -0.0288494177
        0.0242518216   0.4889203069  -0.0396298350  -0.0059195609  -0.0960422286
       -0.0408633943  -0.0304427165  -0.0206933930  -0.0153664356  -0.0144953261
       -0.0018285417  -0.0013077364  -0.0012137858   0.0003993078   0.0000744441
       -0.0012191149  -0.0011181167   0.0035081664   0.0001882632   0.0006339252
       -0.0001280099  -0.0002980554   0.0014773977  -0.0023969378   0.0027499073
       -0.0101392413  -0.0172673037   0.0141099824  -0.1805172821   0.0822647905
       -0.0728182408  -0.1055459850   0.0463907297   0.0920702849   0.0064557640
        0.0075529391   0.0058430759  -0.0044120880  -0.0069219744  -0.0028188990
        0.0007815435  -0.0005888326   0.0007837128  -0.0044531020   0.0016767836
       -0.0023375323
       -0.0030073374  -0.0271168968   0.0150044283  -0.0308273308  -0.1156292956
        0.0447626155  -0.0396298350   0.4528831433   0.0076015862  -0.0374673170
       -0.1167219785  -0.0400384203   0.0006010059   0.0076065405   0.0030511045
        0.0009091920   0.0003433057  -0.0002931883   0.0000055366   0.0010014058
        0.0003122466   0.0028142560  -0.0037419725  -0.0004608498  -0.0002104289
        0.0005346399  -0.0004843763   0.0008421081   0.0036494266   0.0010718350
       -0.0066340694  -0.0092868627   0.0065702033   0.0852848809  -0.0920453133
        0.0435854548   0.0440299243  -0.0725093123  -0.0636922546  -0.0066130705
       -0.0113688468  -0.0092982254  -0.0122009470  -0.0181836416  -0.0092053935
        0.0001385287   0.0004678375   0.0002663876   0.0019649036   0.0001178207
        0.0012468464
       -0.0036412147   0.0058849887  -0.0000852607   0.0281417029   0.0433575089
       -0.1064287688  -0.0059195609   0.0076015862   0.4866105171  -0.0307653423
       -0.0403799816  -0.0957408413  -0.0099090702  -0.0067894099  -0.0067597982
        0.0021166888   0.0002617368   0.0001218198  -0.0008556924  -0.0005423275
        0.0010221159   0.0000968281   0.0000414056   0.0004701101  -0.0005208400
        0.0002223237   0.0006528940   0.0098828127   0.0190560711  -0.0196440686
       -0.0019592827  -0.0003685458   0.0033496120  -0.0729654743   0.0438016825
       -0.0815515321   0.0926495514  -0.0642640053  -0.1730450609  -0.0117668358
       -0.0192223266  -0.0156638027   0.0075660034   0.0109518122   0.0066456518
        0.0002153039  -0.0004453978   0.0002903496  -0.0023655779   0.0008328787
       -0.0002439368
       -0.0011742379   0.0002663413  -0.0003872504  -0.0072373935  -0.0119107825
        0.0001177577  -0.0960422286  -0.0374673170  -0.0307653423   0.4663816712
       -0.0090731602  -0.0262383234  -0.1625991232   0.0399325023  -0.0463176155
       -0.0217681692   0.0086258906   0.0073088017  -0.0001648334   0.0000421972
        0.0003923006   0.0000019407   0.0002484847  -0.0001107587   0.0001792931
        0.0008081439   0.0002039990   0.0002912414   0.0002310393  -0.0010865030
       -0.0004676439  -0.0021469103   0.0008986834  -0.0154588455  -0.0147147584
       -0.0149140237   0.0079511007   0.0082007903   0.0061245672  -0.1044394830
        0.0425154156   0.0876547178  -0.0513878580  -0.0307300558   0.0253103699
        0.0010659298   0.0018416958  -0.0015906792  -0.0151313606   0.0033304832
       -0.0066007011
       -0.0008712548  -0.0013841137   0.0003943959  -0.0150087871  -0.0207304689
       -0.0059874394  -0.0408633943  -0.1167219785  -0.0403799816  -0.0090731602
        0.4851022451  -0.0146211638   0.0412866996  -0.0828119993   0.0212727419
        0.0084068374  -0.0027288619  -0.0032822923  -0.0002022198  -0.0002044722
        0.0002784136   0.0001629627  -0.0002542666   0.0001947149   0.0000714310
       -0.0000898601   0.0004643576   0.0004684818   0.0013667110  -0.0014929760
       -0.0013539243  -0.0019828984   0.0012248831   0.0042485256   0.0062351630
        0.0045175863  -0.0054615357  -0.0107928527  -0.0106666693   0.0431277403
       -0.0736135539  -0.0585230328  -0.0315014228  -0.1756147989   0.1030728682
        0.0222333922  -0.0116674928   0.0107613983  -0.0156703714   0.0058934989
       -0.0072278045
        0.0000512981   0.0015930044  -0.0004703244   0.0087480821   0.0086087009
        0.0080990678  -0.0304427165  -0.0400384203  -0.0957408413  -0.0262383234
       -0.0146211638   0.4964465489  -0.0390167434   0.0178420258  -0.0761692194
        0.0173206450  -0.0072512512  -0.0021016821  -0.0001266832   0.0002132803
       -0.0004136923  -0.0000966725   0.0001303285  -0.0001196484   0.0002481186
       -0.0002639556  -0.0003490845   0.0004913993   0.0011531802   0.0013513635
        0.0017529819   0.0023904745  -0.0011198875  -0.0081087679  -0.0073850884
       -0.0067491584  -0.0108174181  -0.0174291971  -0.0144834542   0.0893613372
       -0.0589962962  -0.1686219971   0.0261577546   0.1017293630  -0.1265316137
       -0.0153402868   0.0079680575  -0.0069660707  -0.0139440049   0.0043569575
       -0.0060603061
       -0.0003814956   0.0003543746   0.0000083137   0.0010751972   0.0003819146
        0.0002413728  -0.0206933930   0.0006010059  -0.0099090702  -0.1625991232
        0.0412866996  -0.0390167434   0.3931436069   0.0363119271   0.0531915247
       -0.0563848311   0.0128772945   0.0562003118  -0.0002836781   0.0000627113
        0.0000432585  -0.0000096253   0.0000911676  -0.0000865374   0.0001891688
        0.0001161092  -0.0003776334   0.0001444854  -0.0002798932   0.0001935950
       -0.0000149659   0.0001415359   0.0003540189  -0.0020571137  -0.0020894100
       -0.0013708660   0.0007281739   0.0009911606   0.0011195982  -0.0203007258
        0.0100708234  -0.0027904296  -0.0000993171   0.0026134154  -0.0007638696
       -0.0418736274  -0.0224156694   0.0107576724  -0.0905827359  -0.0811151669
       -0.0677945165
        0.0003672503   0.0001001410   0.0005384557  -0.0003785716   0.0004378247
        0.0002894937  -0.0153664356   0.0076065405  -0.0067894099   0.0399325023
       -0.0828119993   0.0178420258   0.0363119271   0.4707204064  -0.0259914949
        0.0151206774  -0.0201012446  -0.0204063123  -0.0003798891  -0.0000632039
        0.0002514337  -0.0003174071   0.0002226694   0.0002617797  -0.0009158252
       -0.0006007587  -0.0002096626  -0.0003898306   0.0002865363  -0.0000124487
        0.0000452127   0.0000360041   0.0001441622  -0.0026379628  -0.0020510286
       -0.0026623902  -0.0000795074   0.0003015423   0.0001173426   0.0106555589
       -0.0040438047   0.0016751215   0.0217480475  -0.0116234545   0.0096641067
       -0.0256261389  -0.1989090661   0.1149366220  -0.0780896081  -0.1595071044
       -0.0896488251
       -0.0004699855  -0.0003227557  -0.0007792169   0.0006452625   0.0000423400
        0.0001754492  -0.0144953261   0.0030511045  -0.0067597982  -0.0463176155
        0.0212727419  -0.0761692194   0.0531915247  -0.0259914949   0.4017131221
        0.0592815217  -0.0190327341  -0.0923439054  -0.0003917596  -0.0001321531
       -0.0002075044   0.0000190564  -0.0000794322  -0.0001352342   0.0003509698
        0.0009542974   0.0010972604   0.0006071498  -0.0000108401   0.0002356550
        0.0000147701   0.0000404542   0.0003670115  -0.0026938332  -0.0021235297
       -0.0010166668  -0.0000442236   0.0003390926  -0.0001695726   0.0165035614
       -0.0079496203   0.0057001228  -0.0168648511   0.0101160977  -0.0080867407
        0.0127305061   0.1064557325  -0.1143104338  -0.0620667281  -0.0866293006
       -0.1093103286
        0.0003140509   0.0000993339   0.0000650282  -0.0003167751   0.0003902228
       -0.0003625292  -0.0018285417   0.0009091920   0.0021166888  -0.0217681692
        0.0084068374   0.0173206450  -0.0563848311   0.0151206774   0.0592815217
        0.0934168392  -0.0284983845  -0.0908096764   0.0005555019  -0.0002558038
       -0.0003181199   0.0001454191  -0.0000733476  -0.0001891925  -0.0002081755
       -0.0010309824   0.0000102229  -0.0003174002  -0.0000901435  -0.0000516678
        0.0002208057  -0.0001243214  -0.0003937125   0.0001369777   0.0000569968
       -0.0004340851  -0.0011671470  -0.0006217848  -0.0010317268  -0.0054465338
        0.0015133150  -0.0009013179  -0.0003495296   0.0002462129   0.0002904765
       -0.0069505162   0.0018592577   0.0112398185  -0.0000519752   0.0020927221
        0.0041676266
       -0.0001537343   0.0000495867  -0.0002545313   0.0002185131  -0.0008448327
        0.0000766209  -0.0013077364   0.0003433057   0.0002617368   0.0086258906
       -0.0027288619  -0.0072512512   0.0128772945  -0.0201012446  -0.0190327341
       -0.0284983845   0.0198492862   0.0330299631   0.0004745684   0.0002910791
       -0.0002710960   0.0004477362  -0.0001246796  -0.0005609016   0.0006429168
        0.0001782390  -0.0008854171   0.0002097666  -0.0003427811  -0.0001061596
        0.0001283192  -0.0001502713  -0.0001495130  -0.0002683518   0.0000463077
        0.0003627307  -0.0007198514   0.0004775653   0.0003701049   0.0025596132
       -0.0002968538   0.0005986503   0.0007295109   0.0001442422  -0.0004033638
       -0.0066884847   0.0051981193   0.0082831306   0.0107224137  -0.0019882061
       -0.0140679697
       -0.0001907766  -0.0003590399   0.0003418664  -0.0000138157   0.0002531534
       -0.0007479413  -0.0012137858  -0.0002931883   0.0001218198   0.0073088017
       -0.0032822923  -0.0021016821   0.0562003118  -0.0204063123  -0.0923439054
       -0.0908096764   0.0330299631   0.1277884078   0.0001751022   0.0002420962
        0.0004630260  -0.0002830007   0.0002265488   0.0001745135   0.0000696525
        0.0010320300   0.0002618880  -0.0002045775   0.0000605095  -0.0002124087
        0.0000949308  -0.0000880228  -0.0001784744  -0.0000190474  -0.0001685841
       -0.0000746881  -0.0003311712   0.0004203863   0.0011341873   0.0009103813
       -0.0001384644   0.0006051612  -0.0004386752  -0.0003080803   0.0009235309
        0.0136254965  -0.0041710948  -0.0169980917   0.0151198498  -0.0060496082
       -0.0191572091
       -0.0459080814  -0.0056662048  -0.0139868674  -0.0000870703   0.0056025045
        0.0139624562   0.0003993078   0.0000055366  -0.0008556924  -0.0001648334
       -0.0002022198  -0.0001266832  -0.0002836781  -0.0003798891  -0.0003917596
        0.0005555019   0.0004745684   0.0001751022   0.0464852459   0.0039926434
        0.0161634625   0.0029802476   0.0021355479   0.0112941843  -0.0028309101
       -0.0099566044  -0.0284271678  -0.0013976675   0.0033954255   0.0006268484
       -0.0000910048   0.0008677618   0.0010594094  -0.0001885621   0.0001863836
        0.0002849539   0.0003941909  -0.0001836080   0.0003039209   0.0000442862
        0.0000311845   0.0000690400   0.0001523442  -0.0000930478  -0.0000520008
       -0.0000381714  -0.0000433508  -0.0000763044  -0.0000211455  -0.0001666314
       -0.0000229021
       -0.0057220265  -0.0773112259  -0.0926728700   0.0018328770  -0.0096441614
       -0.0219353618   0.0000744441   0.0010014058  -0.0005423275   0.0000421972
       -0.0002044722   0.0002132803   0.0000627113  -0.0000632039  -0.0001321531
       -0.0002558038   0.0002910791   0.0002420962   0.0039926434   0.0814555113
        0.1019773338   0.0002940287   0.0081557440   0.0198297088  -0.0028079664
        0.0004597935  -0.0071067719   0.0032773873  -0.0039683540  -0.0004640988
       -0.0003536909   0.0006618876  -0.0000724180   0.0000431065  -0.0000637682
       -0.0001786384  -0.0006214718  -0.0007697116   0.0008601425   0.0000329001
        0.0001327263   0.0001740106   0.0000126374  -0.0000112755  -0.0000412721
       -0.0000283431  -0.0001477091  -0.0001972572   0.0001243697   0.0000257343
        0.0000465966
       -0.0150754828  -0.0896087472  -0.3033995557   0.0040215966  -0.0066318925
       -0.0028492138  -0.0012191149   0.0003122466   0.0010221159   0.0003923006
        0.0002784136  -0.0004136923   0.0000432585   0.0002514337  -0.0002075044
       -0.0003181199  -0.0002710960   0.0004630260   0.0161634625   0.1019773338
        0.3355036927   0.0009297692  -0.0023152034  -0.0228685425  -0.0056569639
       -0.0043748117  -0.0091061234   0.0008059089  -0.0006121233   0.0010674557
       -0.0003893486   0.0003452727   0.0006856351  -0.0001501693   0.0005915689
        0.0000789137   0.0002542151  -0.0001826560  -0.0000226968   0.0000322147
       -0.0000219985   0.0001429803   0.0000150393   0.0001842901   0.0002248194
        0.0000841201   0.0000845555  -0.0002837297   0.0000673139  -0.0000065861
       -0.0000375803
       -0.0825001475  -0.0738302249   0.0619162755   0.0053519079   0.0087024202
       -0.0077196832  -0.0011181167   0.0028142560   0.0000968281   0.0000019407
        0.0001629627  -0.0000966725  -0.0000096253  -0.0003174071   0.0000190564
        0.0001454191   0.0004477362  -0.0002830007   0.0029802476   0.0002940287
        0.0009297692   0.0880289293   0.0822609743  -0.0711185516  -0.0135665666
       -0.0223067149   0.0172099425   0.0004021413   0.0005101285   0.0000065065
       -0.0002194396   0.0012920818  -0.0006452956   0.0002670498   0.0005101282
       -0.0004308452   0.0000622341  -0.0001761514   0.0000926013   0.0000476776
        0.0000435162  -0.0000752884   0.0002402068  -0.0000128937  -0.0000251210
       -0.0001033843  -0.0002259894   0.0000481326  -0.0000104743  -0.0001688512
        0.0000753461
       -0.0754590544  -0.1916433850   0.1252220190  -0.0049610788  -0.0182291533
        0.0119491937   0.0035081664  -0.0037419725   0.0000414056   0.0002484847
       -0.0002542666   0.0001303285   0.0000911676   0.0002226694  -0.0000794322
       -0.0000733476  -0.0001246796   0.0002265488   0.0021355479   0.0081557440
       -0.0023152034   0.0822609743   0.2102668405  -0.1395620076  -0.0071679293
       -0.0037200321   0.0044587352  -0.0002817012  -0.0002758666   0.0000655330
        0.0000242086   0.0002530350   0.0002710037  -0.0005314742  -0.0009502141
        0.0004149588   0.0004348612   0.0001148474  -0.0006326366   0.0000108437
       -0.0000820620   0.0001391156  -0.0000741860   0.0000572002  -0.0001486115
       -0.0002528499  -0.0001069428  -0.0001640393   0.0000873671   0.0000582383
       -0.0000169114
        0.0622751018   0.1238389173  -0.1510727332  -0.0019958594   0.0001966714
        0.0019143927   0.0001882632  -0.0004608498   0.0004701101  -0.0001107587
        0.0001947149  -0.0001196484  -0.0000865374   0.0002617797  -0.0001352342
       -0.0001891925  -0.0005609016   0.0001745135   0.0112941843   0.0198297088
       -0.0228685425  -0.0711185516  -0.1395620076   0.1643609068  -0.0002182471
       -0.0028252266   0.0056422273   0.0001837840  -0.0012776474   0.0004544982
        0.0000464699  -0.0000467651   0.0002830358  -0.0000504529   0.0001307240
        0.0003754576  -0.0002048911   0.0003157300   0.0001747630   0.0000509561
       -0.0000590381   0.0001413907  -0.0000973839   0.0000296803   0.0002635564
        0.0000351599   0.0000215494  -0.0000318985  -0.0000020444  -0.0000270395
       -0.0000267953
       -0.3128531290  -0.0478737628  -0.0656945673  -0.0174559497   0.0038600464
       -0.0021018931   0.0006339252  -0.0002104289  -0.0005208400   0.0001792931
        0.0000714310   0.0002481186   0.0001891688  -0.0009158252   0.0003509698
       -0.0002081755   0.0006429168   0.0000696525  -0.0028309101  -0.0028079664
       -0.0056569639  -0.0135665666  -0.0071679293  -0.0002182471   0.3453953711
        0.0507579254   0.0736897243   0.0003618972  -0.0001994560  -0.0001924904
       -0.0010204557   0.0035084066   0.0007862126   0.0002546127  -0.0002313079
        0.0000696121   0.0002544293   0.0002109663  -0.0001605484  -0.0000966880
        0.0001210264  -0.0000736884  -0.0000052089  -0.0002192443  -0.0000621498
        0.0009247424   0.0007260735  -0.0003957766  -0.0001563563  -0.0002728715
       -0.0001371249
       -0.0433037187  -0.0518538205  -0.0103509821   0.0214999308   0.0051324871
        0.0045753927  -0.0001280099   0.0005346399   0.0002223237   0.0008081439
       -0.0000898601  -0.0002639556   0.0001161092  -0.0006007587   0.0009542974
       -0.0010309824   0.0001782390   0.0010320300  -0.0099566044   0.0004597935
       -0.0043748117  -0.0223067149  -0.0037200321  -0.0028252266   0.0507579254
        0.0528777699   0.0133010644   0.0003861602   0.0003009600   0.0001099904
        0.0036129913  -0.0040778613  -0.0006750428  -0.0003282216  -0.0000531953
        0.0000930435   0.0000453037   0.0000030060   0.0005127934   0.0000580441
       -0.0000833590   0.0000884727  -0.0000186290  -0.0000369554  -0.0001017192
       -0.0002584084   0.0007864515  -0.0017763895   0.0000466807   0.0002424955
       -0.0005212808
       -0.0648562433  -0.0113105582  -0.0606032707   0.0016656662   0.0017204032
        0.0010975801  -0.0002980554  -0.0004843763   0.0006528940   0.0002039990
        0.0004643576  -0.0003490845  -0.0003776334  -0.0002096626   0.0010972604
        0.0000102229  -0.0008854171   0.0002618880  -0.0284271678  -0.0071067719
       -0.0091061234   0.0172099425   0.0044587352   0.0056422273   0.0736897243
        0.0133010644   0.0610754683   0.0009802626  -0.0004949882   0.0002666475
        0.0005356578  -0.0005746978   0.0009274946  -0.0000604689   0.0000985655
        0.0000577779  -0.0001473590   0.0004732973  -0.0006476660   0.0001151978
       -0.0001808395   0.0001055789  -0.0001918213   0.0001345734   0.0001146210
       -0.0000212720   0.0005758486  -0.0003025392  -0.0000306519   0.0000204663
       -0.0002907542
       -0.0015023321   0.0094385777   0.0176978894  -0.0451763635  -0.0021168172
       -0.0020633802   0.0014773977   0.0008421081   0.0098828127   0.0002912414
        0.0004684818   0.0004913993   0.0001444854  -0.0003898306   0.0006071498
       -0.0003174002   0.0002097666  -0.0002045775  -0.0013976675   0.0032773873
        0.0008059089   0.0004021413  -0.0002817012   0.0001837840   0.0003618972
        0.0003861602   0.0009802626   0.0504148811  -0.0015159637  -0.0007861013
       -0.0035688478  -0.0091860352  -0.0294908979  -0.0000946935  -0.0003204181
        0.0004574406  -0.0005336273  -0.0010832827   0.0015767963   0.0002394790
       -0.0002643073  -0.0000560031   0.0000856231   0.0001057105  -0.0000314622
       -0.0007886300   0.0003174722  -0.0000925426  -0.0000375842   0.0001126917
        0.0000415213
        0.0036810110  -0.0149209727  -0.0252826621   0.0010958345  -0.0578662956
       -0.0593028113  -0.0023969378   0.0036494266   0.0190560711   0.0002310393
        0.0013667110   0.0011531802  -0.0002798932   0.0002865363  -0.0000108401
       -0.0000901435  -0.0003427811   0.0000605095   0.0033954255  -0.0039683540
       -0.0006121233   0.0005101285  -0.0002758666  -0.0012776474  -0.0001994560
        0.0003009600  -0.0004949882  -0.0015159637   0.0758422380   0.0726098319
       -0.0029426851  -0.0001982521  -0.0090424508  -0.0002912176  -0.0006846596
        0.0008212410  -0.0009277742  -0.0025058274   0.0023892266  -0.0000322186
       -0.0010291589  -0.0000363112  -0.0001429834   0.0000549912   0.0000594401
        0.0000142867   0.0002700828  -0.0000882331  -0.0001084523   0.0000212221
       -0.0000014328
        0.0012764409  -0.0040245130  -0.0043828269   0.0014629276  -0.0662849384
       -0.2558801608   0.0027499073   0.0010718350  -0.0196440686  -0.0010865030
       -0.0014929760   0.0013513635   0.0001935950  -0.0000124487   0.0002356550
       -0.0000516678  -0.0001061596  -0.0002124087   0.0006268484  -0.0004640988
        0.0010674557   0.0000065065   0.0000655330   0.0004544982  -0.0001924904
        0.0001099904   0.0002666475  -0.0007861013   0.0726098319   0.2917353759
       -0.0047211588  -0.0044918578  -0.0125176186   0.0007565265   0.0005633173
       -0.0015106114   0.0000409214   0.0021908492  -0.0019928544   0.0000690322
        0.0007472062   0.0003993126  -0.0003320971  -0.0004346474  -0.0000306250
        0.0001633916  -0.0000500971   0.0004096361  -0.0001760790   0.0000031737
        0.0002512300
       -0.0232947577   0.0035019733  -0.0048184484  -0.2458603018  -0.0460132764
       -0.0511591471  -0.0101392413  -0.0066340694  -0.0019592827  -0.0004676439
       -0.0013539243   0.0017529819  -0.0000149659   0.0000452127   0.0000147701
        0.0002208057   0.0001283192   0.0000949308  -0.0000910048  -0.0003536909
       -0.0003893486  -0.0002194396   0.0000242086   0.0000464699  -0.0010204557
        0.0036129913   0.0005356578  -0.0035688478  -0.0029426851  -0.0047211588
        0.2831032585   0.0494424405   0.0611156128   0.0016731445   0.0011159464
       -0.0007575975  -0.0002021698  -0.0003316879   0.0002592400  -0.0000224076
        0.0000852287   0.0000572593  -0.0001584186  -0.0003562843  -0.0002952727
        0.0000229132   0.0000395058   0.0001247528   0.0000395325  -0.0000102082
        0.0000985805
        0.0288021428  -0.0017678190   0.0059440859  -0.0523061237  -0.0502529946
       -0.0166979328  -0.0172673037  -0.0092868627  -0.0003685458  -0.0021469103
       -0.0019828984   0.0023904745   0.0001415359   0.0000360041   0.0000404542
       -0.0001243214  -0.0001502713  -0.0000880228   0.0008677618   0.0006618876
        0.0003452727   0.0012920818   0.0002530350  -0.0000467651   0.0035084066
       -0.0040778613  -0.0005746978  -0.0091860352  -0.0001982521  -0.0044918578
        0.0494424405   0.0686800699   0.0130266001  -0.0017440975  -0.0007984333
        0.0002567523  -0.0006623902  -0.0008726444   0.0001307566  -0.0001525339
        0.0001195652   0.0002402702  -0.0005739489  -0.0004802202  -0.0002430508
        0.0001502031  -0.0000729233   0.0000521583  -0.0000409076   0.0001906187
        0.0000840482
        0.0037603861   0.0002283877   0.0014431717  -0.0536752382  -0.0129395368
       -0.0595230783   0.0141099824   0.0065702033   0.0033496120   0.0008986834
        0.0012248831  -0.0011198875   0.0003540189   0.0001441622   0.0003670115
       -0.0003937125  -0.0001495130  -0.0001784744   0.0010594094  -0.0000724180
        0.0006856351  -0.0006452956   0.0002710037   0.0002830358   0.0007862126
       -0.0006750428   0.0009274946  -0.0294908979  -0.0090424508  -0.0125176186
        0.0611156128   0.0130266001   0.0657485419   0.0014015029   0.0005510961
        0.0008085134   0.0007534615   0.0004324593  -0.0008902493  -0.0002980961
       -0.0000155803  -0.0002468215   0.0002708066   0.0004408079   0.0003454098
        0.0000776614  -0.0000234452   0.0001618359  -0.0000844975   0.0000283833
        0.0003558680
        0.0009565592  -0.0020571465   0.0010034990   0.0040377352  -0.0030068473
        0.0030963798  -0.1805172821   0.0852848809  -0.0729654743  -0.0154588455
        0.0042485256  -0.0081087679  -0.0020571137  -0.0026379628  -0.0026938332
        0.0001369777  -0.0002683518  -0.0000190474  -0.0001885621   0.0000431065
       -0.0001501693   0.0002670498  -0.0005314742  -0.0000504529   0.0002546127
       -0.0003282216  -0.0000604689  -0.0000946935  -0.0002912176   0.0007565265
        0.0016731445  -0.0017440975   0.0014015029   0.2100702064  -0.0915777264
        0.0822608064  -0.0186764249   0.0126212815  -0.0042985701   0.0005154685
        0.0001644985   0.0003006367  -0.0004653638   0.0000318931   0.0000233975
        0.0002454371  -0.0002674088   0.0001132460  -0.0006989053   0.0003162685
       -0.0006092107
       -0.0002419723  -0.0042227054   0.0030061616   0.0130377510  -0.0121448552
        0.0097461748   0.0822647905  -0.0920453133   0.0438016825  -0.0147147584
        0.0062351630  -0.0073850884  -0.0020894100  -0.0020510286  -0.0021235297
        0.0000569968   0.0000463077  -0.0001685841   0.0001863836  -0.0000637682
        0.0005915689   0.0005101282  -0.0009502141   0.0001307240  -0.0002313079
       -0.0000531953   0.0000985655  -0.0003204181  -0.0006846596   0.0005633173
        0.0011159464  -0.0007984333   0.0005510961  -0.0915777264   0.1117002751
       -0.0506060927   0.0142352626  -0.0064850987   0.0030585542  -0.0002901261
        0.0005118079  -0.0002105235  -0.0009884954   0.0005352668  -0.0006222445
       -0.0000359005   0.0000441268   0.0000141328  -0.0009171438   0.0004263246
       -0.0004459147
        0.0007293745   0.0013676340  -0.0019996683  -0.0116021206   0.0126257866
       -0.0078587555  -0.0728182408   0.0435854548  -0.0815515321  -0.0149140237
        0.0045175863  -0.0067491584  -0.0013708660  -0.0026623902  -0.0010166668
       -0.0004340851   0.0003627307  -0.0000746881   0.0002849539  -0.0001786384
        0.0000789137  -0.0004308452   0.0004149588   0.0003754576   0.0000696121
        0.0000930435   0.0000577779   0.0004574406   0.0008212410  -0.0015106114
       -0.0007575975   0.0002567523   0.0008085134   0.0822608064  -0.0506060927
        0.0913160845   0.0188194721  -0.0114426790   0.0078657668  -0.0002209028
        0.0003770544  -0.0004048836   0.0004830592   0.0003465679   0.0005542383
        0.0001756379  -0.0001366717   0.0001556734  -0.0007316749   0.0002576617
       -0.0000464613
        0.0009413881   0.0006026455  -0.0010808598  -0.0063337878   0.0025332443
        0.0091544266  -0.1055459850   0.0440299243   0.0926495514   0.0079511007
       -0.0054615357  -0.0108174181   0.0007281739  -0.0000795074  -0.0000442236
       -0.0011671470  -0.0007198514  -0.0003311712   0.0003941909  -0.0006214718
        0.0002542151   0.0000622341   0.0004348612  -0.0002048911   0.0002544293
        0.0000453037  -0.0001473590  -0.0005336273  -0.0009277742   0.0000409214
       -0.0002021698  -0.0006623902   0.0007534615  -0.0186764249   0.0142352626
        0.0188194721   0.1229605234  -0.0516782262  -0.1069396246  -0.0010933424
       -0.0020907839  -0.0019611235   0.0003329082   0.0002566204  -0.0000200819
       -0.0000238512   0.0000952249  -0.0001641350  -0.0000486130   0.0000084538
        0.0000388397
       -0.0009279968   0.0015494510   0.0009082630  -0.0112429146   0.0036189927
        0.0179264303   0.0463907297  -0.0725093123  -0.0642640053   0.0082007903
       -0.0107928527  -0.0174291971   0.0009911606   0.0003015423   0.0003390926
       -0.0006217848   0.0004775653   0.0004203863  -0.0001836080  -0.0007697116
       -0.0001826560  -0.0001761514   0.0001148474   0.0003157300   0.0002109663
        0.0000030060   0.0004732973  -0.0010832827  -0.0025058274   0.0021908492
       -0.0003316879  -0.0008726444   0.0004324593   0.0126212815  -0.0064850987
       -0.0114426790  -0.0516782262   0.0906307099   0.0733950177  -0.0027339952
       -0.0026903908  -0.0028416275   0.0003489864  -0.0000757587  -0.0004241336
        0.0000432400  -0.0000352948   0.0000286836   0.0001724927   0.0000407769
        0.0001540892
       -0.0001958714  -0.0019778760   0.0014859757   0.0121419590  -0.0014144741
       -0.0182816708   0.0920702849  -0.0636922546  -0.1730450609   0.0061245672
       -0.0106666693  -0.0144834542   0.0011195982   0.0001173426  -0.0001695726
       -0.0010317268   0.0003701049   0.0011341873   0.0003039209   0.0008601425
       -0.0000226968   0.0000926013  -0.0006326366   0.0001747630  -0.0001605484
        0.0005127934  -0.0006476660   0.0015767963   0.0023892266  -0.0019928544
        0.0002592400   0.0001307566  -0.0008902493  -0.0042985701   0.0030585542
        0.0078657668  -0.1069396246   0.0733950177   0.2003419746  -0.0017180631
       -0.0027886302  -0.0015064674   0.0002120222   0.0002485201   0.0003960657
        0.0001076478   0.0000137159  -0.0004105089   0.0003357665   0.0000763663
        0.0000514683
       -0.0000147332  -0.0000906847  -0.0000000610   0.0005934623   0.0001397338
       -0.0004913557   0.0064557640  -0.0066130705  -0.0117668358  -0.1044394830
        0.0431277403   0.0893613372  -0.0203007258   0.0106555589   0.0165035614
       -0.0054465338   0.0025596132   0.0009103813   0.0000442862   0.0000329001
        0.0000322147   0.0000476776   0.0000108437   0.0000509561  -0.0000966880
        0.0000580441   0.0001151978   0.0002394790  -0.0000322186   0.0000690322
       -0.0000224076  -0.0001525339  -0.0002980961   0.0005154685  -0.0002901261
       -0.0002209028  -0.0010933424  -0.0027339952  -0.0017180631   0.1263881604
       -0.0477584546  -0.1021722606  -0.0035508101   0.0010615884   0.0088808415
        0.0005000077  -0.0001226753   0.0001400185   0.0001804182   0.0001477364
        0.0006040344
       -0.0000892830   0.0001400516   0.0003304511   0.0011425744   0.0006371617
       -0.0014488407   0.0075529391  -0.0113688468  -0.0192223266   0.0425154156
       -0.0736135539  -0.0589962962   0.0100708234  -0.0040438047  -0.0079496203
        0.0015133150  -0.0002968538  -0.0001384644   0.0000311845   0.0001327263
       -0.0000219985   0.0000435162  -0.0000820620  -0.0000590381   0.0001210264
       -0.0000833590  -0.0001808395  -0.0002643073  -0.0010291589   0.0007472062
        0.0000852287   0.0001195652  -0.0000155803   0.0001644985   0.0005118079
        0.0003770544  -0.0020907839  -0.0026903908  -0.0027886302  -0.0477584546
        0.0842508446   0.0705529826  -0.0121010582   0.0069332011   0.0188636402
       -0.0002290300  -0.0000985808  -0.0000849328  -0.0007076047   0.0005812524
        0.0000352331
       -0.0001137826   0.0002023071   0.0001121961   0.0003761499   0.0008373951
        0.0011648142   0.0058430759  -0.0092982254  -0.0156638027   0.0876547178
       -0.0585230328  -0.1686219971  -0.0027904296   0.0016751215   0.0057001228
       -0.0009013179   0.0005986503   0.0006051612   0.0000690400   0.0001740106
        0.0001429803  -0.0000752884   0.0001391156   0.0001413907  -0.0000736884
        0.0000884727   0.0001055789  -0.0000560031  -0.0000363112   0.0003993126
        0.0000572593   0.0002402702  -0.0002468215   0.0003006367  -0.0002105235
       -0.0004048836  -0.0019611235  -0.0028416275  -0.0015064674  -0.1021722606
        0.0705529826   0.1977705153   0.0142694179  -0.0040418946  -0.0208650785
       -0.0001975142   0.0000690892   0.0003322263  -0.0002288893   0.0003742000
        0.0008347526
       -0.0000886309  -0.0005472937   0.0001912598  -0.0012840914  -0.0027768205
       -0.0013455391  -0.0044120880  -0.0122009470   0.0075660034  -0.0513878580
       -0.0315014228   0.0261577546  -0.0000993171   0.0217480475  -0.0168648511
       -0.0003495296   0.0007295109  -0.0004386752   0.0001523442   0.0000126374
        0.0000150393   0.0002402068  -0.0000741860  -0.0000973839  -0.0000052089
       -0.0000186290  -0.0001918213   0.0000856231  -0.0001429834  -0.0003320971
       -0.0001584186  -0.0005739489   0.0002708066  -0.0004653638  -0.0009884954
        0.0004830592   0.0003329082   0.0003489864   0.0002120222  -0.0035508101
       -0.0121010582   0.0142694179   0.0649602845   0.0346702027  -0.0267706424
       -0.0042771970   0.0029097489  -0.0029161901   0.0003071467   0.0005066513
       -0.0002081627
       -0.0000169631  -0.0002894160   0.0000705036  -0.0026551755  -0.0028093715
       -0.0018994141  -0.0069219744  -0.0181836416   0.0109518122  -0.0307300558
       -0.1756147989   0.1017293630   0.0026134154  -0.0116234545   0.0101160977
        0.0002462129   0.0001442422  -0.0003080803  -0.0000930478  -0.0000112755
        0.0001842901  -0.0000128937   0.0000572002   0.0000296803  -0.0002192443
       -0.0000369554   0.0001345734   0.0001057105   0.0000549912  -0.0004346474
       -0.0003562843  -0.0004802202   0.0004408079   0.0000318931   0.0005352668
        0.0003465679   0.0002566204  -0.0000757587   0.0002485201   0.0010615884
        0.0069332011  -0.0040418946   0.0346702027   0.2012452007  -0.1192150173
        0.0022422559  -0.0003572631   0.0016685553  -0.0002222604   0.0005120532
       -0.0000217181
        0.0000041831  -0.0003262497   0.0002910539  -0.0015320117  -0.0020632213
       -0.0003003633  -0.0028188990  -0.0092053935   0.0066456518   0.0253103699
        0.1030728682  -0.1265316137  -0.0007638696   0.0096641067  -0.0080867407
        0.0002904765  -0.0004033638   0.0009235309  -0.0000520008  -0.0000412721
        0.0002248194  -0.0000251210  -0.0001486115   0.0002635564  -0.0000621498
       -0.0001017192   0.0001146210  -0.0000314622   0.0000594401  -0.0000306250
       -0.0002952727  -0.0002430508   0.0003454098   0.0000233975  -0.0006222445
        0.0005542383  -0.0000200819  -0.0004241336   0.0003960657   0.0088808415
        0.0188636402  -0.0208650785  -0.0267706424  -0.1192150173   0.1466529759
       -0.0023040616   0.0009633807  -0.0002098144   0.0001663040   0.0001708415
       -0.0003876874
       -0.0006107597  -0.0006692533  -0.0003279034  -0.0001874983   0.0000344416
       -0.0002619656   0.0007815435   0.0001385287   0.0002153039   0.0010659298
        0.0222333922  -0.0153402868  -0.0418736274  -0.0256261389   0.0127305061
       -0.0069505162  -0.0066884847   0.0136254965  -0.0000381714  -0.0000283431
        0.0000841201  -0.0001033843  -0.0002528499   0.0000351599   0.0009247424
       -0.0002584084  -0.0000212720  -0.0007886300   0.0000142867   0.0001633916
        0.0000229132   0.0001502031   0.0000776614   0.0002454371  -0.0000359005
        0.0001756379  -0.0000238512   0.0000432400   0.0001076478   0.0005000077
       -0.0002290300  -0.0001975142  -0.0042771970   0.0022422559  -0.0023040616
        0.0527761922   0.0230122371  -0.0154109535  -0.0014631302  -0.0140801763
        0.0066490319
       -0.0017042314  -0.0008258895  -0.0008588614  -0.0001356291   0.0001106033
       -0.0001378906  -0.0005888326   0.0004678375  -0.0004453978   0.0018416958
       -0.0116674928   0.0079680575  -0.0224156694  -0.1989090661   0.1064557325
        0.0018592577   0.0051981193  -0.0041710948  -0.0000433508  -0.0001477091
        0.0000845555  -0.0002259894  -0.0001069428   0.0000215494   0.0007260735
        0.0007864515   0.0005758486   0.0003174722   0.0002700828  -0.0000500971
        0.0000395058  -0.0000729233  -0.0000234452  -0.0002674088   0.0000441268
       -0.0001366717   0.0000952249  -0.0000352948   0.0000137159  -0.0001226753
       -0.0000985808   0.0000690892   0.0029097489  -0.0003572631   0.0009633807
        0.0230122371   0.2297266186  -0.1220886170  -0.0052974291  -0.0243826774
        0.0117601464
        0.0001039211  -0.0001174596   0.0000898074  -0.0004528893   0.0002981306
        0.0000083248   0.0007837128   0.0002663876   0.0002903496  -0.0015906792
        0.0107613983  -0.0069660707   0.0107576724   0.1149366220  -0.1143104338
        0.0112398185   0.0082831306  -0.0169980917  -0.0000763044  -0.0001972572
       -0.0002837297   0.0000481326  -0.0001640393  -0.0000318985  -0.0003957766
       -0.0017763895  -0.0003025392  -0.0000925426  -0.0000882331   0.0004096361
        0.0001247528   0.0000521583   0.0001618359   0.0001132460   0.0000141328
        0.0001556734  -0.0001641350   0.0000286836  -0.0004105089   0.0001400185
       -0.0000849328   0.0003322263  -0.0029161901   0.0016685553  -0.0002098144
       -0.0154109535  -0.1220886170   0.1288998929  -0.0022118039  -0.0117922706
        0.0091653405
        0.0000445031  -0.0000647384  -0.0000278505   0.0002805251   0.0002839408
        0.0001903644  -0.0044531020   0.0019649036  -0.0023655779  -0.0151313606
       -0.0156703714  -0.0139440049  -0.0905827359  -0.0780896081  -0.0620667281
       -0.0000519752   0.0107224137   0.0151198498  -0.0000211455   0.0001243697
        0.0000673139  -0.0000104743   0.0000873671  -0.0000020444  -0.0001563563
        0.0000466807  -0.0000306519  -0.0000375842  -0.0001084523  -0.0001760790
        0.0000395325  -0.0000409076  -0.0000844975  -0.0006989053  -0.0009171438
       -0.0007316749  -0.0000486130   0.0001724927   0.0003357665   0.0001804182
       -0.0007076047  -0.0002288893   0.0003071467  -0.0002222604   0.0001663040
       -0.0014631302  -0.0052974291  -0.0022118039   0.1118032568   0.0877163474
        0.0659902036
       -0.0001104563  -0.0000886810   0.0000167811   0.0000162236  -0.0000741052
       -0.0001484844   0.0016767836   0.0001178207   0.0008328787   0.0033304832
        0.0058934989   0.0043569575  -0.0811151669  -0.1595071044  -0.0866293006
        0.0020927221  -0.0019882061  -0.0060496082  -0.0001666314   0.0000257343
       -0.0000065861  -0.0001688512   0.0000582383  -0.0000270395  -0.0002728715
        0.0002424955   0.0000204663   0.0001126917   0.0000212221   0.0000031737
       -0.0000102082   0.0001906187   0.0000283833   0.0003162685   0.0004263246
        0.0002576617   0.0000084538   0.0000407769   0.0000763663   0.0001477364
        0.0005812524   0.0003742000   0.0005066513   0.0005120532   0.0001708415
       -0.0140801763  -0.0243826774  -0.0117922706   0.0877163474   0.1779307386
        0.0985155794
        0.0001838273   0.0002044066   0.0000699356  -0.0001388610  -0.0000950887
       -0.0000039850  -0.0023375323   0.0012468464  -0.0002439368  -0.0066007011
       -0.0072278045  -0.0060603061  -0.0677945165  -0.0896488251  -0.1093103286
        0.0041676266  -0.0140679697  -0.0191572091  -0.0000229021   0.0000465966
       -0.0000375803   0.0000753461  -0.0000169114  -0.0000267953  -0.0001371249
       -0.0005212808  -0.0002907542   0.0000415213  -0.0000014328   0.0002512300
        0.0000985805   0.0000840482   0.0003558680  -0.0006092107  -0.0004459147
       -0.0000464613   0.0000388397   0.0001540892   0.0000514683   0.0006040344
        0.0000352331   0.0008347526  -0.0002081627  -0.0000217181  -0.0003876874
        0.0066490319   0.0117601464   0.0091653405   0.0659902036   0.0985155794
        0.1248364490
