$hessian                                                                        
        0.4986820176  -0.0478912911  -0.0186072510  -0.1363172016  -0.0409400512
       -0.0194074615  -0.0080815532  -0.0107840741   0.0017003855   0.0015277954
       -0.0011593449   0.0025987365  -0.0005814361   0.0001019093   0.0004552513
       -0.0094350413   0.0094685495  -0.0011621550  -0.0483546639  -0.0251610924
        0.0269862256  -0.0484667476   0.0163294161   0.0312415406  -0.2170825684
        0.1192935861  -0.0136691590  -0.0311291079  -0.0184660102  -0.0070497761
       -0.0011691756  -0.0026284496  -0.0017241675   0.0007043100   0.0007272031
       -0.0002109447   0.0003209725   0.0008430970  -0.0004575236  -0.0001588916
        0.0000270160  -0.0002795754  -0.0002105592  -0.0000809218   0.0001296833
       -0.0002481492   0.0003204582  -0.0005438090
       -0.0478912911   0.5356336366  -0.0118309482  -0.0468027042  -0.0983970414
       -0.0157201243  -0.0211163844  -0.0186898345   0.0004641979  -0.0001002271
       -0.0038817649   0.0042802902  -0.0007772676   0.0000532265   0.0004007247
        0.0067508318  -0.0042683123   0.0006224966  -0.0226577213  -0.1714191482
        0.1373370329   0.0168723583  -0.1151548918  -0.1207362816   0.1240626964
       -0.1215757951   0.0103785509   0.0084411235   0.0078949071   0.0024679243
       -0.0155100205  -0.0123165926  -0.0057731173  -0.0007434058   0.0008721705
       -0.0008925223   0.0005189831   0.0010149606  -0.0005483775  -0.0005787294
       -0.0003116501  -0.0000432067  -0.0001890698   0.0000760233   0.0003013855
       -0.0002791719   0.0004701061  -0.0007080252
       -0.0186072510  -0.0118309482   0.5894470253  -0.0171160127  -0.0125469611
       -0.0758010323   0.0162261054   0.0130960817   0.0024960965   0.0008011552
        0.0031062776  -0.0022512153   0.0004042292   0.0002341548   0.0000018459
       -0.0008846295   0.0007698278   0.0007076841   0.0246631669   0.1415103099
       -0.2020454476   0.0330129615  -0.1260994099  -0.2664856679  -0.0142563402
        0.0098131940  -0.0419860183  -0.0032680791  -0.0017346527   0.0003814416
       -0.0226253756  -0.0166662745  -0.0065515344   0.0006367613  -0.0005456984
        0.0002814106   0.0008033742   0.0005396470   0.0015912824   0.0004912643
       -0.0000066697   0.0004772835  -0.0002417573   0.0003584517  -0.0005974729
       -0.0000395725   0.0000026700   0.0003343187
       -0.1363172016  -0.0468027042  -0.0171160127   0.4686474359  -0.0560476390
        0.0050745026  -0.0579435483   0.0005783792   0.0097636189  -0.0088433258
       -0.0190036987   0.0107737316  -0.0001674463   0.0005851057   0.0012135382
        0.0009317865  -0.0012138491   0.0004344096  -0.0034973174  -0.0043428401
        0.0016088512   0.0023028866  -0.0012659005  -0.0044349080  -0.0216342596
       -0.0092613694  -0.0042358043  -0.1947869347   0.1095470288  -0.0117753574
       -0.0480419001   0.0148863525   0.0231981975   0.0011245369   0.0164072813
       -0.0182336071  -0.0006181501  -0.0037676554   0.0048884612  -0.0012801428
       -0.0005365365  -0.0006407357   0.0002608361  -0.0003607230   0.0006307474
       -0.0001372555   0.0005987682  -0.0011496332
       -0.0409400512  -0.0983970414  -0.0125469611  -0.0560476390   0.4534484722
        0.0280381037   0.0071355639  -0.1100710975   0.0648783290  -0.0124830307
       -0.0204126363   0.0052897157  -0.0010807479   0.0014637594   0.0010672064
        0.0006842860  -0.0018152725   0.0000518663  -0.0143939547  -0.0117498850
       -0.0013518719  -0.0111338179  -0.0098094629  -0.0061372422   0.0043819981
        0.0119320791   0.0016186942   0.1037935223  -0.1140417157   0.0061950518
        0.0185760518  -0.0915598567  -0.0958705759   0.0012777953  -0.0164224186
        0.0161323637   0.0002513111   0.0069410047  -0.0067708787   0.0004736083
       -0.0000396137   0.0003550663  -0.0001862551  -0.0003787809   0.0001549250
       -0.0003086402   0.0009124655  -0.0011037925
       -0.0194074615  -0.0157201243  -0.0758010323   0.0050745026   0.0280381037
        0.5076743430   0.0012674436   0.0556512610  -0.1363684538   0.0054198451
        0.0020747946   0.0066607677  -0.0012508989  -0.0022226642  -0.0011907196
        0.0004100181  -0.0002715242  -0.0004445908   0.0146062863   0.0103536274
        0.0042459430  -0.0197619073  -0.0153850475  -0.0054317513  -0.0032463205
       -0.0004735111  -0.0001062967  -0.0122323641   0.0054383477  -0.0463224537
        0.0273841091  -0.0925425533  -0.2199982864  -0.0014012135   0.0060660643
       -0.0042459954   0.0038832651   0.0197105069  -0.0284839859  -0.0005037104
       -0.0005531341   0.0002607597  -0.0000345787  -0.0001661703   0.0000494739
       -0.0002070150   0.0000020234  -0.0004977215
       -0.0080815532  -0.0211163844   0.0162261054  -0.0579435483   0.0071355639
        0.0012674436   0.5039642651  -0.0182771082   0.0115882169  -0.1666866222
       -0.0746551925  -0.0171744957  -0.0020303636  -0.0099718093  -0.0069205531
       -0.0006735146   0.0004287226  -0.0003773596  -0.0036506942  -0.0033932737
       -0.0006446677   0.0003924826   0.0007977584   0.0002451159   0.0015751459
       -0.0008189187  -0.0004263367   0.0020077443   0.0162851525  -0.0162650714
       -0.0002288889  -0.0033045553   0.0050850387  -0.1996952816   0.1045696165
       -0.0160192838  -0.0488801014   0.0162782080   0.0244942016  -0.0226401737
       -0.0155050422  -0.0029020541   0.0008894720   0.0017797880  -0.0003149130
        0.0016816316  -0.0002325256   0.0021386129
       -0.0107840741  -0.0186898345   0.0130960817   0.0005783792  -0.1100710975
        0.0556512610  -0.0182771082   0.4751388974   0.0362935939  -0.0744804810
       -0.1128514192  -0.0170057111  -0.0211514989  -0.0266447323  -0.0117692815
       -0.0006115427   0.0006173011   0.0003858471  -0.0030649698  -0.0018844874
       -0.0010255449  -0.0001322696   0.0010412106   0.0002247495   0.0007811296
        0.0006860423  -0.0005856404   0.0013022094  -0.0170430032   0.0159413202
        0.0001140376   0.0071574998  -0.0049302779   0.1079788941  -0.1114389647
        0.0072248205   0.0163753073  -0.0887825254  -0.0886451103   0.0021492872
        0.0038447286  -0.0015920044   0.0001767876  -0.0012031328   0.0038885981
       -0.0009540880   0.0001235171  -0.0071527017
        0.0017003855   0.0004641979   0.0024960965   0.0097636189   0.0648783290
       -0.1363684538   0.0115882169   0.0362935939   0.4870614924  -0.0253491567
       -0.0254535554  -0.0667610454  -0.0150276451  -0.0140292234  -0.0051048944
       -0.0001421194   0.0001056713   0.0006486683  -0.0007655753  -0.0010738294
        0.0008111033  -0.0004157872  -0.0005169303   0.0017757126   0.0003956816
       -0.0004909668   0.0006775951  -0.0015688456   0.0059771484  -0.0035311646
        0.0038125030   0.0168148064  -0.0243697528  -0.0161548204   0.0078307103
       -0.0479622240   0.0249612248  -0.0897997160  -0.2147967531   0.0069133924
        0.0046102757   0.0019271452  -0.0017748761   0.0027106077  -0.0029338632
        0.0020638027  -0.0083211193   0.0064303379
        0.0015277954  -0.0001002271   0.0008011552  -0.0088433258  -0.0124830307
        0.0054198451  -0.1666866222  -0.0744804810  -0.0253491567   0.5344756751
        0.0169790443  -0.1039157122  -0.0820740579   0.0282807901   0.0336917169
        0.0007548663  -0.0004430584   0.0002927255   0.0000773381  -0.0001599835
       -0.0000219141  -0.0000540820  -0.0001036064   0.0001341613  -0.0005520096
        0.0004401357   0.0000190638   0.0009336736   0.0006886450  -0.0006033337
        0.0002669263   0.0003797210   0.0003324480  -0.0285216498  -0.0136333151
       -0.0041846406   0.0007205134  -0.0008496245  -0.0008492232  -0.2465676874
        0.0531743786   0.0908269767  -0.0051295127   0.0232629455   0.0177740004
       -0.0003278409  -0.0209523336  -0.0143681124
       -0.0011593449  -0.0038817649   0.0031062776  -0.0190036987  -0.0204126363
        0.0020747946  -0.0746551925  -0.1128514192  -0.0254535554   0.0169790443
        0.6123731432   0.3273503748   0.0260805928  -0.3889484466  -0.2567618957
        0.0005622704  -0.0002026906  -0.0005066653  -0.0009526663  -0.0004758496
        0.0000450426   0.0000488538  -0.0001422789   0.0005248945  -0.0002134325
       -0.0003556826   0.0005240823   0.0003959187   0.0006571871  -0.0002270704
        0.0002083057   0.0011443071  -0.0006368310   0.0059621778   0.0077298025
        0.0033638471  -0.0131583808  -0.0125359697  -0.0065881145   0.0555272205
       -0.0552991180  -0.0262967853   0.0040450297  -0.0083969590  -0.0087200284
       -0.0006666980  -0.0184016242  -0.0117983675
        0.0025987365   0.0042802902  -0.0022512153   0.0107737316   0.0052897157
        0.0066607677  -0.0171744957  -0.0170057111  -0.0667610454  -0.1039157122
        0.3273503748   0.3760065763   0.0317803171  -0.2554704330  -0.2191424455
        0.0000427621  -0.0002413417  -0.0001059368   0.0006908832   0.0008007865
        0.0002622106   0.0000740219   0.0001177857  -0.0003910293  -0.0002734603
        0.0004499762  -0.0004240240   0.0002046182  -0.0002546717   0.0006014591
        0.0007158201   0.0006229938   0.0001573269  -0.0016221231  -0.0016177230
        0.0012877897  -0.0203800222  -0.0181973279  -0.0064910663   0.0925679263
       -0.0273416154  -0.0753213650   0.0046206511  -0.0130057447  -0.0091877282
       -0.0007036548  -0.0057773544  -0.0049002746
       -0.0005814361  -0.0007772676   0.0004042292  -0.0001674463  -0.0010807479
       -0.0012508989  -0.0020303636  -0.0211514989  -0.0150276451  -0.0820740579
        0.0260805928   0.0317803171   0.5641765463   0.0502486850  -0.0991981372
       -0.0003164635  -0.0000176350   0.0000930163  -0.0000526830  -0.0001310575
       -0.0000060791   0.0000656479   0.0001718466   0.0000795321   0.0006088386
        0.0002433469   0.0000777449  -0.0001811829  -0.0000747034   0.0001745020
       -0.0001227447  -0.0002048982  -0.0000609542   0.0010633852  -0.0019342518
       -0.0006160678  -0.0032150078  -0.0037480048  -0.0016099965  -0.0053052203
        0.0238466938   0.0184038400  -0.2549927323   0.0557021932   0.1017625747
       -0.2168750796  -0.1271732932  -0.0350059776
        0.0001019093   0.0000532265   0.0002341548   0.0005851057   0.0014637594
       -0.0022226642  -0.0099718093  -0.0266447323  -0.0140292234   0.0282807901
       -0.3889484466  -0.2554704330   0.0502486850   0.6133563923   0.3468374123
        0.0000649177   0.0002688122   0.0000071657  -0.0000497789   0.0000364304
        0.0000181621  -0.0000182884   0.0000557242   0.0000804338  -0.0000090279
       -0.0002450031  -0.0000884619   0.0000595926  -0.0001164697  -0.0000148638
       -0.0001763541   0.0001825303  -0.0002056070   0.0014565437   0.0004142886
       -0.0000711665  -0.0026829543  -0.0015118752  -0.0007351196   0.0042566842
       -0.0099557510  -0.0092069334   0.0574711826  -0.0563525033  -0.0323161256
       -0.1296171981  -0.1320563827  -0.0328167302
        0.0004552513   0.0004007247   0.0000018459   0.0012135382   0.0010672064
       -0.0011907196  -0.0069205531  -0.0117692815  -0.0051048944   0.0336917169
       -0.2567618957  -0.2191424455  -0.0991981372   0.3468374123   0.3665635588
        0.0000041693  -0.0002228386  -0.0001155022   0.0000456319   0.0000998409
        0.0001274812   0.0000335458   0.0000783504   0.0000324477  -0.0001691636
        0.0001765195   0.0002106493   0.0000500613  -0.0001632185  -0.0000242611
       -0.0002620394  -0.0000204270   0.0001552028   0.0011884007   0.0006294600
        0.0003885596  -0.0013381739  -0.0011901235  -0.0002628796   0.0046320983
       -0.0139560715  -0.0104844185   0.1036294817  -0.0317749546  -0.0862595433
       -0.0370558283  -0.0334307032  -0.0448950810
       -0.0094350413   0.0067508318  -0.0008846295   0.0009317865   0.0006842860
        0.0004100181  -0.0006735146  -0.0006115427  -0.0001421194   0.0007548663
        0.0005622704   0.0000427621  -0.0003164635   0.0000649177   0.0000041693
       -0.0028432082   0.0058136444  -0.0004868618  -0.0003734339  -0.0007845496
        0.0005219494  -0.0000297662  -0.0007784162  -0.0007074436   0.0121330946
       -0.0135649757   0.0015919527  -0.0002911064   0.0002999201  -0.0000816490
        0.0005801627  -0.0000099421   0.0003589453   0.0006107383   0.0007668132
       -0.0005802233   0.0000574885   0.0001991507  -0.0000678466  -0.0004159659
        0.0002014370   0.0000072155  -0.0002301973   0.0003313668   0.0001385713
       -0.0004594397   0.0000747880  -0.0001248104
        0.0094685495  -0.0042683123   0.0007698278  -0.0012138491  -0.0018152725
       -0.0002715242   0.0004287226   0.0006173011   0.0001056713  -0.0004430584
       -0.0002026906  -0.0002413417  -0.0000176350   0.0002688122  -0.0002228386
        0.0058136444  -0.0014046776   0.0006221155   0.0002197362   0.0003109768
       -0.0005682804  -0.0001114320   0.0000402168   0.0007342169  -0.0141183645
        0.0059060733  -0.0013379897   0.0005394132   0.0004733917   0.0000626747
       -0.0000112045  -0.0000175469   0.0001101795   0.0002159477  -0.0006381367
       -0.0001901057  -0.0001134158  -0.0000447943   0.0000995008  -0.0001490967
        0.0003381513   0.0001266337  -0.0001789926   0.0001594792   0.0001271102
       -0.0003289650   0.0002770284   0.0000741500
       -0.0011621550   0.0006224966   0.0007076841   0.0004344096   0.0000518663
       -0.0004445908  -0.0003773596   0.0003858471   0.0006486683   0.0002927255
       -0.0005066653  -0.0001059368   0.0000930163   0.0000071657  -0.0001155022
       -0.0004868618   0.0006221155   0.0025624473  -0.0000748845  -0.0002219504
        0.0001182926  -0.0001544002   0.0002079477   0.0000076411   0.0017469592
       -0.0013693338  -0.0040200747  -0.0003124489   0.0001702734   0.0007305099
       -0.0002243081   0.0003743949   0.0006063467   0.0001714197  -0.0005532894
       -0.0009534429   0.0003729009  -0.0002812680   0.0002915091   0.0000778875
       -0.0000166801   0.0003978045  -0.0001932469   0.0003015191  -0.0003282125
       -0.0002036535   0.0002055606  -0.0001031437
       -0.0483546639  -0.0226577213   0.0246631669  -0.0034973174  -0.0143939547
        0.0146062863  -0.0036506942  -0.0030649698  -0.0007655753   0.0000773381
       -0.0009526663   0.0006908832  -0.0000526830  -0.0000497789   0.0000456319
       -0.0003734339   0.0002197362  -0.0000748845   0.0492524404   0.0291031607
       -0.0282313751   0.0017689991  -0.0021751820   0.0047802427   0.0046717633
        0.0145492275  -0.0160512207  -0.0004392607  -0.0004360340   0.0005319814
        0.0003846104  -0.0002533428   0.0001029120   0.0000787125   0.0001223430
       -0.0001343189   0.0000958763   0.0001319771  -0.0002264058  -0.0000139445
       -0.0001140654   0.0000352847   0.0000294229  -0.0000765108   0.0001439254
        0.0000228344   0.0000477815  -0.0001165341
       -0.0251610924  -0.1714191482   0.1415103099  -0.0043428401  -0.0117498850
        0.0103536274  -0.0033932737  -0.0018844874  -0.0010738294  -0.0001599835
       -0.0004758496   0.0008007865  -0.0001310575   0.0000364304   0.0000998409
       -0.0007845496   0.0003109768  -0.0002219504   0.0291031607   0.1863035190
       -0.1560092332   0.0018839284   0.0105711965  -0.0090130469   0.0026176042
       -0.0121607012   0.0138964034   0.0005249184   0.0005453343  -0.0000095758
       -0.0000705098  -0.0002769054   0.0001608605  -0.0002099817   0.0003604624
       -0.0001370046   0.0000484859   0.0000380190  -0.0003889342  -0.0000350866
       -0.0001714463   0.0000003622   0.0000480324  -0.0000743729   0.0001042801
        0.0000622450   0.0000468576  -0.0000728965
        0.0269862256   0.1373370329  -0.2020454476   0.0016088512  -0.0013518719
        0.0042459430  -0.0006446677  -0.0010255449   0.0008111033  -0.0000219141
        0.0000450426   0.0002622106  -0.0000060791   0.0000181621   0.0001274812
        0.0005219494  -0.0005682804   0.0001182926  -0.0282313751  -0.1560092332
        0.2221364137   0.0038406365   0.0171146237  -0.0251455459  -0.0030168624
        0.0056616842  -0.0016343783  -0.0003945222  -0.0002931971   0.0002233200
       -0.0006092764  -0.0010709845   0.0003520599   0.0000986645   0.0000488564
        0.0001108331  -0.0000875286   0.0001634121   0.0002241743  -0.0000490241
        0.0000071443   0.0000464406   0.0000189826  -0.0000408939   0.0000832725
       -0.0000140600  -0.0000359525   0.0000838269
       -0.0484667476   0.0168723583   0.0330129615   0.0023028866  -0.0111338179
       -0.0197619073   0.0003924826  -0.0001322696  -0.0004157872  -0.0000540820
        0.0000488538   0.0000740219   0.0000656479  -0.0000182884   0.0000335458
       -0.0000297662  -0.0001114320  -0.0001544002   0.0017689991   0.0018839284
        0.0038406365   0.0498266023  -0.0161926814  -0.0352564587  -0.0023853221
        0.0124216514   0.0199440135   0.0001875728  -0.0004534235  -0.0008688271
       -0.0035733347  -0.0033650497  -0.0012062314  -0.0001032613   0.0001925002
        0.0001463456   0.0000393755  -0.0000110839   0.0006142339   0.0000355033
       -0.0000598297   0.0000200279  -0.0000280917   0.0000168055  -0.0000133152
        0.0000215357   0.0000417786  -0.0000088596
        0.0163294161  -0.1151548918  -0.1260994099  -0.0012659005  -0.0098094629
       -0.0153850475   0.0007977584   0.0010412106  -0.0005169303  -0.0001036064
       -0.0001422789   0.0001177857   0.0001718466   0.0000557242   0.0000783504
       -0.0007784162   0.0000402168   0.0002079477  -0.0021751820   0.0105711965
        0.0171146237  -0.0161926814   0.1226095554   0.1391556952   0.0062542667
       -0.0079017310  -0.0152198821   0.0007173669   0.0006920683   0.0004822270
       -0.0035422845  -0.0014540692  -0.0006225460   0.0001212328  -0.0005831298
       -0.0000924943  -0.0005799186  -0.0001196267   0.0007653293   0.0001084629
        0.0000495358  -0.0000249953   0.0000418482   0.0000197963   0.0000009858
        0.0000957908   0.0000858865   0.0000383605
        0.0312415406  -0.1207362816  -0.2664856679  -0.0044349080  -0.0061372422
       -0.0054317513   0.0002451159   0.0002247495   0.0017757126   0.0001341613
        0.0005248945  -0.0003910293   0.0000795321   0.0000804338   0.0000324477
       -0.0007074436   0.0007342169   0.0000076411   0.0047802427  -0.0090130469
       -0.0251455459  -0.0352564587   0.1391556952   0.2937386607   0.0047665767
       -0.0041130873   0.0009912472   0.0004963064   0.0001687592   0.0003784276
       -0.0014948724  -0.0006859751   0.0006125481  -0.0000082970   0.0002633006
       -0.0000321017   0.0000859373  -0.0004231499  -0.0002108952   0.0000548190
       -0.0000207921   0.0000666792  -0.0000026820   0.0000076267   0.0000017517
        0.0000204298  -0.0000301013   0.0000918753
       -0.2170825684   0.1240626964  -0.0142563402  -0.0216342596   0.0043819981
       -0.0032463205   0.0015751459   0.0007811296   0.0003956816  -0.0005520096
       -0.0002134325  -0.0002734603   0.0006088386  -0.0000090279  -0.0001691636
        0.0121330946  -0.0141183645   0.0017469592   0.0046717633   0.0026176042
       -0.0030168624  -0.0023853221   0.0062542667   0.0047665767   0.2231048132
       -0.1193349165   0.0142272240  -0.0021562067  -0.0024774010  -0.0009701820
        0.0001651948  -0.0001197586   0.0000664493   0.0004648417  -0.0010061823
        0.0003364899  -0.0002093507  -0.0002131356   0.0000938020   0.0004402249
       -0.0002246134   0.0001091670   0.0003350424  -0.0002321166  -0.0000002809
        0.0005207576  -0.0001487459   0.0001902602
        0.1192935861  -0.1215757951   0.0098131940  -0.0092613694   0.0119320791
       -0.0004735111  -0.0008189187   0.0006860423  -0.0004909668   0.0004401357
       -0.0003556826   0.0004499762   0.0002433469  -0.0002450031   0.0001765195
       -0.0135649757   0.0059060733  -0.0013693338   0.0145492275  -0.0121607012
        0.0056616842   0.0124216514  -0.0079017310  -0.0041130873  -0.1193349165
        0.1266487320  -0.0087770503  -0.0043906684  -0.0019638627  -0.0007345027
       -0.0007415167   0.0005630011  -0.0004049633   0.0001030625  -0.0004347818
        0.0004176399  -0.0000226754  -0.0001764407   0.0000532277   0.0001477347
       -0.0004120124  -0.0001035778   0.0004189929  -0.0001574874  -0.0000664339
        0.0005173032  -0.0003524297  -0.0000388146
       -0.0136691590   0.0103785509  -0.0419860183  -0.0042358043   0.0016186942
       -0.0001062967  -0.0004263367  -0.0005856404   0.0006775951   0.0000190638
        0.0005240823  -0.0004240240   0.0000777449  -0.0000884619   0.0002106493
        0.0015919527  -0.0013379897  -0.0040200747  -0.0160512207   0.0138964034
       -0.0016343783   0.0199440135  -0.0152198821   0.0009912472   0.0142272240
       -0.0087770503   0.0466980029  -0.0007910639  -0.0007976444  -0.0004906449
       -0.0003985579  -0.0005930420  -0.0001964825  -0.0002350397   0.0008849575
        0.0009177510  -0.0002476399   0.0004996120  -0.0008718103  -0.0004194662
        0.0002521367  -0.0007067818   0.0003587934  -0.0003857882   0.0008072838
        0.0002554959  -0.0002689382   0.0001339820
       -0.0311291079   0.0084411235  -0.0032680791  -0.1947869347   0.1037935223
       -0.0122323641   0.0020077443   0.0013022094  -0.0015688456   0.0009336736
        0.0003959187   0.0002046182  -0.0001811829   0.0000595926   0.0000500613
       -0.0002911064   0.0005394132  -0.0003124489  -0.0004392607   0.0005249184
       -0.0003945222   0.0001875728   0.0007173669   0.0004963064  -0.0021562067
       -0.0043906684  -0.0007910639   0.2312661451  -0.1188447125   0.0146916295
       -0.0060819408   0.0081892388   0.0027661782   0.0006242867  -0.0004456779
        0.0001809883   0.0004088028  -0.0003251972   0.0000721220  -0.0000452698
        0.0000441823   0.0000383781  -0.0001858452  -0.0000073681   0.0000805466
       -0.0001313703   0.0000061380  -0.0000135048
       -0.0184660102   0.0078949071  -0.0017346527   0.1095470288  -0.1140417157
        0.0054383477   0.0162851525  -0.0170430032   0.0059771484   0.0006886450
        0.0006571871  -0.0002546717  -0.0000747034  -0.0001164697  -0.0001632185
        0.0002999201   0.0004733917   0.0001702734  -0.0004360340   0.0005453343
       -0.0002931971  -0.0004534235   0.0006920683   0.0001687592  -0.0024774010
       -0.0019638627  -0.0007976444  -0.1188447125   0.1346653588  -0.0094585301
        0.0154485880  -0.0103227263  -0.0028133134  -0.0009925676  -0.0025795579
        0.0041177772  -0.0001177172   0.0010100157  -0.0009239350  -0.0003350175
       -0.0000310831   0.0002292617  -0.0000146091   0.0001688617   0.0002362995
       -0.0000571383  -0.0000087062   0.0001012957
       -0.0070497761   0.0024679243   0.0003814416  -0.0117753574   0.0061950518
       -0.0463224537  -0.0162650714   0.0159413202  -0.0035311646  -0.0006033337
       -0.0002270704   0.0006014591   0.0001745020  -0.0000148638  -0.0000242611
       -0.0000816490   0.0000626747   0.0007305099   0.0005319814  -0.0000095758
        0.0002233200  -0.0008688271   0.0004822270   0.0003784276  -0.0009701820
       -0.0007345027  -0.0004906449   0.0146916295  -0.0094585301   0.0517545510
        0.0225846408  -0.0182297523  -0.0010896813   0.0002786109   0.0035291595
       -0.0029382275  -0.0006968227  -0.0000051240   0.0008721820   0.0001066237
       -0.0000704005  -0.0000611877   0.0000075629   0.0000792746  -0.0003270872
       -0.0000645317  -0.0000078126  -0.0001571832
       -0.0011691756  -0.0155100205  -0.0226253756  -0.0480419001   0.0185760518
        0.0273841091  -0.0002288889   0.0001140376   0.0038125030   0.0002669263
        0.0002083057   0.0007158201  -0.0001227447  -0.0001763541  -0.0002620394
        0.0005801627  -0.0000112045  -0.0002243081   0.0003846104  -0.0000705098
       -0.0006092764  -0.0035733347  -0.0035422845  -0.0014948724   0.0001651948
       -0.0007415167  -0.0003985579  -0.0060819408   0.0154485880   0.0225846408
        0.0566627198  -0.0132925402  -0.0287320798   0.0003508952  -0.0000107605
       -0.0007288303   0.0007147222  -0.0010017374   0.0004607546  -0.0000059183
        0.0000632802   0.0001001946   0.0001920363  -0.0000450345   0.0000331969
       -0.0000933647  -0.0000083007  -0.0000158791
       -0.0026284496  -0.0123165926  -0.0166662745   0.0148863525  -0.0915598567
       -0.0925425533  -0.0033045553   0.0071574998   0.0168148064   0.0003797210
        0.0011443071   0.0006229938  -0.0002048982   0.0001825303  -0.0000204270
       -0.0000099421  -0.0000175469   0.0003743949  -0.0002533428  -0.0002769054
       -0.0010709845  -0.0033650497  -0.0014540692  -0.0006859751  -0.0001197586
        0.0005630011  -0.0005930420   0.0081892388  -0.0103227263  -0.0182297523
       -0.0132925402   0.1091253303   0.1078901284  -0.0002392350   0.0009348867
        0.0002707310  -0.0008105116  -0.0021872663   0.0038218307   0.0001850968
       -0.0002967591  -0.0000103135   0.0002822151  -0.0005454039   0.0000143166
        0.0003056589  -0.0001304286   0.0000101205
       -0.0017241675  -0.0057731173  -0.0065515344   0.0231981975  -0.0958705759
       -0.2199982864   0.0050850387  -0.0049302779  -0.0243697528   0.0003324480
       -0.0006368310   0.0001573269  -0.0000609542  -0.0002056070   0.0001552028
        0.0003589453   0.0001101795   0.0006063467   0.0001029120   0.0001608605
        0.0003520599  -0.0012062314  -0.0006225460   0.0006125481   0.0000664493
       -0.0004049633  -0.0001964825   0.0027661782  -0.0028133134  -0.0010896813
       -0.0287320798   0.1078901284   0.2532287803  -0.0000320848  -0.0006665726
        0.0006522546   0.0003781676   0.0035255485  -0.0035425960  -0.0002507002
       -0.0000805919  -0.0000950681  -0.0000979187   0.0003423421   0.0002944416
       -0.0001842001  -0.0000246626  -0.0002155595
        0.0007043100  -0.0007434058   0.0006367613   0.0011245369   0.0012777953
       -0.0014012135  -0.1996952816   0.1079788941  -0.0161548204  -0.0285216498
        0.0059621778  -0.0016221231   0.0010633852   0.0014565437   0.0011884007
        0.0006107383   0.0002159477   0.0001714197   0.0000787125  -0.0002099817
        0.0000986645  -0.0001032613   0.0001212328  -0.0000082970   0.0004648417
        0.0001030625  -0.0002350397   0.0006242867  -0.0009925676   0.0002786109
        0.0003508952  -0.0002392350  -0.0000320848   0.2316369779  -0.1193388980
        0.0166130509  -0.0062809458   0.0065319347   0.0023685043  -0.0030951858
       -0.0020259352  -0.0017184026   0.0002694419  -0.0000634490  -0.0010412093
        0.0007681979  -0.0000341163   0.0008577782
        0.0007272031   0.0008721705  -0.0005456984   0.0164072813  -0.0164224186
        0.0060660643   0.1045696165  -0.1114389647   0.0078307103  -0.0136333151
        0.0077298025  -0.0016177230  -0.0019342518   0.0004142886   0.0006294600
        0.0007668132  -0.0006381367  -0.0005532894   0.0001223430   0.0003604624
        0.0000488564   0.0001925002  -0.0005831298   0.0002633006  -0.0010061823
       -0.0004347818   0.0008849575  -0.0004456779  -0.0025795579   0.0035291595
       -0.0000107605   0.0009348867  -0.0006665726  -0.1193388980   0.1336342454
       -0.0115282614   0.0160690236  -0.0104621248  -0.0032769502  -0.0026760051
       -0.0013207945  -0.0007032024   0.0000146178  -0.0000107745  -0.0003962270
        0.0001756922  -0.0000551728   0.0000354155
       -0.0002109447  -0.0008925223   0.0002814106  -0.0182336071   0.0161323637
       -0.0042459954  -0.0160192838   0.0072248205  -0.0479622240  -0.0041846406
        0.0033638471   0.0012877897  -0.0006160678  -0.0000711665   0.0003885596
       -0.0005802233  -0.0001901057  -0.0009534429  -0.0001343189  -0.0001370046
        0.0001108331   0.0001463456  -0.0000924943  -0.0000321017   0.0003364899
        0.0004176399   0.0009177510   0.0001809883   0.0041177772  -0.0029382275
       -0.0007288303   0.0002707310   0.0006522546   0.0166130509  -0.0115282614
        0.0537903384   0.0233688480  -0.0178473681  -0.0011688005  -0.0001849110
       -0.0002482531   0.0000517154  -0.0000409081  -0.0005657622  -0.0001812823
        0.0002880128   0.0000457588   0.0000014218
        0.0003209725   0.0005189831   0.0008033742  -0.0006181501   0.0002513111
        0.0038832651  -0.0488801014   0.0163753073   0.0249612248   0.0007205134
       -0.0131583808  -0.0203800222  -0.0032150078  -0.0026829543  -0.0013381739
        0.0000574885  -0.0001134158   0.0003729009   0.0000958763   0.0000484859
       -0.0000875286   0.0000393755  -0.0005799186   0.0000859373  -0.0002093507
       -0.0000226754  -0.0002476399   0.0004088028  -0.0001177172  -0.0006968227
        0.0007147222  -0.0008105116   0.0003781676  -0.0062809458   0.0160690236
        0.0233688480   0.0557290547  -0.0140433816  -0.0301729123   0.0010756270
       -0.0004350471  -0.0010078443  -0.0002542742   0.0000670202  -0.0001918973
        0.0002953970  -0.0013661286   0.0002691232
        0.0008430970   0.0010149606   0.0005396470  -0.0037676554   0.0069410047
        0.0197105069   0.0162782080  -0.0887825254  -0.0897997160  -0.0008496245
       -0.0125359697  -0.0181973279  -0.0037480048  -0.0015118752  -0.0011901235
        0.0001991507  -0.0000447943  -0.0002812680   0.0001319771   0.0000380190
        0.0001634121  -0.0000110839  -0.0001196267  -0.0004231499  -0.0002131356
       -0.0001764407   0.0004996120  -0.0003251972   0.0010100157  -0.0000051240
       -0.0010017374  -0.0021872663   0.0035255485   0.0065319347  -0.0104621248
       -0.0178473681  -0.0140433816   0.1068611236   0.1027484528   0.0004798122
        0.0007446454   0.0001308416  -0.0004252254   0.0005027063   0.0001603684
       -0.0000791340  -0.0012918523   0.0002656883
       -0.0004575236  -0.0005483775   0.0015912824   0.0048884612  -0.0067708787
       -0.0284839859   0.0244942016  -0.0886451103  -0.2147967531  -0.0008492232
       -0.0065881145  -0.0064910663  -0.0016099965  -0.0007351196  -0.0002628796
       -0.0000678466   0.0000995008   0.0002915091  -0.0002264058  -0.0003889342
        0.0002241743   0.0006142339   0.0007653293  -0.0002108952   0.0000938020
        0.0000532277  -0.0008718103   0.0000721220  -0.0009239350   0.0008721820
        0.0004607546   0.0038218307  -0.0035425960   0.0023685043  -0.0032769502
       -0.0011688005  -0.0301729123   0.1027484528   0.2519054952   0.0005706829
        0.0004162898   0.0008696111  -0.0002718933   0.0003713753  -0.0000889219
        0.0000930385  -0.0003985863   0.0001634545
       -0.0001588916  -0.0005787294   0.0004912643  -0.0012801428   0.0004736083
       -0.0005037104  -0.0226401737   0.0021492872   0.0069133924  -0.2465676874
        0.0555272205   0.0925679263  -0.0053052203   0.0042566842   0.0046320983
       -0.0004159659  -0.0001490967   0.0000778875  -0.0000139445  -0.0000350866
       -0.0000490241   0.0000355033   0.0001084629   0.0000548190   0.0004402249
        0.0001477347  -0.0004194662  -0.0000452698  -0.0003350175   0.0001066237
       -0.0000059183   0.0001850968  -0.0002507002  -0.0030951858  -0.0026760051
       -0.0001849110   0.0010756270   0.0004798122   0.0005706829   0.2750640245
       -0.0587059987  -0.1048076063   0.0019680033  -0.0009375243   0.0024632071
        0.0009450170   0.0000895513  -0.0016624833
        0.0000270160  -0.0003116501  -0.0000066697  -0.0005365365  -0.0000396137
       -0.0005531341  -0.0155050422   0.0038447286   0.0046102757   0.0531743786
       -0.0552991180  -0.0273416154   0.0238466938  -0.0099557510  -0.0139560715
        0.0002014370   0.0003381513  -0.0000166801  -0.0001140654  -0.0001714463
        0.0000071443  -0.0000598297   0.0000495358  -0.0000207921  -0.0002246134
       -0.0004120124   0.0002521367   0.0000441823  -0.0000310831  -0.0000704005
        0.0000632802  -0.0002967591  -0.0000805919  -0.0020259352  -0.0013207945
       -0.0002482531  -0.0004350471   0.0007446454   0.0004162898  -0.0587059987
        0.0633594834   0.0430394904  -0.0012575480   0.0005611263  -0.0084801910
        0.0015076283  -0.0010594426   0.0024490626
       -0.0002795754  -0.0000432067   0.0004772835  -0.0006407357   0.0003550663
        0.0002607597  -0.0029020541  -0.0015920044   0.0019271452   0.0908269767
       -0.0262967853  -0.0753213650   0.0184038400  -0.0092069334  -0.0104844185
        0.0000072155   0.0001266337   0.0003978045   0.0000352847   0.0000003622
        0.0000464406   0.0000200279  -0.0000249953   0.0000666792   0.0001091670
       -0.0001035778  -0.0007067818   0.0000383781   0.0002292617  -0.0000611877
        0.0001001946  -0.0000103135  -0.0000950681  -0.0017184026  -0.0007032024
        0.0000517154  -0.0010078443   0.0001308416   0.0008696111  -0.1048076063
        0.0430394904   0.0790735179   0.0025435270  -0.0087351865   0.0065621237
       -0.0007283930   0.0028345491  -0.0030642597
       -0.0002105592  -0.0001890698  -0.0002417573   0.0002608361  -0.0001862551
       -0.0000345787   0.0008894720   0.0001767876  -0.0017748761  -0.0051295127
        0.0040450297   0.0046206511  -0.2549927323   0.0574711826   0.1036294817
       -0.0002301973  -0.0001789926  -0.0001932469   0.0000294229   0.0000480324
        0.0000189826  -0.0000280917   0.0000418482  -0.0000026820   0.0003350424
        0.0004189929   0.0003587934  -0.0001858452  -0.0000146091   0.0000075629
        0.0001920363   0.0002822151  -0.0000979187   0.0002694419   0.0000146178
       -0.0000409081  -0.0002542742  -0.0004252254  -0.0002718933   0.0019680033
       -0.0012575480   0.0025435270   0.2780432487  -0.0645900757  -0.1184116212
       -0.0209562911   0.0043430694   0.0098904836
       -0.0000809218   0.0000760233   0.0003584517  -0.0003607230  -0.0003787809
       -0.0001661703   0.0017797880  -0.0012031328   0.0027106077   0.0232629455
       -0.0083969590  -0.0130057447   0.0557021932  -0.0563525033  -0.0317749546
        0.0003313668   0.0001594792   0.0003015191  -0.0000765108  -0.0000743729
       -0.0000408939   0.0000168055   0.0000197963   0.0000076267  -0.0002321166
       -0.0001574874  -0.0003857882  -0.0000073681   0.0001688617   0.0000792746
       -0.0000450345  -0.0005454039   0.0003423421  -0.0000634490  -0.0000107745
       -0.0005657622   0.0000670202   0.0005027063   0.0003713753  -0.0009375243
        0.0005611263  -0.0087351865  -0.0645900757   0.0612374214   0.0452405438
       -0.0147663954   0.0043940001   0.0052627594
        0.0001296833   0.0003013855  -0.0005974729   0.0006307474   0.0001549250
        0.0000494739  -0.0003149130   0.0038885981  -0.0029338632   0.0177740004
       -0.0087200284  -0.0091877282   0.1017625747  -0.0323161256  -0.0862595433
        0.0001385713   0.0001271102  -0.0003282125   0.0001439254   0.0001042801
        0.0000832725  -0.0000133152   0.0000009858   0.0000017517  -0.0000002809
       -0.0000664339   0.0008072838   0.0000805466   0.0002362995  -0.0003270872
        0.0000331969   0.0000143166   0.0002944416  -0.0010412093  -0.0003962270
       -0.0001812823  -0.0001918973   0.0001603684  -0.0000889219   0.0024632071
       -0.0084801910   0.0065621237  -0.1184116212   0.0452405438   0.0883768954
       -0.0031832163  -0.0002498071   0.0037288688
       -0.0002481492  -0.0002791719  -0.0000395725  -0.0001372555  -0.0003086402
       -0.0002070150   0.0016816316  -0.0009540880   0.0020638027  -0.0003278409
       -0.0006666980  -0.0007036548  -0.2168750796  -0.1296171981  -0.0370558283
       -0.0004594397  -0.0003289650  -0.0002036535   0.0000228344   0.0000622450
       -0.0000140600   0.0000215357   0.0000957908   0.0000204298   0.0005207576
        0.0005173032   0.0002554959  -0.0001313703  -0.0000571383  -0.0000645317
       -0.0000933647   0.0003056589  -0.0001842001   0.0007681979   0.0001756922
        0.0002880128   0.0002953970  -0.0000791340   0.0000930385   0.0009450170
        0.0015076283  -0.0007283930  -0.0209562911  -0.0147663954  -0.0031832163
        0.2349734198   0.1443931105   0.0396633454
        0.0003204582   0.0004701061   0.0000026700   0.0005987682   0.0009124655
        0.0000020234  -0.0002325256   0.0001235171  -0.0083211193  -0.0209523336
       -0.0184016242  -0.0057773544  -0.1271732932  -0.1320563827  -0.0334307032
        0.0000747880   0.0002770284   0.0002055606   0.0000477815   0.0000468576
       -0.0000359525   0.0000417786   0.0000858865  -0.0000301013  -0.0001487459
       -0.0003524297  -0.0002689382   0.0000061380  -0.0000087062  -0.0000078126
       -0.0000083007  -0.0001304286  -0.0000246626  -0.0000341163  -0.0000551728
        0.0000457588  -0.0013661286  -0.0012918523  -0.0003985863   0.0000895513
       -0.0010594426   0.0028345491   0.0043430694   0.0043940001  -0.0002498071
        0.1443931105   0.1470461777   0.0454544757
       -0.0005438090  -0.0007080252   0.0003343187  -0.0011496332  -0.0011037925
       -0.0004977215   0.0021386129  -0.0071527017   0.0064303379  -0.0143681124
       -0.0117983675  -0.0049002746  -0.0350059776  -0.0328167302  -0.0448950810
       -0.0001248104   0.0000741500  -0.0001031437  -0.0001165341  -0.0000728965
        0.0000838269  -0.0000088596   0.0000383605   0.0000918753   0.0001902602
       -0.0000388146   0.0001339820  -0.0000135048   0.0001012957  -0.0001571832
       -0.0000158791   0.0000101205  -0.0002155595   0.0008577782   0.0000354155
        0.0000014218   0.0002691232   0.0002656883   0.0001634545  -0.0016624833
        0.0024490626  -0.0030642597   0.0098904836   0.0052627594   0.0037288688
        0.0396633454   0.0454544757   0.0428651371
