   -0.13497889
   -0.03090299
   -0.07981649
   -0.00267524
   -0.04673238
   -0.05335531
    0.03853419
    0.00974687
   -0.05235946
    0.00170159
   -0.11012013
    0.02106159
    0.01235886
   -0.04555751
   -0.05114944
    0.02730693
    0.00579977
    0.00401498
   -0.10866707
   -0.05051567
   -0.01490855
   -0.01571409
   -0.01874343
   -0.05576492
   -0.12028512
    0.28984847
    0.26988045
    0.26802477
    0.11168638
    0.10112683
    0.09663116
    0.07040299
    0.04547849
    0.04951275
    0.04119402
    0.05976171
    0.05968393
    0.05406522
    0.03860463
    0.04735093
    0.05546782
    0.05553508
    0.05560141
    0.04498754
    0.05687735
