           1           2  0.96781419632340804     
           2           3   1.0094423363659983     
           3           4   1.0057683129939863     
           4           5   1.0194651697043935     
           1           7  0.89402826180585682     
           1           8  0.89672433770011550     
           1           9  0.83381594474236775     
           2          10  0.96759387936595331     
           2          11  0.96910889634529440     
           3          12  0.97362956276882351     
           3          13  0.97355659158039876     
           4          14  0.97722189472802468     
           4          15  0.97842715385298151     
           5          16  0.98731215256771876     
           5          17  0.98700171240519952     
           5          18  0.98807345635053334     
