$hessian                                                                        
        0.5539262445   0.0170472816   0.0540324871  -0.0981261600   0.0242267100
        0.0434706890  -0.0274221151   0.0122510245   0.0225967785   0.0009283020
        0.0009446254   0.0006839913  -0.0001890236   0.0001621513   0.0002624916
       -0.0001882940   0.0003053619   0.0002348559  -0.0001099629   0.0001515921
        0.0000793997  -0.0001383637   0.0001715803  -0.0001738686   0.0000482315
        0.0000444341  -0.0003784872   0.0016263118  -0.0005002453  -0.0001093283
       -0.0485857535  -0.0451968278  -0.0063504998  -0.0576625267   0.0277187248
       -0.0510832344  -0.3193062880  -0.0376487186  -0.0638104431   0.0003371943
       -0.0007740452   0.0013753139   0.0010150244   0.0016591610  -0.0002263741
       -0.0073693460  -0.0002923914  -0.0016323635   0.0017425776  -0.0004255009
        0.0009828411   0.0000123420   0.0000118474   0.0000349787  -0.0001427668
        0.0000277972  -0.0000717143  -0.0002038059  -0.0000020403  -0.0000014001
       -0.0001765074  -0.0000032382   0.0000672920  -0.0000153147   0.0001207162
        0.0000165947
        0.0170472816   0.5476997971  -0.0335987315   0.0198918857  -0.0869571806
       -0.0287100129   0.0033259163   0.0019435105  -0.0000872274  -0.0015479689
       -0.0009795754   0.0002083670  -0.0003072713   0.0001872806   0.0001711356
        0.0000677316   0.0000986301   0.0001522935   0.0000883906   0.0000565014
        0.0001016688  -0.0000610668  -0.0001019413  -0.0002065896  -0.0000963783
        0.0001959323  -0.0000907003  -0.0008836774  -0.0143814881  -0.0011671066
       -0.0436120176  -0.2853853381  -0.0279748562   0.0254433302  -0.1052219269
        0.1155425396  -0.0328348710  -0.0476063839  -0.0066377532  -0.0068636378
        0.0055459921   0.0091657354   0.0197929883  -0.0161210391  -0.0270196457
        0.0001496574   0.0007571840   0.0004322737  -0.0002753547   0.0001431247
       -0.0004187112   0.0001121139   0.0000134855  -0.0000211790   0.0001551954
        0.0000438393   0.0000606927   0.0001770126   0.0000349257   0.0000014337
        0.0001415191   0.0000412488  -0.0000192020   0.0000892211  -0.0000065789
        0.0001155757
        0.0540324871  -0.0335987315   0.5291608828   0.0377789805  -0.0310216096
       -0.1293302364   0.0041205383   0.0017490515   0.0029493912  -0.0005978606
       -0.0009217246   0.0003499842  -0.0002538252   0.0005603303  -0.0002048613
        0.0000596213   0.0002203124  -0.0000184279   0.0000280684   0.0000113275
       -0.0000560737  -0.0000321048  -0.0001990599  -0.0000358643   0.0000926718
        0.0000070467  -0.0003272840  -0.0003573349  -0.0024504753   0.0011047382
       -0.0053029751  -0.0261552903  -0.0436172811  -0.0476787081   0.1184965392
       -0.2664727060  -0.0654438847  -0.0081069901  -0.0613435928   0.0179327098
       -0.0111254408  -0.0265779643   0.0072200121  -0.0076892352  -0.0089197181
       -0.0006254758   0.0002919541   0.0012593801  -0.0011172729   0.0001298611
        0.0017735620   0.0000685100  -0.0000728794   0.0002932765   0.0000442553
        0.0001854379  -0.0000222055   0.0000488510   0.0000387392  -0.0001233740
        0.0000384168  -0.0001096085  -0.0001175195  -0.0000556803  -0.0002395548
        0.0002758939
       -0.0981261600   0.0198918857   0.0377789805   0.4213858772   0.0200766946
        0.0364667421  -0.1668801201  -0.0010587344  -0.0371037426  -0.0155092398
       -0.0176926452  -0.0043390930  -0.0008470016   0.0010420226   0.0018272584
        0.0003947696  -0.0008165407   0.0000898519  -0.0000787746   0.0001388613
        0.0000834869   0.0004455361  -0.0006649043  -0.0003735385   0.0003521576
        0.0014909679  -0.0012108262  -0.0004627209  -0.0013582568  -0.0001331504
        0.0040910836   0.0041557105  -0.0021725058   0.0040262439  -0.0033247727
        0.0000425411  -0.0168993512   0.0096943056   0.0182701730  -0.0470033922
        0.0169644442  -0.0326745835  -0.0537971079  -0.0524453735  -0.0099235036
       -0.0181519665   0.0015594268  -0.0016905624  -0.0125864467   0.0020121483
       -0.0054996346  -0.0002611859   0.0000465820   0.0001628909  -0.0000853569
        0.0000945889   0.0001545205  -0.0001670190   0.0001652671   0.0000848633
        0.0001597960   0.0000663476  -0.0000006004   0.0000003794  -0.0000380255
        0.0001604322
        0.0242267100  -0.0869571806  -0.0310216096   0.0200766946   0.5148333648
       -0.0258269337  -0.0112660012  -0.0624135140   0.0006733253  -0.0274140520
       -0.0061479869  -0.0081518814  -0.0010785468  -0.0019990670   0.0008847522
        0.0011268238  -0.0013420277  -0.0004096125  -0.0000241224   0.0001006709
       -0.0001602669   0.0010831192  -0.0003087236  -0.0001117975  -0.0006334420
       -0.0003587045  -0.0007022214   0.0001658447   0.0004003869   0.0002198685
        0.0138074379  -0.0099052424  -0.0178190651  -0.0076938865   0.0060375725
        0.0069088346  -0.0001513347   0.0009719659   0.0022482382   0.0200398417
       -0.1051910115   0.0964918267  -0.0570129253  -0.2482371369  -0.0295845575
        0.0108900133  -0.0002617655   0.0016760846   0.0150401716   0.0004412074
        0.0045901232  -0.0003429460   0.0001337106  -0.0001577661   0.0000377115
       -0.0003124053   0.0000225899  -0.0002274962   0.0000712110   0.0001647062
        0.0000001780   0.0001033322   0.0001108068  -0.0006497931   0.0003413437
       -0.0000454444
        0.0434706890  -0.0287100129  -0.1293302364   0.0364667421  -0.0258269337
        0.4916935197  -0.0357976574   0.0021843161  -0.0732327128  -0.0047860463
       -0.0034453933  -0.0005503653  -0.0000532824  -0.0015102582   0.0003636318
        0.0004772662  -0.0002650755  -0.0002567272   0.0000310317   0.0000996361
        0.0000467365   0.0000491754  -0.0003839193  -0.0002681588   0.0001263175
        0.0013491222  -0.0003369373   0.0004052754   0.0016657730  -0.0001924408
        0.0012734059  -0.0082070233  -0.0035842991   0.0141338632  -0.0075135001
       -0.0230279436  -0.0002227267   0.0017260030   0.0044172443  -0.0364555095
        0.1014207575  -0.2071771553  -0.0105885276  -0.0329885156  -0.0504674250
        0.0197537713  -0.0006887568   0.0029124641  -0.0280037462   0.0005130927
       -0.0102356871  -0.0002810771   0.0002797791  -0.0002248786  -0.0000524517
       -0.0000219979  -0.0001045223  -0.0001237025   0.0000251693  -0.0000733365
       -0.0000299490  -0.0000247168  -0.0000610325   0.0002071384   0.0003224545
       -0.0003097377
       -0.0274221151   0.0033259163   0.0041205383  -0.1668801201  -0.0112660012
       -0.0357976574   0.4441635277  -0.0152334574  -0.0120188623  -0.0688390726
       -0.0362726492  -0.0060228691  -0.0012647194  -0.0083206452  -0.0042810651
        0.0068371450  -0.0014687783  -0.0020046146  -0.0003800863  -0.0000456473
       -0.0001960445   0.0066345841  -0.0012822427   0.0009418603  -0.0026709569
       -0.0075490032   0.0027797375   0.0001741759  -0.0001072593  -0.0000398935
       -0.0000209923  -0.0004127994   0.0003916345   0.0013972663   0.0000013635
       -0.0002877581  -0.0016699070   0.0014025888   0.0028771987  -0.0102411554
        0.0021539860  -0.0058583165  -0.0136634584  -0.0041693944  -0.0039668155
       -0.1104327001   0.0568743482   0.0911457733  -0.0494963198   0.0206831040
       -0.0318894274  -0.0020060815   0.0007950691   0.0005026538  -0.0000812952
       -0.0003345234  -0.0000564778  -0.0016736049   0.0005757871   0.0000702011
       -0.0001393160  -0.0002029417  -0.0001225776  -0.0023247979   0.0008531796
       -0.0002872181
        0.0122510245   0.0019435105   0.0017490515  -0.0010587344  -0.0624135140
        0.0021843161  -0.0152334574   0.4842556684  -0.0085594273  -0.0439674886
       -0.1943260863  -0.0175712535  -0.0061317517  -0.0190990104  -0.0086955767
       -0.0022247659   0.0016049202  -0.0026123721  -0.0000626864  -0.0005994377
       -0.0003481169  -0.0015802015   0.0005046379   0.0043377995  -0.0082983719
       -0.0280427824   0.0042971882  -0.0001055889   0.0003674300   0.0000325731
        0.0003617853  -0.0000382090   0.0001253053  -0.0006526240   0.0001439177
       -0.0001132686   0.0019038121  -0.0006951655  -0.0017330280   0.0143845743
        0.0011697846   0.0047767691  -0.0270008348  -0.0036788633  -0.0075242634
        0.0549270650  -0.0808794619  -0.0647994877   0.0214014530  -0.1004582412
        0.0942804896   0.0009093779   0.0011990908   0.0017907353  -0.0003988450
       -0.0005431772  -0.0000271799   0.0003948963   0.0000026786  -0.0001096976
       -0.0004227011  -0.0009929972  -0.0002344166   0.0006040633   0.0005753076
       -0.0012461393
        0.0225967785  -0.0000872274   0.0029493912  -0.0371037426   0.0006733253
       -0.0732327128  -0.0120188623  -0.0085594273   0.5207025497  -0.0047671543
       -0.0134538154  -0.0684819160  -0.0093525331  -0.0257398818  -0.0066183868
       -0.0017952116  -0.0012687526  -0.0044681449  -0.0000757849  -0.0001702303
       -0.0006441336   0.0006637463   0.0032250444  -0.0031921150   0.0072574005
        0.0210917783   0.0020796339   0.0000050416  -0.0000492184   0.0000668785
        0.0001313616   0.0006743201   0.0000413815   0.0009605240  -0.0003378761
        0.0015489900   0.0034230989  -0.0018052697  -0.0029433104  -0.0240459907
       -0.0000289700  -0.0076842133  -0.0042234632  -0.0006850134  -0.0001932742
        0.0891592107  -0.0676818452  -0.1579971665  -0.0309454369   0.0954197416
       -0.2031917438  -0.0003545625  -0.0020305353   0.0007336919  -0.0005410397
       -0.0012411710  -0.0003224082   0.0001196362  -0.0000500329   0.0000027205
        0.0004481840   0.0011374949  -0.0000778538   0.0004587994   0.0009675623
        0.0009221420
        0.0009283020  -0.0015479689  -0.0005978606  -0.0155092398  -0.0274140520
       -0.0047860463  -0.0688390726  -0.0439674886  -0.0047671543   0.1915591254
        0.1416507961   0.0342976530  -0.0590734497  -0.0250600692  -0.0529002836
       -0.0045214447  -0.0119139547  -0.0085213441  -0.0054383493   0.0033149535
       -0.0010326227  -0.0025758835  -0.0097750583   0.0071212794  -0.0563375343
       -0.0322181748   0.0329664922  -0.0004076841   0.0003504920   0.0001231228
        0.0008507594   0.0011292598   0.0000207971  -0.0002349766   0.0000750186
        0.0001348108   0.0004236513   0.0000421116  -0.0001905592   0.0010535071
       -0.0000532341   0.0003145722  -0.0056682740  -0.0015165893  -0.0014086390
        0.0053418675   0.0106075257   0.0002110523   0.0017255417   0.0012245856
        0.0017284737   0.0012082148   0.0006595189   0.0033652317   0.0067597428
       -0.0040894427  -0.0007392212   0.0004244796   0.0001658877  -0.0000095995
        0.0068701325  -0.0041202943  -0.0006819475   0.0014605845   0.0024561776
       -0.0046482069
        0.0009446254  -0.0009795754  -0.0009217246  -0.0176926452  -0.0061479869
       -0.0034453933  -0.0362726492  -0.1943260863  -0.0134538154   0.1416507961
        0.5801726460  -0.0147263079  -0.0308363437  -0.1149296415  -0.1107635272
       -0.0077063890  -0.0176851623  -0.0287296449   0.0031365642   0.0020530694
        0.0099091692  -0.0141596822  -0.0460043609   0.0127723252  -0.0263961352
       -0.1646067370   0.1453862993  -0.0007050357  -0.0000684294   0.0001302626
        0.0004264077   0.0016829819   0.0002131921  -0.0001056632  -0.0000505219
        0.0005886704   0.0001004916   0.0002561477  -0.0000426609   0.0005452542
        0.0008122523  -0.0000850345   0.0002993882   0.0001971882  -0.0001150759
       -0.0038121497  -0.0207071057  -0.0082764948  -0.0057046668  -0.0209295290
        0.0038805799   0.0025823892   0.0034125317   0.0166710953  -0.0039577547
       -0.0041170632  -0.0007064092   0.0003761250   0.0008982056   0.0002122002
       -0.0039412713  -0.0041009451  -0.0005292760   0.0012283444   0.0051681218
       -0.0079684296
        0.0006839913   0.0002083670   0.0003499842  -0.0043390930  -0.0081518814
       -0.0005503653  -0.0060228691  -0.0175712535  -0.0684819160   0.0342976530
       -0.0147263079   0.6632456109  -0.0281783670  -0.0367649056  -0.2855320076
       -0.0271063297  -0.0864914186   0.0148633557  -0.0015135711   0.0092476829
       -0.0662962377   0.0261837255   0.0710267718   0.0402811489   0.0090475744
        0.0732723893  -0.2395218444  -0.0003230741   0.0002830256  -0.0002738963
        0.0004966025   0.0000769139   0.0004848043   0.0001241964   0.0002351310
       -0.0001908124   0.0000474633   0.0000285082   0.0000046028  -0.0001393326
       -0.0005366841  -0.0002242542  -0.0020498316  -0.0003920261   0.0002193455
       -0.0049169382  -0.0229794900  -0.0042650483   0.0063865521   0.0248567980
       -0.0000727722  -0.0037575039  -0.0053453952  -0.0277763643  -0.0004256245
       -0.0002622504   0.0013257700  -0.0000164387   0.0002331017  -0.0007335518
       -0.0009477553  -0.0010016031   0.0012994840   0.0024689706   0.0147545266
       -0.0281550358
       -0.0001890236  -0.0003072713  -0.0002538252  -0.0008470016  -0.0010785468
       -0.0000532824  -0.0012647194  -0.0061317517  -0.0093525331  -0.0590734497
       -0.0308363437  -0.0281783670   0.1688400069   0.1648430391   0.0301849977
       -0.0757167732  -0.0847976295  -0.0244895229  -0.0013863423  -0.0139633247
        0.0260837179  -0.0105769749  -0.0124670141  -0.0112112283   0.0067420444
        0.0187409333  -0.0089610602  -0.0009681337   0.0004802724  -0.0002446415
        0.0004221223   0.0000332317   0.0002859941   0.0001537325   0.0001328513
       -0.0000973177   0.0001079505   0.0000051596  -0.0001184976   0.0000644622
       -0.0001253812   0.0000104876  -0.0003520725  -0.0001104293   0.0000018636
       -0.0000948979  -0.0000277272   0.0000588261  -0.0002010225   0.0001778022
       -0.0004803958  -0.0382967971  -0.0235503097   0.0278025839  -0.0012730465
       -0.0059291163  -0.0016228830   0.0071664380  -0.0026246517   0.0003559065
       -0.0001319257  -0.0000316000  -0.0002099703   0.0068754237  -0.0024321924
        0.0004891476
        0.0001621513   0.0001872806   0.0005603303   0.0010420226  -0.0019990670
       -0.0015102582  -0.0083206452  -0.0190990104  -0.0257398818  -0.0250600692
       -0.1149296415  -0.0367649056   0.1648430391   0.6224559342  -0.0196336725
       -0.0894024718  -0.3081052409  -0.0654415688  -0.0092262500  -0.0446655940
        0.0711173186  -0.0125419640  -0.0365587411  -0.0303284673   0.0144743273
        0.0488474147  -0.0121445397  -0.0002078215  -0.0004231697   0.0003759001
       -0.0004053599   0.0001846903  -0.0003562717  -0.0002311342  -0.0002720479
       -0.0003283650   0.0001525908   0.0000257570  -0.0000755681  -0.0001410995
        0.0000112650   0.0000617636  -0.0008066422   0.0002061591  -0.0000470485
       -0.0010953692  -0.0039953977  -0.0015168054  -0.0003148216   0.0008263587
       -0.0024042400  -0.0234606896  -0.1287161568   0.1212226361  -0.0043743621
       -0.0123519560  -0.0036257550  -0.0025829547  -0.0008452099   0.0033639913
       -0.0000534931  -0.0000307444  -0.0008007393  -0.0024489833  -0.0007528822
        0.0040161470
        0.0002624916   0.0001711356  -0.0002048613   0.0018272584   0.0008847522
        0.0003636318  -0.0042810651  -0.0086955767  -0.0066183868  -0.0529002836
       -0.1107635272  -0.2855320076   0.0301849977  -0.0196336725   0.6592981940
        0.0003774788   0.0097889519  -0.0989865411   0.0079079125   0.0155885918
        0.0403034031  -0.0115426906  -0.0321733744  -0.0215950613   0.0089796407
        0.0422798334  -0.0653858225   0.0005643323  -0.0005375107  -0.0004243382
       -0.0008848634  -0.0005186809   0.0005733508   0.0003204090   0.0002862798
        0.0001900215   0.0000188657   0.0000081073   0.0000274415  -0.0002063015
        0.0000891368  -0.0003103767   0.0003438168   0.0003105944  -0.0000275414
        0.0000168141   0.0004146674   0.0000603073   0.0007304412   0.0023096423
        0.0012095159   0.0272497129   0.1206872753  -0.2108649745  -0.0092562357
       -0.0264764262  -0.0057517552   0.0003924878   0.0035186182  -0.0032697757
       -0.0002235360  -0.0007755558   0.0004077572   0.0001183163   0.0032367379
       -0.0034621809
       -0.0001882940   0.0000677316   0.0000596213   0.0003947696   0.0011268238
        0.0004772662   0.0068371450  -0.0022247659  -0.0017952116  -0.0045214447
       -0.0077063890  -0.0271063297  -0.0757167732  -0.0894024718   0.0003774788
        0.1708194381   0.1610392700   0.0367052521  -0.0567498656  -0.0305248563
        0.0111615943   0.0074230048   0.0161272330   0.0095340090  -0.0093350647
       -0.0138377264   0.0077603347  -0.0007297472   0.0001418504  -0.0000660434
        0.0000495885  -0.0000663206  -0.0000174330   0.0000219647  -0.0000128773
        0.0000240917  -0.0000059266  -0.0000293125   0.0000050908   0.0001047258
       -0.0000149168   0.0000573135   0.0003716076   0.0001019112   0.0000992139
       -0.0005633107  -0.0013978974  -0.0004594594   0.0000358627  -0.0000074682
        0.0001529357  -0.0008219317  -0.0053536503   0.0000799913  -0.0436484950
       -0.0189975747  -0.0427057827  -0.0005223381  -0.0066852726   0.0071417746
        0.0070737642  -0.0023662123  -0.0016971372  -0.0003286797   0.0000228921
        0.0002114293
        0.0003053619   0.0000986301   0.0002203124  -0.0008165407  -0.0013420277
       -0.0002650755  -0.0014687783   0.0016049202  -0.0012687526  -0.0119139547
       -0.0176851623  -0.0864914186  -0.0847976295  -0.3081052409   0.0097889519
        0.1610392700   0.6180123427  -0.0048102774  -0.0357040147  -0.1776179334
        0.0793844886   0.0199719039   0.0533503585   0.0429996400  -0.0130088439
       -0.0516778698   0.0251365142   0.0006800363  -0.0006335761   0.0000989068
       -0.0006111608  -0.0000911638  -0.0004271460  -0.0000326242  -0.0000417375
        0.0000290042   0.0000608441   0.0000497569  -0.0000014604   0.0001214380
       -0.0000924687   0.0001235641  -0.0002323543  -0.0000148469   0.0000120904
       -0.0004303984  -0.0004064537   0.0001203670   0.0000557146   0.0002960904
        0.0000944337  -0.0067311453  -0.0199433203   0.0005703779  -0.0189065472
       -0.0764337728  -0.0859909695  -0.0052183255  -0.0198097195   0.0225982273
       -0.0024268618   0.0009287389  -0.0023468026   0.0000646105  -0.0004455446
        0.0004250240
        0.0002348559   0.0001522935  -0.0000184279   0.0000898519  -0.0004096125
       -0.0002567272  -0.0020046146  -0.0026123721  -0.0044681449  -0.0085213441
       -0.0287296449   0.0148633557  -0.0244895229  -0.0654415688  -0.0989865411
        0.0367052521  -0.0048102774   0.6814265525   0.0353882975   0.1550070263
       -0.2537656653  -0.0089292332  -0.0115924226  -0.0651549225   0.0073797275
        0.0233143506  -0.0076433078   0.0007197932  -0.0002620696  -0.0006545834
       -0.0003358694  -0.0000752667   0.0002135796  -0.0001579385  -0.0001127016
        0.0000668325  -0.0000543691  -0.0000462434   0.0000328676   0.0000049540
       -0.0000924075  -0.0000301789  -0.0001680196  -0.0000172210  -0.0000204678
       -0.0000057420  -0.0006328986  -0.0001554298   0.0000280106   0.0002189961
       -0.0001947792   0.0079332633   0.0240206285   0.0010844266  -0.0423141741
       -0.0861705654  -0.2637675173  -0.0001650028  -0.0002747143   0.0018443766
       -0.0016233201  -0.0019304413  -0.0051703239   0.0002851447   0.0004971326
        0.0007550260
       -0.0001099629   0.0000883906   0.0000280684  -0.0000787746  -0.0000241224
        0.0000310317  -0.0003800863  -0.0000626864  -0.0000757849  -0.0054383493
        0.0031365642  -0.0015135711  -0.0013863423  -0.0092262500   0.0079079125
       -0.0567498656  -0.0357040147   0.0353882975   0.1726608965   0.1648348424
        0.0371898962  -0.0609975843  -0.0269056930  -0.0571955736  -0.0033967539
       -0.0121658338  -0.0088212819  -0.0007635488   0.0000733305  -0.0000290900
        0.0002696054  -0.0000733785  -0.0000193941   0.0000136067  -0.0000308198
       -0.0000093187   0.0000025616  -0.0000341593   0.0000105522   0.0000293862
       -0.0000169184   0.0000128870  -0.0000376589   0.0000144176   0.0000020094
       -0.0000444275   0.0001364048  -0.0000146893   0.0000285748   0.0001124474
       -0.0000067019   0.0067986752  -0.0043084741  -0.0005863666   0.0018548749
        0.0023872057  -0.0042630030  -0.0609276993  -0.0787428544  -0.0101516312
        0.0018095234   0.0007654959   0.0030108122   0.0068433488  -0.0042538943
       -0.0008950609
        0.0001515921   0.0000565014   0.0000113275   0.0001388613   0.0001006709
        0.0000996361  -0.0000456473  -0.0005994377  -0.0001702303   0.0033149535
        0.0020530694   0.0092476829  -0.0139633247  -0.0446655940   0.0155885918
       -0.0305248563  -0.1776179334   0.1550070263   0.1648348424   0.6356059383
       -0.0089933006  -0.0329243980  -0.1231771465  -0.1178052645  -0.0083209992
       -0.0169999046  -0.0308586586   0.0011699578  -0.0003610065  -0.0001750030
       -0.0003170614  -0.0001934690   0.0000099021   0.0000144945  -0.0000448532
        0.0000218074  -0.0000804337  -0.0000421314  -0.0000259350   0.0000382700
       -0.0000253558  -0.0000558759   0.0001341148   0.0000438743   0.0000261478
       -0.0000074518   0.0001369137   0.0000720698   0.0000290703   0.0002496358
       -0.0000922138  -0.0043241349  -0.0047878168  -0.0003091743   0.0008546366
        0.0058791987  -0.0074478247  -0.0783881340  -0.2764817086  -0.0292759114
        0.0025498608   0.0056640035   0.0161982466  -0.0043342126  -0.0047934484
       -0.0010730462
        0.0000793997   0.0001016688  -0.0000560737   0.0000834869  -0.0001602669
        0.0000467365  -0.0001960445  -0.0003481169  -0.0006441336  -0.0010326227
        0.0099091692  -0.0662962377   0.0260837179   0.0711173186   0.0403034031
        0.0111615943   0.0793844886  -0.2537656653   0.0371898962  -0.0089933006
        0.6664167318  -0.0333562278  -0.0419565172  -0.3039080845  -0.0269218056
       -0.0868201605   0.0144195974   0.0001139092   0.0000695738  -0.0005286975
       -0.0001867092  -0.0000388494   0.0002221257  -0.0000668850  -0.0000452730
        0.0000605280  -0.0000090911   0.0000144896   0.0000657226   0.0001330501
       -0.0000876317   0.0001536874  -0.0000716988  -0.0000899687   0.0000483253
       -0.0002849827  -0.0001729816   0.0002385595   0.0000924121   0.0000381484
        0.0001507737  -0.0008341848  -0.0010905633   0.0012074663   0.0028572306
        0.0155555145  -0.0260861379  -0.0100856179  -0.0292362077  -0.0471778472
       -0.0041476700  -0.0068228049  -0.0260512063  -0.0006011568  -0.0003277292
        0.0011804264
       -0.0001383637  -0.0000610668  -0.0000321048   0.0004455361   0.0010831192
        0.0000491754   0.0066345841  -0.0015802015   0.0006637463  -0.0025758835
       -0.0141596822   0.0261837255  -0.0105769749  -0.0125419640  -0.0115426906
        0.0074230048   0.0199719039  -0.0089292332  -0.0609975843  -0.0329243980
       -0.0333562278   0.1709122847   0.1600990288   0.0367108677  -0.0756392017
       -0.0833497540  -0.0247139983  -0.0005770514  -0.0000509502   0.0001933314
        0.0003035835   0.0000323092  -0.0000115337   0.0000774881   0.0000071706
       -0.0000403854   0.0000400133  -0.0000385555  -0.0000108519  -0.0000581585
        0.0000663144  -0.0000974527   0.0003082670   0.0001460294   0.0001112823
       -0.0000282672  -0.0004567454  -0.0005358328  -0.0002561292  -0.0005923163
       -0.0000879156  -0.0003755123   0.0000444216  -0.0001419237   0.0072193214
       -0.0024696026   0.0003375195  -0.0011142283  -0.0046788701  -0.0087618363
       -0.0397170038  -0.0220330137   0.0257828924  -0.0013097243  -0.0065131767
       -0.0017705537
        0.0001715803  -0.0001019413  -0.0001990599  -0.0006649043  -0.0003087236
       -0.0003839193  -0.0012822427   0.0005046379   0.0032250444  -0.0097750583
       -0.0460043609   0.0710267718  -0.0124670141  -0.0365587411  -0.0321733744
        0.0161272330   0.0533503585  -0.0115924226  -0.0269056930  -0.1231771465
       -0.0419565172   0.1600990288   0.6217891128  -0.0207752458  -0.0900800823
       -0.3095949931  -0.0624081633   0.0005329367  -0.0003978130  -0.0004352734
       -0.0001282981  -0.0000700112   0.0003683355   0.0000433494   0.0000083602
       -0.0000754296  -0.0000133065  -0.0000026650  -0.0000162661  -0.0000831052
       -0.0000702405  -0.0000772289  -0.0000141308   0.0001277897  -0.0001072442
        0.0001637657   0.0004018235  -0.0001618298  -0.0003438264  -0.0006181932
       -0.0002296420   0.0000770156  -0.0001113959  -0.0006756199  -0.0024275325
       -0.0006826895   0.0037127621  -0.0065580461  -0.0127025045  -0.0262533287
       -0.0219073210  -0.1335863161   0.1231233751  -0.0045643483  -0.0121943473
       -0.0039357237
       -0.0001738686  -0.0002065896  -0.0000358643  -0.0003735385  -0.0001117975
       -0.0002681588   0.0009418603   0.0043377995  -0.0031921150   0.0071212794
        0.0127723252   0.0402811489  -0.0112112283  -0.0303284673  -0.0215950613
        0.0095340090   0.0429996400  -0.0651549225  -0.0571955736  -0.1178052645
       -0.3039080845   0.0367108677  -0.0207752458   0.6764100911  -0.0002612801
        0.0125277001  -0.0980161264  -0.0006822923  -0.0000191472  -0.0001920812
        0.0003058856   0.0001666417   0.0001681641   0.0000479067   0.0001076761
       -0.0000200092   0.0001129296   0.0000556429   0.0000563642   0.0001777055
        0.0000329522  -0.0000389619  -0.0000429900  -0.0000300532   0.0000119663
       -0.0000153940  -0.0001341505  -0.0003665154   0.0001966376   0.0012750331
       -0.0001542760  -0.0002649088  -0.0006994532   0.0004499347   0.0003012759
        0.0033434150  -0.0037002973  -0.0014607869  -0.0033986727  -0.0048302799
        0.0256130819   0.1232057993  -0.2099195112  -0.0093815780  -0.0273157836
       -0.0059854045
        0.0000482315  -0.0000963783   0.0000926718   0.0003521576  -0.0006334420
        0.0001263175  -0.0026709569  -0.0082983719   0.0072574005  -0.0563375343
       -0.0263961352   0.0090475744   0.0067420444   0.0144743273   0.0089796407
       -0.0093350647  -0.0130088439   0.0073797275  -0.0033967539  -0.0083209992
       -0.0269218056  -0.0756392017  -0.0900800823  -0.0002612801   0.1697846947
        0.1629869891   0.0417119146  -0.0004132082   0.0001381956   0.0003923005
        0.0000196761   0.0000065090  -0.0001731988  -0.0000741380   0.0000254950
       -0.0000619892   0.0001136227  -0.0000170349   0.0000123380   0.0001751946
        0.0000579596   0.0001493090  -0.0001947843  -0.0000945518   0.0000547065
        0.0002596529  -0.0002078779   0.0001828120   0.0004559923  -0.0014554075
       -0.0002021540   0.0067078568  -0.0022282045  -0.0017406865  -0.0001878102
       -0.0000273543   0.0002495393   0.0069368662  -0.0024839756  -0.0016954022
       -0.0008409180  -0.0047257927   0.0001437942  -0.0425056196  -0.0196150235
       -0.0447235303
        0.0000444341   0.0001959323   0.0000070467   0.0014909679  -0.0003587045
        0.0013491222  -0.0075490032  -0.0280427824   0.0210917783  -0.0322181748
       -0.1646067370   0.0732723893   0.0187409333   0.0488474147   0.0422798334
       -0.0138377264  -0.0516778698   0.0233143506  -0.0121658338  -0.0169999046
       -0.0868201605  -0.0833497540  -0.3095949931   0.0125277001   0.1629869891
        0.6204547272  -0.0018463809  -0.0000628315  -0.0003289740  -0.0001216143
       -0.0005774987  -0.0000542370   0.0003667766  -0.0000165513   0.0000334497
       -0.0000776575   0.0000787957   0.0000627450   0.0001121681   0.0001085917
       -0.0001369918   0.0001095661  -0.0001079757   0.0001362556  -0.0001569752
       -0.0007177181   0.0007806940   0.0018664075  -0.0019481985  -0.0057425975
        0.0003118995  -0.0023421649   0.0009296342  -0.0027452529  -0.0000723172
       -0.0004086671   0.0006128247  -0.0024239466   0.0007011104  -0.0021008854
       -0.0065394128  -0.0197713421   0.0002831519  -0.0195216043  -0.0744181624
       -0.0836360884
       -0.0003784872  -0.0000907003  -0.0003272840  -0.0012108262  -0.0007022214
       -0.0003369373   0.0027797375   0.0042971882   0.0020796339   0.0329664922
        0.1453862993  -0.2395218444  -0.0089610602  -0.0121445397  -0.0653858225
        0.0077603347   0.0251365142  -0.0076433078  -0.0088212819  -0.0308586586
        0.0144195974  -0.0247139983  -0.0624081633  -0.0980161264   0.0417119146
       -0.0018463809   0.6645646838  -0.0005290790   0.0004924956   0.0001792488
        0.0008508967   0.0001369876  -0.0001247726   0.0001652290   0.0000245075
       -0.0002101929  -0.0000368025  -0.0000731478   0.0000804266  -0.0009139703
       -0.0003057678   0.0003067202  -0.0004630686  -0.0003004975  -0.0000240477
       -0.0002543101  -0.0015728570   0.0003929746  -0.0004835380  -0.0012608123
        0.0002305777  -0.0014259485  -0.0018075368  -0.0050510761   0.0002485185
        0.0005346191   0.0007200036  -0.0017321716  -0.0023212225  -0.0047069776
        0.0076682723   0.0231182900   0.0010042513  -0.0442268532  -0.0834343957
       -0.2626297288
        0.0016263118  -0.0008836774  -0.0003573349  -0.0004627209   0.0001658447
        0.0004052754   0.0001741759  -0.0001055889   0.0000050416  -0.0004076841
       -0.0007050357  -0.0003230741  -0.0009681337  -0.0002078215   0.0005643323
       -0.0007297472   0.0006800363   0.0007197932  -0.0007635488   0.0011699578
        0.0001139092  -0.0005770514   0.0005329367  -0.0006822923  -0.0004132082
       -0.0000628315  -0.0005290790   0.0064394843  -0.0013617211  -0.0003042101
       -0.0047886787   0.0000836306   0.0000418969  -0.0003975140  -0.0002784961
        0.0000480697  -0.0001195627   0.0004752128   0.0001008870  -0.0000243564
       -0.0002577176  -0.0001022498   0.0005667264  -0.0000436121  -0.0000875436
        0.0003250326   0.0002326962   0.0001410554   0.0003327209   0.0001118806
       -0.0000167931   0.0002184347   0.0001434282  -0.0001210190   0.0000308982
        0.0001114376  -0.0000066511  -0.0001362808   0.0000367735  -0.0000174077
       -0.0000822430   0.0000086921   0.0001371502   0.0001569450   0.0001539748
        0.0002702441
       -0.0005002453  -0.0143814881  -0.0024504753  -0.0013582568   0.0004003869
        0.0016657730  -0.0001072593   0.0003674300  -0.0000492184   0.0003504920
       -0.0000684294   0.0002830256   0.0004802724  -0.0004231697  -0.0005375107
        0.0001418504  -0.0006335761  -0.0002620696   0.0000733305  -0.0003610065
        0.0000695738  -0.0000509502  -0.0003978130  -0.0000191472   0.0001381956
       -0.0003289740   0.0004924956  -0.0013617211  -0.0084593378  -0.0007280792
        0.0009467633   0.0223821045   0.0025599402  -0.0003226215   0.0004672260
       -0.0009020671   0.0010665001   0.0003126383   0.0002220989  -0.0001161280
        0.0002715429   0.0003113902   0.0002554654  -0.0004924877  -0.0003843716
        0.0001554646   0.0000257988  -0.0002046815  -0.0001067657   0.0001529291
        0.0000628243  -0.0001224819   0.0003011882  -0.0002352452   0.0001185137
        0.0000909960   0.0002768138   0.0002702419   0.0004388817   0.0000183355
        0.0001166230   0.0002284324  -0.0002118586  -0.0000672830   0.0001067273
        0.0000224536
       -0.0001093283  -0.0011671066   0.0011047382  -0.0001331504   0.0002198685
       -0.0001924408  -0.0000398935   0.0000325731   0.0000668785   0.0001231228
        0.0001302626  -0.0002738963  -0.0002446415   0.0003759001  -0.0004243382
       -0.0000660434   0.0000989068  -0.0006545834  -0.0000290900  -0.0001750030
       -0.0005286975   0.0001933314  -0.0004352734  -0.0001920812   0.0003923005
       -0.0001216143   0.0001792488  -0.0003042101  -0.0007280792   0.0038480982
        0.0000314483   0.0021550045  -0.0046846329  -0.0000389404  -0.0003374344
       -0.0002108487   0.0001281436   0.0002986220  -0.0006023995   0.0001735818
        0.0000449786   0.0005509506   0.0000580726  -0.0002548484   0.0003933045
       -0.0000311104  -0.0000588309   0.0004963732   0.0000525531  -0.0001112308
        0.0005339437  -0.0000357572  -0.0001593834   0.0004226976   0.0000906983
        0.0004442633   0.0001958090  -0.0000414013   0.0001114813  -0.0003127941
       -0.0001044484  -0.0002972197  -0.0000405621  -0.0000652373  -0.0000658365
        0.0003252324
       -0.0485857535  -0.0436120176  -0.0053029751   0.0040910836   0.0138074379
        0.0012734059  -0.0000209923   0.0003617853   0.0001313616   0.0008507594
        0.0004264077   0.0004966025   0.0004221223  -0.0004053599  -0.0008848634
        0.0000495885  -0.0006111608  -0.0003358694   0.0002696054  -0.0003170614
       -0.0001867092   0.0003035835  -0.0001282981   0.0003058856   0.0000196761
       -0.0005774987   0.0008508967  -0.0047886787   0.0009467633   0.0000314483
        0.0524323978   0.0502087379   0.0052567406   0.0037453245   0.0054564291
        0.0003555925  -0.0072686376  -0.0271052848  -0.0040037116   0.0003938188
        0.0002412378  -0.0000566645  -0.0018362500   0.0016797705   0.0026664648
       -0.0003566590  -0.0002192705  -0.0001837823  -0.0004737820   0.0001478447
       -0.0000133488  -0.0001599498   0.0000174271  -0.0002467559   0.0002337243
       -0.0001050465   0.0000888026   0.0004045660  -0.0000824959  -0.0000024066
        0.0003051023  -0.0000591448  -0.0000831589  -0.0000306494  -0.0000712023
       -0.0001569554
       -0.0451968278  -0.2853853381  -0.0261552903   0.0041557105  -0.0099052424
       -0.0082070233  -0.0004127994  -0.0000382090   0.0006743201   0.0011292598
        0.0016829819   0.0000769139   0.0000332317   0.0001846903  -0.0005186809
       -0.0000663206  -0.0000911638  -0.0000752667  -0.0000733785  -0.0001934690
       -0.0000388494   0.0000323092  -0.0000700112   0.0001666417   0.0000065090
       -0.0000542370   0.0001369876   0.0000836306   0.0223821045   0.0021550045
        0.0502087379   0.2893703067   0.0275228941  -0.0012579328  -0.0154234155
        0.0057033604  -0.0076937097  -0.0035225036  -0.0016538370   0.0002131596
        0.0008580363   0.0004986979   0.0001481706   0.0009992934  -0.0006571481
       -0.0003883286   0.0000846891   0.0001478934   0.0001090497  -0.0003382494
       -0.0000339913  -0.0000473547  -0.0001724596   0.0005153897  -0.0002939405
       -0.0000419859  -0.0001352783  -0.0003218023  -0.0001529952   0.0000030712
       -0.0002370811  -0.0001007454   0.0000738332  -0.0001302925  -0.0000720769
       -0.0001996426
       -0.0063504998  -0.0279748562  -0.0436172811  -0.0021725058  -0.0178190651
       -0.0035842991   0.0003916345   0.0001253053   0.0000413815   0.0000207971
        0.0002131921   0.0004848043   0.0002859941  -0.0003562717   0.0005733508
       -0.0000174330  -0.0004271460   0.0002135796  -0.0000193941   0.0000099021
        0.0002221257  -0.0000115337   0.0003683355   0.0001681641  -0.0001731988
        0.0003667766  -0.0001247726   0.0000418969   0.0025599402  -0.0046846329
        0.0052567406   0.0275228941   0.0502937511   0.0036426991   0.0246417229
        0.0025165464  -0.0032045871  -0.0069292794   0.0019425250   0.0000787880
       -0.0007012609  -0.0005790280   0.0026528600  -0.0019033429  -0.0031143053
       -0.0001616130   0.0001658842  -0.0002475913  -0.0000858966   0.0001535600
       -0.0005944576   0.0000090027  -0.0000700232  -0.0004693224   0.0000476329
       -0.0004217922   0.0001365295  -0.0000171011  -0.0000810107   0.0003902151
       -0.0000961040   0.0002686937   0.0003079462  -0.0001181790   0.0002878420
       -0.0002752289
       -0.0576625267   0.0254433302  -0.0476787081   0.0040262439  -0.0076938865
        0.0141338632   0.0013972663  -0.0006526240   0.0009605240  -0.0002349766
       -0.0001056632   0.0001241964   0.0001537325  -0.0002311342   0.0003204090
        0.0000219647  -0.0000326242  -0.0001579385   0.0000136067   0.0000144945
       -0.0000668850   0.0000774881   0.0000433494   0.0000479067  -0.0000741380
       -0.0000165513   0.0001652290  -0.0003975140  -0.0003226215  -0.0000389404
        0.0037453245  -0.0012579328   0.0036426991   0.0589467019  -0.0311814407
        0.0546465802  -0.0081042232   0.0137494556  -0.0277986892  -0.0016082898
        0.0015524888   0.0032036111   0.0002740280  -0.0001278085  -0.0001419009
       -0.0001698905  -0.0000110335  -0.0002158662  -0.0003687207   0.0007104463
       -0.0005945133  -0.0002034559  -0.0000020355  -0.0004517914   0.0000277348
        0.0000214911   0.0000542853   0.0000490113   0.0000550307   0.0000034895
        0.0000749343   0.0000405707  -0.0000327206   0.0000156986   0.0000046988
       -0.0001248400
        0.0277187248  -0.1052219269   0.1184965392  -0.0033247727   0.0060375725
       -0.0075135001   0.0000013635   0.0001439177  -0.0003378761   0.0000750186
       -0.0000505219   0.0002351310   0.0001328513  -0.0002720479   0.0002862798
       -0.0000128773  -0.0000417375  -0.0001127016  -0.0000308198  -0.0000448532
       -0.0000452730   0.0000071706   0.0000083602   0.0001076761   0.0000254950
        0.0000334497   0.0000245075  -0.0002784961   0.0004672260  -0.0003374344
        0.0054564291  -0.0154234155   0.0246417229  -0.0311814407   0.1106316054
       -0.1304084489   0.0001039027   0.0031822029  -0.0017388330   0.0013821438
        0.0001146253  -0.0018715348   0.0000298980   0.0000884643  -0.0012058755
        0.0001022301   0.0000172593  -0.0001624718   0.0000105404   0.0000861127
        0.0003294720  -0.0001815537   0.0001828705  -0.0002758609  -0.0000093897
       -0.0000206169   0.0000035706   0.0000085213   0.0000534172  -0.0000034344
       -0.0000121977   0.0000348369  -0.0000266643  -0.0000227415  -0.0000068010
       -0.0000849903
       -0.0510832344   0.1155425396  -0.2664727060   0.0000425411   0.0069088346
       -0.0230279436  -0.0002877581  -0.0001132686   0.0015489900   0.0001348108
        0.0005886704  -0.0001908124  -0.0000973177  -0.0003283650   0.0001900215
        0.0000240917   0.0000290042   0.0000668325  -0.0000093187   0.0000218074
        0.0000605280  -0.0000403854  -0.0000754296  -0.0000200092  -0.0000619892
       -0.0000776575  -0.0002101929   0.0000480697  -0.0009020671  -0.0002108487
        0.0003555925   0.0057033604   0.0025165464   0.0546465802  -0.1304084489
        0.2957249078  -0.0063282452   0.0051447757  -0.0077939530   0.0028652013
       -0.0025029180  -0.0031104807  -0.0002950140   0.0004534278   0.0003584608
       -0.0005128806   0.0000877879   0.0001756544   0.0007054799   0.0000205711
        0.0001328613  -0.0000416551   0.0000737807   0.0001013414  -0.0000385615
       -0.0000901907   0.0000015395  -0.0000121441  -0.0000304274   0.0000509311
        0.0000010224  -0.0000371886   0.0000590043  -0.0000148854  -0.0000085984
        0.0000493274
       -0.3193062880  -0.0328348710  -0.0654438847  -0.0168993512  -0.0001513347
       -0.0002227267  -0.0016699070   0.0019038121   0.0034230989   0.0004236513
        0.0001004916   0.0000474633   0.0001079505   0.0001525908   0.0000188657
       -0.0000059266   0.0000608441  -0.0000543691   0.0000025616  -0.0000804337
       -0.0000090911   0.0000400133  -0.0000133065   0.0001129296   0.0001136227
        0.0000787957  -0.0000368025  -0.0001195627   0.0010665001   0.0001281436
       -0.0072686376  -0.0076937097  -0.0032045871  -0.0081042232   0.0001039027
       -0.0063282452   0.3523838476   0.0382669274   0.0720622904   0.0002076587
       -0.0002390473  -0.0001762622   0.0006898608  -0.0002558500  -0.0005364530
       -0.0009444569  -0.0002176391  -0.0003127357   0.0003064091  -0.0001780959
        0.0003996868  -0.0000430298  -0.0000355700   0.0000782066   0.0000052571
       -0.0000013946   0.0000581906   0.0000527727   0.0000103225   0.0000216864
        0.0000508302  -0.0000072463  -0.0000249912  -0.0000230524  -0.0000356883
       -0.0000004134
       -0.0376487186  -0.0476063839  -0.0081069901   0.0096943056   0.0009719659
        0.0017260030   0.0014025888  -0.0006951655  -0.0018052697   0.0000421116
        0.0002561477   0.0000285082   0.0000051596   0.0000257570   0.0000081073
       -0.0000293125   0.0000497569  -0.0000462434  -0.0000341593  -0.0000421314
        0.0000144896  -0.0000385555  -0.0000026650   0.0000556429  -0.0000170349
        0.0000627450  -0.0000731478   0.0004752128   0.0003126383   0.0002986220
       -0.0271052848  -0.0035225036  -0.0069292794   0.0137494556   0.0031822029
        0.0051447757   0.0382669274   0.0466701571   0.0096671559  -0.0002188294
        0.0003428002   0.0001233604   0.0010175620  -0.0001588718  -0.0002029773
        0.0006535217   0.0001726471  -0.0000108104  -0.0000352033  -0.0000228829
        0.0000093116  -0.0000437758  -0.0000413252   0.0000628637  -0.0000335498
        0.0000013881   0.0000048867  -0.0000294567   0.0000246896   0.0000119954
       -0.0000429123   0.0000103477   0.0000020522  -0.0000300522   0.0000086856
        0.0000169434
       -0.0638104431  -0.0066377532  -0.0613435928   0.0182701730   0.0022482382
        0.0044172443   0.0028771987  -0.0017330280  -0.0029433104  -0.0001905592
       -0.0000426609   0.0000046028  -0.0001184976  -0.0000755681   0.0000274415
        0.0000050908  -0.0000014604   0.0000328676   0.0000105522  -0.0000259350
        0.0000657226  -0.0000108519  -0.0000162661   0.0000563642   0.0000123380
        0.0001121681   0.0000804266   0.0001008870   0.0002220989  -0.0006023995
       -0.0040037116  -0.0016538370   0.0019425250  -0.0277986892  -0.0017388330
       -0.0077939530   0.0720622904   0.0096671559   0.0656484154   0.0010743223
        0.0000827316  -0.0004154737   0.0004985909  -0.0002402558   0.0002774622
        0.0011545011  -0.0000888392   0.0004306415  -0.0001563417  -0.0000257070
       -0.0000678720   0.0000394970   0.0000140297   0.0000137252  -0.0000376389
       -0.0000463004   0.0000557849   0.0000030148  -0.0000139159   0.0000821574
        0.0000292936   0.0000215718   0.0000548483  -0.0000110168  -0.0000276341
       -0.0000236280
        0.0003371943  -0.0068636378   0.0179327098  -0.0470033922   0.0200398417
       -0.0364555095  -0.0102411554   0.0143845743  -0.0240459907   0.0010535071
        0.0005452542  -0.0001393326   0.0000644622  -0.0001410995  -0.0002063015
        0.0001047258   0.0001214380   0.0000049540   0.0000293862   0.0000382700
        0.0001330501  -0.0000581585  -0.0000831052   0.0001777055   0.0001751946
        0.0001085917  -0.0009139703  -0.0000243564  -0.0001161280   0.0001735818
        0.0003938188   0.0002131596   0.0000787880  -0.0016082898   0.0013821438
        0.0028652013   0.0002076587  -0.0002188294   0.0010743223   0.0592971960
       -0.0236353849   0.0351407412   0.0032942083  -0.0053395880   0.0056769694
        0.0002533439   0.0001119195  -0.0003181126  -0.0060578390  -0.0002092792
       -0.0022649847   0.0000112068  -0.0000204261   0.0002444617   0.0001178809
       -0.0000190453   0.0000087056   0.0000782854   0.0000103808   0.0000282157
       -0.0000056915   0.0000194445  -0.0000090867  -0.0004191863  -0.0003284946
        0.0008138821
       -0.0007740452   0.0055459921  -0.0111254408   0.0169644442  -0.1051910115
        0.1014207575   0.0021539860   0.0011697846  -0.0000289700  -0.0000532341
        0.0008122523  -0.0005366841  -0.0001253812   0.0000112650   0.0000891368
       -0.0000149168  -0.0000924687  -0.0000924075  -0.0000169184  -0.0000253558
       -0.0000876317   0.0000663144  -0.0000702405   0.0000329522   0.0000579596
       -0.0001369918  -0.0003057678  -0.0002577176   0.0002715429   0.0000449786
        0.0002412378   0.0008580363  -0.0007012609   0.0015524888   0.0001146253
       -0.0025029180  -0.0002390473   0.0003428002   0.0000827316  -0.0236353849
        0.1178226194  -0.1124179745   0.0040609522  -0.0223763137   0.0261331297
        0.0003140041   0.0000400111   0.0001326812  -0.0000515991   0.0007883442
       -0.0002685605  -0.0000188121  -0.0000161576   0.0000116022   0.0000020970
        0.0000431631  -0.0000177624   0.0000109911   0.0000293052  -0.0000488189
        0.0000066726  -0.0000573800  -0.0000430116  -0.0002440914   0.0001161780
        0.0002292388
        0.0013753139   0.0091657354  -0.0265779643  -0.0326745835   0.0964918267
       -0.2071771553  -0.0058583165   0.0047767691  -0.0076842133   0.0003145722
       -0.0000850345  -0.0002242542   0.0000104876   0.0000617636  -0.0003103767
        0.0000573135   0.0001235641  -0.0000301789   0.0000128870  -0.0000558759
        0.0001536874  -0.0000974527  -0.0000772289  -0.0000389619   0.0001493090
        0.0001095661   0.0003067202  -0.0001022498   0.0003113902   0.0005509506
       -0.0000566645   0.0004986979  -0.0005790280   0.0032036111  -0.0018715348
       -0.0031104807  -0.0001762622   0.0001233604  -0.0004154737   0.0351407412
       -0.1124179745   0.2421141150  -0.0001469618   0.0025676700   0.0018647664
        0.0003585965  -0.0000075095   0.0003775393  -0.0017732589   0.0002209880
        0.0002727489   0.0000741993  -0.0000592401   0.0001059620   0.0000395211
       -0.0000021453   0.0000619634   0.0000233241   0.0000136401   0.0000601852
        0.0000097678   0.0001083093   0.0000393842   0.0001161056   0.0000032623
        0.0002400643
        0.0010150244   0.0197929883   0.0072200121  -0.0537971079  -0.0570129253
       -0.0105885276  -0.0136634584  -0.0270008348  -0.0042234632  -0.0056682740
        0.0002993882  -0.0020498316  -0.0003520725  -0.0008066422   0.0003438168
        0.0003716076  -0.0002323543  -0.0001680196  -0.0000376589   0.0001341148
       -0.0000716988   0.0003082670  -0.0000141308  -0.0000429900  -0.0001947843
       -0.0001079757  -0.0004630686   0.0005667264   0.0002554654   0.0000580726
       -0.0018362500   0.0001481706   0.0026528600   0.0002740280   0.0000298980
       -0.0002950140   0.0006898608   0.0010175620   0.0004985909   0.0032942083
        0.0040609522  -0.0001469618   0.0684653298   0.0599580405   0.0071955549
        0.0001197089  -0.0003218801   0.0000528868   0.0008365416  -0.0002766954
        0.0001147047  -0.0000481170   0.0000814568   0.0000133747   0.0000317797
       -0.0001107430  -0.0000638232  -0.0001161390   0.0000186297  -0.0000215174
       -0.0000892926  -0.0000166601  -0.0000143024  -0.0001699279   0.0001041752
       -0.0000006554
        0.0016591610  -0.0161210391  -0.0076892352  -0.0524453735  -0.2482371369
       -0.0329885156  -0.0041693944  -0.0036788633  -0.0006850134  -0.0015165893
        0.0001971882  -0.0003920261  -0.0001104293   0.0002061591   0.0003105944
        0.0001019112  -0.0000148469  -0.0000172210   0.0000144176   0.0000438743
       -0.0000899687   0.0001460294   0.0001277897  -0.0000300532  -0.0000945518
        0.0001362556  -0.0003004975  -0.0000436121  -0.0004924877  -0.0002548484
        0.0016797705   0.0009992934  -0.0019033429  -0.0001278085   0.0000884643
        0.0004534278  -0.0002558500  -0.0001588718  -0.0002402558  -0.0053395880
       -0.0223763137   0.0025676700   0.0599580405   0.2884693270   0.0410599511
        0.0000803520   0.0003573648   0.0003557954   0.0004454867   0.0005343748
        0.0000091701  -0.0000518138   0.0000211290   0.0000008859   0.0000011547
        0.0000306848  -0.0000417207   0.0000011444   0.0000030651  -0.0000665383
        0.0000261951  -0.0000499861  -0.0000513752   0.0000413473  -0.0000854245
       -0.0000068825
       -0.0002263741  -0.0270196457  -0.0089197181  -0.0099235036  -0.0295845575
       -0.0504674250  -0.0039668155  -0.0075242634  -0.0001932742  -0.0014086390
       -0.0001150759   0.0002193455   0.0000018636  -0.0000470485  -0.0000275414
        0.0000992139   0.0000120904  -0.0000204678   0.0000020094   0.0000261478
        0.0000483253   0.0001112823  -0.0001072442   0.0000119663   0.0000547065
       -0.0001569752  -0.0000240477  -0.0000875436  -0.0003843716   0.0003933045
        0.0026664648  -0.0006571481  -0.0031143053  -0.0001419009  -0.0012058755
        0.0003584608  -0.0005364530  -0.0002029773   0.0002774622   0.0056769694
        0.0261331297   0.0018647664   0.0071955549   0.0410599511   0.0590993361
        0.0005896924   0.0001532184   0.0003126467   0.0000120690  -0.0004205367
       -0.0000210536  -0.0000038045   0.0000618536   0.0000473047   0.0000175988
        0.0000388470   0.0000241165  -0.0000102452   0.0000289015  -0.0000113445
        0.0000134867  -0.0000227775  -0.0000041084  -0.0001356326  -0.0000656424
        0.0001462510
       -0.0073693460   0.0001496574  -0.0006254758  -0.0181519665   0.0108900133
        0.0197537713  -0.1104327001   0.0549270650   0.0891592107   0.0053418675
       -0.0038121497  -0.0049169382  -0.0000948979  -0.0010953692   0.0000168141
       -0.0005633107  -0.0004303984  -0.0000057420  -0.0000444275  -0.0000074518
       -0.0002849827  -0.0000282672   0.0001637657  -0.0000153940   0.0002596529
       -0.0007177181  -0.0002543101   0.0003250326   0.0001554646  -0.0000311104
       -0.0003566590  -0.0003883286  -0.0001616130  -0.0001698905   0.0001022301
       -0.0005128806  -0.0009444569   0.0006535217   0.0011545011   0.0002533439
        0.0003140041   0.0003585965   0.0001197089   0.0000803520   0.0005896924
        0.1286863607  -0.0599989539  -0.1031003992   0.0030453402  -0.0011111427
       -0.0009354111   0.0000174037   0.0000172436   0.0000407267  -0.0001000771
       -0.0000563503  -0.0000194915   0.0000158765  -0.0000255596  -0.0000072920
        0.0000020555  -0.0000186920   0.0000129467   0.0001893569   0.0002087969
       -0.0002152190
       -0.0002923914   0.0007571840   0.0002919541   0.0015594268  -0.0002617655
       -0.0006887568   0.0568743482  -0.0808794619  -0.0676818452   0.0106075257
       -0.0207071057  -0.0229794900  -0.0000277272  -0.0039953977   0.0004146674
       -0.0013978974  -0.0004064537  -0.0006328986   0.0001364048   0.0001369137
       -0.0001729816  -0.0004567454   0.0004018235  -0.0001341505  -0.0002078779
        0.0007806940  -0.0015728570   0.0002326962   0.0000257988  -0.0000588309
       -0.0002192705   0.0000846891   0.0001658842  -0.0000110335   0.0000172593
        0.0000877879  -0.0002176391   0.0001726471  -0.0000888392   0.0001119195
        0.0000400111  -0.0000075095  -0.0003218801   0.0003573648   0.0001532184
       -0.0599989539   0.0975743760   0.0799871158  -0.0072479193   0.0065665658
        0.0117166248   0.0002140717  -0.0002169557   0.0002241080  -0.0000906599
       -0.0002844820   0.0000210270   0.0002815333  -0.0000409161   0.0000974433
        0.0000606690   0.0001507714   0.0000523555   0.0004114003  -0.0002735604
        0.0008059729
       -0.0016323635   0.0004322737   0.0012593801  -0.0016905624   0.0016760846
        0.0029124641   0.0911457733  -0.0647994877  -0.1579971665   0.0002110523
       -0.0082764948  -0.0042650483   0.0000588261  -0.0015168054   0.0000603073
       -0.0004594594   0.0001203670  -0.0001554298  -0.0000146893   0.0000720698
        0.0002385595  -0.0005358328  -0.0001618298  -0.0003665154   0.0001828120
        0.0018664075   0.0003929746   0.0001410554  -0.0002046815   0.0004963732
       -0.0001837823   0.0001478934  -0.0002475913  -0.0002158662  -0.0001624718
        0.0001756544  -0.0003127357  -0.0000108104   0.0004306415  -0.0003181126
        0.0001326812   0.0003775393   0.0000528868   0.0003557954   0.0003126467
       -0.1031003992   0.0799871158   0.1840940512   0.0160122372  -0.0096863337
       -0.0279268097   0.0002180633   0.0000488821   0.0002613531   0.0000726068
       -0.0000583976  -0.0000362521   0.0001600961  -0.0000492308  -0.0000456011
       -0.0000368071   0.0000592551  -0.0000294418   0.0002452011   0.0000277180
        0.0000579112
        0.0017425776  -0.0002753547  -0.0011172729  -0.0125864467   0.0150401716
       -0.0280037462  -0.0494963198   0.0214014530  -0.0309454369   0.0017255417
       -0.0057046668   0.0063865521  -0.0002010225  -0.0003148216   0.0007304412
        0.0000358627   0.0000557146   0.0000280106   0.0000285748   0.0000290703
        0.0000924121  -0.0002561292  -0.0003438264   0.0001966376   0.0004559923
       -0.0019481985  -0.0004835380   0.0003327209  -0.0001067657   0.0000525531
       -0.0004737820   0.0001090497  -0.0000858966  -0.0003687207   0.0000105404
        0.0007054799   0.0003064091  -0.0000352033  -0.0001563417  -0.0060578390
       -0.0000515991  -0.0017732589   0.0008365416   0.0004454867   0.0000120690
        0.0030453402  -0.0072479193   0.0160122372   0.0610166010  -0.0210576063
        0.0387906789   0.0001867111   0.0000103354  -0.0002179384  -0.0000197768
        0.0000017230  -0.0000129255  -0.0000093522  -0.0000021460  -0.0000198052
       -0.0001796730  -0.0001014685   0.0000036045  -0.0000638111   0.0000860315
       -0.0001945158
       -0.0004255009   0.0001431247   0.0001298611   0.0020121483   0.0004412074
        0.0005130927   0.0206831040  -0.1004582412   0.0954197416   0.0012245856
       -0.0209295290   0.0248567980   0.0001778022   0.0008263587   0.0023096423
       -0.0000074682   0.0002960904   0.0002189961   0.0001124474   0.0002496358
        0.0000381484  -0.0005923163  -0.0006181932   0.0012750331  -0.0014554075
       -0.0057425975  -0.0012608123   0.0001118806   0.0001529291  -0.0001112308
        0.0001478447  -0.0003382494   0.0001535600   0.0007104463   0.0000861127
        0.0000205711  -0.0001780959  -0.0000228829  -0.0000257070  -0.0002092792
        0.0007883442   0.0002209880  -0.0002766954   0.0005343748  -0.0004205367
       -0.0011111427   0.0065665658  -0.0096863337  -0.0210576063   0.1184770827
       -0.1114490640   0.0000259330  -0.0002190378  -0.0016115344   0.0000448634
        0.0001682483  -0.0000063361   0.0001071290   0.0000407658  -0.0000982904
       -0.0001386599  -0.0004294711  -0.0000713159   0.0000939879  -0.0000126383
       -0.0004152710
        0.0009828411  -0.0004187112   0.0017735620  -0.0054996346   0.0045901232
       -0.0102356871  -0.0318894274   0.0942804896  -0.2031917438   0.0017284737
        0.0038805799  -0.0000727722  -0.0004803958  -0.0024042400   0.0012095159
        0.0001529357   0.0000944337  -0.0001947792  -0.0000067019  -0.0000922138
        0.0001507737  -0.0000879156  -0.0002296420  -0.0001542760  -0.0002021540
        0.0003118995   0.0002305777  -0.0000167931   0.0000628243   0.0005339437
       -0.0000133488  -0.0000339913  -0.0005944576  -0.0005945133   0.0003294720
        0.0001328613   0.0003996868   0.0000093116  -0.0000678720  -0.0022649847
       -0.0002685605   0.0002727489   0.0001147047   0.0000091701  -0.0000210536
       -0.0009354111   0.0117166248  -0.0279268097   0.0387906789  -0.1114490640
        0.2376764370  -0.0001674524  -0.0001810092   0.0001924103  -0.0000079379
       -0.0000354825  -0.0000044676  -0.0000295115   0.0000323582  -0.0000040728
        0.0000126654   0.0000108719  -0.0000085939   0.0000141960  -0.0002152445
        0.0003037551
        0.0000123420   0.0001121139   0.0000685100  -0.0002611859  -0.0003429460
       -0.0002810771  -0.0020060815   0.0009093779  -0.0003545625   0.0012082148
        0.0025823892  -0.0037575039  -0.0382967971  -0.0234606896   0.0272497129
       -0.0008219317  -0.0067311453   0.0079332633   0.0067986752  -0.0043241349
       -0.0008341848  -0.0003755123   0.0000770156  -0.0002649088   0.0067078568
       -0.0023421649  -0.0014259485   0.0002184347  -0.0001224819  -0.0000357572
       -0.0001599498  -0.0000473547   0.0000090027  -0.0002034559  -0.0001815537
       -0.0000416551  -0.0000430298  -0.0000437758   0.0000394970   0.0000112068
       -0.0000188121   0.0000741993  -0.0000481170  -0.0000518138  -0.0000038045
        0.0000174037   0.0002140717   0.0002180633   0.0001867111   0.0000259330
       -0.0001674524   0.0312482145   0.0324122733  -0.0291377256  -0.0023474501
        0.0009782319   0.0004427097  -0.0002083061  -0.0002874844   0.0004351521
       -0.0017283920   0.0005836401   0.0001158544   0.0000911496   0.0000593102
       -0.0002813844
        0.0000118474   0.0000134855  -0.0000728794   0.0000465820   0.0001337106
        0.0002797791   0.0007950691   0.0011990908  -0.0020305353   0.0006595189
        0.0034125317  -0.0053453952  -0.0235503097  -0.1287161568   0.1206872753
       -0.0053536503  -0.0199433203   0.0240206285  -0.0043084741  -0.0047878168
       -0.0010905633   0.0000444216  -0.0001113959  -0.0006994532  -0.0022282045
        0.0009296342  -0.0018075368   0.0001434282   0.0003011882  -0.0001593834
        0.0000174271  -0.0001724596  -0.0000700232  -0.0000020355   0.0001828705
        0.0000737807  -0.0000355700  -0.0000413252   0.0000140297  -0.0000204261
       -0.0000161576  -0.0000592401   0.0000814568   0.0000211290   0.0000618536
        0.0000172436  -0.0002169557   0.0000488821   0.0000103354  -0.0002190378
       -0.0001810092   0.0324122733   0.1485246176  -0.1349007686   0.0009742642
        0.0005131385   0.0005341930  -0.0002122584  -0.0009901905   0.0011677895
        0.0005556279  -0.0001903737  -0.0001208879  -0.0000585671   0.0001737932
       -0.0003505359
        0.0000349787  -0.0000211790   0.0002932765   0.0001628909  -0.0001577661
       -0.0002248786   0.0005026538   0.0017907353   0.0007336919   0.0033652317
        0.0166710953  -0.0277763643   0.0278025839   0.1212226361  -0.2108649745
        0.0000799913   0.0005703779   0.0010844266  -0.0005863666  -0.0003091743
        0.0012074663  -0.0001419237  -0.0006756199   0.0004499347  -0.0017406865
       -0.0027452529  -0.0050510761  -0.0001210190  -0.0002352452   0.0004226976
       -0.0002467559   0.0005153897  -0.0004693224  -0.0004517914  -0.0002758609
        0.0001013414   0.0000782066   0.0000628637   0.0000137252   0.0002444617
        0.0000116022   0.0001059620   0.0000133747   0.0000008859   0.0000473047
        0.0000407267   0.0002241080   0.0002613531  -0.0002179384  -0.0016115344
        0.0001924103  -0.0291377256  -0.1349007686   0.2398703795  -0.0000033409
       -0.0007803312   0.0010659630  -0.0000048104  -0.0001107178  -0.0000666661
        0.0001192963  -0.0001317309   0.0000819382   0.0002079621   0.0008854871
       -0.0014785890
       -0.0001427668   0.0001551954   0.0000442553  -0.0000853569   0.0000377115
       -0.0000524517  -0.0000812952  -0.0003988450  -0.0005410397   0.0067597428
       -0.0039577547  -0.0004256245  -0.0012730465  -0.0043743621  -0.0092562357
       -0.0436484950  -0.0189065472  -0.0423141741   0.0018548749   0.0008546366
        0.0028572306   0.0072193214  -0.0024275325   0.0003012759  -0.0001878102
       -0.0000723172   0.0002485185   0.0000308982   0.0001185137   0.0000906983
        0.0002337243  -0.0002939405   0.0000476329   0.0000277348  -0.0000093897
       -0.0000385615   0.0000052571  -0.0000335498  -0.0000376389   0.0001178809
        0.0000020970   0.0000395211   0.0000317797   0.0000011547   0.0000175988
       -0.0001000771  -0.0000906599   0.0000726068  -0.0000197768   0.0000448634
       -0.0000079379  -0.0023474501   0.0009742642  -0.0000033409   0.0356747044
        0.0266930489   0.0481675939  -0.0021617302   0.0009922987   0.0004775664
       -0.0001947791   0.0001320774   0.0001799892  -0.0017133348   0.0005590369
        0.0001325170
        0.0000277972   0.0000438393   0.0001854379   0.0000945889  -0.0003124053
       -0.0000219979  -0.0003345234  -0.0005431772  -0.0012411710  -0.0040894427
       -0.0041170632  -0.0002622504  -0.0059291163  -0.0123519560  -0.0264764262
       -0.0189975747  -0.0764337728  -0.0861705654   0.0023872057   0.0058791987
        0.0155555145  -0.0024696026  -0.0006826895   0.0033434150  -0.0000273543
       -0.0004086671   0.0005346191   0.0001114376   0.0000909960   0.0004442633
       -0.0001050465  -0.0000419859  -0.0004217922   0.0000214911  -0.0000206169
       -0.0000901907  -0.0000013946   0.0000013881  -0.0000463004  -0.0000190453
        0.0000431631  -0.0000021453  -0.0001107430   0.0000306848   0.0000388470
       -0.0000563503  -0.0002844820  -0.0000583976   0.0000017230   0.0001682483
       -0.0000354825   0.0009782319   0.0005131385  -0.0007803312   0.0266930489
        0.0879493265   0.0938532979   0.0010189130   0.0005456931   0.0007876451
        0.0002279313   0.0001333439   0.0008423745   0.0005778253  -0.0002022044
        0.0000216367
       -0.0000717143   0.0000606927  -0.0000222055   0.0001545205   0.0000225899
       -0.0001045223  -0.0000564778  -0.0000271799  -0.0003224082  -0.0007392212
       -0.0007064092   0.0013257700  -0.0016228830  -0.0036257550  -0.0057517552
       -0.0427057827  -0.0859909695  -0.2637675173  -0.0042630030  -0.0074478247
       -0.0260861379   0.0003375195   0.0037127621  -0.0037002973   0.0002495393
        0.0006128247   0.0007200036  -0.0000066511   0.0002768138   0.0001958090
        0.0000888026  -0.0001352783   0.0001365295   0.0000542853   0.0000035706
        0.0000015395   0.0000581906   0.0000048867   0.0000557849   0.0000087056
       -0.0000177624   0.0000619634  -0.0000638232  -0.0000417207   0.0000241165
       -0.0000194915   0.0000210270  -0.0000362521  -0.0000129255  -0.0000063361
       -0.0000044676   0.0004427097   0.0005341930   0.0010659630   0.0481675939
        0.0938532979   0.2965713877   0.0000712315  -0.0006726773   0.0007831181
       -0.0002180930  -0.0004458018  -0.0012646969   0.0001469677   0.0000150567
        0.0001182750
       -0.0002038059   0.0001770126   0.0000488510  -0.0001670190  -0.0002274962
       -0.0001237025  -0.0016736049   0.0003948963   0.0001196362   0.0004244796
        0.0003761250  -0.0000164387   0.0071664380  -0.0025829547   0.0003924878
       -0.0005223381  -0.0052183255  -0.0001650028  -0.0609276993  -0.0783881340
       -0.0100856179  -0.0011142283  -0.0065580461  -0.0014607869   0.0069368662
       -0.0024239466  -0.0017321716  -0.0001362808   0.0002702419  -0.0000414013
        0.0004045660  -0.0003218023  -0.0000171011   0.0000490113   0.0000085213
       -0.0000121441   0.0000527727  -0.0000294567   0.0000030148   0.0000782854
        0.0000109911   0.0000233241  -0.0001161390   0.0000011444  -0.0000102452
        0.0000158765   0.0002815333   0.0001600961  -0.0000093522   0.0001071290
       -0.0000295115  -0.0002083061  -0.0002122584  -0.0000048104  -0.0021617302
        0.0010189130   0.0000712315   0.0544905381   0.0926630398   0.0125812900
       -0.0021492004   0.0009325819   0.0003533233  -0.0002291295  -0.0002797090
       -0.0000543205
       -0.0000020403   0.0000349257   0.0000387392   0.0001652671   0.0000712110
        0.0000251693   0.0005757871   0.0000026786  -0.0000500329   0.0001658877
        0.0008982056   0.0002331017  -0.0026246517  -0.0008452099   0.0035186182
       -0.0066852726  -0.0198097195  -0.0002747143  -0.0787428544  -0.2764817086
       -0.0292362077  -0.0046788701  -0.0127025045  -0.0033986727  -0.0024839756
        0.0007011104  -0.0023212225   0.0000367735   0.0004388817   0.0001114813
       -0.0000824959  -0.0001529952  -0.0000810107   0.0000550307   0.0000534172
       -0.0000304274   0.0000103225   0.0000246896  -0.0000139159   0.0000103808
        0.0000293052   0.0000136401   0.0000186297   0.0000030651   0.0000289015
       -0.0000255596  -0.0000409161  -0.0000492308  -0.0000021460   0.0000407658
        0.0000323582  -0.0002874844  -0.0009901905  -0.0001107178   0.0009922987
        0.0005456931  -0.0006726773   0.0926630398   0.3082110877   0.0317119785
        0.0010760202   0.0006196144   0.0005617462  -0.0001540870  -0.0006514068
       -0.0000369043
       -0.0000014001   0.0000014337  -0.0001233740   0.0000848633   0.0001647062
       -0.0000733365   0.0000702011  -0.0001096976   0.0000027205  -0.0000095995
        0.0002122002  -0.0007335518   0.0003559065   0.0033639913  -0.0032697757
        0.0071417746   0.0225982273   0.0018443766  -0.0101516312  -0.0292759114
       -0.0471778472  -0.0087618363  -0.0262533287  -0.0048302799  -0.0016954022
       -0.0021008854  -0.0047069776  -0.0000174077   0.0000183355  -0.0003127941
       -0.0000024066   0.0000030712   0.0003902151   0.0000034895  -0.0000034344
        0.0000509311   0.0000216864   0.0000119954   0.0000821574   0.0000282157
       -0.0000488189   0.0000601852  -0.0000215174  -0.0000665383  -0.0000113445
       -0.0000072920   0.0000974433  -0.0000456011  -0.0000198052  -0.0000982904
       -0.0000040728   0.0004351521   0.0011677895  -0.0000666661   0.0004775664
        0.0007876451   0.0007831181   0.0125812900   0.0317119785   0.0577524530
       -0.0000328524  -0.0008736107   0.0007451319  -0.0004789948  -0.0013083014
       -0.0003556676
       -0.0001765074   0.0001415191   0.0000384168   0.0001597960   0.0000001780
       -0.0000299490  -0.0001393160  -0.0004227011   0.0004481840   0.0068701325
       -0.0039412713  -0.0009477553  -0.0001319257  -0.0000534931  -0.0002235360
        0.0070737642  -0.0024268618  -0.0016233201   0.0018095234   0.0025498608
       -0.0041476700  -0.0397170038  -0.0219073210   0.0256130819  -0.0008409180
       -0.0065394128   0.0076682723  -0.0000822430   0.0001166230  -0.0001044484
        0.0003051023  -0.0002370811  -0.0000961040   0.0000749343  -0.0000121977
        0.0000010224   0.0000508302  -0.0000429123   0.0000292936  -0.0000056915
        0.0000066726   0.0000097678  -0.0000892926   0.0000261951   0.0000134867
        0.0000020555   0.0000606690  -0.0000368071  -0.0001796730  -0.0001386599
        0.0000126654  -0.0017283920   0.0005556279   0.0001192963  -0.0001947791
        0.0002279313  -0.0002180930  -0.0021492004   0.0010760202  -0.0000328524
        0.0314469944   0.0300491167  -0.0269646750  -0.0023581904   0.0009114984
        0.0004717232
       -0.0000032382   0.0000412488  -0.0001096085   0.0000663476   0.0001033322
       -0.0000247168  -0.0002029417  -0.0009929972   0.0011374949  -0.0041202943
       -0.0041009451  -0.0010016031  -0.0000316000  -0.0000307444  -0.0007755558
       -0.0023662123   0.0009287389  -0.0019304413   0.0007654959   0.0056640035
       -0.0068228049  -0.0220330137  -0.1335863161   0.1232057993  -0.0047257927
       -0.0197713421   0.0231182900   0.0000086921   0.0002284324  -0.0002972197
       -0.0000591448  -0.0001007454   0.0002686937   0.0000405707   0.0000348369
       -0.0000371886  -0.0000072463   0.0000103477   0.0000215718   0.0000194445
       -0.0000573800   0.0001083093  -0.0000166601  -0.0000499861  -0.0000227775
       -0.0000186920   0.0001507714   0.0000592551  -0.0001014685  -0.0004294711
        0.0000108719   0.0005836401  -0.0001903737  -0.0001317309   0.0001320774
        0.0001333439  -0.0004458018   0.0009325819   0.0006196144  -0.0008736107
        0.0300491167   0.1508691252  -0.1360426213   0.0010883377   0.0005265058
        0.0005853949
        0.0000672920  -0.0000192020  -0.0001175195  -0.0000006004   0.0001108068
       -0.0000610325  -0.0001225776  -0.0002344166  -0.0000778538  -0.0006819475
       -0.0005292760   0.0012994840  -0.0002099703  -0.0008007393   0.0004077572
       -0.0016971372  -0.0023468026  -0.0051703239   0.0030108122   0.0161982466
       -0.0260512063   0.0257828924   0.1231233751  -0.2099195112   0.0001437942
        0.0002831519   0.0010042513   0.0001371502  -0.0002118586  -0.0000405621
       -0.0000831589   0.0000738332   0.0003079462  -0.0000327206  -0.0000266643
        0.0000590043  -0.0000249912   0.0000020522   0.0000548483  -0.0000090867
       -0.0000430116   0.0000393842  -0.0000143024  -0.0000513752  -0.0000041084
        0.0000129467   0.0000523555  -0.0000294418   0.0000036045  -0.0000713159
       -0.0000085939   0.0001158544  -0.0001208879   0.0000819382   0.0001799892
        0.0008423745  -0.0012646969   0.0003533233   0.0005617462   0.0007451319
       -0.0269646750  -0.1360426213   0.2376822361   0.0000335089  -0.0007497706
        0.0010628686
       -0.0000153147   0.0000892211  -0.0000556803   0.0000003794  -0.0006497931
        0.0002071384  -0.0023247979   0.0006040633   0.0004587994   0.0014605845
        0.0012283444   0.0024689706   0.0068754237  -0.0024489833   0.0001183163
       -0.0003286797   0.0000646105   0.0002851447   0.0068433488  -0.0043342126
       -0.0006011568  -0.0013097243  -0.0045643483  -0.0093815780  -0.0425056196
       -0.0195216043  -0.0442268532   0.0001569450  -0.0000672830  -0.0000652373
       -0.0000306494  -0.0001302925  -0.0001181790   0.0000156986  -0.0000227415
       -0.0000148854  -0.0000230524  -0.0000300522  -0.0000110168  -0.0004191863
       -0.0002440914   0.0001161056  -0.0001699279   0.0000413473  -0.0001356326
        0.0001893569   0.0004114003   0.0002452011  -0.0000638111   0.0000939879
        0.0000141960   0.0000911496  -0.0000585671   0.0002079621  -0.0017133348
        0.0005778253   0.0001469677  -0.0002291295  -0.0001540870  -0.0004789948
       -0.0023581904   0.0010883377   0.0000335089   0.0358585312   0.0280269184
        0.0507869035
        0.0001207162  -0.0000065789  -0.0002395548  -0.0000380255   0.0003413437
        0.0003224545   0.0008531796   0.0005753076   0.0009675623   0.0024561776
        0.0051681218   0.0147545266  -0.0024321924  -0.0007528822   0.0032367379
        0.0000228921  -0.0004455446   0.0004971326  -0.0042538943  -0.0047934484
       -0.0003277292  -0.0065131767  -0.0121943473  -0.0273157836  -0.0196150235
       -0.0744181624  -0.0834343957   0.0001539748   0.0001067273  -0.0000658365
       -0.0000712023  -0.0000720769   0.0002878420   0.0000046988  -0.0000068010
       -0.0000085984  -0.0000356883   0.0000086856  -0.0000276341  -0.0003284946
        0.0001161780   0.0000032623   0.0001041752  -0.0000854245  -0.0000656424
        0.0002087969  -0.0002735604   0.0000277180   0.0000860315  -0.0000126383
       -0.0002152445   0.0000593102   0.0001737932   0.0008854871   0.0005590369
       -0.0002022044   0.0000150567  -0.0002797090  -0.0006514068  -0.0013083014
        0.0009114984   0.0005265058  -0.0007497706   0.0280269184   0.0868984128
        0.0927607113
        0.0000165947   0.0001155757   0.0002758939   0.0001604322  -0.0000454444
       -0.0003097377  -0.0002872181  -0.0012461393   0.0009221420  -0.0046482069
       -0.0079684296  -0.0281550358   0.0004891476   0.0040161470  -0.0034621809
        0.0002114293   0.0004250240   0.0007550260  -0.0008950609  -0.0010730462
        0.0011804264  -0.0017705537  -0.0039357237  -0.0059854045  -0.0447235303
       -0.0836360884  -0.2626297288   0.0002702441   0.0000224536   0.0003252324
       -0.0001569554  -0.0001996426  -0.0002752289  -0.0001248400  -0.0000849903
        0.0000493274  -0.0000004134   0.0000169434  -0.0000236280   0.0008138821
        0.0002292388   0.0002400643  -0.0000006554  -0.0000068825   0.0001462510
       -0.0002152190   0.0008059729   0.0000579112  -0.0001945158  -0.0004152710
        0.0003037551  -0.0002813844  -0.0003505359  -0.0014785890   0.0001325170
        0.0000216367   0.0001182750  -0.0000543205  -0.0000369043  -0.0003556676
        0.0004717232   0.0005853949   0.0010628686   0.0507869035   0.0927607113
        0.2972380280
