           1           2  0.89705663979899153     
           2           3  0.99828564200387582     
           3           4   1.0061849506224432     
           4           5   1.0093115552199288     
           5           6   1.0093075848396360     
           2           7  0.99825998118383596     
           6           7   1.0061970137733085     
           1           8  0.91467483288000095     
           1           9  0.88598908783704877     
           1          10  0.91483238308201764     
           2          11  0.96209891669723713     
           3          12  0.97124923813276665     
           3          13  0.96322628160543688     
           4          14  0.96919105230160629     
           4          15  0.97153254727817018     
           5          16  0.97373229526204774     
           5          17  0.97401374879993319     
           6          18  0.96885499312076528     
           6          19  0.97149251620513299     
           7          20  0.97128707567892070     
           7          21  0.96324224653624924     
