$hessian                                                                        
        0.4921879194   0.0036365984  -0.0711762908  -0.1331928937   0.0020285803
       -0.0459478595  -0.0332848810   0.0009070042  -0.0112558809  -0.0045131401
       -0.0001320519   0.0064969820  -0.0444559848  -0.0198723461  -0.0127894812
       -0.0432054474   0.0130323037  -0.0070589163  -0.2171068970  -0.0001874590
        0.1558932993  -0.0085452270   0.0018877663  -0.0057306474  -0.0093064466
       -0.0013582847  -0.0062121326   0.0012386911   0.0002048148  -0.0007811319
        0.0012938671  -0.0002050944  -0.0008022325   0.0004201926   0.0003315554
        0.0003116710  -0.0019288278   0.0000918156  -0.0012363726   0.0003990754
       -0.0003652026   0.0002889933
        0.0036365984   0.6184561799   0.0020268418   0.0018813438  -0.0708731074
        0.0012906188   0.0002771100   0.0007298594  -0.0000050735   0.0000390184
        0.0002655730  -0.0000964188  -0.0227334662  -0.2458271988  -0.1482024584
        0.0160200334  -0.2588466497   0.1441833633  -0.0002479766  -0.0442608715
        0.0000733430   0.0227412042  -0.0014329261   0.0140772453  -0.0215888579
        0.0000252890  -0.0133639129  -0.0006774605   0.0004951976  -0.0006170769
        0.0006324630   0.0004188371   0.0006227950   0.0001143085   0.0002132926
        0.0000742660   0.0000339049   0.0003834668   0.0000165756  -0.0001282233
        0.0002530583  -0.0000801084
       -0.0711762908   0.0020268418   0.5810159778  -0.0400007394   0.0012143002
       -0.0958276601   0.0120540051  -0.0003524229   0.0082192017   0.0027645379
       -0.0000312525  -0.0006746969  -0.0156312696  -0.1469907693  -0.1519948958
       -0.0098051255   0.1430412009  -0.1401651285   0.1583235270   0.0000291127
       -0.1800361104  -0.0190172874   0.0018604088  -0.0115199284  -0.0200518970
       -0.0007260308  -0.0121678298   0.0008063120  -0.0007688725   0.0010527377
        0.0008800303   0.0007289877   0.0011628755   0.0001908193   0.0002055265
        0.0001890907   0.0004926129  -0.0000181994   0.0005827701   0.0001707652
       -0.0002188312   0.0001635964
       -0.1331928937   0.0018813438  -0.0400007394   0.3920369512   0.0025349779
       -0.0081910201  -0.1155983357  -0.0011162216   0.0690005368  -0.0276019644
        0.0004325670   0.0071132231  -0.0030985889  -0.0048352081  -0.0057092235
       -0.0022808057   0.0051701263  -0.0051434306  -0.0204612757   0.0005004707
       -0.0071175083  -0.0395823243   0.0087851019  -0.0052665929  -0.0401188510
       -0.0134313050  -0.0092514923  -0.0044519033  -0.0022971066   0.0036387683
       -0.0035532774   0.0022403652   0.0029008322   0.0006416318   0.0001334224
        0.0001160887  -0.0034105947   0.0001458613  -0.0022022001   0.0006722320
       -0.0001443953   0.0001127582
        0.0020285803  -0.0708731074   0.0012143002   0.0025349779   0.5354163266
        0.0009197656  -0.0007294762  -0.0697497656   0.0001635945   0.0008158564
        0.0002088464  -0.0004064729  -0.0187974596   0.0008612852  -0.0101013353
        0.0195468980  -0.0005315286   0.0107221559   0.0001150941   0.0007108478
       -0.0000508540   0.0019005486  -0.2023615441   0.1051987535  -0.0067146152
       -0.1917806679  -0.1084270446  -0.0195788776  -0.0020319034   0.0187874000
        0.0186265005  -0.0016867852  -0.0180725244  -0.0009203370   0.0007432977
       -0.0000675746   0.0001685715   0.0003630686   0.0000738274   0.0010037383
        0.0007116300   0.0000460087
       -0.0459478595   0.0012906188  -0.0958276601  -0.0081910201   0.0009197656
        0.5038145251   0.0604087959   0.0003528062  -0.1252217142  -0.0071575132
       -0.0000593639   0.0076732122  -0.0158391076  -0.0027526997  -0.0104066823
       -0.0149446406   0.0037029135  -0.0098124436   0.0117967862  -0.0003723484
        0.0089817902  -0.0024782982   0.1075603881  -0.1185307867  -0.0062078953
       -0.1108989037  -0.1286337498   0.0162796693   0.0030280425  -0.0160996139
        0.0172823078  -0.0028983249  -0.0173789905  -0.0011486101   0.0002390478
        0.0008458552  -0.0027244061   0.0000870666  -0.0002488422  -0.0011282085
       -0.0001990085   0.0008451008
       -0.0332848810   0.0002771100   0.0120540051  -0.1155983357  -0.0007294762
        0.0604087959   0.4365562174   0.0016438798   0.0085972630  -0.1624302867
        0.0040838097  -0.0582526064   0.0011390616   0.0004634527  -0.0005005158
        0.0011767709  -0.0004174783  -0.0005300417  -0.0047132539   0.0001411547
       -0.0028097656  -0.0027048131  -0.0029150011   0.0042952032  -0.0019570271
        0.0026910558   0.0038837128  -0.0407856604   0.0043869707  -0.0019441658
       -0.0414645050  -0.0109525460  -0.0071008207  -0.0068446822  -0.0023474486
       -0.0046753407  -0.0233252220   0.0008355834  -0.0094871647  -0.0057633826
        0.0028389334  -0.0039385585
        0.0009070042   0.0007298594  -0.0003524229  -0.0011162216  -0.0697497656
        0.0003528062   0.0016438798   0.5204074562   0.0003078028   0.0041308547
       -0.0666249277   0.0023551588  -0.0006598227   0.0010522871   0.0003153042
        0.0006816901   0.0011241349  -0.0003037272   0.0001769192   0.0003335625
        0.0000724355  -0.0180771841  -0.0015004486   0.0167073661   0.0174097715
       -0.0011920259  -0.0161513065   0.0057360488  -0.1976873606   0.1021999354
       -0.0121952777  -0.1837828146  -0.1063158234  -0.0211731253  -0.0004172338
       -0.0123801963   0.0000270415  -0.0001792756  -0.0000462086   0.0225084216
       -0.0025134477   0.0132388759
       -0.0112558809  -0.0000050735   0.0082192017   0.0690005368   0.0001635945
       -0.1252217142   0.0085972630   0.0003078028   0.5028573779  -0.0612563244
        0.0024576060  -0.0986268013  -0.0005331680   0.0009922795   0.0015072141
       -0.0005055157  -0.0009654394   0.0014326557  -0.0033759980   0.0000679366
       -0.0007594077   0.0143218194   0.0037261872  -0.0135795251   0.0151170129
       -0.0035796621  -0.0145473506  -0.0027630780   0.1022244082  -0.1164176041
       -0.0080233721  -0.1062291188  -0.1295834734  -0.0180082700  -0.0015765237
       -0.0120382886   0.0151544104  -0.0006017553   0.0078382257  -0.0164694353
        0.0030177580  -0.0110805100
       -0.0045131401   0.0000390184   0.0027645379  -0.0276019644   0.0008158564
       -0.0071575132  -0.1624302867   0.0041308547  -0.0612563244   0.4789008460
        0.0014052732  -0.0180944434  -0.0001228255   0.0003454602   0.0006203135
       -0.0001541286  -0.0003842298   0.0006012638  -0.0008543265   0.0000259136
       -0.0004768971   0.0012695706   0.0000745408  -0.0003612170   0.0012410440
       -0.0000693543  -0.0003104335  -0.0054920018   0.0030360497  -0.0050377357
       -0.0066027565  -0.0024683035  -0.0058375654  -0.0468309900  -0.0192757918
       -0.0148888027  -0.1814000064  -0.0007795342   0.1183004434  -0.0454090342
        0.0131042466  -0.0088656261
       -0.0001320519   0.0002655730  -0.0000312525   0.0004325670   0.0002088464
       -0.0000593639   0.0040838097  -0.0666249277   0.0024576060   0.0014052732
        0.5139760385   0.0007693325   0.0002371053  -0.0002506713   0.0000902159
       -0.0002575530  -0.0002407671  -0.0001166325  -0.0000171995   0.0002203019
        0.0000024317  -0.0002948075   0.0005616606  -0.0000511552   0.0001858120
        0.0004958407   0.0000390626   0.0217103708  -0.0022768332   0.0133365832
       -0.0204025705  -0.0002066153  -0.0125269508  -0.0185509644  -0.1926233214
       -0.1122561105  -0.0007480253  -0.0450406227   0.0006094412   0.0123482339
       -0.2084645024   0.1077367924
        0.0064969820  -0.0000964188  -0.0006746969   0.0071132231  -0.0004064729
        0.0076732122  -0.0582526064   0.0023551588  -0.0986268013  -0.0180944434
        0.0007693325   0.5041027609   0.0002918984  -0.0001937097  -0.0002194174
        0.0002899027   0.0001768417  -0.0002169497   0.0009767094  -0.0000153102
        0.0004674607   0.0007138056  -0.0004833778   0.0006830881   0.0007229964
        0.0004356262   0.0006762780  -0.0165938364   0.0033410328  -0.0097661772
       -0.0180856171  -0.0019823593  -0.0107822403  -0.0144051568  -0.1124489818
       -0.1312998952   0.1172529366   0.0006236237  -0.1451993678  -0.0084267941
        0.1079250148  -0.1168172541
       -0.0444559848  -0.0227334662  -0.0156312696  -0.0030985889  -0.0187974596
       -0.0158391076   0.0011390616  -0.0006598227  -0.0005331680  -0.0001228255
        0.0002371053   0.0002918984   0.0456857408   0.0227438867   0.0179755342
        0.0030379210   0.0004651083   0.0008133600   0.0025559856   0.0178627513
        0.0149545601   0.0004418672  -0.0003544660  -0.0001525933  -0.0046613748
        0.0001447799  -0.0030403860  -0.0002888812  -0.0000644339   0.0001360984
       -0.0003752602   0.0008005799   0.0006976579   0.0000916891   0.0002129278
        0.0002192408  -0.0000172707   0.0000967741   0.0000509729   0.0000679208
        0.0000457351   0.0000572018
       -0.0198723461  -0.2458271988  -0.1469907693  -0.0048352081   0.0008612852
       -0.0027526997   0.0004634527   0.0010522871   0.0009922795   0.0003454602
       -0.0002506713  -0.0001937097   0.0227438867   0.2686392964   0.1650869876
       -0.0015101928  -0.0260623327  -0.0129557965   0.0022542429  -0.0002035634
       -0.0040510014   0.0006544812   0.0007189544   0.0008779234   0.0001179466
        0.0013157283   0.0000542556  -0.0000914928  -0.0004632336   0.0000909656
       -0.0004670401   0.0000394072  -0.0002805213   0.0000298447  -0.0000210346
        0.0000500509   0.0001053937   0.0002084424   0.0000440009   0.0000615712
       -0.0000073666   0.0000280342
       -0.0127894812  -0.1482024584  -0.1519948958  -0.0057092235  -0.0101013353
       -0.0104066823  -0.0005005158   0.0003153042   0.0015072141   0.0006203135
        0.0000902159  -0.0002194174   0.0179755342   0.1650869876   0.1650949219
        0.0011926670   0.0114043690   0.0112662461   0.0026051279  -0.0185227257
       -0.0141237647  -0.0001564597  -0.0003022447   0.0000267784  -0.0032519943
        0.0003810650  -0.0012647931   0.0002086776   0.0002434252  -0.0003441719
       -0.0002518194  -0.0004657342   0.0002776591  -0.0000046548   0.0000497537
       -0.0000657593   0.0001708250  -0.0000241703   0.0001492573  -0.0001089966
        0.0000475479   0.0000974077
       -0.0432054474   0.0160200334  -0.0098051255  -0.0022808057   0.0195468980
       -0.0149446406   0.0011767709   0.0006816901  -0.0005055157  -0.0001541286
       -0.0002575530   0.0002899027   0.0030379210  -0.0015101928   0.0011926670
        0.0443680104  -0.0153632915   0.0115521644   0.0018486122  -0.0185458696
        0.0143556835  -0.0046586766   0.0001828000  -0.0030546492   0.0004222247
        0.0003685693  -0.0001648479  -0.0003887226  -0.0008314533   0.0006364309
       -0.0002893451   0.0000780673   0.0001388107   0.0000675972  -0.0000497220
        0.0000584183  -0.0000254194  -0.0000901693   0.0000460058   0.0000814091
       -0.0002298066   0.0002046956
        0.0130323037  -0.2588466497   0.1430412009   0.0051701263  -0.0005315286
        0.0037029135  -0.0004174783   0.0011241349  -0.0009654394  -0.0003842298
       -0.0002407671   0.0001768417   0.0004651083  -0.0260623327   0.0114043690
       -0.0153632915   0.2831623731  -0.1607825868  -0.0024582031  -0.0004239677
        0.0040872097   0.0002275709   0.0013208048   0.0001695552  -0.0006322637
        0.0007402020  -0.0008318565   0.0004702808   0.0000023724   0.0002417625
        0.0000806024  -0.0004540269  -0.0001143179  -0.0000571276  -0.0000014671
       -0.0000358594  -0.0001025005   0.0002168061  -0.0000398957  -0.0000308980
       -0.0000059533  -0.0000538967
       -0.0070589163   0.1441833633  -0.1401651285  -0.0051434306   0.0107221559
       -0.0098124436  -0.0005300417  -0.0003037272   0.0014326557   0.0006012638
       -0.0001166325  -0.0002169497   0.0008133600  -0.0129557965   0.0112662461
        0.0115521644  -0.1607825868   0.1518261968   0.0031504923   0.0189667787
       -0.0131960938  -0.0032473950  -0.0001667610  -0.0012702897  -0.0001700542
        0.0003376475  -0.0000010164  -0.0002173026   0.0004513376   0.0003218785
        0.0002015914  -0.0002600088  -0.0003550752  -0.0001118103  -0.0000476275
        0.0000912681   0.0001656859   0.0000202669   0.0001501441  -0.0000056072
       -0.0000484096  -0.0000713924
       -0.2171068970  -0.0002479766   0.1583235270  -0.0204612757   0.0001150941
        0.0117967862  -0.0047132539   0.0001769192  -0.0033759980  -0.0008543265
       -0.0000171995   0.0009767094   0.0025559856   0.0022542429   0.0026051279
        0.0018486122  -0.0024582031   0.0031504923   0.2385229136   0.0001585085
       -0.1727258464   0.0000638308   0.0002593298   0.0002007558   0.0000427120
       -0.0002605788   0.0001918156   0.0001663364   0.0002486119  -0.0003747982
        0.0001612869  -0.0002434082  -0.0003999090   0.0000330996   0.0000358813
        0.0000291910  -0.0002924216   0.0000201195  -0.0004291409   0.0000333977
       -0.0000413411   0.0000312873
       -0.0001874590  -0.0442608715   0.0000291127   0.0005004707   0.0007108478
       -0.0003723484   0.0001411547   0.0003335625   0.0000679366   0.0000259136
        0.0002203019  -0.0000153102   0.0178627513  -0.0002035634  -0.0185227257
       -0.0185458696  -0.0004239677   0.0189667787   0.0001585085   0.0434618774
       -0.0001588033   0.0007436716   0.0001939690   0.0000804953  -0.0006985806
        0.0002521165  -0.0000923167   0.0001195115  -0.0001528691  -0.0000999166
       -0.0001291777  -0.0001509610   0.0001081157   0.0000124102  -0.0000043352
       -0.0000757085   0.0000096697   0.0000322755   0.0000079824  -0.0000129750
       -0.0000083828   0.0000767080
        0.1558932993   0.0000733430  -0.1800361104  -0.0071175083  -0.0000508540
        0.0089817902  -0.0028097656   0.0000724355  -0.0007594077  -0.0004768971
        0.0000024317   0.0004674607   0.0149545601  -0.0040510014  -0.0141237647
        0.0143556835   0.0040872097  -0.0131960938  -0.1727258464  -0.0001588033
        0.1980466321  -0.0010067046   0.0002832860   0.0003520193  -0.0010559309
       -0.0002562869   0.0003433651   0.0000649343  -0.0001052788  -0.0000133357
        0.0000679118   0.0000983564  -0.0000016469   0.0000209159  -0.0000237540
       -0.0000230448  -0.0001850250   0.0000067944  -0.0000185991   0.0000203733
        0.0000221216  -0.0000192643
       -0.0085452270   0.0227412042  -0.0190172874  -0.0395823243   0.0019005486
       -0.0024782982  -0.0027048131  -0.0180771841   0.0143218194   0.0012695706
       -0.0002948075   0.0007138056   0.0004418672   0.0006544812  -0.0001564597
       -0.0046586766   0.0002275709  -0.0032473950   0.0000638308   0.0007436716
       -0.0010067046   0.0544436926  -0.0074725492   0.0068925339   0.0027348721
       -0.0006816885   0.0009296132  -0.0035427990   0.0000740520   0.0036715261
        0.0007808120  -0.0003529629  -0.0005071708  -0.0001226114  -0.0000346663
        0.0001313362   0.0001204227   0.0000574958  -0.0001002931  -0.0006986165
        0.0005148342  -0.0001470256
        0.0018877663  -0.0014329261   0.0018604088   0.0087851019  -0.2023615441
        0.1075603881  -0.0029150011  -0.0015004486   0.0037261872   0.0000745408
        0.0005616606  -0.0004833778  -0.0003544660   0.0007189544  -0.0003022447
        0.0001828000   0.0013208048  -0.0001667610   0.0002593298   0.0001939690
        0.0002832860  -0.0074725492   0.2286674576  -0.1240413318  -0.0003359481
       -0.0282293645   0.0119965772  -0.0002741134   0.0014643006   0.0004629162
        0.0002729852   0.0009712886  -0.0007287313  -0.0000433925  -0.0006118362
        0.0002260918   0.0002205856   0.0001230291  -0.0001653551  -0.0002876392
        0.0001146547  -0.0002280535
       -0.0057306474   0.0140772453  -0.0115199284  -0.0052665929   0.1051987535
       -0.1185307867   0.0042952032   0.0167073661  -0.0135795251  -0.0003612170
       -0.0000511552   0.0006830881  -0.0001525933   0.0008779234   0.0000267784
       -0.0030546492   0.0001695552  -0.0012702897   0.0002007558   0.0000804953
        0.0003520193   0.0068925339  -0.1240413318   0.1363848691   0.0005298463
       -0.0137794600   0.0094765968   0.0031960463   0.0004314526  -0.0025552070
       -0.0005260381   0.0006099468   0.0003434849   0.0000433361  -0.0001269090
       -0.0000356300  -0.0002648987   0.0000101481  -0.0000045491   0.0001989147
       -0.0001640304   0.0002290794
       -0.0093064466  -0.0215888579  -0.0200518970  -0.0401188510  -0.0067146152
       -0.0062078953  -0.0019570271   0.0174097715   0.0151170129   0.0012410440
        0.0001858120   0.0007229964  -0.0046613748   0.0001179466  -0.0032519943
        0.0004222247  -0.0006322637  -0.0001700542   0.0000427120  -0.0006985806
       -0.0010559309   0.0027348721  -0.0003359481   0.0005298463   0.0550449352
        0.0124362795   0.0113457479   0.0008086214   0.0003875495  -0.0004662398
       -0.0035477123  -0.0000660378   0.0036326246  -0.0007015651  -0.0004482301
       -0.0001761070   0.0001113055  -0.0000494283  -0.0000943851  -0.0001127380
       -0.0000033975   0.0001262754
       -0.0013582847   0.0000252890  -0.0007260308  -0.0134313050  -0.1917806679
       -0.1108989037   0.0026910558  -0.0011920259  -0.0035796621  -0.0000693543
        0.0004958407   0.0004356262   0.0001447799   0.0013157283   0.0003810650
        0.0003685693   0.0007402020   0.0003376475  -0.0002605788   0.0002521165
       -0.0002562869  -0.0006816885  -0.0282293645  -0.0137794600   0.0124362795
        0.2162468822   0.1274802303  -0.0002494650   0.0009975404   0.0008140716
        0.0002906905   0.0014957457  -0.0003360418   0.0003135704   0.0000969227
        0.0002264678  -0.0002028953   0.0001291532   0.0001694645   0.0000086262
       -0.0005933624  -0.0002681876
       -0.0062121326  -0.0133639129  -0.0121678298  -0.0092514923  -0.1084270446
       -0.1286337498   0.0038837128  -0.0161513065  -0.0145473506  -0.0003104335
        0.0000390626   0.0006762780  -0.0030403860   0.0000542556  -0.0012647931
       -0.0001648479  -0.0008318565  -0.0000010164   0.0001918156  -0.0000923167
        0.0003433651   0.0009296132   0.0119965772   0.0094765968   0.0113457479
        0.1274802303   0.1481491560  -0.0005675453  -0.0005819816   0.0003550611
        0.0032052319  -0.0003699523  -0.0025911806   0.0002026507   0.0001454300
        0.0002420878  -0.0002606872   0.0000050554   0.0000088924   0.0000487526
        0.0000977600  -0.0000455168
        0.0012386911  -0.0006774605   0.0008063120  -0.0044519033  -0.0195788776
        0.0162796693  -0.0407856604   0.0057360488  -0.0027630780  -0.0054920018
        0.0217103708  -0.0165938364  -0.0002888812  -0.0000914928   0.0002086776
       -0.0003887226   0.0004702808  -0.0002173026   0.0001663364   0.0001195115
        0.0000649343  -0.0035427990  -0.0002741134   0.0031960463   0.0008086214
       -0.0002494650  -0.0005675453   0.0541713799  -0.0062301364   0.0025154567
        0.0019658555  -0.0020978282   0.0007190579   0.0008467084   0.0003323034
        0.0002906486   0.0004918496   0.0004511635  -0.0003985539  -0.0047394741
        0.0003796950  -0.0035404865
        0.0002048148   0.0004951976  -0.0007688725  -0.0022971066  -0.0020319034
        0.0030280425   0.0043869707  -0.1976873606   0.1022244082   0.0030360497
       -0.0022768332   0.0033410328  -0.0000644339  -0.0004632336   0.0002434252
       -0.0008314533   0.0000023724   0.0004513376   0.0002486119  -0.0001528691
       -0.0001052788   0.0000740520   0.0014643006   0.0004314526   0.0003875495
        0.0009975404  -0.0005819816  -0.0062301364   0.2277758744  -0.1205758974
        0.0005825031  -0.0304064947   0.0125962852  -0.0003476301   0.0009052807
       -0.0005832884   0.0000528038   0.0000141197  -0.0001481982   0.0007974048
        0.0013640090   0.0004475328
       -0.0007811319  -0.0006170769   0.0010527377   0.0036387683   0.0187874000
       -0.0160996139  -0.0019441658   0.1021999354  -0.1164176041  -0.0050377357
        0.0133365832  -0.0097661772   0.0001360984   0.0000909656  -0.0003441719
        0.0006364309   0.0002417625   0.0003218785  -0.0003747982  -0.0000999166
       -0.0000133357   0.0036715261   0.0004629162  -0.0025552070  -0.0004662398
        0.0008140716   0.0003550611   0.0025154567  -0.1205758974   0.1346168945
        0.0001629515  -0.0151251731   0.0093177563   0.0004626714   0.0004356027
        0.0001018750   0.0005077928  -0.0002205466   0.0005670945  -0.0031276246
        0.0002693735  -0.0011371876
        0.0012938671   0.0006324630   0.0008800303  -0.0035532774   0.0186265005
        0.0172823078  -0.0414645050  -0.0121952777  -0.0080233721  -0.0066027565
       -0.0204025705  -0.0180856171  -0.0003752602  -0.0004670401  -0.0002518194
       -0.0002893451   0.0000806024   0.0002015914   0.0001612869  -0.0001291777
        0.0000679118   0.0007808120   0.0002729852  -0.0005260381  -0.0035477123
        0.0002906905   0.0032052319   0.0019658555   0.0005825031   0.0001629515
        0.0550880233   0.0133693116   0.0087642254  -0.0047764738   0.0001295243
       -0.0035548981   0.0004679537  -0.0004417279  -0.0004175845   0.0008515319
       -0.0003487868   0.0002950794
       -0.0002050944   0.0004188371   0.0007289877   0.0022403652  -0.0016867852
       -0.0028983249  -0.0109525460  -0.1837828146  -0.1062291188  -0.0024683035
       -0.0002066153  -0.0019823593   0.0008005799   0.0000394072  -0.0004657342
        0.0000780673  -0.0004540269  -0.0002600088  -0.0002434082  -0.0001509610
        0.0000983564  -0.0003529629   0.0009712886   0.0006099468  -0.0000660378
        0.0014957457  -0.0003699523  -0.0020978282  -0.0304064947  -0.0151251731
        0.0133693116   0.2114261481   0.1252547701  -0.0003191686   0.0014214101
       -0.0001204690  -0.0001051453   0.0000159905   0.0001349162   0.0003221709
        0.0008988704   0.0006241632
       -0.0008022325   0.0006227950   0.0011628755   0.0029008322  -0.0180725244
       -0.0173789905  -0.0071008207  -0.1063158234  -0.1295834734  -0.0058375654
       -0.0125269508  -0.0107822403   0.0006976579  -0.0002805213   0.0002776591
        0.0001388107  -0.0001143179  -0.0003550752  -0.0003999090   0.0001081157
       -0.0000016469  -0.0005071708  -0.0007287313   0.0003434849   0.0036326246
       -0.0003360418  -0.0025911806   0.0007190579   0.0125962852   0.0093177563
        0.0087642254   0.1252547701   0.1500513944  -0.0031800164   0.0000372587
       -0.0011617533   0.0005091301   0.0001614722   0.0005841422   0.0004653759
       -0.0004057860   0.0001170479
        0.0004201926   0.0001143085   0.0001908193   0.0006416318  -0.0009203370
       -0.0011486101  -0.0068446822  -0.0211731253  -0.0180082700  -0.0468309900
       -0.0185509644  -0.0144051568   0.0000916891   0.0000298447  -0.0000046548
        0.0000675972  -0.0000571276  -0.0001118103   0.0000330996   0.0000124102
        0.0000209159  -0.0001226114  -0.0000433925   0.0000433361  -0.0007015651
        0.0003135704   0.0002026507   0.0008467084  -0.0003476301   0.0004626714
       -0.0047764738  -0.0003191686  -0.0031800164   0.0545234558   0.0216886067
        0.0191816028   0.0013372484   0.0189132395   0.0158247151   0.0013146997
        0.0003397655   0.0009318069
        0.0003315554   0.0002132926   0.0002055265   0.0001334224   0.0007432977
        0.0002390478  -0.0023474486  -0.0004172338  -0.0015765237  -0.0192757918
       -0.1926233214  -0.1124489818   0.0002129278  -0.0000210346   0.0000497537
       -0.0000497220  -0.0000014671  -0.0000476275   0.0000358813  -0.0000043352
       -0.0000237540  -0.0000346663  -0.0006118362  -0.0001269090  -0.0004482301
        0.0000969227   0.0001454300   0.0003323034   0.0009052807   0.0004356027
        0.0001295243   0.0014214101   0.0000372587   0.0216886067   0.2202164046
        0.1316052464   0.0010491185  -0.0016506598  -0.0026950256  -0.0017574810
       -0.0282667202  -0.0157990442
        0.0003116710   0.0000742660   0.0001890907   0.0001160887  -0.0000675746
        0.0008458552  -0.0046753407  -0.0123801963  -0.0120382886  -0.0148888027
       -0.1122561105  -0.1312998952   0.0002192408   0.0000500509  -0.0000657593
        0.0000584183  -0.0000358594   0.0000912681   0.0000291910  -0.0000757085
       -0.0000230448   0.0001313362   0.0002260918  -0.0000356300  -0.0001761070
        0.0002264678   0.0002420878   0.0002906486  -0.0005832884   0.0001018750
       -0.0035548981  -0.0001204690  -0.0011617533   0.0191816028   0.1316052464
        0.1495832869   0.0014362981  -0.0199117349  -0.0162432507   0.0015206531
        0.0132488189   0.0098141583
       -0.0019288278   0.0000339049   0.0004926129  -0.0034105947   0.0001685715
       -0.0027244061  -0.0233252220   0.0000270415   0.0151544104  -0.1814000064
       -0.0007480253   0.1172529366  -0.0000172707   0.0001053937   0.0001708250
       -0.0000254194  -0.0001025005   0.0001656859  -0.0002924216   0.0000096697
       -0.0001850250   0.0001204227   0.0002205856  -0.0002648987   0.0001113055
       -0.0002028953  -0.0002606872   0.0004918496   0.0000528038   0.0005077928
        0.0004679537  -0.0001051453   0.0005091301   0.0013372484   0.0010491185
        0.0014362981   0.2074670325   0.0007908693  -0.1345357664   0.0004039503
       -0.0012993921   0.0022810914
        0.0000918156   0.0003834668  -0.0000181994   0.0001458613   0.0003630686
        0.0000870666   0.0008355834  -0.0001792756  -0.0006017553  -0.0007795342
       -0.0450406227   0.0006236237   0.0000967741   0.0002084424  -0.0000241703
       -0.0000901693   0.0002168061   0.0000202669   0.0000201195   0.0000322755
        0.0000067944   0.0000574958   0.0001230291   0.0000101481  -0.0000494283
        0.0001291532   0.0000050554   0.0004511635   0.0000141197  -0.0002205466
       -0.0004417279   0.0000159905   0.0001614722   0.0189132395  -0.0016506598
       -0.0199117349   0.0007908693   0.0476245420  -0.0008587065  -0.0200420624
       -0.0022403358   0.0207206857
       -0.0012363726   0.0000165756   0.0005827701  -0.0022022001   0.0000738274
       -0.0002488422  -0.0094871647  -0.0000462086   0.0078382257   0.1183004434
        0.0006094412  -0.1451993678   0.0000509729   0.0000440009   0.0001492573
        0.0000460058  -0.0000398957   0.0001501441  -0.0004291409   0.0000079824
       -0.0000185991  -0.0001002931  -0.0001653551  -0.0000045491  -0.0000943851
        0.0001694645   0.0000088924  -0.0003985539  -0.0001481982   0.0005670945
       -0.0004175845   0.0001349162   0.0005841422   0.0158247151  -0.0026950256
       -0.0162432507  -0.1345357664  -0.0008587065   0.1665706739   0.0146793240
        0.0028971813  -0.0147365913
        0.0003990754  -0.0001282233   0.0001707652   0.0006722320   0.0010037383
       -0.0011282085  -0.0057633826   0.0225084216  -0.0164694353  -0.0454090342
        0.0123482339  -0.0084267941   0.0000679208   0.0000615712  -0.0001089966
        0.0000814091  -0.0000308980  -0.0000056072   0.0000333977  -0.0000129750
        0.0000203733  -0.0006986165  -0.0002876392   0.0001989147  -0.0001127380
        0.0000086262   0.0000487526  -0.0047394741   0.0007974048  -0.0031276246
        0.0008515319   0.0003221709   0.0004653759   0.0013146997  -0.0017574810
        0.0015206531   0.0004039503  -0.0200420624   0.0146793240   0.0528990288
       -0.0147908880   0.0121625075
       -0.0003652026   0.0002530583  -0.0002188312  -0.0001443953   0.0007116300
       -0.0001990085   0.0028389334  -0.0025134477   0.0030177580   0.0131042466
       -0.2084645024   0.1079250148   0.0000457351  -0.0000073666   0.0000475479
       -0.0002298066  -0.0000059533  -0.0000484096  -0.0000413411  -0.0000083828
        0.0000221216   0.0005148342   0.0001146547  -0.0001640304  -0.0000033975
       -0.0005933624   0.0000977600   0.0003796950   0.0013640090   0.0002693735
       -0.0003487868   0.0008988704  -0.0004057860   0.0003397655  -0.0282667202
        0.0132488189  -0.0012993921  -0.0022403358   0.0028971813  -0.0147908880
        0.2387578488  -0.1264895105
        0.0002889933  -0.0000801084   0.0001635964   0.0001127582   0.0000460087
        0.0008451008  -0.0039385585   0.0132388759  -0.0110805100  -0.0088656261
        0.1077367924  -0.1168172541   0.0000572018   0.0000280342   0.0000974077
        0.0002046956  -0.0000538967  -0.0000713924   0.0000312873   0.0000767080
       -0.0000192643  -0.0001470256  -0.0002280535   0.0002290794   0.0001262754
       -0.0002681876  -0.0000455168  -0.0035404865   0.0004475328  -0.0011371876
        0.0002950794   0.0006241632   0.0001170479   0.0009318069  -0.0157990442
        0.0098141583   0.0022810914   0.0207206857  -0.0147365913   0.0121625075
       -0.1264895105   0.1326413260
