           1           2  0.93480554583375297     
           2           3  0.99386232716690615     
           3           4   1.0048784603237535     
           4           5   1.4113117553821202     
           5           6   1.4476061006205379     
           4           7  0.10656169604146416     
           6           7   1.4318050152244577     
           5           8  0.11044007269976995     
           7           8   1.4474143950420795     
           4           9   1.3857395108015427     
           6           9  0.10649726389820134     
           8           9   1.4229736108224837     
           1          10  0.91836000324061218     
           1          11  0.91643939654096940     
           1          12  0.83432924950894127     
           2          13  0.96806794592044498     
           2          14  0.96841723661495349     
           3          15  0.96895125653155256     
           3          16  0.96023840012411066     
           5          17  0.96746891866507079     
           6          18  0.96832685110715122     
           7          19  0.96852434347877425     
           8          20  0.96907124570404368     
           9          21  0.96016553069847066     
