           1           2  0.96443525584848988     
           2           3   1.0127965911885082     
           3           4   1.0072528768619042     
           4           5   1.0059696783890211     
           5           6  0.99162042553820151     
           1           7  0.89031982617538963     
           1           8  0.87989584033445911     
           1           9  0.89404208153942477     
           2          10  0.96179674795623249     
           2          11  0.96772365861831633     
           3          12  0.96923595843319355     
           3          13  0.97255210995436892     
           4          14  0.97309012592917532     
           4          15  0.97043469896716095     
           5          16  0.97116612679891889     
           5          17  0.97379647535726033     
           6          18  0.86047718359456105     
