           1           2  0.97473747068964656     
           2           3  0.98840725776057159     
           3           4   1.0108403509094936     
           4           5   1.3561314314694197     
           5           6  0.99801727718086775     
           5           7   1.3392377742067760     
           7           8  0.98751497738921334     
           7           9   1.3417596459142112     
           9          10  0.98595258973178579     
           9          11   1.3419272272582061     
          11          12  0.98746342013152477     
           4          13   1.3562328721866677     
          11          13   1.3390258660348817     
          13          14  0.99778807488443333     
           1          15  0.88588197146438219     
           1          16  0.88181317184512875     
           1          17  0.88583574961035183     
           2          18  0.96419516083666679     
           2          19  0.96414748096002079     
           3          20  0.95495582864001005     
           3          21  0.95620693587696448     
