           1           2  0.89661459944258859     
           2           3   1.0106201209416958     
           2           4  0.98709517913679601     
           4           5   1.4090935964632099     
           5           6   1.4428409585749649     
           4           7  0.10947098823876550     
           6           7   1.4391562891260068     
           5           8  0.10998283472977186     
           7           8   1.4373534569083979     
           4           9   1.4095152171571281     
           6           9  0.11008215445863424     
           8           9   1.4431916304003003     
           1          10  0.90989030388181547     
           1          11  0.90981286681953577     
           1          12  0.90495784900922360     
           2          13  0.94974819494119755     
           3          14  0.97873532463802226     
           3          15  0.96838345760405953     
           3          16  0.98157926628017256     
           5          17  0.96466272970592437     
           6          18  0.96775439626838211     
           7          19  0.96821162642289993     
           8          20  0.96876500258468334     
           9          21  0.96404688448639164     
