           1           2  0.96891471951134189     
           2           3   1.0163803840672410     
           3           4  0.99512102094105204     
           4           5   1.0175845302871425     
           1           7  0.88836068353165720     
           1           8  0.88851829543127625     
           1           9  0.88507025622955582     
           2          10  0.96032356971094435     
           2          11  0.95975912204648339     
           3          12  0.96591080714826993     
           3          13  0.96386530177916996     
           5          14  0.97677349978945927     
           5          15  0.97902424916172648     
           5          16  0.97460049266524207     
