   -0.31022297
    0.00082179
   -0.06781748
    0.01729307
   -0.05718000
   -0.05320682
    0.02040535
    0.01638567
   -0.06235893
   -0.00076906
   -0.10336554
    0.01155674
   -0.00406924
   -0.04532286
   -0.04409009
   -0.00356095
    0.00999368
   -0.00314831
   -0.10253502
   -0.05437464
   -0.02322103
   -0.01413344
    0.07186150
   -0.26193388
    0.33129060
   -0.26127904
    0.07205634
   -0.01718451
   -0.04182484
   -0.46767765
    0.33154105
    0.16682125
    0.16709080
    0.05870719
    0.05918996
    0.04981391
    0.04957114
    0.03976607
    0.03897118
    0.03669489
    0.04800577
    0.04700739
    0.04643622
    0.04512424
    0.04438998
    0.04438110
    0.04517274
    0.04720527
    0.03629288
    0.04542854
