           1           2  0.94708196147981860     
           2           3   1.0077361718943929     
           3           4  0.99857008935620895     
           4           5   1.0162144843258998     
           5           6  0.97354376209983540     
           1           8  0.84079139110053991     
           1           9  0.91821022415728493     
           1          10  0.91995414216973470     
           2          11  0.96645203950240710     
           2          12  0.97078219235363639     
           3          13  0.97284694898510282     
           3          14  0.96521039901593852     
           4          15  0.97389756581453835     
           4          16  0.97493012881922847     
           5          17  0.97676425470062833     
           5          18  0.97532495946866204     
