           1           2  0.94403751304502437     
           2           3   1.0064106362596672     
           3           4   1.0026193624215811     
           4           5   1.0215858530113746     
           1           7  0.91937819885463634     
           1           8  0.92205043809975074     
           1           9  0.83762529213138592     
           2          10  0.96711245287989001     
           2          11  0.96856144380770892     
           3          12  0.97307292775796284     
           3          13  0.96656286626421128     
           4          14  0.97397882431924787     
           4          15  0.97548019415046228     
           5          16  0.98545929476322180     
           5          17  0.98511509691413923     
           5          18  0.98654897276023501     
