$coord
        -13.448587664935         -0.235405205998         -3.630351631701     n 
        -14.630930482160          1.777736171808         -2.062832000377     c 
        -13.526006416451          1.829434513305          0.601473505116     c 
        -10.732352268879          2.133829968998          0.596628915422     c 
         -9.483643612728          4.376516857508          0.545086182086     c 
         -6.813964996342          4.122917077351          0.496282911136     c 
         -6.008275519625          1.669732082781          0.504026434545     c 
         -3.409986619040          0.851375129007          0.439013402806     c 
         -2.615876328095         -1.608315023779          0.420347530429     c 
          0.051805643349         -1.923258565381          0.334775698412     c 
          1.261200544407         -4.463278478935          0.295540451228     c 
          1.337022628864          0.344988572638          0.288242529545     c 
          4.033921191927          0.734914677929          0.188546561128     c 
          5.180056664566          3.058499394891          0.220814823373     c 
          7.848080589102          2.965166221050          0.096689121146     c 
          8.821560051163          0.569897670773         -0.038042514336     c 
         11.487803396163         -0.005944767921         -0.187529267603     c 
         12.605633522310         -2.347151605683         -0.399677944967     c 
         11.219451815446         -4.792537012078         -0.521083742147     c 
         15.302585590696         -2.209064843981         -0.498385730143     c 
         16.226062418858          0.170399774548         -0.367388990222     c 
         13.811761042793          2.332638633792         -0.118022696591     s 
          6.347152951735         -1.599094030987          0.002430999964     s 
         -0.806245120208          2.843899785301          0.363856461066     s 
         -8.600055144660         -0.361564782659          0.594592220006     s 
        -12.994456296365         -4.975720056262          0.737559088801     cl
        -11.566041627715          0.157780223209         -3.952957475346     h 
        -14.323930965590         -0.468223996058         -5.359524217651     h 
        -13.502676377477         -1.940452364487         -2.669033714903     h 
        -16.683117768137          1.491682362730         -1.986485511301     h 
        -14.349933648509          3.614745279871         -2.980095552670     h 
        -13.994354490970          0.067122237452          1.583634145768     h 
        -14.383723254850          3.345415511997          1.725594997034     h 
        -10.441559587613          6.178302364504          0.526874701494     h 
         -5.528963159339          5.705434873940          0.443615208824     h 
         -3.914306504025         -3.178609818003          0.459649891796     h 
          2.531590983898         -4.692526698710          1.903548742816     h 
          2.357960342060         -4.723190196230         -1.429651158668     h 
         -0.147711134639         -5.965491669653          0.382791287744     h 
          4.122891502556          4.799420740604          0.329514225536     h 
          9.028957250544          4.627899316762          0.101596768160     h 
         10.114386547714         -5.092924709954          1.192547935261     h 
         12.519462870910         -6.379986970151         -0.723373477727     h 
          9.928588344480         -4.822659988829         -2.128356411045     h 
         16.480538676775         -3.867661208458         -0.663843846578     h 
         18.191595100288          0.676859420981         -0.410420409789     h 
$end
