           1           2  0.93446989472048791     
           2           3   1.0073189068230914     
           3           4   1.2933191125377226     
           4           5   1.5636112689852486     
           3           6   1.5205672013006684     
           5           6  0.11104481892154511     
           6           7   1.2805883738337376     
           5           8   1.2733750784366642     
           7           8   1.2581059274922095     
           8           9   1.2762428335804530     
           9          10   1.5591066695108340     
          10          11   1.3179675051413737     
           7          12   1.2724824025911239     
           9          12  0.11653119351157173     
          11          12   1.5611546122002551     
           1          14  0.84376792152844415     
           1          15  0.91911404319847301     
           1          16  0.91907818568649124     
           2          17  0.96378474069856046     
           2          18  0.96334452335132092     
           4          19  0.96837932914683533     
           5          20  0.96750134198895810     
           6          21  0.96629298857293466     
           9          22  0.96826079607583071     
          10          23  0.97011661599315302     
          11          24  0.97010782770088144     
          12          25  0.96832528729589162     
