$hessian                                                                        
        0.5692802478   0.0168385965   0.0040507164  -0.0735198879   0.0107888545
       -0.0061412809  -0.0024782545   0.0108244310  -0.0123844379  -0.0008026524
        0.0002573487  -0.0013937685   0.0007160079  -0.0002923262  -0.0002858352
       -0.0000440553  -0.0005476834   0.0001120552   0.0004709332   0.0008771944
        0.0000066898  -0.0006785700  -0.0003667027   0.0001719440   0.0001694505
       -0.0000338967   0.0001002016   0.0002356314   0.0003559250  -0.0002065506
       -0.0007268018   0.0002596866  -0.0014013011   0.0001966623   0.0048622997
        0.0039083387  -0.0959999356   0.0871518224   0.0565388683  -0.1335238276
       -0.0434465317  -0.1272545341  -0.2620758468  -0.0827807580   0.0817014885
       -0.0027090982   0.0171246931  -0.0113698120   0.0031887453  -0.0216932171
        0.0158010938  -0.0011938316  -0.0006946584  -0.0032187720   0.0000388385
       -0.0000812566   0.0005877073   0.0001047124  -0.0000035709   0.0001009647
       -0.0000183580   0.0000709448   0.0001246990  -0.0000137456   0.0001116882
        0.0001229193  -0.0000579600   0.0000372476   0.0001206258   0.0000512570
        0.0000732139   0.0001252713  -0.0000720378  -0.0000205692   0.0000036189
       -0.0005376230   0.0003272244   0.0000790897
        0.0168385965   0.5078183019   0.0499476583   0.0099589154  -0.1397481228
        0.0444980601   0.0032932362   0.0048262313   0.0032401764  -0.0019995602
       -0.0002111551  -0.0002877099   0.0003907235  -0.0001163289  -0.0001157285
       -0.0002293474  -0.0000295678   0.0000594445  -0.0003446651  -0.0001964703
        0.0002003262   0.0002422760   0.0005064172  -0.0001021680  -0.0000216186
        0.0000342334   0.0000758391   0.0005454392   0.0001995133  -0.0000254979
       -0.0000448086  -0.0003318175  -0.0008990583   0.0026416730  -0.0083628105
       -0.0079153831   0.0888887119  -0.1809844995  -0.0916513242  -0.0412618482
       -0.0645573576  -0.0581532023  -0.0853705281  -0.0771283114   0.0330687523
        0.0064478792  -0.0277635520   0.0171972289   0.0004546479  -0.0156469830
        0.0126417304  -0.0001292642   0.0009300322  -0.0011190814  -0.0002892009
        0.0004285803  -0.0006358255  -0.0002296120   0.0001963750  -0.0002748923
        0.0000118279   0.0000632577  -0.0001867461  -0.0000176898  -0.0000376804
       -0.0000671825  -0.0000054708   0.0001412275   0.0001051058  -0.0000468930
        0.0001477792  -0.0000495728   0.0001003401   0.0001092142   0.0002350539
        0.0001762400  -0.0002865064   0.0002139969
        0.0040507164   0.0499476583   0.5376966403  -0.0066561366   0.0533236975
       -0.1018763146  -0.0098211161   0.0209869755  -0.0249844452   0.0011026249
        0.0009710402   0.0006295141   0.0002290588  -0.0000289147   0.0001889309
       -0.0000972486  -0.0001184222   0.0000565321   0.0004040440   0.0003012390
       -0.0002992120  -0.0004713200  -0.0002384003   0.0003217439   0.0000939391
       -0.0001341229  -0.0000609672  -0.0000183044   0.0000936137  -0.0002698364
       -0.0001379166  -0.0001033671  -0.0001536166   0.0017926168  -0.0058280146
       -0.0029762584   0.0595565150  -0.0953606835  -0.1019125560  -0.1234674720
       -0.0589055089  -0.2230081909   0.0767091248   0.0297042832  -0.0762072627
        0.0002832410  -0.0050122372   0.0059259326   0.0001147848   0.0113343597
       -0.0087044542  -0.0032342664  -0.0018713888  -0.0055535884  -0.0000819136
        0.0009554433   0.0014260572   0.0000332218   0.0000378945   0.0000597029
       -0.0000640046   0.0000193806   0.0000848088   0.0000071734   0.0000409047
        0.0000632582  -0.0000015431  -0.0000332862   0.0000332420   0.0000034634
       -0.0000215582   0.0000726487  -0.0000415237  -0.0000321405  -0.0001610747
       -0.0002877586  -0.0000284452  -0.0003912346
       -0.0735198879   0.0099589154  -0.0066561366   0.5139945914   0.0109613903
       -0.0400837876  -0.0826057060  -0.0164230782  -0.0444818050  -0.0225085092
       -0.0139019620  -0.0201737043   0.0001415907  -0.0014797729  -0.0003293746
       -0.0002864501  -0.0002820423   0.0014500120   0.0004211381   0.0002442578
        0.0000213322  -0.0003185885  -0.0000890685  -0.0001449868   0.0000816645
       -0.0000252406  -0.0001012553  -0.0006363114  -0.0001115117   0.0013983705
       -0.0008913030   0.0012294766  -0.0009039515  -0.0002833898   0.0000400049
       -0.0001689653  -0.0010838917   0.0095454879  -0.0069843751  -0.0019113972
        0.0110929315  -0.0088812798   0.0050129350  -0.0186109221   0.0150097988
       -0.1180741113   0.0835000664   0.0636625503  -0.2219141044  -0.0797585321
        0.0416551996  -0.0023762596  -0.0005963474  -0.0060112443   0.0069831758
        0.0041063306   0.0122910675  -0.0000761538   0.0001208216  -0.0004718818
        0.0000405378   0.0000665362   0.0000863708  -0.0000245833   0.0001319903
        0.0000043086  -0.0000602853   0.0001162387   0.0000107167   0.0000173004
        0.0001443704   0.0000339946  -0.0000679343   0.0000385680   0.0000758238
       -0.0000540669  -0.0000189089  -0.0003067973
        0.0107888545  -0.1397481228   0.0533236975   0.0109613903   0.4796384731
        0.0351246043  -0.0162478087  -0.0746261812  -0.0397686986  -0.0113578321
       -0.0060200447  -0.0105809020   0.0009888802  -0.0003249261  -0.0007184569
       -0.0000538082  -0.0005945462   0.0006777840   0.0004210235   0.0005830523
       -0.0001305418  -0.0004880528  -0.0003141493   0.0000185501   0.0001200243
       -0.0000446371  -0.0001016790  -0.0002863230  -0.0004790969   0.0012023844
       -0.0012063058   0.0003302482   0.0009576750  -0.0004046515   0.0010937318
        0.0013155687   0.0058696244  -0.0194233537   0.0087887631   0.0006518060
        0.0055076544  -0.0014415345  -0.0032346144  -0.0113130268   0.0081894752
        0.0861698192  -0.1465332920  -0.0740879527  -0.0843271302  -0.0835103422
        0.0177618779   0.0090647001   0.0038344667   0.0193352059  -0.0075273461
       -0.0073302219  -0.0191785478   0.0003709983  -0.0002675310  -0.0002130690
        0.0000069301  -0.0000453284   0.0000230875  -0.0000057246  -0.0000257817
        0.0000084176   0.0000004812  -0.0000175377   0.0000112080   0.0000028854
        0.0000229369  -0.0000117411  -0.0000300063  -0.0000831949  -0.0000047596
       -0.0002478140  -0.0003092493  -0.0005004160
       -0.0061412809   0.0444980601  -0.1018763146  -0.0400837876   0.0351246043
        0.4308750642  -0.0351043443  -0.0355450957  -0.1450731856  -0.0112818731
       -0.0044645331   0.0051078912   0.0018459336  -0.0000453815  -0.0003506121
       -0.0003153324  -0.0003339687  -0.0000706210  -0.0003665323  -0.0000675458
        0.0000688571   0.0004306298   0.0002167296  -0.0000893089  -0.0001075426
        0.0000651191   0.0000080024  -0.0000048091   0.0001750960  -0.0003947619
        0.0005160835   0.0014932803  -0.0010710419  -0.0000135963  -0.0007230832
       -0.0018540109  -0.0013947251  -0.0029788606   0.0109931853  -0.0038618182
        0.0160912823  -0.0149657529   0.0025275408   0.0095340461  -0.0059517797
        0.0591711757  -0.0707661518  -0.0886993667   0.0469413390   0.0183987165
       -0.0503363907  -0.0067805752  -0.0024842782  -0.0167936211  -0.0063398676
       -0.0081460951  -0.0197134499  -0.0000783626   0.0001266788   0.0003429101
        0.0001149558  -0.0000173408   0.0001426598  -0.0000030607   0.0000411401
        0.0000040214   0.0000213840  -0.0000325861  -0.0000961593  -0.0000001403
       -0.0001602880   0.0000048058   0.0001097117   0.0001198426  -0.0002000028
        0.0001988945  -0.0001193871  -0.0000110175
       -0.0024782545   0.0032932362  -0.0098211161  -0.0826057060  -0.0162478087
       -0.0351043443   0.4806476372  -0.0258307064  -0.0280842997  -0.1757346679
       -0.0593925253   0.0241603899  -0.0332158256  -0.0096865333   0.0069349384
       -0.0024597932   0.0040634059   0.0009825505  -0.0008806420  -0.0002598115
        0.0003482375   0.0003659448   0.0001138389  -0.0003908974  -0.0001954200
       -0.0001131305  -0.0001592227   0.0021940167   0.0000059939   0.0009942171
       -0.0053339045  -0.0092484405   0.0030442799  -0.0000090483   0.0004027564
        0.0002455066   0.0003399433  -0.0005345924  -0.0000669009   0.0001405695
        0.0008983025  -0.0005266875  -0.0002192318   0.0002116091   0.0004013670
        0.0073725888   0.0045598660   0.0114937615  -0.0143335996  -0.0097889651
       -0.0222318623  -0.0480235293   0.0333400923  -0.0209249454  -0.1257713919
        0.0852541857   0.0706330611   0.0007741538  -0.0015096633  -0.0007202734
       -0.0012255923  -0.0006222052   0.0001968351   0.0000510801  -0.0000417205
       -0.0000682856  -0.0000439347  -0.0000778462  -0.0001132808  -0.0000131476
       -0.0000242474  -0.0002050720  -0.0001259124   0.0000081900  -0.0000890849
        0.0007836674   0.0012267192  -0.0009288718
        0.0108244310   0.0048262313   0.0209869755  -0.0164230782  -0.0746261812
       -0.0355450957  -0.0258307064   0.5123815510  -0.0131258292  -0.0587496732
       -0.0975378349   0.0124766701   0.0085582166   0.0066923717  -0.0011935269
        0.0032965053  -0.0002236196   0.0002290715  -0.0002273922  -0.0010130391
        0.0001283163   0.0001847810   0.0002951216  -0.0002087236  -0.0000429949
       -0.0000513532  -0.0000848958   0.0004092230  -0.0054082738   0.0000301856
       -0.0266833552  -0.0203946214   0.0060100807   0.0001761945  -0.0000181824
       -0.0002073438   0.0000251581   0.0009050007   0.0001980821   0.0007945731
       -0.0034827373   0.0041759523   0.0004900710   0.0003706472   0.0000519265
       -0.0074851066  -0.0068538954  -0.0186401451  -0.0067542985  -0.0034851717
       -0.0100652931   0.0316270614  -0.1822640819   0.1042166115   0.0864894703
       -0.1310943824  -0.0688839299   0.0011738111   0.0009853384  -0.0005577826
        0.0007503605   0.0001716024  -0.0000534263  -0.0000487102  -0.0000320319
        0.0000342699   0.0000115096  -0.0000625248  -0.0001008875  -0.0000109274
       -0.0001881667   0.0000843102  -0.0012536596  -0.0007248509   0.0000679879
       -0.0013014643   0.0008330843  -0.0000235605
       -0.0123844379   0.0032401764  -0.0249844452  -0.0444818050  -0.0397686986
       -0.1450731856  -0.0280842997  -0.0131258292   0.4707749004   0.0315827146
        0.0157710608  -0.0635492747   0.0051103503   0.0024614948  -0.0014838262
        0.0022297658   0.0001065736   0.0060868773  -0.0000592432  -0.0002225660
        0.0003260844   0.0000373400   0.0000984701  -0.0010410964  -0.0000780299
        0.0000330235  -0.0004270617   0.0013951314   0.0009514996   0.0064495558
        0.0034065240   0.0020090370  -0.0003311920  -0.0002913150   0.0002454623
        0.0002199610   0.0007438470  -0.0001162885   0.0010236693  -0.0002897944
        0.0031806799  -0.0022642677  -0.0004560959  -0.0000807826   0.0003945479
       -0.0057122914  -0.0087206010  -0.0190487359  -0.0017694739  -0.0007727593
        0.0012097704  -0.0218091627   0.1058129538  -0.1212437349   0.0716844456
       -0.0706734159  -0.1032784136  -0.0007840410  -0.0000216546  -0.0020892852
        0.0003146677   0.0001399088   0.0002678373  -0.0000986710  -0.0000724455
       -0.0000421374   0.0000038589   0.0000270775  -0.0000665912   0.0000844297
        0.0000603814  -0.0000618499   0.0001569676   0.0000614443   0.0001002314
       -0.0004513815  -0.0006242029  -0.0018683376
       -0.0008026524  -0.0019995602   0.0011026249  -0.0225085092  -0.0113578321
       -0.0112818731  -0.1757346679  -0.0587496732   0.0315827146   0.6237416963
       -0.0154576827  -0.0835039312  -0.2509349010   0.1390598888   0.0300741731
       -0.0664566504  -0.0256687559   0.0142958203  -0.0119007527   0.0301359712
       -0.0011595050   0.0004163444  -0.0001820071   0.0001291112  -0.0000492206
       -0.0005780362   0.0001293437   0.0224854748  -0.0269477166  -0.0026488671
       -0.0897065441  -0.0376872998   0.0096064951  -0.0010803473  -0.0005326495
       -0.0001597433  -0.0004674998   0.0009335990   0.0000205798   0.0002364813
       -0.0001414263   0.0004131587   0.0016487010   0.0004899042   0.0001937390
        0.0010789717   0.0003671353   0.0006304469  -0.0011120897  -0.0011737205
       -0.0019992799   0.0005303234  -0.0043211806   0.0013465576  -0.0233681459
       -0.0061125605   0.0063578630  -0.0004508601   0.0021468692   0.0008278465
       -0.0030588707  -0.0025574463   0.0023099329   0.0003624242   0.0001261969
        0.0001884858   0.0000662079  -0.0001396228   0.0000579274   0.0002742868
        0.0000662047  -0.0002343545  -0.0035794377  -0.0027019883   0.0026061820
        0.0003702379   0.0229833895  -0.0008854482
        0.0002573487  -0.0002111551   0.0009710402  -0.0139019620  -0.0060200447
       -0.0044645331  -0.0593925253  -0.0975378349   0.0157710608  -0.0154576827
        0.6523127960  -0.0257338218   0.0645532380  -0.1536717581  -0.0062531021
        0.0328694293   0.0556462349  -0.0099044324   0.0307937650  -0.0487816122
       -0.0030941346  -0.0024320038  -0.0010375096   0.0007090937  -0.0000961246
        0.0008740165  -0.0000304697  -0.0834473572  -0.0326278739   0.0177343971
        0.0357636345  -0.3214942972   0.0102820440  -0.0003895901  -0.0002838341
        0.0003932729   0.0004198542   0.0003013149  -0.0000700233   0.0002035397
        0.0000355763   0.0001640092   0.0010094964   0.0008558776   0.0007162891
        0.0000015994  -0.0001611600   0.0003037221  -0.0010812601   0.0000481115
       -0.0014459405  -0.0222627101  -0.0169446590   0.0073273455   0.0124020855
        0.0077732399  -0.0033238826   0.0250116442  -0.0212895833  -0.0034908544
       -0.0035631453  -0.0001025383   0.0012774913  -0.0005977586   0.0000177032
       -0.0001309504   0.0001503649   0.0001793880  -0.0000357861  -0.0005377146
        0.0001050782   0.0003381979  -0.0025724255   0.0000864640   0.0009739178
        0.0022962600  -0.0180719406   0.0010160492
       -0.0013937685  -0.0002877099   0.0006295141  -0.0201737043  -0.0105809020
        0.0051078912   0.0241603899   0.0124766701  -0.0635492747  -0.0835039312
       -0.0257338218   0.1581779927   0.0353591177  -0.0203575596  -0.0538503837
        0.0104128364   0.0015658378  -0.0015027338  -0.0008413736  -0.0028959728
       -0.0062288941  -0.0002022630  -0.0000402361   0.0000165578   0.0001055574
        0.0000252616   0.0002034181   0.0011122181   0.0068304215  -0.0000581036
        0.0057651709   0.0259765291  -0.0505017092   0.0003008435   0.0001146427
        0.0000936285   0.0002285794  -0.0005485346  -0.0004543043  -0.0000333710
       -0.0003179724   0.0004535137   0.0008249356  -0.0000807550   0.0002845112
       -0.0002314950   0.0002758749   0.0008615896  -0.0031310480  -0.0016525744
       -0.0040370280   0.0144406383   0.0095084748  -0.0024423831   0.0134526645
        0.0057110914  -0.0021219515  -0.0012608201   0.0010822732   0.0014598670
        0.0022135009   0.0009666683   0.0076972698   0.0000118202   0.0000521536
       -0.0000168331  -0.0000222203   0.0000072810  -0.0000004574  -0.0000702870
       -0.0000888651   0.0000701230   0.0023933999   0.0009927597   0.0080497648
        0.0000826092  -0.0030010360   0.0016584148
        0.0007160079   0.0003907235   0.0002290588   0.0001415907   0.0009888802
        0.0018459336  -0.0332158256   0.0085582166   0.0051103503  -0.2509349010
        0.0645532380   0.0353591177   0.6503067778   0.0086908759  -0.1036367928
       -0.2810845011  -0.0670907130   0.0492907350   0.0255569150  -0.0822383396
        0.0000335341  -0.0008898929   0.0017879252   0.0011574857  -0.0009214600
        0.0005243278   0.0003664326  -0.0614691812   0.0007948488   0.0108664197
        0.0269828446   0.0780857705  -0.0098540033   0.0006119896  -0.0004149109
       -0.0000694718  -0.0004260356   0.0002149210   0.0000169797   0.0001110470
        0.0001213204   0.0000339299  -0.0007917886  -0.0000961132  -0.0009256931
        0.0002548182   0.0000955777   0.0005204864   0.0000887264  -0.0001231907
       -0.0001828284   0.0006106693   0.0018301560  -0.0010012594  -0.0040007988
       -0.0014861489   0.0011204108  -0.0433500907  -0.0053089051   0.0024129432
       -0.0268135734  -0.0099710181   0.0060175313  -0.0006616516  -0.0001321968
        0.0002332932   0.0002006464   0.0000192558  -0.0000247303  -0.0008329470
       -0.0002305352   0.0000232307  -0.0007424869   0.0002472017  -0.0000581685
        0.0005531016   0.0001888324   0.0011150747
       -0.0002923262  -0.0001163289  -0.0000289147  -0.0014797729  -0.0003249261
       -0.0000453815  -0.0096865333   0.0066923717   0.0024614948   0.1390598888
       -0.1536717581  -0.0203575596   0.0086908759   0.6695512794  -0.0337638250
       -0.1415387658  -0.1480062736   0.0329758033  -0.0263181573  -0.0297006900
        0.0065015713   0.0004270485  -0.0063403912   0.0007124829   0.0001955469
        0.0008409169  -0.0000535818   0.0033256624   0.0029025809  -0.0009195100
        0.0236522438  -0.0416974884  -0.0019511828   0.0002730393   0.0003298584
        0.0000630244   0.0001904935  -0.0002848724  -0.0001686478  -0.0000268485
        0.0000631703   0.0000394422   0.0005354866  -0.0000295526   0.0004266815
       -0.0002130320   0.0001176571  -0.0003379253  -0.0003480525  -0.0001369571
       -0.0004121323  -0.0018044714   0.0006594453   0.0001310087  -0.0024657928
       -0.0010572533   0.0005036308  -0.0050651958  -0.3015745720   0.0162238879
        0.0134340769   0.0064061647  -0.0028371930  -0.0000526856  -0.0001073903
       -0.0001995182   0.0000759294   0.0001931626  -0.0000464136  -0.0000332038
       -0.0001427612   0.0002385503  -0.0000603286   0.0009359477  -0.0000238333
       -0.0004751254  -0.0055013396   0.0008680407
       -0.0002858352  -0.0001157285   0.0001889309  -0.0003293746  -0.0007184569
       -0.0003506121   0.0069349384  -0.0011935269  -0.0014838262   0.0300741731
       -0.0062531021  -0.0538503837  -0.1036367928  -0.0337638250   0.1336409776
        0.0543418242   0.0193318470  -0.0524810560  -0.0039283198   0.0170061271
       -0.0032222187   0.0014752378   0.0005092273   0.0062001584   0.0003293330
       -0.0000876264   0.0007132426   0.0108884944  -0.0006235155  -0.0056774181
       -0.0065352723  -0.0120376594   0.0044051302  -0.0000286469  -0.0000694629
        0.0002687293  -0.0000654403   0.0000799422  -0.0003157988  -0.0000292779
        0.0000088975   0.0000607970   0.0001974115  -0.0000767935   0.0001414107
        0.0001062990   0.0001159358   0.0001349356  -0.0001552172   0.0000844815
        0.0000057369   0.0000869990  -0.0007882342   0.0005149631   0.0021090733
        0.0004828256   0.0001843140   0.0025716656   0.0157676445  -0.0342350758
        0.0043349908   0.0015093922  -0.0009934020   0.0005248907   0.0003204036
       -0.0003069891  -0.0000506008  -0.0000201483  -0.0000622075  -0.0002863439
       -0.0002716656  -0.0001084769   0.0001292692  -0.0001005605  -0.0001016286
        0.0012265216   0.0009035814   0.0067297674
       -0.0000440553  -0.0002293474  -0.0000972486  -0.0002864501  -0.0000538082
       -0.0003153324  -0.0024597932   0.0032965053   0.0022297658  -0.0664566504
        0.0328694293   0.0104128364  -0.2810845011  -0.1415387658   0.0543418242
        0.6713551733  -0.0054896949  -0.1067686558  -0.0933486893   0.0404404189
        0.0053201991  -0.0106855632  -0.0359026724   0.0051383406   0.0014526271
       -0.0040193117  -0.0003796755   0.0276596457   0.0232269479  -0.0064303060
       -0.0148829947  -0.0316933982   0.0041183844  -0.0001725980   0.0002235715
       -0.0000250469   0.0001557272  -0.0001241333   0.0000663112  -0.0000282358
       -0.0000111434   0.0000089968  -0.0000211353   0.0002176971   0.0002604869
       -0.0000880631  -0.0000792547  -0.0001944459   0.0000825034   0.0000442811
       -0.0000956041   0.0001395992  -0.0000948490   0.0000381213  -0.0011811445
       -0.0007476740   0.0000075897  -0.0023184724  -0.0029703017   0.0006411681
       -0.2247228401   0.1207058033   0.0296884059   0.0000229234  -0.0002495175
       -0.0003039013   0.0001355688  -0.0002779630   0.0000928777   0.0001664030
       -0.0000095571   0.0003701834  -0.0038375961   0.0031341106   0.0018748987
        0.0004486116  -0.0006673728  -0.0000001739
       -0.0005476834  -0.0000295678  -0.0001184222  -0.0002820423  -0.0005945462
       -0.0003339687   0.0040634059  -0.0002236196   0.0001065736  -0.0256687559
        0.0556462349   0.0015658378  -0.0670907130  -0.1480062736   0.0193318470
       -0.0054896949   0.6366336426  -0.0310437216  -0.0348805743  -0.2939939552
        0.0208830687  -0.0146679236  -0.0272573051   0.0050302290   0.0001097619
       -0.0009207767  -0.0001031831   0.0715497400  -0.0352697192  -0.0112845528
       -0.0265318183  -0.0437001047   0.0078015224  -0.0003788954   0.0003393613
        0.0001562168   0.0002434747  -0.0004459164  -0.0000299509   0.0000665236
       -0.0000273013   0.0001060281   0.0004885945   0.0000838178   0.0005014645
        0.0000585735  -0.0000631260  -0.0001049976   0.0000207978  -0.0000375809
       -0.0001237782   0.0000115004  -0.0004504206   0.0000343024   0.0004757337
       -0.0001208097  -0.0004567400  -0.0263128576  -0.0180493174   0.0057756173
        0.1213645065  -0.1219213870  -0.0178085643   0.0000460711   0.0002998793
        0.0007032395   0.0009695693  -0.0005724574  -0.0001118372  -0.0001950674
        0.0003065248  -0.0006642110   0.0028257214  -0.0013403922   0.0001400258
       -0.0002479484  -0.0002848835   0.0000479546
        0.0001120552   0.0000594445   0.0000565321   0.0014500120   0.0006777840
       -0.0000706210   0.0009825505   0.0002290715   0.0060868773   0.0142958203
       -0.0099044324  -0.0015027338   0.0492907350   0.0329758033  -0.0524810560
       -0.1067686558  -0.0310437216   0.1293826721   0.0105906445   0.0075924627
       -0.0532286807   0.0031328961   0.0084750635   0.0030745447  -0.0005635493
        0.0006058394  -0.0017390609  -0.0094881589  -0.0021053228   0.0029878369
        0.0038927403   0.0085097290  -0.0047387005   0.0001308444  -0.0001109977
        0.0002196045  -0.0000809503   0.0001258947  -0.0002467393   0.0000296328
        0.0001072016  -0.0000901292   0.0000329815  -0.0000103203  -0.0001371628
        0.0001142724   0.0000235353  -0.0001580464   0.0001672508   0.0001458199
        0.0001640858  -0.0002918506  -0.0004690848   0.0000405451  -0.0005255027
       -0.0002747400   0.0000824186   0.0019429696   0.0015943983  -0.0002475682
        0.0297814850  -0.0175455675  -0.0350186758  -0.0000620458  -0.0005221031
        0.0002868486  -0.0000006694   0.0001288095   0.0005133469   0.0000914755
        0.0006191194   0.0001674085   0.0018665031  -0.0000207935   0.0067635011
       -0.0001234863   0.0001371071  -0.0001670476
        0.0004709332  -0.0003446651   0.0004040440   0.0004211381   0.0004210235
       -0.0003665323  -0.0008806420  -0.0002273922  -0.0000592432  -0.0119007527
        0.0307937650  -0.0008413736   0.0255569150  -0.0263181573  -0.0039283198
       -0.0933486893  -0.0348805743   0.0105906445   0.5701943928  -0.0446169017
       -0.0791491796  -0.1483231417  -0.0459072667   0.0223955495  -0.0425069203
       -0.0092775606   0.0084566140  -0.2274406786   0.1326070511   0.0255521387
       -0.0634902750  -0.0277407241   0.0132429585   0.0014012717  -0.0009846780
       -0.0001411281  -0.0006056822   0.0005341691   0.0000480883  -0.0001008627
        0.0000122439  -0.0001147371  -0.0005879963  -0.0000311230  -0.0007252289
       -0.0001626402  -0.0000921103  -0.0000069734   0.0003653044   0.0001661140
        0.0003008295   0.0003435116   0.0004366622  -0.0000370191   0.0001503058
        0.0001226629  -0.0001193460  -0.0036512086  -0.0026613434   0.0024738058
       -0.0012222234   0.0276368753  -0.0012005495   0.0020401027  -0.0011100422
        0.0013607025  -0.0053865081   0.0027518596   0.0009281550   0.0019913435
       -0.0012871355  -0.0018936169   0.0003894199   0.0019282032   0.0004168983
       -0.0037164176  -0.0019309552   0.0024128189
        0.0008771944  -0.0001964703   0.0003012390   0.0002442578   0.0005830523
       -0.0000675458  -0.0002598115  -0.0010130391  -0.0002225660   0.0301359712
       -0.0487816122  -0.0028959728  -0.0822383396  -0.0297006900   0.0170061271
        0.0404404189  -0.2939939552   0.0075924627  -0.0446169017   0.6297238891
       -0.0223008013  -0.0724646343  -0.1371386558   0.0196737285   0.0070492973
        0.0168637779  -0.0024136852   0.0630701777  -0.1551061768  -0.0050369059
        0.0268635517   0.0577559464  -0.0089707832   0.0007886935  -0.0010083312
        0.0000171040  -0.0006789829   0.0004885911   0.0000319137  -0.0000538181
        0.0000089518  -0.0001259970  -0.0006702022  -0.0000886229  -0.0008181236
       -0.0000018645  -0.0000052419   0.0002226475   0.0001707831   0.0000305646
        0.0002150357  -0.0000255261   0.0002785807  -0.0002323928   0.0001686067
        0.0004574559   0.0000975510  -0.0016887230   0.0006185976   0.0009003548
        0.0043581888  -0.0178630017   0.0003682578   0.0016956423   0.0003070540
        0.0005343091   0.0025346192  -0.0017478117  -0.0003532453   0.0015258513
        0.0001613494  -0.0012183691   0.0260688554  -0.0202849396  -0.0034745073
       -0.0032933054  -0.0003492624   0.0011701643
        0.0000066898   0.0002003262  -0.0002992120   0.0000213322  -0.0001305418
        0.0000688571   0.0003482375   0.0001283163   0.0003260844  -0.0011595050
       -0.0030941346  -0.0062288941   0.0000335341   0.0065015713  -0.0032222187
        0.0053201991   0.0208830687  -0.0532286807  -0.0791491796  -0.0223008013
        0.1524430497   0.0253068480   0.0151699627  -0.0482297351   0.0068614190
        0.0004990318  -0.0040436277   0.0290479502  -0.0182888456  -0.0560182648
        0.0098802163   0.0015972407  -0.0033644954  -0.0002080977   0.0002034596
       -0.0002630862  -0.0000657261  -0.0000715646   0.0001756884  -0.0000370855
        0.0000535612  -0.0000403961   0.0000158988  -0.0000405767   0.0001323862
        0.0000267948   0.0000439403  -0.0001596901  -0.0000586668  -0.0000000603
       -0.0001751371   0.0000187157  -0.0002037459  -0.0001071022  -0.0000095440
       -0.0000119832  -0.0000099041   0.0023497222   0.0008193702   0.0079511404
        0.0002099454  -0.0040920228   0.0013629661  -0.0018862396  -0.0001335953
        0.0007190120   0.0009000633  -0.0003414328   0.0004335343   0.0011311102
        0.0006188258   0.0008037531  -0.0012637544   0.0010983702   0.0027751987
        0.0023591220   0.0008922600   0.0081987740
       -0.0006785700   0.0002422760  -0.0004713200  -0.0003185885  -0.0004880528
        0.0004306298   0.0003659448   0.0001847810   0.0000373400   0.0004163444
       -0.0024320038  -0.0002022630  -0.0008898929   0.0004270485   0.0014752378
       -0.0106855632  -0.0146679236   0.0031328961  -0.1483231417  -0.0724646343
        0.0253068480   0.4177966401  -0.0330928165  -0.0621299632  -0.1505769093
        0.0826417068   0.0124633749  -0.0466423011  -0.0138591032   0.0095640216
       -0.0005298887   0.0058870400   0.0007666262  -0.0018826574   0.0011402028
        0.0000795209   0.0008533696  -0.0006511529  -0.0000047981   0.0000914102
       -0.0000828170   0.0001589879   0.0004073955   0.0000012938   0.0009685225
        0.0002191312   0.0000323924  -0.0000371273  -0.0002212539  -0.0001850919
       -0.0002826532  -0.0000741953  -0.0003535941   0.0000094036   0.0001152245
       -0.0003286535  -0.0000594012  -0.0003593593  -0.0003717471   0.0000088236
       -0.0008018618  -0.0000392272  -0.0001443380  -0.0215863841   0.0211661547
       -0.0067629641  -0.0294964222   0.0130971523   0.0048075733  -0.0092835093
        0.0163135358   0.0115604573   0.0015491502  -0.0008043033  -0.0007630276
        0.0005358884  -0.0013124628   0.0000875924
       -0.0003667027   0.0005064172  -0.0002384003  -0.0000890685  -0.0003141493
        0.0002167296   0.0001138389   0.0002951216   0.0000984701  -0.0001820071
       -0.0010375096  -0.0000402361   0.0017879252  -0.0063403912   0.0005092273
       -0.0359026724  -0.0272573051   0.0084750635  -0.0459072667  -0.1371386558
        0.0151699627  -0.0330928165   0.3280025413  -0.0103140918   0.0640209767
       -0.1400938071  -0.0060114680   0.0056746646   0.0120419057  -0.0021417584
        0.0049740644  -0.0005702068  -0.0004963251  -0.0003440303   0.0010928454
       -0.0000842460   0.0002931017  -0.0004701689  -0.0001135259   0.0000234818
        0.0000181257   0.0000509142   0.0002676764  -0.0001670150   0.0004538970
       -0.0000004971   0.0001352402   0.0001063716  -0.0002688271   0.0000723677
       -0.0001157004  -0.0000913091   0.0000090985  -0.0000112847  -0.0000759957
       -0.0000534136   0.0000053334  -0.0017543226  -0.0012010080   0.0004058085
        0.0004641210   0.0021781469  -0.0002426532   0.0262828042  -0.0200286986
        0.0028824907  -0.0136317678   0.0122395799   0.0017566390   0.0270129638
       -0.0231405547  -0.0098853751  -0.0005342903   0.0010829114  -0.0001879637
        0.0013259552   0.0001385822  -0.0002478788
        0.0001719440  -0.0001021680   0.0003217439  -0.0001449868   0.0000185501
       -0.0000893089  -0.0003908974  -0.0002087236  -0.0010410964   0.0001291112
        0.0007090937   0.0000165578   0.0011574857   0.0007124829   0.0062001584
        0.0051383406   0.0050302290   0.0030745447   0.0223955495   0.0196737285
       -0.0482297351  -0.0621299632  -0.0103140918   0.0867680945   0.0145786935
       -0.0096601389  -0.0527970643   0.0092143285   0.0019695798   0.0008013324
        0.0006965870  -0.0007901415   0.0048897744   0.0004699434  -0.0000783782
       -0.0000895072  -0.0002496960  -0.0001671997   0.0000888358  -0.0000704131
       -0.0002492675   0.0001238254  -0.0000984839  -0.0001799534  -0.0002687055
       -0.0000434668  -0.0000614472   0.0003349816   0.0000222193  -0.0000306763
        0.0003686770   0.0001514764   0.0003718457   0.0001834524   0.0001176047
        0.0002513430   0.0001129873   0.0002025534   0.0002143025  -0.0000306657
       -0.0002013285  -0.0002172122  -0.0015557574  -0.0211477822   0.0150750994
        0.0068721444   0.0064948736  -0.0032335113  -0.0006888775   0.0245030083
       -0.0189373190  -0.0024057016  -0.0007994341  -0.0000966735  -0.0029309769
       -0.0001672672   0.0003006475  -0.0000297135
        0.0001694505  -0.0000216186   0.0000939391   0.0000816645   0.0001200243
       -0.0001075426  -0.0001954200  -0.0000429949  -0.0000780299  -0.0000492206
       -0.0000961246   0.0001055574  -0.0009214600   0.0001955469   0.0003293330
        0.0014526271   0.0001097619  -0.0005635493  -0.0425069203   0.0070492973
        0.0068614190  -0.1505769093   0.0640209767   0.0145786935   0.4596369046
        0.0571988767   0.0046222375  -0.0030662506  -0.0030513194   0.0010845054
       -0.0021316003   0.0010019937   0.0005767622   0.0003180910  -0.0001206500
       -0.0000121329  -0.0001317733   0.0001498183  -0.0000276148  -0.0000809030
       -0.0000091779  -0.0000465438  -0.0001557168  -0.0000209708  -0.0001508303
       -0.0000356678  -0.0000105687   0.0000279270   0.0000562617   0.0000352641
        0.0000681225   0.0000465687   0.0001074805  -0.0000182626   0.0000052173
        0.0000482666   0.0000245678   0.0000588429   0.0002535553   0.0000018569
       -0.0020643773  -0.0003363241   0.0004160613  -0.0440166155   0.0136479985
       -0.0310961048  -0.1709830233  -0.1156881609   0.0309273357  -0.0442558812
       -0.0241955081  -0.0277479929  -0.0000412703  -0.0002137862   0.0000557427
       -0.0006126187  -0.0001316567   0.0000745428
       -0.0000338967   0.0000342334  -0.0001341229  -0.0000252406  -0.0000446371
        0.0000651191  -0.0001131305  -0.0000513532   0.0000330235  -0.0005780362
        0.0008740165   0.0000252616   0.0005243278   0.0008409169  -0.0000876264
       -0.0040193117  -0.0009207767   0.0006058394  -0.0092775606   0.0168637779
        0.0004990318   0.0826417068  -0.1400938071  -0.0096601389   0.0571988767
        0.4835884959  -0.0101235516  -0.0014655508  -0.0017073079   0.0004511011
       -0.0009385370  -0.0004783607   0.0002936749  -0.0001216489   0.0001677545
       -0.0000742143  -0.0000853264  -0.0001240383   0.0001214359   0.0000178074
        0.0000353759   0.0000428613   0.0000565549   0.0000131324   0.0001492506
       -0.0000219383   0.0000239799  -0.0000260166  -0.0000923418   0.0000152859
       -0.0000320669  -0.0000211828  -0.0000551742   0.0000097627  -0.0000048117
       -0.0000148908  -0.0000309700   0.0000374538  -0.0000703021  -0.0000193486
       -0.0027237434  -0.0013906425   0.0005831365   0.0134217885  -0.0960225033
        0.0957813367  -0.1101787698  -0.1396478982   0.0267162114  -0.0243280896
       -0.1217035956  -0.1051699938   0.0000165239   0.0000800095  -0.0000066208
        0.0001140769  -0.0002116911  -0.0000123756
        0.0001002016   0.0000758391  -0.0000609672  -0.0001012553  -0.0001016790
        0.0000080024  -0.0001592227  -0.0000848958  -0.0004270617   0.0001293437
       -0.0000304697   0.0002034181   0.0003664326  -0.0000535818   0.0007132426
       -0.0003796755  -0.0001031831  -0.0017390609   0.0084566140  -0.0024136852
       -0.0040436277   0.0124633749  -0.0060114680  -0.0527970643   0.0046222375
       -0.0101235516   0.5011355195   0.0009937047   0.0007590082   0.0013306662
        0.0007188475  -0.0000496015   0.0011496738   0.0001035591  -0.0000049694
        0.0000444235  -0.0002023991   0.0000276286   0.0000683520  -0.0001036743
        0.0000729005   0.0000329454  -0.0001260134   0.0000555417   0.0000450688
        0.0000090314   0.0000213181  -0.0000699208  -0.0000175971  -0.0000020778
       -0.0000750905   0.0001102674  -0.0000142717  -0.0000913432   0.0001122242
       -0.0000626240  -0.0000099080  -0.0000206588  -0.0000748391  -0.0000054945
        0.0005588876   0.0001241070  -0.0001856974  -0.0294381516   0.0958951113
       -0.2097776641   0.0305850290   0.0276618298  -0.0525969172  -0.0288748841
       -0.1055925136  -0.1828515304   0.0000207922   0.0000378895   0.0002030895
        0.0000729845  -0.0000077626  -0.0002030540
        0.0002356314   0.0005454392  -0.0000183044  -0.0006363114  -0.0002863230
       -0.0000048091   0.0021940167   0.0004092230   0.0013951314   0.0224854748
       -0.0834473572   0.0011122181  -0.0614691812   0.0033256624   0.0108884944
        0.0276596457   0.0715497400  -0.0094881589  -0.2274406786   0.0630701777
        0.0290479502  -0.0466423011   0.0056746646   0.0092143285  -0.0030662506
       -0.0014655508   0.0009937047   0.6432053735   0.0248751491  -0.1016436544
       -0.2875504607  -0.0681797954   0.0504027429  -0.0006729733   0.0002647756
       -0.0000831511   0.0001618147  -0.0000783878   0.0000286496   0.0001183839
        0.0000806269   0.0000287839  -0.0005110856  -0.0004900798  -0.0002851786
        0.0000345986   0.0001654700   0.0002120179  -0.0000960886   0.0000340442
       -0.0001186168  -0.0006738023  -0.0003230455  -0.0003435053  -0.0000015778
        0.0003270467  -0.0000431385  -0.0004994201   0.0000912200   0.0000683085
        0.0008964452  -0.0006117107   0.0012276428  -0.0009895960   0.0000437333
       -0.0002172452  -0.0006563725   0.0009966154   0.0001147771  -0.0009068616
        0.0001640155   0.0006422875  -0.0424996872  -0.0059297847   0.0017010485
       -0.0226787360  -0.0108055690   0.0051676766
        0.0003559250   0.0001995133   0.0000936137  -0.0001115117  -0.0004790969
        0.0001750960   0.0000059939  -0.0054082738   0.0009514996  -0.0269477166
       -0.0326278739   0.0068304215   0.0007948488   0.0029025809  -0.0006235155
        0.0232269479  -0.0352697192  -0.0021053228   0.1326070511  -0.1551061768
       -0.0182888456  -0.0138591032   0.0120419057   0.0019695798  -0.0030513194
       -0.0017073079   0.0007590082   0.0248751491   0.6752680739  -0.0405193872
       -0.1409093122  -0.1509410799   0.0334949396   0.0009899924  -0.0004961749
        0.0000632188  -0.0003953016   0.0001591833  -0.0000577304  -0.0000114603
        0.0000266492  -0.0000273598  -0.0004349403  -0.0001944412  -0.0004286734
       -0.0000121412   0.0000008437   0.0001127733   0.0000127144  -0.0000148430
       -0.0001189411  -0.0010764545  -0.0008239890   0.0002261655   0.0002154416
       -0.0000621927  -0.0000378374  -0.0000832751   0.0009627150  -0.0000411725
        0.0002739686  -0.0064227442   0.0007061559   0.0002181842  -0.0000549745
       -0.0000110231  -0.0009154953   0.0005131368   0.0001584552   0.0001828450
       -0.0000383914  -0.0000285961  -0.0061654743  -0.3093399142   0.0189855222
        0.0102144436   0.0069125918  -0.0022380444
       -0.0002065506  -0.0000254979  -0.0002698364   0.0013983705   0.0012023844
       -0.0003947619   0.0009942171   0.0000301856   0.0064495558  -0.0026488671
        0.0177343971  -0.0000581036   0.0108664197  -0.0009195100  -0.0056774181
       -0.0064303060  -0.0112845528   0.0029878369   0.0255521387  -0.0050369059
       -0.0560182648   0.0095640216  -0.0021417584   0.0008013324   0.0010845054
        0.0004511011   0.0013306662  -0.1016436544  -0.0405193872   0.1333526826
        0.0546479408   0.0197531178  -0.0538543149  -0.0000302143   0.0001410785
        0.0000059117   0.0000872131  -0.0001876273   0.0001114168  -0.0000137934
       -0.0000232913  -0.0000900981   0.0002525245   0.0002116003   0.0000863344
        0.0000279723   0.0000285090  -0.0001055038   0.0002409887   0.0000811973
        0.0003032903  -0.0006853960  -0.0005581031   0.0001336222  -0.0003138376
        0.0000228515   0.0000828123   0.0000612702  -0.0001118530  -0.0003333153
        0.0011659996   0.0008969124   0.0065904065   0.0004060005  -0.0001227498
        0.0000519319   0.0002107235  -0.0001982005   0.0002867865  -0.0000612353
        0.0001342187  -0.0000344787   0.0019972828   0.0189768929  -0.0355635733
        0.0034762657   0.0014649904  -0.0001749175
       -0.0007268018  -0.0000448086  -0.0001379166  -0.0008913030  -0.0012063058
        0.0005160835  -0.0053339045  -0.0266833552   0.0034065240  -0.0897065441
        0.0357636345   0.0057651709   0.0269828446   0.0236522438  -0.0065352723
       -0.0148829947  -0.0265318183   0.0038927403  -0.0634902750   0.0268635517
        0.0098802163  -0.0005298887   0.0049740644   0.0006965870  -0.0021316003
       -0.0009385370   0.0007188475  -0.2875504607  -0.1409093122   0.0546479408
        0.6798438092  -0.0106717058  -0.1017473863  -0.0018698907   0.0009367248
        0.0002444545  -0.0001759857  -0.0005921388  -0.0001848269   0.0000003420
       -0.0001209504   0.0001631463   0.0007384302   0.0002755243   0.0000417048
       -0.0001528607   0.0000639482  -0.0000998516  -0.0001238038   0.0001125548
       -0.0004354440  -0.0033261807  -0.0026849166   0.0009613101   0.0005848281
       -0.0019239561  -0.0005683998  -0.0040903813   0.0040783708   0.0019288959
        0.0004375327  -0.0007490106  -0.0000938554   0.0005498404  -0.0001668011
        0.0002518027  -0.0003833833   0.0000485981   0.0000985943   0.0003488598
       -0.0001909512  -0.0003894793  -0.0015080318  -0.0029750458   0.0007998542
       -0.2326121963   0.1196203980   0.0261785590
        0.0002596866  -0.0003318175  -0.0001033671   0.0012294766   0.0003302482
        0.0014932803  -0.0092484405  -0.0203946214   0.0020090370  -0.0376872998
       -0.3214942972   0.0259765291   0.0780857705  -0.0416974884  -0.0120376594
       -0.0316933982  -0.0437001047   0.0085097290  -0.0277407241   0.0577559464
        0.0015972407   0.0058870400  -0.0005702068  -0.0007901415   0.0010019937
       -0.0004783607  -0.0000496015  -0.0681797954  -0.1509410799   0.0197531178
       -0.0106717058   0.6573321901  -0.0357472463   0.0003436013  -0.0002472985
        0.0002082200   0.0002995963   0.0002614854   0.0001176609   0.0000233902
       -0.0000139587   0.0000654169  -0.0010214945   0.0004363271  -0.0004528677
       -0.0001323462  -0.0002205576  -0.0002486773   0.0002887093   0.0001126059
       -0.0000500847  -0.0014044596  -0.0009071524   0.0003404634   0.0016888108
        0.0007180689  -0.0007863532   0.0033200317  -0.0016263739  -0.0002133692
       -0.0004406063  -0.0002090469  -0.0000399895   0.0005401177  -0.0000192725
        0.0001556909   0.0001768450  -0.0002902538  -0.0000114463   0.0004384476
       -0.0000542393  -0.0003244417  -0.0253435424  -0.0169158222   0.0060678778
        0.1199802954  -0.1168349195  -0.0154390186
       -0.0014013011  -0.0008990583  -0.0001536166  -0.0009039515   0.0009576750
       -0.0010710419   0.0030442799   0.0060100807  -0.0003311920   0.0096064951
        0.0102820440  -0.0505017092  -0.0098540033  -0.0019511828   0.0044051302
        0.0041183844   0.0078015224  -0.0047387005   0.0132429585  -0.0089707832
       -0.0033644954   0.0007666262  -0.0004963251   0.0048897744   0.0005767622
        0.0002936749   0.0011496738   0.0504027429   0.0334949396  -0.0538543149
       -0.1017473863  -0.0357472463   0.1345280386  -0.0005308564   0.0004545454
        0.0010368869   0.0007922459  -0.0002536593   0.0001039109   0.0000229817
       -0.0000997951   0.0001044777   0.0008159437   0.0007684686   0.0008140067
        0.0000611174  -0.0000018417   0.0001006986  -0.0000791573   0.0000066139
        0.0001648929   0.0016119031   0.0015105363  -0.0001913751  -0.0005285670
        0.0004775298   0.0002612934   0.0020412544  -0.0002558021   0.0070563716
       -0.0001240277   0.0001407668  -0.0003888711   0.0001044762  -0.0000612100
       -0.0001483120   0.0000491102   0.0000024020  -0.0000049094  -0.0003492404
        0.0001562814   0.0000811675   0.0018979386   0.0016802703  -0.0003883154
        0.0263632706  -0.0153004472  -0.0395594695
        0.0001966623   0.0026416730   0.0017926168  -0.0002833898  -0.0004046515
       -0.0000135963  -0.0000090483   0.0001761945  -0.0002913150  -0.0010803473
       -0.0003895901   0.0003008435   0.0006119896   0.0002730393  -0.0000286469
       -0.0001725980  -0.0003788954   0.0001308444   0.0014012717   0.0007886935
       -0.0002080977  -0.0018826574  -0.0003440303   0.0004699434   0.0003180910
       -0.0001216489   0.0001035591  -0.0006729733   0.0009899924  -0.0000302143
       -0.0018698907   0.0003436013  -0.0005308564   0.0074578283   0.0000718211
        0.0008344091  -0.0036602907  -0.0042924957  -0.0031222048  -0.0005319613
        0.0001272792   0.0000634355   0.0000670444  -0.0004969888  -0.0008481711
        0.0000807301  -0.0000189006  -0.0000580269   0.0002807860   0.0000670489
        0.0000784646  -0.0000432162   0.0002498342  -0.0000208736  -0.0006951583
       -0.0005679974   0.0003483607  -0.0001055875   0.0004005697   0.0000499075
       -0.0001235397   0.0002609839   0.0001211798  -0.0000383453   0.0002624028
        0.0001264061  -0.0001159324   0.0002213784   0.0001847956   0.0000264018
        0.0002326734   0.0001477153  -0.0000068901   0.0000959773  -0.0000085078
        0.0008510213  -0.0001879643   0.0004080293
        0.0048622997  -0.0083628105  -0.0058280146   0.0000400049   0.0010937318
       -0.0007230832   0.0004027564  -0.0000181824   0.0002454623  -0.0005326495
       -0.0002838341   0.0001146427  -0.0004149109   0.0003298584  -0.0000694629
        0.0002235715   0.0003393613  -0.0001109977  -0.0009846780  -0.0010083312
        0.0002034596   0.0011402028   0.0010928454  -0.0000783782  -0.0001206500
        0.0001677545  -0.0000049694   0.0002647756  -0.0004961749   0.0001410785
        0.0009367248  -0.0002472985   0.0004545454   0.0000718211  -0.0012223531
       -0.0048882355  -0.0063884062   0.0110020212   0.0116284278   0.0004251314
       -0.0001408859   0.0006707590  -0.0009514524  -0.0005413937   0.0004067680
        0.0003047884  -0.0004107158  -0.0003398241   0.0001610915   0.0004728533
       -0.0000859435   0.0002137052  -0.0004368883  -0.0002424506  -0.0002383761
        0.0002750297  -0.0011769657   0.0000260472  -0.0000708306  -0.0002303097
        0.0001066365   0.0000522374  -0.0001562444  -0.0000409425  -0.0000483315
       -0.0000145366   0.0000258889   0.0001950919   0.0000538948  -0.0000641264
        0.0001247138  -0.0000028762   0.0003199417   0.0002187458   0.0001756036
        0.0002108046  -0.0020762136  -0.0001423494
        0.0039083387  -0.0079153831  -0.0029762584  -0.0001689653   0.0013155687
       -0.0018540109   0.0002455066  -0.0002073438   0.0002199610  -0.0001597433
        0.0003932729   0.0000936285  -0.0000694718   0.0000630244   0.0002687293
       -0.0000250469   0.0001562168   0.0002196045  -0.0001411281   0.0000171040
       -0.0002630862   0.0000795209  -0.0000842460  -0.0000895072  -0.0000121329
       -0.0000742143   0.0000444235  -0.0000831511   0.0000632188   0.0000059117
        0.0002444545   0.0002082200   0.0010368869   0.0008344091  -0.0048882355
       -0.0002579530  -0.0048886612   0.0123150164   0.0040414670   0.0005058102
       -0.0000491864   0.0003806126  -0.0009764064  -0.0001837239  -0.0001225305
        0.0001378451  -0.0004597623   0.0007064416  -0.0000276326  -0.0000373894
        0.0002371956  -0.0000359192   0.0001844668   0.0003238249  -0.0000126509
       -0.0004055356  -0.0002532538  -0.0000552644   0.0000963196   0.0002085286
       -0.0000108269  -0.0000123102   0.0001456402  -0.0000048925   0.0000367413
        0.0000590738   0.0000322671  -0.0000921745   0.0000595772   0.0000249276
       -0.0001110702   0.0000538699  -0.0000189055   0.0000094565  -0.0004342577
        0.0006777193  -0.0003380510  -0.0018545193
       -0.0959999356   0.0888887119   0.0595565150  -0.0010838917   0.0058696244
       -0.0013947251   0.0003399433   0.0000251581   0.0007438470  -0.0004674998
        0.0004198542   0.0002285794  -0.0004260356   0.0001904935  -0.0000654403
        0.0001557272   0.0002434747  -0.0000809503  -0.0006056822  -0.0006789829
       -0.0000657261   0.0008533696   0.0002931017  -0.0002496960  -0.0001317733
       -0.0000853264  -0.0002023991   0.0001618147  -0.0003953016   0.0000872131
       -0.0001759857   0.0002995963   0.0007922459  -0.0036602907  -0.0063884062
       -0.0048886612   0.1048079543  -0.0922482983  -0.0610721079   0.0090914310
       -0.0106259943  -0.0068900194  -0.0152675779   0.0168285952   0.0153782784
        0.0007506644   0.0005102521  -0.0002178170   0.0000691849  -0.0007509237
        0.0001680791   0.0002091283  -0.0002893506   0.0000847518   0.0004260892
        0.0000436044  -0.0003324684  -0.0000285085  -0.0001337528  -0.0000997965
        0.0000411249  -0.0001666811  -0.0001622239   0.0000412421  -0.0002480233
       -0.0001780155   0.0000924798  -0.0001956296  -0.0002308546  -0.0000433636
       -0.0001881203  -0.0001663752   0.0002319766  -0.0000169594  -0.0000318485
        0.0006184144  -0.0012007160  -0.0007103845
        0.0871518224  -0.1809844995  -0.0953606835   0.0095454879  -0.0194233537
       -0.0029788606  -0.0005345924   0.0009050007  -0.0001162885   0.0009335990
        0.0003013149  -0.0005485346   0.0002149210  -0.0002848724   0.0000799422
       -0.0001241333  -0.0004459164   0.0001258947   0.0005341691   0.0004885911
       -0.0000715646  -0.0006511529  -0.0004701689  -0.0001671997   0.0001498183
       -0.0001240383   0.0000276286  -0.0000783878   0.0001591833  -0.0001876273
       -0.0005921388   0.0002614854  -0.0002536593  -0.0042924957   0.0110020212
        0.0123150164  -0.0922482983   0.1847003911   0.0900971883   0.0012497113
       -0.0050502890  -0.0090235434   0.0000848794   0.0097990777   0.0028683202
       -0.0000016231  -0.0022695876   0.0024241475   0.0000816280  -0.0003119244
        0.0002098782  -0.0004816543   0.0005903489  -0.0000533561   0.0000632152
        0.0009393470   0.0007172197  -0.0000279111  -0.0000560405   0.0003334739
       -0.0001090330  -0.0000652576   0.0002138362  -0.0000172333  -0.0000008596
        0.0000117823   0.0000301180  -0.0001656550  -0.0000819668   0.0000217226
       -0.0002341525   0.0000133757  -0.0001105156  -0.0001192813  -0.0002771477
       -0.0007919227   0.0008591354  -0.0003172721
        0.0565388683  -0.0916513242  -0.1019125560  -0.0069843751   0.0087887631
        0.0109931853  -0.0000669009   0.0001980821   0.0010236693   0.0000205798
       -0.0000700233  -0.0004543043   0.0000169797  -0.0001686478  -0.0003157988
        0.0000663112  -0.0000299509  -0.0002467393   0.0000480883   0.0000319137
        0.0001756884  -0.0000047981  -0.0001135259   0.0000888358  -0.0000276148
        0.0001214359   0.0000683520   0.0000286496  -0.0000577304   0.0001114168
       -0.0001848269   0.0001176609   0.0001039109  -0.0031222048   0.0116284278
        0.0040414670  -0.0610721079   0.0900971883   0.1061819525   0.0070930310
       -0.0175359598  -0.0131952951   0.0091322927  -0.0054773737  -0.0030509014
       -0.0009737544   0.0043250956  -0.0024251219  -0.0000473081   0.0005674073
        0.0001495054  -0.0001021656  -0.0003181347  -0.0004627300   0.0002309404
       -0.0000469527  -0.0007632545   0.0000941885  -0.0001856141  -0.0003828139
        0.0000347669  -0.0000308534  -0.0002930959   0.0000313362  -0.0000926434
       -0.0002075571  -0.0000148336   0.0000877914   0.0000854009  -0.0000620803
        0.0001899316  -0.0002194619  -0.0000247244  -0.0000331830   0.0005021284
       -0.0006483377  -0.0003417803   0.0004041175
       -0.1335238276  -0.0412618482  -0.1234674720  -0.0019113972   0.0006518060
       -0.0038618182   0.0001405695   0.0007945731  -0.0002897944   0.0002364813
        0.0002035397  -0.0000333710   0.0001110470  -0.0000268485  -0.0000292779
       -0.0000282358   0.0000665236   0.0000296328  -0.0001008627  -0.0000538181
       -0.0000370855   0.0000914102   0.0000234818  -0.0000704131  -0.0000809030
        0.0000178074  -0.0001036743   0.0001183839  -0.0000114603  -0.0000137934
        0.0000003420   0.0000233902   0.0000229817  -0.0005319613   0.0004251314
        0.0005058102   0.0090914310   0.0012497113   0.0070930310   0.1449383121
        0.0490171733   0.1411635274  -0.0191789108  -0.0102848675  -0.0214548733
       -0.0001395413   0.0000543930  -0.0001790185   0.0006507619  -0.0006314616
        0.0010539791   0.0000907645  -0.0002589965  -0.0001095378   0.0000177552
        0.0000545209   0.0001635039  -0.0000230745  -0.0000009084  -0.0000292141
       -0.0000023321  -0.0000200005  -0.0000543088   0.0000162719  -0.0000147208
       -0.0000399451   0.0000006533  -0.0000029701  -0.0001071758  -0.0000107869
       -0.0000038783  -0.0000435781  -0.0000099356   0.0000208628  -0.0000311858
        0.0000375853  -0.0000311359  -0.0000769288
       -0.0434465317  -0.0645573576  -0.0589055089   0.0110929315   0.0055076544
        0.0160912823   0.0008983025  -0.0034827373   0.0031806799  -0.0001414263
        0.0000355763  -0.0003179724   0.0001213204   0.0000631703   0.0000088975
       -0.0000111434  -0.0000273013   0.0001072016   0.0000122439   0.0000089518
        0.0000535612  -0.0000828170   0.0000181257  -0.0002492675  -0.0000091779
        0.0000353759   0.0000729005   0.0000806269   0.0000266492  -0.0000232913
       -0.0001209504  -0.0000139587  -0.0000997951   0.0001272792  -0.0001408859
       -0.0000491864  -0.0106259943  -0.0050502890  -0.0175359598   0.0490171733
        0.0684448577   0.0636255481  -0.0077368316  -0.0013172837  -0.0084608342
        0.0006201871  -0.0004128573   0.0006569659   0.0001054843   0.0002874648
        0.0008571501   0.0004481050   0.0004633614   0.0011792002  -0.0000769353
        0.0000702301  -0.0000514812  -0.0000369048  -0.0000411893   0.0000601740
       -0.0000194287  -0.0000158855  -0.0000012585  -0.0000156665  -0.0000018291
       -0.0000301836   0.0000155599   0.0000095499   0.0000145255  -0.0000138032
       -0.0000254511  -0.0000425784  -0.0000272762  -0.0000058165  -0.0000810389
       -0.0001743270   0.0001218750  -0.0000597305
       -0.1272545341  -0.0581532023  -0.2230081909  -0.0088812798  -0.0014415345
       -0.0149657529  -0.0005266875   0.0041759523  -0.0022642677   0.0004131587
        0.0001640092   0.0004535137   0.0000339299   0.0000394422   0.0000607970
        0.0000089968   0.0001060281  -0.0000901292  -0.0001147371  -0.0001259970
       -0.0000403961   0.0001589879   0.0000509142   0.0001238254  -0.0000465438
        0.0000428613   0.0000329454   0.0000287839  -0.0000273598  -0.0000900981
        0.0001631463   0.0000654169   0.0001044777   0.0000634355   0.0006707590
        0.0003806126  -0.0068900194  -0.0090235434  -0.0131952951   0.1411635274
        0.0636255481   0.2448595104   0.0024760811   0.0007676353   0.0077503699
        0.0000955846  -0.0003876592   0.0003314724  -0.0000513666  -0.0002891382
        0.0001332135  -0.0006232301  -0.0004649426  -0.0008854661  -0.0001382423
        0.0002215907   0.0003222043   0.0000016678  -0.0000477055  -0.0000342149
        0.0000229310  -0.0000183649   0.0000020448   0.0000056351  -0.0000092137
       -0.0000099932   0.0000181597   0.0000037024   0.0000446606  -0.0000090187
       -0.0000124070  -0.0000101686   0.0000019050   0.0000238747   0.0000080652
       -0.0001202714   0.0000433339  -0.0000137402
       -0.2620758468  -0.0853705281   0.0767091248   0.0050129350  -0.0032346144
        0.0025275408  -0.0002192318   0.0004900710  -0.0004560959   0.0016487010
        0.0010094964   0.0008249356  -0.0007917886   0.0005354866   0.0001974115
       -0.0000211353   0.0004885945   0.0000329815  -0.0005879963  -0.0006702022
        0.0000158988   0.0004073955   0.0002676764  -0.0000984839  -0.0001557168
        0.0000565549  -0.0001260134  -0.0005110856  -0.0004349403   0.0002525245
        0.0007384302  -0.0010214945   0.0008159437   0.0000670444  -0.0009514524
       -0.0009764064  -0.0152675779   0.0000848794   0.0091322927  -0.0191789108
       -0.0077368316   0.0024760811   0.2893476320   0.0948566545  -0.0895414654
        0.0007303053   0.0011039888  -0.0003610294   0.0009441863   0.0005925612
       -0.0008495694  -0.0001385242  -0.0000020919  -0.0002539565  -0.0001231239
       -0.0000799303   0.0000882408  -0.0000090481  -0.0000664160  -0.0000552158
       -0.0000048171  -0.0000331683  -0.0001028384  -0.0000004536  -0.0000278157
       -0.0000460175   0.0000186408   0.0000370138  -0.0001127740  -0.0000421515
       -0.0000018795  -0.0000433205  -0.0000294434   0.0000119832  -0.0000492220
        0.0002415810   0.0000964046  -0.0000005675
       -0.0827807580  -0.0771283114   0.0297042832  -0.0186109221  -0.0113130268
        0.0095340461   0.0002116091   0.0003706472  -0.0000807826   0.0004899042
        0.0008558776  -0.0000807550  -0.0000961132  -0.0000295526  -0.0000767935
        0.0002176971   0.0000838178  -0.0000103203  -0.0000311230  -0.0000886229
       -0.0000405767   0.0000012938  -0.0001670150  -0.0001799534  -0.0000209708
        0.0000131324   0.0000555417  -0.0004900798  -0.0001944412   0.0002116003
        0.0002755243   0.0004363271   0.0007684686  -0.0004969888  -0.0005413937
       -0.0001837239   0.0168285952   0.0097990777  -0.0054773737  -0.0102848675
       -0.0013172837   0.0007676353   0.0948566545   0.0835311546  -0.0381006413
       -0.0007396098   0.0000595209   0.0002925193   0.0006442087  -0.0038273734
        0.0035555839  -0.0001852969   0.0002040476  -0.0001187105   0.0000228152
        0.0000960953  -0.0000970417   0.0000227211  -0.0002488046   0.0000990411
       -0.0000131090  -0.0001000270   0.0000272503   0.0000015516  -0.0000508354
       -0.0000120939   0.0000342366  -0.0000781310  -0.0000060007   0.0000116134
       -0.0000824813  -0.0000380409  -0.0000282019  -0.0001477562  -0.0000873888
        0.0001596160  -0.0001346418  -0.0004257729
        0.0817014885   0.0330687523  -0.0762072627   0.0150097988   0.0081894752
       -0.0059517797   0.0004013670   0.0000519265   0.0003945479   0.0001937390
        0.0007162891   0.0002845112  -0.0009256931   0.0004266815   0.0001414107
        0.0002604869   0.0005014645  -0.0001371628  -0.0007252289  -0.0008181236
        0.0001323862   0.0009685225   0.0004538970  -0.0002687055  -0.0001508303
        0.0001492506   0.0000450688  -0.0002851786  -0.0004286734   0.0000863344
        0.0000417048  -0.0004528677   0.0008140067  -0.0008481711   0.0004067680
       -0.0001225305   0.0153782784   0.0028683202  -0.0030509014  -0.0214548733
       -0.0084608342   0.0077503699  -0.0895414654  -0.0381006413   0.0778363622
       -0.0000717997  -0.0007981268   0.0007399464  -0.0008156308   0.0032039049
       -0.0017825063  -0.0000163091  -0.0002780016   0.0001154756   0.0001473762
        0.0001041566  -0.0002188847   0.0000853686  -0.0001190115  -0.0000509575
        0.0001357500  -0.0000534694  -0.0000451262   0.0000035822  -0.0000461707
       -0.0000789342   0.0000545266   0.0000080377  -0.0000357589  -0.0000135300
       -0.0000589953  -0.0000714171   0.0000921391   0.0000626253   0.0000054158
        0.0003745817  -0.0005966341  -0.0003239082
       -0.0027090982   0.0064478792   0.0002832410  -0.1180741113   0.0861698192
        0.0591711757   0.0073725888  -0.0074851066  -0.0057122914   0.0010789717
        0.0000015994  -0.0002314950   0.0002548182  -0.0002130320   0.0001062990
       -0.0000880631   0.0000585735   0.0001142724  -0.0001626402  -0.0000018645
        0.0000267948   0.0002191312  -0.0000004971  -0.0000434668  -0.0000356678
       -0.0000219383   0.0000090314   0.0000345986  -0.0000121412   0.0000279723
       -0.0001528607  -0.0001323462   0.0000611174   0.0000807301   0.0003047884
        0.0001378451   0.0007506644  -0.0000016231  -0.0009737544  -0.0001395413
        0.0006201871   0.0000955846   0.0007303053  -0.0007396098  -0.0000717997
        0.1332300159  -0.1017653997  -0.0680163916  -0.0222806922   0.0178013686
        0.0170817826   0.0003660265  -0.0001610338   0.0002665048  -0.0003046473
       -0.0009919157  -0.0021795719  -0.0001401125   0.0001917255  -0.0001926476
        0.0000000949  -0.0000133016   0.0000134550   0.0000064210  -0.0000215254
        0.0000328866   0.0000064794  -0.0000473511   0.0000144072   0.0000191141
       -0.0000300134   0.0000374024   0.0000056731   0.0000161010  -0.0000056630
       -0.0000681986   0.0000266575  -0.0000526909
        0.0171246931  -0.0277635520  -0.0050122372   0.0835000664  -0.1465332920
       -0.0707661518   0.0045598660  -0.0068538954  -0.0087206010   0.0003671353
       -0.0001611600   0.0002758749   0.0000955777   0.0001176571   0.0001159358
       -0.0000792547  -0.0000631260   0.0000235353  -0.0000921103  -0.0000052419
        0.0000439403   0.0000323924   0.0001352402  -0.0000614472  -0.0000105687
        0.0000239799   0.0000213181   0.0001654700   0.0000008437   0.0000285090
        0.0000639482  -0.0002205576  -0.0000018417  -0.0000189006  -0.0004107158
       -0.0004597623   0.0005102521  -0.0022695876   0.0043250956   0.0000543930
       -0.0004128573  -0.0003876592   0.0011039888   0.0000595209  -0.0007981268
       -0.1017653997   0.1755197589   0.0792425937  -0.0048568388   0.0076214713
        0.0034875071   0.0001781304   0.0005179888   0.0005782106  -0.0009370668
        0.0002497868  -0.0019584891  -0.0001037236   0.0002529298  -0.0000508476
        0.0000326840   0.0000325174  -0.0000705695  -0.0000079323  -0.0000193500
       -0.0000257277   0.0000188898   0.0000480911   0.0000341614  -0.0000244207
        0.0000373576  -0.0000192920   0.0000300920   0.0000459792   0.0000558438
        0.0000586370   0.0000502128   0.0001002275
       -0.0113698120   0.0171972289   0.0059259326   0.0636625503  -0.0740879527
       -0.0886993667   0.0114937615  -0.0186401451  -0.0190487359   0.0006304469
        0.0003037221   0.0008615896   0.0005204864  -0.0003379253   0.0001349356
       -0.0001944459  -0.0001049976  -0.0001580464  -0.0000069734   0.0002226475
       -0.0001596901  -0.0000371273   0.0001063716   0.0003349816   0.0000279270
       -0.0000260166  -0.0000699208   0.0002120179   0.0001127733  -0.0001055038
       -0.0000998516  -0.0002486773   0.0001006986  -0.0000580269  -0.0003398241
        0.0007064416  -0.0002178170   0.0024241475  -0.0024251219  -0.0001790185
        0.0006569659   0.0003314724  -0.0003610294   0.0002925193   0.0007399464
       -0.0680163916   0.0792425937   0.1087111986   0.0073926617  -0.0053767513
       -0.0027760677   0.0001554454  -0.0001718490   0.0003167071  -0.0031595396
       -0.0018875135  -0.0046778869  -0.0004390421   0.0003665300  -0.0000643951
        0.0000061414   0.0000404670   0.0000426745  -0.0000020892   0.0000053072
        0.0000341183   0.0000076474   0.0000205692  -0.0000092135  -0.0000036956
       -0.0000112311   0.0000625196   0.0000074430   0.0000252194  -0.0000085967
        0.0000283312   0.0002158209  -0.0001006713
        0.0031887453   0.0004546479   0.0001147848  -0.2219141044  -0.0843271302
        0.0469413390  -0.0143335996  -0.0067542985  -0.0017694739  -0.0011120897
       -0.0010812601  -0.0031310480   0.0000887264  -0.0003480525  -0.0001552172
        0.0000825034   0.0000207978   0.0001672508   0.0003653044   0.0001707831
       -0.0000586668  -0.0002212539  -0.0002688271   0.0000222193   0.0000562617
       -0.0000923418  -0.0000175971  -0.0000960886   0.0000127144   0.0002409887
       -0.0001238038   0.0002887093  -0.0000791573   0.0002807860   0.0001610915
       -0.0000276326   0.0000691849   0.0000816280  -0.0000473081   0.0006507619
        0.0001054843  -0.0000513666   0.0009441863   0.0006442087  -0.0008156308
       -0.0222806922  -0.0048568388   0.0073926617   0.2537472312   0.0955819991
       -0.0490326715  -0.0000793046   0.0002143248  -0.0001364194   0.0007929383
        0.0002336216   0.0004871640  -0.0000185817  -0.0000591385  -0.0000226678
       -0.0000075919  -0.0000407359   0.0000118058   0.0000152915  -0.0000325821
       -0.0000041640  -0.0000022157  -0.0000974468  -0.0000004435   0.0000278558
       -0.0000253428  -0.0000034622   0.0000037831  -0.0000191678   0.0000266066
       -0.0001242342   0.0000331524  -0.0000518941
       -0.0216932171  -0.0156469830   0.0113343597  -0.0797585321  -0.0835103422
        0.0183987165  -0.0097889651  -0.0034851717  -0.0007727593  -0.0011737205
        0.0000481115  -0.0016525744  -0.0001231907  -0.0001369571   0.0000844815
        0.0000442811  -0.0000375809   0.0001458199   0.0001661140   0.0000305646
       -0.0000000603  -0.0001850919   0.0000723677  -0.0000306763   0.0000352641
        0.0000152859  -0.0000020778   0.0000340442  -0.0000148430   0.0000811973
        0.0001125548   0.0001126059   0.0000066139   0.0000670489   0.0004728533
       -0.0000373894  -0.0007509237  -0.0003119244   0.0005674073  -0.0006314616
        0.0002874648  -0.0002891382   0.0005925612  -0.0038273734   0.0032039049
        0.0178013686   0.0076214713  -0.0053767513   0.0955819991   0.0979252618
       -0.0260688156   0.0002420125   0.0003141962   0.0003084740  -0.0003641427
       -0.0000529207   0.0001784774  -0.0001043842   0.0000371976  -0.0000682210
       -0.0000281602   0.0000002911   0.0000101087  -0.0000196837  -0.0000176057
       -0.0000068372   0.0000230270   0.0000309151  -0.0000002645  -0.0000177325
       -0.0000182313  -0.0000026107   0.0000213470   0.0000302768   0.0000056567
       -0.0000824163   0.0000610700  -0.0000170418
        0.0158010938   0.0126417304  -0.0087044542   0.0416551996   0.0177618779
       -0.0503363907  -0.0222318623  -0.0100652931   0.0012097704  -0.0019992799
       -0.0014459405  -0.0040370280  -0.0001828284  -0.0004121323   0.0000057369
       -0.0000956041  -0.0001237782   0.0001640858   0.0003008295   0.0002150357
       -0.0001751371  -0.0002826532  -0.0001157004   0.0003686770   0.0000681225
       -0.0000320669  -0.0000750905  -0.0001186168  -0.0001189411   0.0003032903
       -0.0004354440  -0.0000500847   0.0001648929   0.0000784646  -0.0000859435
        0.0002371956   0.0001680791   0.0002098782   0.0001495054   0.0010539791
        0.0008571501   0.0001332135  -0.0008495694   0.0035555839  -0.0017825063
        0.0170817826   0.0034875071  -0.0027760677  -0.0490326715  -0.0260688156
        0.0644616728  -0.0002420861  -0.0001448575   0.0001071323  -0.0005538966
       -0.0001669604   0.0007184901   0.0000206123  -0.0000062857  -0.0002054736
       -0.0000346022  -0.0000048775   0.0000110908   0.0000074968  -0.0000021412
       -0.0000055374  -0.0000063591   0.0000182787   0.0000273833  -0.0000102393
        0.0000423672   0.0000021261  -0.0000397631  -0.0000348587   0.0000946055
       -0.0001201841   0.0000892683  -0.0000611832
       -0.0011938316  -0.0001292642  -0.0032342664  -0.0023762596   0.0090647001
       -0.0067805752  -0.0480235293   0.0316270614  -0.0218091627   0.0005303234
       -0.0222627101   0.0144406383   0.0006106693  -0.0018044714   0.0000869990
        0.0001395992   0.0000115004  -0.0002918506   0.0003435116  -0.0000255261
        0.0000187157  -0.0000741953  -0.0000913091   0.0001514764   0.0000465687
       -0.0000211828   0.0001102674  -0.0006738023  -0.0010764545  -0.0006853960
       -0.0033261807  -0.0014044596   0.0016119031  -0.0000432162   0.0002137052
       -0.0000359192   0.0002091283  -0.0004816543  -0.0001021656   0.0000907645
        0.0004481050  -0.0006232301  -0.0001385242  -0.0001852969  -0.0000163091
        0.0003660265   0.0001781304   0.0001554454  -0.0000793046   0.0002420125
       -0.0002420861   0.0583290263  -0.0336204334   0.0260570358  -0.0039585838
        0.0186718811  -0.0094561994  -0.0004395876   0.0005856456   0.0003472504
        0.0000946491   0.0000503684  -0.0000355920  -0.0000016578   0.0000335299
        0.0000408140  -0.0000073181   0.0000024006   0.0000952362   0.0000151371
        0.0000336276   0.0000635350  -0.0002571126  -0.0001069145  -0.0000112127
       -0.0001823002   0.0000470086   0.0001446482
       -0.0006946584   0.0009300322  -0.0018713888  -0.0005963474   0.0038344667
       -0.0024842782   0.0333400923  -0.1822640819   0.1058129538  -0.0043211806
       -0.0169446590   0.0095084748   0.0018301560   0.0006594453  -0.0007882342
       -0.0000948490  -0.0004504206  -0.0004690848   0.0004366622   0.0002785807
       -0.0002037459  -0.0003535941   0.0000090985   0.0003718457   0.0001074805
       -0.0000551742  -0.0000142717  -0.0003230455  -0.0008239890  -0.0005581031
       -0.0026849166  -0.0009071524   0.0015105363   0.0002498342  -0.0004368883
        0.0001844668  -0.0002893506   0.0005903489  -0.0003181347  -0.0002589965
        0.0004633614  -0.0004649426  -0.0000020919   0.0002040476  -0.0002780016
       -0.0001610338   0.0005179888  -0.0001718490   0.0002143248   0.0003141962
       -0.0001448575  -0.0336204334   0.2144835307  -0.1211358630   0.0076554389
       -0.0213573270   0.0109476344  -0.0001184448   0.0004901182   0.0002817462
        0.0000662657   0.0000509538  -0.0000099955  -0.0000128579  -0.0000187779
        0.0000045793   0.0000124734   0.0000295336  -0.0000080857  -0.0000129101
        0.0000138060   0.0000293542  -0.0001769818  -0.0000657702   0.0000912766
       -0.0001910356   0.0004547319   0.0001779680
       -0.0032187720  -0.0011190814  -0.0055535884  -0.0060112443   0.0193352059
       -0.0167936211  -0.0209249454   0.1042166115  -0.1212437349   0.0013465576
        0.0073273455  -0.0024423831  -0.0010012594   0.0001310087   0.0005149631
        0.0000381213   0.0000343024   0.0000405451  -0.0000370191  -0.0002323928
       -0.0001071022   0.0000094036  -0.0000112847   0.0001834524  -0.0000182626
        0.0000097627  -0.0000913432  -0.0003435053   0.0002261655   0.0001336222
        0.0009613101   0.0003404634  -0.0001913751  -0.0000208736  -0.0002424506
        0.0003238249   0.0000847518  -0.0000533561  -0.0004627300  -0.0001095378
        0.0011792002  -0.0008854661  -0.0002539565  -0.0001187105   0.0001154756
        0.0002665048   0.0005782106   0.0003167071  -0.0001364194   0.0003084740
        0.0001071323   0.0260570358  -0.1211358630   0.1379671528   0.0027634560
       -0.0103261207   0.0083564340   0.0005766620  -0.0003997881  -0.0000881310
       -0.0000731233  -0.0000262866   0.0000712375   0.0000015946   0.0000183194
        0.0000212778  -0.0000082166  -0.0000155410  -0.0000670722  -0.0000046717
       -0.0000476429   0.0000100754   0.0000482355  -0.0000105162  -0.0001136361
        0.0000081740   0.0000339648  -0.0001217169
        0.0000388385  -0.0002892009  -0.0000819136   0.0069831758  -0.0075273461
       -0.0063398676  -0.1257713919   0.0864894703   0.0716844456  -0.0233681459
        0.0124020855   0.0134526645  -0.0040007988  -0.0024657928   0.0021090733
       -0.0011811445   0.0004757337  -0.0005255027   0.0001503058   0.0001686067
       -0.0000095440   0.0001152245  -0.0000759957   0.0001176047   0.0000052173
       -0.0000048117   0.0001122242  -0.0000015778   0.0002154416  -0.0003138376
        0.0005848281   0.0016888108  -0.0005285670  -0.0006951583  -0.0002383761
       -0.0000126509   0.0004260892   0.0000632152   0.0002309404   0.0000177552
       -0.0000769353  -0.0001382423  -0.0001231239   0.0000228152   0.0001473762
       -0.0003046473  -0.0009370668  -0.0031595396   0.0007929383  -0.0003641427
       -0.0005538966  -0.0039585838   0.0076554389   0.0027634560   0.1498254888
       -0.0956260649  -0.0795418684   0.0002424830  -0.0004144766   0.0001066797
       -0.0002700011  -0.0001883206  -0.0000276035   0.0000306416  -0.0000068243
        0.0000455845   0.0000285645  -0.0000569308   0.0000721027   0.0000209520
       -0.0000299489   0.0000011925   0.0001594070   0.0000807941  -0.0000442545
        0.0002526637  -0.0009601779   0.0004339438
       -0.0000812566   0.0004285803   0.0009554433   0.0041063306  -0.0073302219
       -0.0081460951   0.0852541857  -0.1310943824  -0.0706734159  -0.0061125605
        0.0077732399   0.0057110914  -0.0014861489  -0.0010572533   0.0004828256
       -0.0007476740  -0.0001208097  -0.0002747400   0.0001226629   0.0004574559
       -0.0000119832  -0.0003286535  -0.0000534136   0.0002513430   0.0000482666
       -0.0000148908  -0.0000626240   0.0003270467  -0.0000621927   0.0000228515
       -0.0019239561   0.0007180689   0.0004775298  -0.0005679974   0.0002750297
       -0.0004055356   0.0000436044   0.0009393470  -0.0000469527   0.0000545209
        0.0000702301   0.0002215907  -0.0000799303   0.0000960953   0.0001041566
       -0.0009919157   0.0002497868  -0.0018875135   0.0002336216  -0.0000529207
       -0.0001669604   0.0186718811  -0.0213573270  -0.0103261207  -0.0956260649
        0.1508382739   0.0834026762  -0.0001509584   0.0000110610   0.0000642210
       -0.0001952738  -0.0000694773  -0.0000143917   0.0000010830  -0.0000160368
        0.0000238322   0.0000088342   0.0000301663  -0.0000137887  -0.0000120146
       -0.0000009082   0.0000195426  -0.0000253981  -0.0000244594   0.0000211451
       -0.0005422352  -0.0006330411   0.0002718726
        0.0005877073  -0.0006358255   0.0014260572   0.0122910675  -0.0191785478
       -0.0197134499   0.0706330611  -0.0688839299  -0.1032784136   0.0063578630
       -0.0033238826  -0.0021219515   0.0011204108   0.0005036308   0.0001843140
        0.0000075897  -0.0004567400   0.0000824186  -0.0001193460   0.0000975510
       -0.0000099041  -0.0000594012   0.0000053334   0.0001129873   0.0000245678
       -0.0000309700  -0.0000099080  -0.0000431385  -0.0000378374   0.0000828123
       -0.0005683998  -0.0007863532   0.0002612934   0.0003483607  -0.0011769657
       -0.0002532538  -0.0003324684   0.0007172197  -0.0007632545   0.0001635039
       -0.0000514812   0.0003222043   0.0000882408  -0.0000970417  -0.0002188847
       -0.0021795719  -0.0019584891  -0.0046778869   0.0004871640   0.0001784774
        0.0007184901  -0.0094561994   0.0109476344   0.0083564340  -0.0795418684
        0.0834026762   0.1196541574   0.0000373198   0.0000497942  -0.0001048811
        0.0000130696   0.0000460926  -0.0000698183  -0.0000029162   0.0000020345
       -0.0000315483  -0.0000145145   0.0000087464   0.0000272056  -0.0000165557
        0.0000203137  -0.0000197055  -0.0000609347  -0.0000529510   0.0000280590
        0.0002353888   0.0006915106   0.0000164270
        0.0001047124  -0.0002296120   0.0000332218  -0.0000761538   0.0003709983
       -0.0000783626   0.0007741538   0.0011738111  -0.0007840410  -0.0004508601
        0.0250116442  -0.0012608201  -0.0433500907  -0.0050651958   0.0025716656
       -0.0023184724  -0.0263128576   0.0019429696  -0.0036512086  -0.0016887230
        0.0023497222  -0.0003593593  -0.0017543226   0.0002025534   0.0000588429
        0.0000374538  -0.0000206588  -0.0004994201  -0.0000832751   0.0000612702
       -0.0040903813   0.0033200317   0.0020412544  -0.0001055875   0.0000260472
       -0.0000552644  -0.0000285085  -0.0000279111   0.0000941885  -0.0000230745
       -0.0000369048   0.0000016678  -0.0000090481   0.0000227211   0.0000853686
       -0.0001401125  -0.0001037236  -0.0004390421  -0.0000185817  -0.0001043842
        0.0000206123  -0.0004395876  -0.0001184448   0.0005766620   0.0002424830
       -0.0001509584   0.0000373198   0.0533585955   0.0055164770  -0.0061756640
        0.0008515347  -0.0009904267  -0.0006945335   0.0000781616   0.0000117131
        0.0000026048  -0.0000307975   0.0000144804   0.0000065954   0.0000645049
        0.0000155703  -0.0000537356  -0.0000812169  -0.0000367104  -0.0003181202
        0.0001394722   0.0011825021  -0.0001474343
       -0.0000035709   0.0001963750   0.0000378945   0.0001208216  -0.0002675310
        0.0001266788  -0.0015096633   0.0009853384  -0.0000216546   0.0021468692
       -0.0212895833   0.0010822732  -0.0053089051  -0.3015745720   0.0157676445
       -0.0029703017  -0.0180493174   0.0015943983  -0.0026613434   0.0006185976
        0.0008193702  -0.0003717471  -0.0012010080   0.0002143025   0.0002535553
       -0.0000703021  -0.0000748391   0.0000912200   0.0009627150  -0.0001118530
        0.0040783708  -0.0016263739  -0.0002558021   0.0004005697  -0.0000708306
        0.0000963196  -0.0001337528  -0.0000560405  -0.0001856141  -0.0000009084
       -0.0000411893  -0.0000477055  -0.0000664160  -0.0002488046  -0.0001190115
        0.0001917255   0.0002529298   0.0003665300  -0.0000591385   0.0000371976
       -0.0000062857   0.0005856456   0.0004901182  -0.0003997881  -0.0004144766
        0.0000110610   0.0000497942   0.0055164770   0.3403606167  -0.0186244365
        0.0006131523   0.0011364557  -0.0002750977   0.0000078452   0.0000411513
        0.0000015122  -0.0000234064   0.0000608379  -0.0000174941   0.0000194784
        0.0000190864   0.0000294631  -0.0000692244   0.0001580893  -0.0001113122
       -0.0004328759  -0.0008350173   0.0000647129
        0.0001009647  -0.0002748923   0.0000597029  -0.0004718818  -0.0002130690
        0.0003429101  -0.0007202734  -0.0005577826  -0.0020892852   0.0008278465
       -0.0034908544   0.0014598670   0.0024129432   0.0162238879  -0.0342350758
        0.0006411681   0.0057756173  -0.0002475682   0.0024738058   0.0009003548
        0.0079511404   0.0000088236   0.0004058085  -0.0000306657   0.0000018569
       -0.0000193486  -0.0000054945   0.0000683085  -0.0000411725  -0.0003333153
        0.0019288959  -0.0002133692   0.0070563716   0.0000499075  -0.0002303097
        0.0002085286  -0.0000997965   0.0003334739  -0.0003828139  -0.0000292141
        0.0000601740  -0.0000342149  -0.0000552158   0.0000990411  -0.0000509575
       -0.0001926476  -0.0000508476  -0.0000643951  -0.0000226678  -0.0000682210
       -0.0002054736   0.0003472504   0.0002817462  -0.0000881310   0.0001066797
        0.0000642210  -0.0001048811  -0.0061756640  -0.0186244365   0.0254242301
       -0.0007851464  -0.0000365648  -0.0027863361  -0.0000370097   0.0000275032
        0.0000902219   0.0000101751  -0.0000133817  -0.0000420231   0.0000164493
       -0.0000562124   0.0001054772  -0.0003210532  -0.0001072391  -0.0018236914
       -0.0000845049  -0.0001741265  -0.0001741272
       -0.0000183580   0.0000118279  -0.0000640046   0.0000405378   0.0000069301
        0.0001149558  -0.0012255923   0.0007503605   0.0003146677  -0.0030588707
       -0.0035631453   0.0022135009  -0.0268135734   0.0134340769   0.0043349908
       -0.2247228401   0.1213645065   0.0297814850  -0.0012222234   0.0043581888
        0.0002099454  -0.0008018618   0.0004641210  -0.0002013285  -0.0020643773
       -0.0027237434   0.0005588876   0.0008964452   0.0002739686   0.0011659996
        0.0004375327  -0.0004406063  -0.0001240277  -0.0001235397   0.0001066365
       -0.0000108269   0.0000411249  -0.0001090330   0.0000347669  -0.0000023321
       -0.0000194287   0.0000229310  -0.0000048171  -0.0000131090   0.0001357500
        0.0000000949   0.0000326840   0.0000061414  -0.0000075919  -0.0000281602
       -0.0000346022   0.0000946491   0.0000662657  -0.0000731233  -0.0002700011
       -0.0001952738   0.0000130696   0.0008515347   0.0006131523  -0.0007851464
        0.2604762380  -0.1304500414  -0.0378090893  -0.0015435194  -0.0017115927
       -0.0004489848  -0.0000553937  -0.0005908940   0.0000087068  -0.0008211129
       -0.0013564145   0.0009924070  -0.0001670628  -0.0001101340  -0.0000564211
        0.0000849102  -0.0001711428  -0.0003006507
        0.0000709448   0.0000632577   0.0000193806   0.0000665362  -0.0000453284
       -0.0000173408  -0.0006222052   0.0001716024   0.0001399088  -0.0025574463
       -0.0001025383   0.0009666683  -0.0099710181   0.0064061647   0.0015093922
        0.1207058033  -0.1219213870  -0.0175455675   0.0276368753  -0.0178630017
       -0.0040920228  -0.0000392272   0.0021781469  -0.0002172122  -0.0003363241
       -0.0013906425   0.0001241070  -0.0006117107  -0.0064227442   0.0008969124
       -0.0007490106  -0.0002090469   0.0001407668   0.0002609839   0.0000522374
       -0.0000123102  -0.0001666811  -0.0000652576  -0.0000308534  -0.0000200005
       -0.0000158855  -0.0000183649  -0.0000331683  -0.0001000270  -0.0000534694
       -0.0000133016   0.0000325174   0.0000404670  -0.0000407359   0.0000002911
       -0.0000048775   0.0000503684   0.0000509538  -0.0000262866  -0.0001883206
       -0.0000694773   0.0000460926  -0.0009904267   0.0011364557  -0.0000365648
       -0.1304500414   0.1394267910   0.0178373732  -0.0019547414  -0.0005304391
       -0.0010869718   0.0000156028   0.0002947313  -0.0000379101  -0.0013040742
       -0.0002525936   0.0017539507   0.0014521161  -0.0009095784  -0.0002175027
       -0.0002107967   0.0000847980  -0.0000777650
        0.0001246990  -0.0001867461   0.0000848088   0.0000863708   0.0000230875
        0.0001426598   0.0001968351  -0.0000534263   0.0002678373   0.0023099329
        0.0012774913   0.0076972698   0.0060175313  -0.0028371930  -0.0009934020
        0.0296884059  -0.0178085643  -0.0350186758  -0.0012005495   0.0003682578
        0.0013629661  -0.0001443380  -0.0002426532  -0.0015557574   0.0004160613
        0.0005831365  -0.0001856974   0.0012276428   0.0007061559   0.0065904065
       -0.0000938554  -0.0000399895  -0.0003888711   0.0001211798  -0.0001562444
        0.0001456402  -0.0001622239   0.0002138362  -0.0002930959  -0.0000543088
       -0.0000012585   0.0000020448  -0.0001028384   0.0000272503  -0.0000451262
        0.0000134550  -0.0000705695   0.0000426745   0.0000118058   0.0000101087
        0.0000110908  -0.0000355920  -0.0000099955   0.0000712375  -0.0000276035
       -0.0000143917  -0.0000698183  -0.0006945335  -0.0002750977  -0.0027863361
       -0.0378090893   0.0178373732   0.0278373722  -0.0009897952  -0.0005125216
        0.0002869554  -0.0000343568   0.0000725082  -0.0002703730   0.0015834618
        0.0010983714  -0.0007458550  -0.0001316285   0.0000370125  -0.0005288052
       -0.0003166688  -0.0000459384  -0.0016611502
       -0.0000137456  -0.0000176898   0.0000071734  -0.0000245833  -0.0000057246
       -0.0000030607   0.0000510801  -0.0000487102  -0.0000986710   0.0003624242
       -0.0005977586   0.0000118202  -0.0006616516  -0.0000526856   0.0005248907
        0.0000229234   0.0000460711  -0.0000620458   0.0020401027   0.0016956423
       -0.0018862396  -0.0215863841   0.0262828042  -0.0211477822  -0.0440166155
        0.0134217885  -0.0294381516  -0.0009895960   0.0002181842   0.0004060005
        0.0005498404   0.0005401177   0.0001044762  -0.0000383453  -0.0000409425
       -0.0000048925   0.0000412421  -0.0000172333   0.0000313362   0.0000162719
       -0.0000156665   0.0000056351  -0.0000004536   0.0000015516   0.0000035822
        0.0000064210  -0.0000079323  -0.0000020892   0.0000152915  -0.0000196837
        0.0000074968  -0.0000016578  -0.0000128579   0.0000015946   0.0000306416
        0.0000010830  -0.0000029162   0.0000781616   0.0000078452  -0.0000370097
       -0.0015435194  -0.0019547414  -0.0009897952   0.0624187544  -0.0279436895
        0.0399810104   0.0030492589  -0.0126792944   0.0194206776   0.0000085096
        0.0013921969  -0.0067667472   0.0001534783  -0.0001791508  -0.0000458883
        0.0000321506  -0.0000135236  -0.0000204047
        0.0001116882  -0.0000376804   0.0000409047   0.0001319903  -0.0000257817
        0.0000411401  -0.0000417205  -0.0000320319  -0.0000724455   0.0001261969
        0.0000177032   0.0000521536  -0.0001321968  -0.0001073903   0.0003204036
       -0.0002495175   0.0002998793  -0.0005221031  -0.0011100422   0.0003070540
       -0.0001335953   0.0211661547  -0.0200286986   0.0150750994   0.0136479985
       -0.0960225033   0.0958951113   0.0000437333  -0.0000549745  -0.0001227498
       -0.0001668011  -0.0000192725  -0.0000612100   0.0002624028  -0.0000483315
        0.0000367413  -0.0002480233  -0.0000008596  -0.0000926434  -0.0000147208
       -0.0000018291  -0.0000092137  -0.0000278157  -0.0000508354  -0.0000461707
       -0.0000215254  -0.0000193500   0.0000053072  -0.0000325821  -0.0000176057
       -0.0000021412   0.0000335299  -0.0000187779   0.0000183194  -0.0000068243
       -0.0000160368   0.0000020345   0.0000117131   0.0000411513   0.0000275032
       -0.0017115927  -0.0005304391  -0.0005125216  -0.0279436895   0.1205235463
       -0.1149480844  -0.0000999337  -0.0128023876   0.0207970270  -0.0035032173
        0.0085635175  -0.0157858113  -0.0001143293   0.0000836721   0.0000107763
       -0.0001108755  -0.0000017379  -0.0000138317
        0.0001229193  -0.0000671825   0.0000632582   0.0000043086   0.0000084176
        0.0000040214  -0.0000682856   0.0000342699  -0.0000421374   0.0001884858
       -0.0001309504  -0.0000168331   0.0002332932  -0.0001995182  -0.0003069891
       -0.0003039013   0.0007032395   0.0002868486   0.0013607025   0.0005343091
        0.0007190120  -0.0067629641   0.0028824907   0.0068721444  -0.0310961048
        0.0957813367  -0.2097776641  -0.0002172452  -0.0000110231   0.0000519319
        0.0002518027   0.0001556909  -0.0001483120   0.0001264061  -0.0000145366
        0.0000590738  -0.0001780155   0.0000117823  -0.0002075571  -0.0000399451
       -0.0000301836  -0.0000099932  -0.0000460175  -0.0000120939  -0.0000789342
        0.0000328866  -0.0000257277   0.0000341183  -0.0000041640  -0.0000068372
       -0.0000055374   0.0000408140   0.0000045793   0.0000212778   0.0000455845
        0.0000238322  -0.0000315483   0.0000026048   0.0000015122   0.0000902219
       -0.0004489848  -0.0010869718   0.0002869554   0.0399810104  -0.1149480844
        0.2366035980   0.0004485543   0.0051628377  -0.0070857460  -0.0037448576
        0.0112972933  -0.0271801329   0.0000647631  -0.0000691386  -0.0000937188
        0.0000063494   0.0000006566  -0.0001073583
       -0.0000579600  -0.0000054708  -0.0000015431  -0.0000602853   0.0000004812
        0.0000213840  -0.0000439347   0.0000115096   0.0000038589   0.0000662079
        0.0001503649  -0.0000222203   0.0002006464   0.0000759294  -0.0000506008
        0.0001355688   0.0009695693  -0.0000006694  -0.0053865081   0.0025346192
        0.0009000633  -0.0294964222  -0.0136317678   0.0064948736  -0.1709830233
       -0.1101787698   0.0305850290  -0.0006563725  -0.0009154953   0.0002107235
       -0.0003833833   0.0001768450   0.0000491102  -0.0001159324   0.0000258889
        0.0000322671   0.0000924798   0.0000301180  -0.0000148336   0.0000006533
        0.0000155599   0.0000181597   0.0000186408   0.0000342366   0.0000545266
        0.0000064794   0.0000188898   0.0000076474  -0.0000022157   0.0000230270
       -0.0000063591  -0.0000073181   0.0000124734  -0.0000082166   0.0000285645
        0.0000088342  -0.0000145145  -0.0000307975  -0.0000234064   0.0000101751
       -0.0000553937   0.0000156028  -0.0000343568   0.0030492589  -0.0000999337
        0.0004485543   0.2081408106   0.1284496495  -0.0383254410  -0.0044738409
       -0.0075275279  -0.0003621463   0.0000177775  -0.0000993077  -0.0000004096
       -0.0000037002  -0.0000719193   0.0000049383
        0.0000372476   0.0001412275  -0.0000332862   0.0001162387  -0.0000175377
       -0.0000325861  -0.0000778462  -0.0000625248   0.0000270775  -0.0001396228
        0.0001793880   0.0000072810   0.0000192558   0.0001931626  -0.0000201483
       -0.0002779630  -0.0005724574   0.0001288095   0.0027518596  -0.0017478117
       -0.0003414328   0.0130971523   0.0122395799  -0.0032335113  -0.1156881609
       -0.1396478982   0.0276618298   0.0009966154   0.0005131368  -0.0001982005
        0.0000485981  -0.0002902538   0.0000024020   0.0002213784   0.0001950919
       -0.0000921745  -0.0001956296  -0.0001656550   0.0000877914  -0.0000029701
        0.0000095499   0.0000037024   0.0000370138  -0.0000781310   0.0000080377
       -0.0000473511   0.0000480911   0.0000205692  -0.0000974468   0.0000309151
        0.0000182787   0.0000024006   0.0000295336  -0.0000155410  -0.0000569308
        0.0000301663   0.0000087464   0.0000144804   0.0000608379  -0.0000133817
       -0.0005908940   0.0002947313   0.0000725082  -0.0126792944  -0.0128023876
        0.0051628377   0.1284496495   0.1569207197  -0.0309701491  -0.0158873108
       -0.0156112349   0.0017174400  -0.0000669711   0.0001057800   0.0000147648
        0.0000165013   0.0000039804   0.0000083352
        0.0001206258   0.0001051058   0.0000332420   0.0000107167   0.0000112080
       -0.0000961593  -0.0001132808  -0.0001008875  -0.0000665912   0.0000579274
       -0.0000357861  -0.0000004574  -0.0000247303  -0.0000464136  -0.0000622075
        0.0000928777  -0.0001118372   0.0005133469   0.0009281550  -0.0003532453
        0.0004335343   0.0048075733   0.0017566390  -0.0006888775   0.0309273357
        0.0267162114  -0.0525969172   0.0001147771   0.0001584552   0.0002867865
        0.0000985943  -0.0000114463  -0.0000049094   0.0001847956   0.0000538948
        0.0000595772  -0.0002308546  -0.0000819668   0.0000854009  -0.0001071758
        0.0000145255   0.0000446606  -0.0001127740  -0.0000060007  -0.0000357589
        0.0000144072   0.0000341614  -0.0000092135  -0.0000004435  -0.0000002645
        0.0000273833   0.0000952362  -0.0000080857  -0.0000670722   0.0000721027
       -0.0000137887   0.0000272056   0.0000065954  -0.0000174941  -0.0000420231
        0.0000087068  -0.0000379101  -0.0002703730   0.0194206776   0.0207970270
       -0.0070857460  -0.0383254410  -0.0309701491   0.0563079665  -0.0180354849
       -0.0178373415   0.0030815423   0.0000046920   0.0000053961   0.0000980561
       -0.0000156116  -0.0000200071   0.0000276040
        0.0000512570  -0.0000468930   0.0000034634   0.0000173004   0.0000028854
       -0.0000001403  -0.0000131476  -0.0000109274   0.0000844297   0.0002742868
       -0.0005377146  -0.0000702870  -0.0008329470  -0.0000332038  -0.0002863439
        0.0001664030  -0.0001950674   0.0000914755   0.0019913435   0.0015258513
        0.0011311102  -0.0092835093   0.0270129638   0.0245030083  -0.0442558812
       -0.0243280896  -0.0288748841  -0.0009068616   0.0001828450  -0.0000612353
        0.0003488598   0.0004384476  -0.0003492404   0.0000264018  -0.0000641264
        0.0000249276  -0.0000433636   0.0000217226  -0.0000620803  -0.0000107869
       -0.0000138032  -0.0000090187  -0.0000421515   0.0000116134  -0.0000135300
        0.0000191141  -0.0000244207  -0.0000036956   0.0000278558  -0.0000177325
       -0.0000102393   0.0000151371  -0.0000129101  -0.0000046717   0.0000209520
       -0.0000120146  -0.0000165557   0.0000645049   0.0000194784   0.0000164493
       -0.0008211129  -0.0013040742   0.0015834618   0.0000085096  -0.0035032173
       -0.0037448576  -0.0044738409  -0.0158873108  -0.0180354849   0.0575261985
        0.0169143225   0.0241152521   0.0001165933  -0.0001371689  -0.0000074281
        0.0000088849  -0.0000014556  -0.0000038851
        0.0000732139   0.0001477792  -0.0000215582   0.0001443704   0.0000229369
       -0.0001602880  -0.0000242474  -0.0001881667   0.0000603814   0.0000662047
        0.0001050782  -0.0000888651  -0.0002305352  -0.0001427612  -0.0002716656
       -0.0000095571   0.0003065248   0.0006191194  -0.0012871355   0.0001613494
        0.0006188258   0.0163135358  -0.0231405547  -0.0189373190  -0.0241955081
       -0.1217035956  -0.1055925136   0.0001640155  -0.0000383914   0.0001342187
       -0.0001909512  -0.0000542393   0.0001562814   0.0002326734   0.0001247138
       -0.0001110702  -0.0001881203  -0.0002341525   0.0001899316  -0.0000038783
       -0.0000254511  -0.0000124070  -0.0000018795  -0.0000824813  -0.0000589953
       -0.0000300134   0.0000373576  -0.0000112311  -0.0000253428  -0.0000182313
        0.0000423672   0.0000336276   0.0000138060  -0.0000476429  -0.0000299489
       -0.0000009082   0.0000203137   0.0000155703   0.0000190864  -0.0000562124
       -0.0013564145  -0.0002525936   0.0010983714   0.0013921969   0.0085635175
        0.0112972933  -0.0075275279  -0.0156112349  -0.0178373415   0.0169143225
        0.1519507966   0.1288397226  -0.0001346903   0.0000842643   0.0000588608
       -0.0001139807  -0.0000444490   0.0000714227
        0.0001252713  -0.0000495728   0.0000726487   0.0000339946  -0.0000117411
        0.0000048058  -0.0002050720   0.0000843102  -0.0000618499  -0.0002343545
        0.0003381979   0.0000701230   0.0000232307   0.0002385503  -0.0001084769
        0.0003701834  -0.0006642110   0.0001674085  -0.0018936169  -0.0012183691
        0.0008037531   0.0115604573  -0.0098853751  -0.0024057016  -0.0277479929
       -0.1051699938  -0.1828515304   0.0006422875  -0.0000285961  -0.0000344787
       -0.0003894793  -0.0003244417   0.0000811675   0.0001477153  -0.0000028762
        0.0000538699  -0.0001663752   0.0000133757  -0.0002194619  -0.0000435781
       -0.0000425784  -0.0000101686  -0.0000433205  -0.0000380409  -0.0000714171
        0.0000374024  -0.0000192920   0.0000625196  -0.0000034622  -0.0000026107
        0.0000021261   0.0000635350   0.0000293542   0.0000100754   0.0000011925
        0.0000195426  -0.0000197055  -0.0000537356   0.0000294631   0.0001054772
        0.0009924070   0.0017539507  -0.0007458550  -0.0067667472  -0.0157858113
       -0.0271801329  -0.0003621463   0.0017174400   0.0030815423   0.0241152521
        0.1288397226   0.2093797123  -0.0001342753   0.0001353173  -0.0000768798
       -0.0000687732   0.0000442859  -0.0001095713
       -0.0000720378   0.0001003401  -0.0000415237  -0.0000679343  -0.0000300063
        0.0001097117  -0.0001259124  -0.0012536596   0.0001569676  -0.0035794377
       -0.0025724255   0.0023933999  -0.0007424869  -0.0000603286   0.0001292692
       -0.0038375961   0.0028257214   0.0018665031   0.0003894199   0.0260688554
       -0.0012637544   0.0015491502  -0.0005342903  -0.0007994341  -0.0000412703
        0.0000165239   0.0000207922  -0.0424996872  -0.0061654743   0.0019972828
       -0.0015080318  -0.0253435424   0.0018979386  -0.0000068901   0.0003199417
       -0.0000189055   0.0002319766  -0.0001105156  -0.0000247244  -0.0000099356
       -0.0000272762   0.0000019050  -0.0000294434  -0.0000282019   0.0000921391
        0.0000056731   0.0000300920   0.0000074430   0.0000037831   0.0000213470
       -0.0000397631  -0.0002571126  -0.0001769818   0.0000482355   0.0001594070
       -0.0000253981  -0.0000609347  -0.0000812169  -0.0000692244  -0.0003210532
       -0.0001670628   0.0014521161  -0.0001316285   0.0001534783  -0.0001143293
        0.0000647631   0.0000177775  -0.0000669711   0.0000046920   0.0001165933
       -0.0001346903  -0.0001342753   0.0497353265   0.0069824161  -0.0053772663
        0.0006634703  -0.0011040379  -0.0005777796
       -0.0000205692   0.0001092142  -0.0000321405   0.0000385680  -0.0000831949
        0.0001198426   0.0000081900  -0.0007248509   0.0000614443  -0.0027019883
        0.0000864640   0.0009927597   0.0002472017   0.0009359477  -0.0001005605
        0.0031341106  -0.0013403922  -0.0000207935   0.0019282032  -0.0202849396
        0.0010983702  -0.0008043033   0.0010829114  -0.0000966735  -0.0002137862
        0.0000800095   0.0000378895  -0.0059297847  -0.3093399142   0.0189768929
       -0.0029750458  -0.0169158222   0.0016802703   0.0000959773   0.0002187458
        0.0000094565  -0.0000169594  -0.0001192813  -0.0000331830   0.0000208628
       -0.0000058165   0.0000238747   0.0000119832  -0.0001477562   0.0000626253
        0.0000161010   0.0000459792   0.0000252194  -0.0000191678   0.0000302768
       -0.0000348587  -0.0001069145  -0.0000657702  -0.0000105162   0.0000807941
       -0.0000244594  -0.0000529510  -0.0000367104   0.0001580893  -0.0001072391
       -0.0001101340  -0.0009095784   0.0000370125  -0.0001791508   0.0000836721
       -0.0000691386  -0.0000993077   0.0001057800   0.0000053961  -0.0001371689
        0.0000842643   0.0001353173   0.0069824161   0.3461594445  -0.0223098266
        0.0007865832   0.0007809770  -0.0003984900
        0.0000036189   0.0002350539  -0.0001610747   0.0000758238  -0.0000047596
       -0.0002000028  -0.0000890849   0.0000679879   0.0001002314   0.0026061820
        0.0009739178   0.0080497648  -0.0000581685  -0.0000238333  -0.0001016286
        0.0018748987   0.0001400258   0.0067635011   0.0004168983  -0.0034745073
        0.0027751987  -0.0007630276  -0.0001879637  -0.0029309769   0.0000557427
       -0.0000066208   0.0002030895   0.0017010485   0.0189855222  -0.0355635733
        0.0007998542   0.0060678778  -0.0003883154  -0.0000085078   0.0001756036
       -0.0004342577  -0.0000318485  -0.0002771477   0.0005021284  -0.0000311858
       -0.0000810389   0.0000080652  -0.0000492220  -0.0000873888   0.0000054158
       -0.0000056630   0.0000558438  -0.0000085967   0.0000266066   0.0000056567
        0.0000946055  -0.0000112127   0.0000912766  -0.0001136361  -0.0000442545
        0.0000211451   0.0000280590  -0.0003181202  -0.0001113122  -0.0018236914
       -0.0000564211  -0.0002175027  -0.0005288052  -0.0000458883   0.0000107763
       -0.0000937188  -0.0000004096   0.0000147648   0.0000980561  -0.0000074281
        0.0000588608  -0.0000768798  -0.0053772663  -0.0223098266   0.0264211433
       -0.0006629650  -0.0001224115  -0.0026241012
       -0.0005376230   0.0001762400  -0.0002877586  -0.0000540669  -0.0002478140
        0.0001988945   0.0007836674  -0.0013014643  -0.0004513815   0.0003702379
        0.0022962600   0.0000826092   0.0005531016  -0.0004751254   0.0012265216
        0.0004486116  -0.0002479484  -0.0001234863  -0.0037164176  -0.0032933054
        0.0023591220   0.0005358884   0.0013259552  -0.0001672672  -0.0006126187
        0.0001140769   0.0000729845  -0.0226787360   0.0102144436   0.0034762657
       -0.2326121963   0.1199802954   0.0263632706   0.0008510213   0.0002108046
        0.0006777193   0.0006184144  -0.0007919227  -0.0006483377   0.0000375853
       -0.0001743270  -0.0001202714   0.0002415810   0.0001596160   0.0003745817
       -0.0000681986   0.0000586370   0.0000283312  -0.0001242342  -0.0000824163
       -0.0001201841  -0.0001823002  -0.0001910356   0.0000081740   0.0002526637
       -0.0005422352   0.0002353888   0.0001394722  -0.0004328759  -0.0000845049
        0.0000849102  -0.0002107967  -0.0003166688   0.0000321506  -0.0001108755
        0.0000063494  -0.0000037002   0.0000165013  -0.0000156116   0.0000088849
       -0.0001139807  -0.0000687732   0.0006634703   0.0007865832  -0.0006629650
        0.2549684311  -0.1271232899  -0.0320430022
        0.0003272244  -0.0002865064  -0.0000284452  -0.0000189089  -0.0003092493
       -0.0001193871   0.0012267192   0.0008330843  -0.0006242029   0.0229833895
       -0.0180719406  -0.0030010360   0.0001888324  -0.0055013396   0.0009035814
       -0.0006673728  -0.0002848835   0.0001371071  -0.0019309552  -0.0003492624
        0.0008922600  -0.0013124628   0.0001385822   0.0003006475  -0.0001316567
       -0.0002116911  -0.0000077626  -0.0108055690   0.0069125918   0.0014649904
        0.1196203980  -0.1168349195  -0.0153004472  -0.0001879643  -0.0020762136
       -0.0003380510  -0.0012007160   0.0008591354  -0.0003417803  -0.0000311359
        0.0001218750   0.0000433339   0.0000964046  -0.0001346418  -0.0005966341
        0.0000266575   0.0000502128   0.0002158209   0.0000331524   0.0000610700
        0.0000892683   0.0000470086   0.0004547319   0.0000339648  -0.0009601779
       -0.0006330411   0.0006915106   0.0011825021  -0.0008350173  -0.0001741265
       -0.0001711428   0.0000847980  -0.0000459384  -0.0000135236  -0.0000017379
        0.0000006566  -0.0000719193   0.0000039804  -0.0000200071  -0.0000014556
       -0.0000444490   0.0000442859  -0.0011040379   0.0007809770  -0.0001224115
       -0.1271232899   0.1352738542   0.0159028027
        0.0000790897   0.0002139969  -0.0003912346  -0.0003067973  -0.0005004160
       -0.0000110175  -0.0009288718  -0.0000235605  -0.0018683376  -0.0008854482
        0.0010160492   0.0016584148   0.0011150747   0.0008680407   0.0067297674
       -0.0000001739   0.0000479546  -0.0001670476   0.0024128189   0.0011701643
        0.0081987740   0.0000875924  -0.0002478788  -0.0000297135   0.0000745428
       -0.0000123756  -0.0002030540   0.0051676766  -0.0022380444  -0.0001749175
        0.0261785590  -0.0154390186  -0.0395594695   0.0004080293  -0.0001423494
       -0.0018545193  -0.0007103845  -0.0003172721   0.0004041175  -0.0000769288
       -0.0000597305  -0.0000137402  -0.0000005675  -0.0004257729  -0.0003239082
       -0.0000526909   0.0001002275  -0.0001006713  -0.0000518941  -0.0000170418
       -0.0000611832   0.0001446482   0.0001779680  -0.0001217169   0.0004339438
        0.0002718726   0.0000164270  -0.0001474343   0.0000647129  -0.0001741272
       -0.0003006507  -0.0000777650  -0.0016611502  -0.0000204047  -0.0000138317
       -0.0001073583   0.0000049383   0.0000083352   0.0000276040  -0.0000038851
        0.0000714227  -0.0001095713  -0.0005777796  -0.0003984900  -0.0026241012
       -0.0320430022   0.0159028027   0.0325217344
