$coord
         -0.123377153621          0.838814950212          1.084730056239     n 
          0.812997535457         -1.524297768200          0.037688877447     c 
          3.671444495555         -1.827363426577          0.320961532436     c 
          5.116969240704          0.145858485680         -1.076195203853     c 
          6.831970318793          1.604855032886         -0.009486177089     c 
         -6.249054680846          0.256739925106         -0.248166357715     cl
          0.343067252361          0.939691984308          2.941024242992     h 
         -3.791485363713          0.501009020871          0.292321130352     h 
          0.782582477184          2.307539146712          0.249433374745     h 
          0.285743402504         -1.621194255021         -1.963915674116     h 
         -0.188250462425         -3.098459930988          0.946550114795     h 
          4.271351204131         -3.705779765177         -0.320819708126     h 
          4.167082934365         -1.749748081201          2.330381044529     h 
          4.699975426382          0.370588583682         -3.058348970249     h 
          7.280610353703          1.428490588768          1.959413733878     h 
          7.840855759373          3.018330622710         -1.057235439406     h 
$end
