$hessian                                                                        
        0.5185670903   0.0078679049  -0.0540560593  -0.1140729540   0.0014212383
       -0.0473911049  -0.0066794112  -0.0071093998  -0.0108293765   0.0002046545
        0.0004707460   0.0002879340   0.0000196521   0.0001724028  -0.0001328258
       -0.0003901537   0.0000578935  -0.0002212054  -0.0096780167   0.0084267570
        0.0037516622  -0.2164271630   0.1066119170   0.0429684192  -0.0614526430
       -0.0720871274  -0.0118350803  -0.0900365316  -0.0435464553   0.0983585567
       -0.0243375212   0.0001124559  -0.0265248295   0.0056255468   0.0001529565
        0.0044327028  -0.0005540391  -0.0019767436   0.0001471106   0.0006455444
        0.0007423176   0.0012901437  -0.0000907308  -0.0001413080  -0.0001807550
       -0.0011171470  -0.0010151683  -0.0007151035  -0.0000537010   0.0001217147
       -0.0000373704  -0.0000766042  -0.0000681401   0.0002080746   0.0000557546
       -0.0001846265   0.0004914387  -0.0002874738  -0.0000641488   0.0001781042
        0.0001358476   0.0000348137  -0.0001904360
        0.0078679049   0.5884799607  -0.0130902867  -0.0037790482  -0.0689953204
       -0.0023441048  -0.0193705229  -0.0062630826  -0.0241872717  -0.0001205352
        0.0009147628   0.0003730646   0.0001059137  -0.0003947750  -0.0000737661
        0.0001252821   0.0000027651  -0.0000281907   0.0065646307  -0.0035587375
       -0.0020666793   0.1097261679  -0.1079439668  -0.0258627197  -0.0678709942
       -0.3140062672  -0.0443581851  -0.0458819421  -0.0855950979   0.0942317415
        0.0094714709   0.0010299071   0.0111263524   0.0077041321   0.0006484178
        0.0092617393  -0.0018558637  -0.0058983755  -0.0018287701  -0.0011804744
        0.0016604897   0.0000330614  -0.0000535129   0.0002677745  -0.0003115490
       -0.0012074158  -0.0011799401  -0.0008109908  -0.0001677609   0.0001447017
        0.0000707257  -0.0001560635   0.0002132978   0.0000267038  -0.0000099713
        0.0000369053  -0.0002852681   0.0001078335   0.0002609597  -0.0000756151
       -0.0000192307   0.0001756209   0.0002000084
       -0.0540560593  -0.0130902867   0.5168985916  -0.0500631859   0.0040744805
       -0.1268993299  -0.0088366126  -0.0092329439  -0.0104822974   0.0003958784
        0.0003275479  -0.0017073051  -0.0000243595   0.0001069687   0.0000527123
       -0.0000214983  -0.0000063567  -0.0000683264   0.0022381130  -0.0014024827
        0.0006856392   0.0459051074  -0.0273373128  -0.0508308563  -0.0107130903
       -0.0418614589  -0.0523594372   0.0976090311   0.0881631296  -0.2516411545
       -0.0028282112   0.0007891758   0.0000414371  -0.0198703789  -0.0002551126
       -0.0276392148  -0.0010067591  -0.0028468669   0.0007235884  -0.0002343687
        0.0011241111   0.0005172991   0.0001339614   0.0001592169   0.0000660460
        0.0012780695   0.0014122346   0.0015766463   0.0001714630   0.0002127485
        0.0001367586  -0.0000800328  -0.0001652618   0.0001197527   0.0000001338
       -0.0001047700   0.0002662846  -0.0000204514  -0.0000418062   0.0002479518
        0.0000232505  -0.0000249544   0.0002952136
       -0.1140729540  -0.0037790482  -0.0500631859   0.4885380574  -0.0322690292
       -0.0545855892  -0.0690800236  -0.0165451114   0.0008607187  -0.0038376838
       -0.0165513279  -0.0006133449  -0.0005547677  -0.0004737717   0.0003967071
       -0.0000707593   0.0004686478  -0.0004850696   0.0005186060  -0.0008838043
       -0.0004416451  -0.0170795391   0.0008308464  -0.0152678835  -0.0049753469
       -0.0024470591  -0.0055974774   0.0088658044   0.0031381627   0.0041727595
       -0.2030059319   0.0971394407   0.0496237501  -0.0827215319  -0.0378469996
        0.0731814398  -0.0028343949  -0.0131855163  -0.0054587847   0.0033450167
        0.0242939081   0.0049377404  -0.0011161060  -0.0013382295   0.0014234568
        0.0004863524  -0.0004013808  -0.0014935791  -0.0001121137  -0.0000626355
       -0.0000783991  -0.0002385707   0.0003007120  -0.0001797955  -0.0019099327
       -0.0003062276  -0.0003404572   0.0001266585  -0.0001199647   0.0000698057
       -0.0002708390   0.0000383881  -0.0000611669
        0.0014212383  -0.0689953204   0.0040744805  -0.0322690292   0.4748185787
       -0.0325266542  -0.0153806231  -0.1760770291  -0.0209226929  -0.0065345054
       -0.0192950368   0.0044020453   0.0004325854  -0.0000198167  -0.0001556062
       -0.0005693792  -0.0000233592  -0.0000019869  -0.0001805631  -0.0007399579
       -0.0003515023   0.0068653543   0.0027709840   0.0099272087  -0.0159175779
       -0.0020627288  -0.0188966664   0.0075410284   0.0018075742   0.0079121046
        0.0964363181  -0.0984484179  -0.0241480472  -0.0384832711  -0.0862585303
        0.0794321821  -0.0005897786  -0.0033253704  -0.0021071831   0.0003904466
       -0.0230647766  -0.0071007951  -0.0026346808  -0.0016026226   0.0018690809
       -0.0000628722   0.0006066455  -0.0014432193  -0.0000375718  -0.0000226534
       -0.0001204337  -0.0001230611  -0.0000056565  -0.0001604273  -0.0000828729
        0.0001977856   0.0005562713  -0.0002336536  -0.0001248437   0.0001107005
        0.0000124689  -0.0001354477  -0.0003488593
       -0.0473911049  -0.0023441048  -0.1268993299  -0.0545855892  -0.0325266542
        0.4674261390  -0.0011472240  -0.0197672675  -0.0657020469   0.0022717854
        0.0182564780   0.0038735775   0.0001472502   0.0002222369  -0.0005782368
        0.0000077689   0.0000904861   0.0000038020   0.0012268243  -0.0013788244
       -0.0013504863  -0.0046267703   0.0046770462   0.0049946310  -0.0039985570
       -0.0031532748  -0.0042266145  -0.0133297332   0.0008437315  -0.0224873515
        0.0438635627  -0.0235258349  -0.0551761901   0.0794737422   0.0822669375
       -0.1877318541  -0.0042394784  -0.0223511987  -0.0086085153   0.0000249776
       -0.0043860066  -0.0013993901   0.0025670775   0.0028826737  -0.0026118829
       -0.0002409933   0.0003453434   0.0000996283  -0.0001381232  -0.0000056252
       -0.0002069972   0.0003925528  -0.0001307196  -0.0000170004  -0.0004045025
        0.0000754301   0.0002183267  -0.0000334623   0.0000284666   0.0002473751
        0.0001599965  -0.0001193191   0.0001324163
       -0.0066794112  -0.0193705229  -0.0088366126  -0.0690800236  -0.0153806231
       -0.0011472240   0.5014812699  -0.0221903523   0.0187934956  -0.1015825465
       -0.0292823232   0.0455619036  -0.0216866821  -0.0133135982   0.0189315152
        0.0012630601  -0.0006814230   0.0000391497  -0.0002852771   0.0002121127
        0.0000556293   0.0008317590  -0.0006435208   0.0000469243  -0.0022895189
       -0.0005879890  -0.0032862629   0.0000211967   0.0001220467   0.0005689000
        0.0043676066   0.0227692527   0.0053882140  -0.0029092071  -0.0145723102
       -0.0009367790  -0.0882160923  -0.0054550452  -0.0910440730  -0.2138905556
        0.0971306241   0.0170210271   0.0010416682   0.0000517385  -0.0010973970
        0.0025449105   0.0011040225  -0.0006963832   0.0011086957   0.0000931809
        0.0010405528  -0.0060105336  -0.0001329301  -0.0004453838  -0.0000857687
        0.0001856120   0.0000119858   0.0002079748  -0.0001284094  -0.0000665800
       -0.0001525247   0.0000704574   0.0000973981
       -0.0071093998  -0.0062630826  -0.0092329439  -0.0165451114  -0.1760770291
       -0.0197672675  -0.0221903523   0.4557687059   0.0109452244  -0.0273575918
       -0.0864945303   0.0340662478  -0.0026480587   0.0010359032  -0.0008258826
       -0.0002769873   0.0000271988   0.0000130744  -0.0003174956  -0.0001373145
        0.0001303526   0.0002582573   0.0015808338   0.0000773945  -0.0004027575
        0.0006590588  -0.0004937550  -0.0003616100   0.0004383783   0.0001546625
        0.0000730897  -0.0203760211  -0.0058072131  -0.0049980738  -0.0166955045
       -0.0005723893  -0.0076572947  -0.0442194722  -0.0144059568   0.0985622856
       -0.0977674207  -0.0096424669  -0.0145357704  -0.0159122161   0.0203429062
        0.0046519775   0.0037260240  -0.0053204914   0.0001902510   0.0000937412
        0.0003371000   0.0003461528   0.0008658676   0.0000005525   0.0003303610
       -0.0000363454   0.0001580750  -0.0000262625  -0.0001364653   0.0000211183
        0.0000143910  -0.0000803097  -0.0001783417
       -0.0108293765  -0.0241872717  -0.0104822974   0.0008607187  -0.0209226929
       -0.0657020469   0.0187934956   0.0109452244   0.4940594667   0.0450820364
        0.0355630234  -0.1241815812   0.0036596025  -0.0016131128   0.0016346815
       -0.0001832483   0.0000978506  -0.0001573588  -0.0002230323   0.0000342873
        0.0002564447   0.0007780866   0.0001134252   0.0003440696  -0.0032458637
       -0.0009536407  -0.0041120894  -0.0001217719  -0.0003443784   0.0004231394
        0.0000166292  -0.0090956341  -0.0010440464   0.0036401426   0.0194540511
        0.0030637711  -0.0910714042  -0.0125353286  -0.2219881429   0.0172749154
       -0.0112307287  -0.0464643089   0.0025698470   0.0026419401  -0.0019392641
        0.0153294055   0.0127627620  -0.0248654026  -0.0012064560  -0.0007056520
        0.0010268063  -0.0010335031  -0.0001454608   0.0005626119  -0.0000824228
        0.0000387021   0.0001371090  -0.0000897316  -0.0000570604  -0.0001167411
        0.0000819308   0.0001396948  -0.0004548205
        0.0002046545  -0.0001205352   0.0003958784  -0.0038376838  -0.0065345054
        0.0022717854  -0.1015825465  -0.0273575918   0.0450820364   0.4460594937
       -0.0098227316   0.0127279714  -0.1795873013   0.0039907959  -0.0246962220
       -0.0153697126   0.0076710199  -0.0021894009  -0.0000029641  -0.0000974852
       -0.0000275329   0.0001610974   0.0000975298  -0.0000781720   0.0001420472
        0.0001939274   0.0000716042  -0.0001219890   0.0001682000   0.0003607019
        0.0005662733   0.0006819340  -0.0003106338   0.0007437112  -0.0002463830
       -0.0001647252   0.0057332357   0.0037710134  -0.0053506854  -0.0171448239
       -0.0098086042   0.0193815675  -0.0562503599   0.0536126015  -0.0036813154
       -0.0491995097  -0.0141990989  -0.0369839029  -0.0114109583  -0.0010404486
       -0.0053800343  -0.0202030408  -0.0016198129  -0.0015275717   0.0002963279
       -0.0005235673   0.0002295052  -0.0001368629   0.0021819141  -0.0000399912
        0.0009409118  -0.0009981720  -0.0000908626
        0.0004707460   0.0009147628   0.0003275479  -0.0165513279  -0.0192950368
        0.0182564780  -0.0292823232  -0.0864945303   0.0355630234  -0.0098227316
        0.5030400819   0.0167515793   0.0069467997  -0.0657681765   0.0003985289
        0.0272586843  -0.0039095921   0.0042070950   0.0002524074   0.0000675901
        0.0000238144   0.0000236862  -0.0003427612  -0.0000017394   0.0001284269
        0.0003274385   0.0000814810  -0.0001353929  -0.0003528947   0.0003428562
       -0.0002205559   0.0014186661   0.0005616937  -0.0019457515  -0.0054487219
       -0.0009262746   0.0000273709   0.0012887954   0.0017541179   0.0043114556
        0.0036306824  -0.0063088290   0.0558603620  -0.2497876508   0.0088824384
       -0.0149488819  -0.0756185064  -0.0758919000  -0.0111024093   0.0002925081
       -0.0029124158  -0.0149852383  -0.0002958700  -0.0018573177   0.0001447568
        0.0005303556   0.0000289104   0.0030387338  -0.0052690367   0.0001917779
        0.0005311830   0.0010718964   0.0005271342
        0.0002879340   0.0003730646  -0.0017073051  -0.0006133449   0.0044020453
        0.0038735775   0.0455619036   0.0340662478  -0.1241815812   0.0127279714
        0.0167515793   0.4932851580  -0.0258037235   0.0009435713  -0.0711486403
       -0.0009267244   0.0006600101   0.0000736675  -0.0001597574   0.0000043008
       -0.0002794936  -0.0000188930  -0.0000349759   0.0003172693  -0.0003495517
       -0.0002176669   0.0000737780  -0.0019869286  -0.0017550485   0.0004475615
       -0.0001949083  -0.0001360991   0.0004012773  -0.0000285808  -0.0013317522
        0.0005990547   0.0141948040   0.0118174854  -0.0244216396   0.0042435533
        0.0023760888  -0.0026840596  -0.0035861235   0.0079076154  -0.0460890579
       -0.0362504242  -0.0756751882  -0.2231399719  -0.0278817406  -0.0006551156
       -0.0086478778   0.0197222766   0.0009441229   0.0025827247  -0.0001880907
        0.0001353512  -0.0001753366   0.0001670067  -0.0001906161   0.0004054868
        0.0010833420  -0.0003850204   0.0004154082
        0.0000196521   0.0001059137  -0.0000243595  -0.0005547677   0.0004325854
        0.0001472502  -0.0216866821  -0.0026480587   0.0036596025  -0.1795873013
        0.0069467997  -0.0258037235   0.4620529911   0.0141762882  -0.0061949692
       -0.0809148087   0.0435996756   0.0015078596   0.0001162775   0.0000988104
        0.0000014936  -0.0000626298   0.0001548834   0.0000519942  -0.0001146085
        0.0000282093   0.0000565897  -0.0002054868  -0.0001241648  -0.0001090967
        0.0004089101  -0.0001214676  -0.0000285608   0.0001879966  -0.0000337183
        0.0000629815   0.0010973437   0.0005654731  -0.0013298894  -0.0015626124
       -0.0015797657   0.0015157655  -0.0133106799   0.0040128722  -0.0030738418
       -0.0112227204  -0.0009421303  -0.0057778954  -0.0519495173  -0.0183956300
       -0.0359531819  -0.0951954805  -0.0595455190   0.0710056546   0.0043021345
       -0.0100448031  -0.0005475357  -0.0138291460   0.0282736108   0.0002902027
        0.0020111358  -0.0049598644   0.0005436597
        0.0001724028  -0.0003947750   0.0001069687  -0.0004737717  -0.0000198167
        0.0002222369  -0.0133135982   0.0010359032  -0.0016131128   0.0039907959
       -0.0657681765   0.0009435713   0.0141762882   0.4925132832   0.0015469001
        0.0452563204  -0.1886714300  -0.0029814081   0.0001407118   0.0000078349
       -0.0000840424  -0.0002416381  -0.0001893404   0.0000636219  -0.0000854079
       -0.0001193420   0.0000478323   0.0000139566   0.0001925440  -0.0000893521
       -0.0000899336  -0.0005987855   0.0000151338   0.0000544551  -0.0002559769
        0.0000949879   0.0003858627   0.0007522442  -0.0004949540  -0.0012518618
       -0.0002068665   0.0012030911   0.0279873459  -0.0048866768   0.0065636719
       -0.0120816015   0.0006606425  -0.0043097434  -0.0182640893  -0.0812948911
       -0.0793315476  -0.0598587439  -0.1106849778   0.0794431225   0.0051214441
       -0.0215982317   0.0031845111   0.0031234413  -0.0023636735   0.0004283117
        0.0052376212  -0.0181094916  -0.0049598010
       -0.0001328258  -0.0000737661   0.0000527123   0.0003967071  -0.0001556062
       -0.0005782368   0.0189315152  -0.0008258826   0.0016346815  -0.0246962220
        0.0003985289  -0.0711486403  -0.0061949692   0.0015469001   0.5147032712
        0.0015820652  -0.0030015086  -0.0674153131   0.0001416250   0.0000168904
        0.0000976710  -0.0001084884  -0.0000215530  -0.0001539354  -0.0000421921
       -0.0000088307  -0.0001139233   0.0002348729   0.0004646133  -0.0000825215
       -0.0000970554  -0.0001076778  -0.0001482609  -0.0000012687   0.0001005843
       -0.0001411885   0.0016390372   0.0001442448   0.0010199445   0.0028548180
        0.0015774099  -0.0022584385  -0.0011845322   0.0002271619   0.0005696999
       -0.0282843371   0.0004773560  -0.0089310108  -0.0357722784  -0.0791150861
       -0.2190178902   0.0709817084   0.0799018579  -0.1452349935  -0.0074974027
        0.0224087151  -0.0003724543  -0.0013806306   0.0027829791   0.0001927938
        0.0086298536  -0.0267373307  -0.0026739674
       -0.0003901537   0.0001252821  -0.0000214983  -0.0000707593  -0.0005693792
        0.0000077689   0.0012630601  -0.0002769873  -0.0001832483  -0.0153697126
        0.0272586843  -0.0009267244  -0.0809148087   0.0452563204   0.0015820652
        0.5032777240   0.0131045233   0.0016265920  -0.0001739390  -0.0000912421
        0.0000542422   0.0001948306  -0.0002069199  -0.0001353223   0.0000826482
        0.0000533480   0.0000117912   0.0000576760  -0.0000041173   0.0001634478
       -0.0012657301   0.0002118700   0.0000222510  -0.0003137053   0.0001447587
        0.0000429359  -0.0002272049  -0.0000328782   0.0000242196   0.0001136553
       -0.0001017427  -0.0000262701  -0.0059227571   0.0014481335  -0.0012277265
        0.0010531068   0.0003770671   0.0008673090   0.0018067765  -0.0026427975
        0.0003427238   0.0040347627  -0.0105895486  -0.0003262996  -0.0758651983
       -0.0466869307   0.0645813729  -0.2741997178  -0.0022202700  -0.0203561802
       -0.0571705534  -0.0245571738  -0.0461234498
        0.0000578935   0.0000027651  -0.0000063567   0.0004686478  -0.0000233592
        0.0000904861  -0.0006814230   0.0000271988   0.0000978506   0.0076710199
       -0.0039095921   0.0006600101   0.0435996756  -0.1886714300  -0.0030015086
        0.0131045233   0.4751303991  -0.0024471742   0.0000913178   0.0001698191
       -0.0000267534  -0.0000725692  -0.0003233489  -0.0000195601  -0.0000161821
        0.0000038766   0.0000259881  -0.0000458936   0.0000474633   0.0000723403
       -0.0006726104  -0.0002380471  -0.0002226714  -0.0001104614  -0.0000156235
       -0.0000147956  -0.0000099908   0.0001980767   0.0000114160   0.0000629272
       -0.0000002372   0.0000069588   0.0004648281   0.0007663792  -0.0000724195
       -0.0010548976   0.0007905174  -0.0001400863   0.0052466549  -0.0174911961
       -0.0037277297   0.0057191959  -0.0227871758   0.0026156760  -0.0464106900
       -0.1105004070   0.0937428389  -0.0032069166  -0.0437938273  -0.0004474989
       -0.0242050492  -0.0893822513  -0.0871970106
       -0.0002212054  -0.0000281907  -0.0000683264  -0.0004850696  -0.0000019869
        0.0000038020   0.0000391497   0.0000130744  -0.0001573588  -0.0021894009
        0.0042070950   0.0000736675   0.0015078596  -0.0029814081  -0.0674153131
        0.0016265920  -0.0024471742   0.5114654085   0.0000215769  -0.0000219540
        0.0001180888  -0.0000821269  -0.0000018590  -0.0004166775  -0.0000614328
       -0.0000451130   0.0002068504  -0.0002192211  -0.0000816659   0.0000631117
        0.0006540757   0.0001977106   0.0010699095   0.0000785598   0.0002100580
        0.0000164131   0.0001813261  -0.0000995681  -0.0001216708   0.0000122643
        0.0000277568  -0.0000670364  -0.0013831957   0.0002102612   0.0002543841
       -0.0002795591   0.0007775299   0.0003026010   0.0084102712  -0.0266033588
       -0.0026842822  -0.0057517319   0.0213858125  -0.0003806103   0.0644780617
        0.0938156637  -0.1778956081  -0.0207121684  -0.0003538466  -0.0478678793
       -0.0456246251  -0.0881788369  -0.2164994739
       -0.0096780167   0.0065646307   0.0022381130   0.0005186060  -0.0001805631
        0.0012268243  -0.0002852771  -0.0003174956  -0.0002230323  -0.0000029641
        0.0002524074  -0.0001597574   0.0001162775   0.0001407118   0.0001416250
       -0.0001739390   0.0000913178   0.0000215769  -0.0030496702   0.0052197455
        0.0022007231   0.0125174134  -0.0123195923  -0.0051369742  -0.0005829339
       -0.0008091355  -0.0002662066   0.0004131912   0.0000152850  -0.0010767685
       -0.0001836832   0.0002791262  -0.0000626866   0.0003060803  -0.0003112811
        0.0001680412  -0.0002419044   0.0001055245  -0.0000805628   0.0006317085
        0.0006205235   0.0008129306  -0.0000702480   0.0000549009   0.0000353160
        0.0000734513  -0.0000600567  -0.0002274822  -0.0001733128   0.0001510474
       -0.0000485916  -0.0002721826   0.0000937671   0.0001716203   0.0001430996
        0.0000475697   0.0001647861  -0.0001874275   0.0002513640   0.0000877303
        0.0001817316   0.0001102026   0.0000127751
        0.0084267570  -0.0035587375  -0.0014024827  -0.0008838043  -0.0007399579
       -0.0013788244   0.0002121127  -0.0001373145   0.0000342873  -0.0000974852
        0.0000675901   0.0000043008   0.0000988104   0.0000078349   0.0000168904
       -0.0000912421   0.0001698191  -0.0000219540   0.0052197455   0.0000370224
       -0.0019047761  -0.0129619995   0.0037350813   0.0036646365  -0.0000377389
        0.0005547699   0.0002656604  -0.0001882944  -0.0008385782   0.0003879880
        0.0003957363   0.0000270365   0.0001572944  -0.0000163312   0.0000623684
       -0.0003070811   0.0000071317  -0.0001328324   0.0001228249   0.0001444937
       -0.0008425285   0.0001587597  -0.0001293962   0.0002640799   0.0001065542
       -0.0000673953   0.0000066879   0.0001613217  -0.0001798670   0.0001599234
        0.0001714434  -0.0001764994   0.0003756393   0.0000302801   0.0000979791
        0.0001424673  -0.0001862947   0.0001644700   0.0003796224  -0.0000688191
        0.0000628171   0.0002600063  -0.0000120097
        0.0037516622  -0.0020666793   0.0006856392  -0.0004416451  -0.0003515023
       -0.0013504863   0.0000556293   0.0001303526   0.0002564447  -0.0000275329
        0.0000238144  -0.0002794936   0.0000014936  -0.0000840424   0.0000976710
        0.0000542422  -0.0000267534   0.0001180888   0.0022007231  -0.0019047761
        0.0029582405  -0.0055260374   0.0037257287  -0.0033953655   0.0001368047
        0.0001781483  -0.0002352466  -0.0005037129  -0.0001899119   0.0000654589
       -0.0000025059   0.0002076057   0.0006132786  -0.0000406896  -0.0001174109
        0.0003853488  -0.0000484542   0.0003451570   0.0000182214   0.0003071467
        0.0004138590  -0.0009849741   0.0000819795  -0.0001754756  -0.0005299591
        0.0000392491  -0.0000808578   0.0001278957  -0.0000424630   0.0001852422
        0.0000567812   0.0000181412  -0.0001542030   0.0000466525  -0.0000869278
        0.0000653537   0.0003725505   0.0000001313  -0.0000128647   0.0005511251
        0.0000727658  -0.0001107844   0.0004221282
       -0.2164271630   0.1097261679   0.0459051074  -0.0170795391   0.0068653543
       -0.0046267703   0.0008317590   0.0002582573   0.0007780866   0.0001610974
        0.0000236862  -0.0000188930  -0.0000626298  -0.0002416381  -0.0001084884
        0.0001948306  -0.0000725692  -0.0000821269   0.0125174134  -0.0129619995
       -0.0055260374   0.2223685596  -0.1075217612  -0.0432004196   0.0078110229
        0.0013536394   0.0001026175  -0.0113258400   0.0042207672   0.0091974595
       -0.0009806638  -0.0000817135  -0.0023052674   0.0004001615  -0.0001925532
        0.0002514560   0.0007501728   0.0000121501   0.0003211533   0.0005725928
       -0.0008306743  -0.0006718715   0.0001625701   0.0001791004  -0.0000888675
       -0.0002541614  -0.0000378397   0.0005472887   0.0002490338  -0.0001292224
        0.0001151993   0.0002846624  -0.0000915548  -0.0002516466  -0.0001798818
       -0.0000777426  -0.0001857672   0.0002324174  -0.0003004115  -0.0001334861
       -0.0002264148  -0.0000994428  -0.0000187262
        0.1066119170  -0.1079439668  -0.0273373128   0.0008308464   0.0027709840
        0.0046770462  -0.0006435208   0.0015808338   0.0001134252   0.0000975298
       -0.0003427612  -0.0000349759   0.0001548834  -0.0001893404  -0.0000215530
       -0.0002069199  -0.0003233489  -0.0000018590  -0.0123195923   0.0037350813
        0.0037257287  -0.1075217612   0.1110847836   0.0267916383   0.0208225535
       -0.0181893467  -0.0070993741  -0.0069453602   0.0087458091   0.0007887927
       -0.0011814599   0.0006700921  -0.0008637029   0.0001711306   0.0005520621
        0.0004159281  -0.0002028375  -0.0000572693  -0.0001726015   0.0001460983
       -0.0000869753  -0.0006590298   0.0000846844  -0.0004509020  -0.0002209514
       -0.0000280659  -0.0000669066  -0.0001463555   0.0001175395  -0.0001404410
       -0.0002354038   0.0001267457  -0.0003480638  -0.0000845179  -0.0000389841
       -0.0002275891   0.0002353570  -0.0000792571  -0.0003880983   0.0000891256
        0.0000038304  -0.0003846366   0.0000405958
        0.0429684192  -0.0258627197  -0.0508308563  -0.0152678835   0.0099272087
        0.0049946310   0.0000469243   0.0000773945   0.0003440696  -0.0000781720
       -0.0000017394   0.0003172693   0.0000519942   0.0000636219  -0.0001539354
       -0.0001353223  -0.0000195601  -0.0004166775  -0.0051369742   0.0036646365
       -0.0033953655  -0.0432004196   0.0267916383   0.0584407070   0.0031801695
       -0.0036985737   0.0014766937   0.0215206462  -0.0098841277  -0.0062040405
       -0.0034954742  -0.0002817493  -0.0036706291  -0.0006639638   0.0003337038
       -0.0003209402   0.0000343798  -0.0003733499   0.0001399995   0.0001029151
       -0.0011017708   0.0004881446   0.0000746543   0.0001383501   0.0005330095
        0.0000472078   0.0002607572  -0.0001837039   0.0000762640  -0.0002363674
        0.0000206731  -0.0000742060   0.0001900816   0.0000987529   0.0001157393
       -0.0001650482  -0.0004945714  -0.0000287882  -0.0000142552  -0.0005560004
       -0.0001381101   0.0001918688  -0.0006272298
       -0.0614526430  -0.0678709942  -0.0107130903  -0.0049753469  -0.0159175779
       -0.0039985570  -0.0022895189  -0.0004027575  -0.0032458637   0.0001420472
        0.0001284269  -0.0003495517  -0.0001146085  -0.0000854079  -0.0000421921
        0.0000826482  -0.0000161821  -0.0000614328  -0.0005829339  -0.0000377389
        0.0001368047   0.0078110229   0.0208225535   0.0031801695   0.0630578185
        0.0790183024   0.0142242145  -0.0020678305  -0.0146239779   0.0007750388
       -0.0005027374  -0.0005097778  -0.0002502946   0.0006727315   0.0000028002
        0.0002643330  -0.0000098349  -0.0009506496  -0.0001184364   0.0000603643
        0.0003558225   0.0000791401   0.0000553441   0.0001868711   0.0000047076
        0.0000948795  -0.0000234775   0.0001811356   0.0000891155   0.0000251206
        0.0000437378   0.0000622932  -0.0000194048  -0.0000611412  -0.0000558055
       -0.0000292644  -0.0001098231   0.0000440225  -0.0000345742  -0.0000425580
       -0.0001210279  -0.0000181126   0.0001036593
       -0.0720871274  -0.3140062672  -0.0418614589  -0.0024470591  -0.0020627288
       -0.0031532748  -0.0005879890   0.0006590588  -0.0009536407   0.0001939274
        0.0003274385  -0.0002176669   0.0000282093  -0.0001193420  -0.0000088307
        0.0000533480   0.0000038766  -0.0000451130  -0.0008091355   0.0005547699
        0.0001781483   0.0013536394  -0.0181893467  -0.0036985737   0.0790183024
        0.3463909417   0.0469422481  -0.0053312733  -0.0149404121   0.0016719670
        0.0005131987   0.0003790748   0.0005252971   0.0004398372   0.0006436850
        0.0006816889  -0.0001393287  -0.0000857689   0.0001702537  -0.0002699897
        0.0003778586  -0.0000044910   0.0000119871   0.0001272812  -0.0001417591
        0.0000587457  -0.0001054105  -0.0000645772  -0.0000206058   0.0000574385
       -0.0000208472  -0.0000010942   0.0000306730  -0.0000962324  -0.0000250107
       -0.0000174287  -0.0000006356   0.0000963093   0.0000271687   0.0000463025
       -0.0000488909  -0.0000525604   0.0000511955
       -0.0118350803  -0.0443581851  -0.0523594372  -0.0055974774  -0.0188966664
       -0.0042266145  -0.0032862629  -0.0004937550  -0.0041120894   0.0000716042
        0.0000814810   0.0000737780   0.0000565897   0.0000478323  -0.0001139233
        0.0000117912   0.0000259881   0.0002068504  -0.0002662066   0.0002656604
       -0.0002352466   0.0001026175  -0.0070993741   0.0014766937   0.0142242145
        0.0469422481   0.0557302756   0.0075027253   0.0253936396   0.0037144491
       -0.0001549800  -0.0002236295   0.0002630544  -0.0003349861  -0.0008571827
       -0.0005351479  -0.0004240413  -0.0013238811  -0.0001156498  -0.0001721765
        0.0002264491   0.0001325870   0.0000561675   0.0001738413   0.0001056787
       -0.0000105583   0.0001099082   0.0000310716   0.0000466196  -0.0000353674
        0.0001360693   0.0000041089   0.0000372796   0.0001430151  -0.0000077692
       -0.0000180439  -0.0001612991   0.0000255878  -0.0000049393  -0.0000791306
       -0.0000124874   0.0000066969  -0.0000749846
       -0.0900365316  -0.0458819421   0.0976090311   0.0088658044   0.0075410284
       -0.0133297332   0.0000211967  -0.0003616100  -0.0001217719  -0.0001219890
       -0.0001353929  -0.0019869286  -0.0002054868   0.0000139566   0.0002348729
        0.0000576760  -0.0000458936  -0.0002192211   0.0004131912  -0.0001882944
       -0.0005037129  -0.0113258400  -0.0069453602   0.0215206462  -0.0020678305
       -0.0053312733   0.0075027253   0.0955979049   0.0508408377  -0.1086711764
        0.0002886215   0.0005368660  -0.0009336905  -0.0019704582  -0.0003072809
       -0.0037495487  -0.0000108730  -0.0001384832   0.0001225805   0.0000057825
        0.0000859521   0.0002066881   0.0001711588   0.0003086842   0.0004533035
        0.0003137454  -0.0000726668   0.0017012685   0.0001962770   0.0000295051
        0.0001128486  -0.0000604111  -0.0000831035  -0.0000671174  -0.0000249376
       -0.0000165093   0.0000001586   0.0001073854  -0.0000076123  -0.0000315757
       -0.0002143861   0.0001585924   0.0001503532
       -0.0435464553  -0.0855950979   0.0881631296   0.0031381627   0.0018075742
        0.0008437315   0.0001220467   0.0004383783  -0.0003443784   0.0001682000
       -0.0003528947  -0.0017550485  -0.0001241648   0.0001925440   0.0004646133
       -0.0000041173   0.0000474633  -0.0000816659   0.0000152850  -0.0008385782
       -0.0001899119   0.0042207672   0.0087458091  -0.0098841277  -0.0146239779
       -0.0149404121   0.0253936396   0.0508408377   0.0896777312  -0.1041794753
        0.0000075773   0.0002175381   0.0004237329  -0.0001708063   0.0007426522
       -0.0002792655  -0.0000771839  -0.0001298556   0.0000041215   0.0001089112
       -0.0001019314  -0.0003533360   0.0000705176  -0.0002807492   0.0001139396
       -0.0004249896   0.0006462079   0.0016144482   0.0002187031  -0.0000302000
       -0.0000178701  -0.0000655573  -0.0000726718  -0.0000743140   0.0000118899
       -0.0000824247   0.0001732028   0.0000581075  -0.0000994890   0.0000361470
        0.0000562465   0.0000084063  -0.0000713128
        0.0983585567   0.0942317415  -0.2516411545   0.0041727595   0.0079121046
       -0.0224873515   0.0005689000   0.0001546625   0.0004231394   0.0003607019
        0.0003428562   0.0004475615  -0.0001090967  -0.0000893521  -0.0000825215
        0.0001634478   0.0000723403   0.0000631117  -0.0010767685   0.0003879880
        0.0000654589   0.0091974595   0.0007887927  -0.0062040405   0.0007750388
        0.0016719670   0.0037144491  -0.1086711764  -0.1041794753   0.2776155126
        0.0005873687  -0.0002188012   0.0008335243  -0.0039308609  -0.0003368987
       -0.0033466886   0.0002793891   0.0000230165   0.0003385465   0.0001202502
       -0.0001315535  -0.0002899295  -0.0000587594   0.0000498887   0.0000774398
       -0.0008809927  -0.0008138804   0.0005159570   0.0000537630  -0.0000336527
        0.0001038735   0.0001201652   0.0000700889   0.0000516725  -0.0000242826
        0.0000596051  -0.0002565956   0.0001336619   0.0000146953  -0.0000142835
       -0.0001395249   0.0000238668   0.0000723185
       -0.0243375212   0.0094714709  -0.0028282112  -0.2030059319   0.0964363181
        0.0438635627   0.0043676066   0.0000730897   0.0000166292   0.0005662733
       -0.0002205559  -0.0001949083   0.0004089101  -0.0000899336  -0.0000970554
       -0.0012657301  -0.0006726104   0.0006540757  -0.0001836832   0.0003957363
       -0.0000025059  -0.0009806638  -0.0011814599  -0.0034954742  -0.0005027374
        0.0005131987  -0.0001549800   0.0002886215   0.0000075773   0.0005873687
        0.2424887675  -0.1097508810  -0.0475145724  -0.0148847242   0.0069542964
        0.0095859899  -0.0000732453   0.0001279286   0.0001263222   0.0005853712
       -0.0011900208  -0.0000641597  -0.0001087550  -0.0001631081   0.0000199918
        0.0000598786   0.0001122296  -0.0001266928  -0.0000382514   0.0000677377
        0.0000477502  -0.0001114910  -0.0000109057   0.0000784739  -0.0022447832
       -0.0007322072  -0.0015333697  -0.0003748459   0.0001781905   0.0000099576
       -0.0006530653  -0.0003260909   0.0010218078
        0.0001124559   0.0010299071   0.0007891758   0.0971394407  -0.0984484179
       -0.0235258349   0.0227692527  -0.0203760211  -0.0090956341   0.0006819340
        0.0014186661  -0.0001360991  -0.0001214676  -0.0005987855  -0.0001076778
        0.0002118700  -0.0002380471   0.0001977106   0.0002791262   0.0000270365
        0.0002076057  -0.0000817135   0.0006700921  -0.0002817493  -0.0005097778
        0.0003790748  -0.0002236295   0.0005368660   0.0002175381  -0.0002188012
       -0.1097508810   0.1133450450   0.0301116206  -0.0090954068   0.0066553223
        0.0037665362   0.0002205361  -0.0000176290   0.0000866334  -0.0014009950
       -0.0059672814  -0.0017000728   0.0000283594   0.0005669780   0.0000811133
        0.0001171068  -0.0000369542   0.0005302724   0.0000494486  -0.0000889355
        0.0001093604   0.0000882292   0.0000981090  -0.0000105967  -0.0011974677
        0.0006940542  -0.0010014658   0.0002969941   0.0002540628  -0.0001306677
       -0.0003739104   0.0004161856   0.0005522004
       -0.0265248295   0.0111263524   0.0000414371   0.0496237501  -0.0241480472
       -0.0551761901   0.0053882140  -0.0058072131  -0.0010440464  -0.0003106338
        0.0005616937   0.0004012773  -0.0000285608   0.0000151338  -0.0001482609
        0.0000222510  -0.0002226714   0.0010699095  -0.0000626866   0.0001572944
        0.0006132786  -0.0023052674  -0.0008637029  -0.0036706291  -0.0002502946
        0.0005252971   0.0002630544  -0.0009336905   0.0004237329   0.0008335243
       -0.0475145724   0.0301116206   0.0665565849   0.0242959557  -0.0106994682
       -0.0088495454   0.0000286019  -0.0001380192   0.0000321174  -0.0008911681
       -0.0016134687   0.0002929575  -0.0000273189   0.0001837422  -0.0000925035
       -0.0001599875   0.0001616681  -0.0001540013   0.0000176901  -0.0001229436
       -0.0000447183  -0.0000803212   0.0000848766  -0.0000225773  -0.0009521983
        0.0000415595  -0.0000444100   0.0000745079   0.0000675188  -0.0003671082
        0.0005905592   0.0001550442  -0.0004901506
        0.0056255468   0.0077041321  -0.0198703789  -0.0827215319  -0.0384832711
        0.0794737422  -0.0029092071  -0.0049980738   0.0036401426   0.0007437112
       -0.0019457515  -0.0000285808   0.0001879966   0.0000544551  -0.0000012687
       -0.0003137053  -0.0001104614   0.0000785598   0.0003060803  -0.0000163312
       -0.0000406896   0.0004001615   0.0001711306  -0.0006639638   0.0006727315
        0.0004398372  -0.0003349861  -0.0019704582  -0.0001708063  -0.0039308609
       -0.0148847242  -0.0090954068   0.0242959557   0.0950690416   0.0471928515
       -0.0822826140  -0.0000839919  -0.0006460132   0.0000251443   0.0001858506
        0.0004539613  -0.0001670925  -0.0002699559  -0.0002810038   0.0001729396
        0.0000346470   0.0000795505  -0.0004620158   0.0000185377  -0.0000633465
        0.0000669881   0.0000924206   0.0000095175  -0.0000245112  -0.0002353466
       -0.0000916098   0.0003210253  -0.0000555539  -0.0001601223   0.0000152623
        0.0001077495  -0.0000432380  -0.0002827976
        0.0001529565   0.0006484178  -0.0002551126  -0.0378469996  -0.0862585303
        0.0822669375  -0.0145723102  -0.0166955045   0.0194540511  -0.0002463830
       -0.0054487219  -0.0013317522  -0.0000337183  -0.0002559769   0.0001005843
        0.0001447587  -0.0000156235   0.0002100580  -0.0003112811   0.0000623684
       -0.0001174109  -0.0001925532   0.0005520621   0.0003337038   0.0000028002
        0.0006436850  -0.0008571827  -0.0003072809   0.0007426522  -0.0003368987
        0.0069542964   0.0066553223  -0.0106994682   0.0471928515   0.0993659450
       -0.0901867416  -0.0003669833   0.0003984494   0.0004780035  -0.0000721906
        0.0001173408   0.0004905689  -0.0007933957  -0.0006219183   0.0010232635
        0.0003417871   0.0001676587  -0.0004133597   0.0000433143  -0.0000855815
        0.0001067000  -0.0000421307   0.0000665923   0.0000000745  -0.0001166851
        0.0000592733  -0.0001962428   0.0000941673  -0.0000129226  -0.0000773855
       -0.0000250203  -0.0000849877   0.0000076098
        0.0044327028   0.0092617393  -0.0276392148   0.0731814398   0.0794321821
       -0.1877318541  -0.0009367790  -0.0005723893   0.0030637711  -0.0001647252
       -0.0009262746   0.0005990547   0.0000629815   0.0000949879  -0.0001411885
        0.0000429359  -0.0000147956   0.0000164131   0.0001680412  -0.0003070811
        0.0003853488   0.0002514560   0.0004159281  -0.0003209402   0.0002643330
        0.0006816889  -0.0005351479  -0.0037495487  -0.0002792655  -0.0033466886
        0.0095859899   0.0037665362  -0.0088495454  -0.0822826140  -0.0901867416
        0.2229385645  -0.0003985886  -0.0010780472   0.0008581368  -0.0002436216
       -0.0000822039   0.0002711155  -0.0001369421  -0.0001652202   0.0003437981
       -0.0001649221  -0.0000074607   0.0002195514   0.0000515716  -0.0000384188
        0.0001058119  -0.0000934842  -0.0000117472   0.0001163625   0.0002591723
       -0.0000149949  -0.0001702997  -0.0000533750  -0.0000109568  -0.0000979563
       -0.0000760235   0.0000425347  -0.0000850928
       -0.0005540391  -0.0018558637  -0.0010067591  -0.0028343949  -0.0005897786
       -0.0042394784  -0.0882160923  -0.0076572947  -0.0910714042   0.0057332357
        0.0000273709   0.0141948040   0.0010973437   0.0003858627   0.0016390372
       -0.0002272049  -0.0000099908   0.0001813261  -0.0002419044   0.0000071317
       -0.0000484542   0.0007501728  -0.0002028375   0.0000343798  -0.0000098349
       -0.0001393287  -0.0004240413  -0.0000108730  -0.0000771839   0.0002793891
       -0.0000732453   0.0002205361   0.0000286019  -0.0000839919  -0.0003669833
       -0.0003985886   0.1042294830   0.0095751738   0.1036869316  -0.0176365125
        0.0019335918  -0.0261720815  -0.0001480637  -0.0001436532   0.0001755589
       -0.0014137842  -0.0011575139   0.0030773450  -0.0002895485  -0.0004717191
       -0.0000005613  -0.0000181114   0.0000912823  -0.0000150295  -0.0000709573
        0.0003981755   0.0001296405  -0.0000132674   0.0000622412   0.0000608768
        0.0000315902  -0.0000292186  -0.0001114928
       -0.0019767436  -0.0058983755  -0.0028468669  -0.0131855163  -0.0033253704
       -0.0223511987  -0.0054550452  -0.0442194722  -0.0125353286   0.0037710134
        0.0012887954   0.0118174854   0.0005654731   0.0007522442   0.0001442448
       -0.0000328782   0.0001980767  -0.0000995681   0.0001055245  -0.0001328324
        0.0003451570   0.0000121501  -0.0000572693  -0.0003733499  -0.0009506496
       -0.0000857689  -0.0013238811  -0.0001384832  -0.0001298556   0.0000230165
        0.0001279286  -0.0000176290  -0.0001380192  -0.0006460132   0.0003984494
       -0.0010780472   0.0095751738   0.0517064734   0.0126875770   0.0097539757
        0.0014068484   0.0138361418  -0.0001730849  -0.0002334906   0.0004517312
       -0.0012319797  -0.0008878019   0.0016863058  -0.0004689727  -0.0001637780
       -0.0000774439   0.0000876256  -0.0000592193   0.0000624531   0.0003525002
       -0.0003002082  -0.0001933495  -0.0000854894  -0.0000792705   0.0000266514
       -0.0000065091  -0.0001605456  -0.0000637109
        0.0001471106  -0.0018287701   0.0007235884  -0.0054587847  -0.0021071831
       -0.0086085153  -0.0910440730  -0.0144059568  -0.2219881429  -0.0053506854
        0.0017541179  -0.0244216396  -0.0013298894  -0.0004949540   0.0010199445
        0.0000242196   0.0000114160  -0.0001216708  -0.0000805628   0.0001228249
        0.0000182214   0.0003211533  -0.0001726015   0.0001399995  -0.0001184364
        0.0001702537  -0.0001156498   0.0001225805   0.0000041215   0.0003385465
        0.0001263222   0.0000866334   0.0000321174   0.0000251443   0.0004780035
        0.0008581368   0.1036869316   0.0126875770   0.2562500206  -0.0036324688
        0.0010219117  -0.0009553540   0.0001763308   0.0001541699  -0.0008942411
        0.0020287960   0.0026987518  -0.0033354081   0.0007830922   0.0004290987
        0.0003595794  -0.0005510918  -0.0001410556   0.0002270897   0.0003050372
       -0.0005097227   0.0002433663  -0.0001069772  -0.0000343318   0.0001160537
       -0.0000737488   0.0000756956   0.0001139573
        0.0006455444  -0.0011804744  -0.0002343687   0.0033450167   0.0003904466
        0.0000249776  -0.2138905556   0.0985622856   0.0172749154  -0.0171448239
        0.0043114556   0.0042435533  -0.0015626124  -0.0012518618   0.0028548180
        0.0001136553   0.0000629272   0.0000122643   0.0006317085   0.0001444937
        0.0003071467   0.0005725928   0.0001460983   0.0001029151   0.0000603643
       -0.0002699897  -0.0001721765   0.0000057825   0.0001089112   0.0001202502
        0.0005853712  -0.0014009950  -0.0008911681   0.0001858506  -0.0000721906
       -0.0002436216  -0.0176365125   0.0097539757  -0.0036324688   0.2444177956
       -0.1091319360  -0.0197638177   0.0004224864   0.0001750760  -0.0002626488
       -0.0003398621  -0.0001509471  -0.0000124955   0.0001323886   0.0001381073
        0.0002382358  -0.0007738260   0.0000036867  -0.0000441222   0.0000720268
       -0.0001920390   0.0000486987   0.0001579413  -0.0000315053   0.0000621987
       -0.0000003325  -0.0001155249  -0.0000330858
        0.0007423176   0.0016604897   0.0011241111   0.0242939081  -0.0230647766
       -0.0043860066   0.0971306241  -0.0977674207  -0.0112307287  -0.0098086042
        0.0036306824   0.0023760888  -0.0015797657  -0.0002068665   0.0015774099
       -0.0001017427  -0.0000002372   0.0000277568   0.0006205235  -0.0008425285
        0.0004138590  -0.0008306743  -0.0000869753  -0.0011017708   0.0003558225
        0.0003778586   0.0002264491   0.0000859521  -0.0001019314  -0.0001315535
       -0.0011900208  -0.0059672814  -0.0016134687   0.0004539613   0.0001173408
       -0.0000822039   0.0019335918   0.0014068484   0.0010219117  -0.1091319360
        0.1204152867   0.0104819213  -0.0021617576   0.0006390452   0.0010662147
       -0.0002680837  -0.0001080641   0.0001869098   0.0000844087  -0.0000193106
        0.0001289428  -0.0005901165  -0.0000383469   0.0000675858  -0.0000179877
       -0.0000890121  -0.0001400365  -0.0000113448   0.0000780474  -0.0000567331
       -0.0000090757  -0.0000328479   0.0000433409
        0.0012901437   0.0000330614   0.0005172991   0.0049377404  -0.0071007951
       -0.0013993901   0.0170210271  -0.0096424669  -0.0464643089   0.0193815675
       -0.0063088290  -0.0026840596   0.0015157655   0.0012030911  -0.0022584385
       -0.0000262701   0.0000069588  -0.0000670364   0.0008129306   0.0001587597
       -0.0009849741  -0.0006718715  -0.0006590298   0.0004881446   0.0000791401
       -0.0000044910   0.0001325870   0.0002066881  -0.0003533360  -0.0002899295
       -0.0000641597  -0.0017000728   0.0002929575  -0.0001670925   0.0004905689
        0.0002711155  -0.0261720815   0.0138361418  -0.0009553540  -0.0197638177
        0.0104819213   0.0533232575   0.0006676819  -0.0005133005   0.0008464103
        0.0003060770   0.0000239450  -0.0009209010  -0.0001766681   0.0000920935
       -0.0001334490   0.0008323144   0.0001272665   0.0001848428   0.0000656467
       -0.0001201205  -0.0000179093  -0.0000419222  -0.0000253581   0.0000833010
       -0.0000328396  -0.0000260083   0.0000358351
       -0.0000907308  -0.0000535129   0.0001339614  -0.0011161060  -0.0026346808
        0.0025670775   0.0010416682  -0.0145357704   0.0025698470  -0.0562503599
        0.0558603620  -0.0035861235  -0.0133106799   0.0279873459  -0.0011845322
       -0.0059227571   0.0004648281  -0.0013831957  -0.0000702480  -0.0001293962
        0.0000819795   0.0001625701   0.0000846844   0.0000746543   0.0000553441
        0.0000119871   0.0000561675   0.0001711588   0.0000705176  -0.0000587594
       -0.0001087550   0.0000283594  -0.0000273189  -0.0002699559  -0.0007933957
       -0.0001369421  -0.0001480637  -0.0001730849   0.0001763308   0.0004224864
       -0.0021617576   0.0006676819   0.0725769861  -0.0612431597   0.0006068819
        0.0027928392  -0.0048958789  -0.0005189362   0.0006345783   0.0003800206
        0.0000818076   0.0000993076   0.0007606483   0.0001325228  -0.0000010173
       -0.0001997967   0.0000638672  -0.0006784415   0.0015207459  -0.0001050502
        0.0000101762  -0.0003490656  -0.0002119212
       -0.0001413080   0.0002677745   0.0001592169  -0.0013382295  -0.0016026226
        0.0028826737   0.0000517385  -0.0159122161   0.0026419401   0.0536126015
       -0.2497876508   0.0079076154   0.0040128722  -0.0048866768   0.0002271619
        0.0014481335   0.0007663792   0.0002102612   0.0000549009   0.0002640799
       -0.0001754756   0.0001791004  -0.0004509020   0.0001383501   0.0001868711
        0.0001272812   0.0001738413   0.0003086842  -0.0002807492   0.0000498887
       -0.0001631081   0.0005669780   0.0001837422  -0.0002810038  -0.0006219183
       -0.0001652202  -0.0001436532  -0.0002334906   0.0001541699   0.0001750760
        0.0006390452  -0.0005133005  -0.0612431597   0.2889904811  -0.0090189956
        0.0038788516  -0.0192396232  -0.0047993221  -0.0003300462   0.0004027207
        0.0000562534  -0.0002347381   0.0005873773  -0.0003668733  -0.0000685332
        0.0003313244  -0.0001244760   0.0001219090  -0.0002086064   0.0001007344
       -0.0000869590   0.0002810145   0.0002778141
       -0.0001807550  -0.0003115490   0.0000660460   0.0014234568   0.0018690809
       -0.0026118829  -0.0010973970   0.0203429062  -0.0019392641  -0.0036813154
        0.0088824384  -0.0460890579  -0.0030738418   0.0065636719   0.0005696999
       -0.0012277265  -0.0000724195   0.0002543841   0.0000353160   0.0001065542
       -0.0005299591  -0.0000888675  -0.0002209514   0.0005330095   0.0000047076
       -0.0001417591   0.0001056787   0.0004533035   0.0001139396   0.0000774398
        0.0000199918   0.0000811133  -0.0000925035   0.0001729396   0.0010232635
        0.0003437981   0.0001755589   0.0004517312  -0.0008942411  -0.0002626488
        0.0010662147   0.0008464103   0.0006068819  -0.0090189956   0.0522455290
        0.0063282395  -0.0313221979  -0.0032659247  -0.0001427405   0.0005344987
       -0.0000991479   0.0006366580  -0.0002909559   0.0000653307   0.0000705047
       -0.0000930777   0.0000624137  -0.0001073195   0.0003785660   0.0002454006
       -0.0000649461   0.0000579276   0.0001068407
       -0.0011171470  -0.0012074158   0.0012780695   0.0004863524  -0.0000628722
       -0.0002409933   0.0025449105   0.0046519775   0.0153294055  -0.0491995097
       -0.0149488819  -0.0362504242  -0.0112227204  -0.0120816015  -0.0282843371
        0.0010531068  -0.0010548976  -0.0002795591   0.0000734513  -0.0000673953
        0.0000392491  -0.0002541614  -0.0000280659   0.0000472078   0.0000948795
        0.0000587457  -0.0000105583   0.0003137454  -0.0004249896  -0.0008809927
        0.0000598786   0.0001171068  -0.0001599875   0.0000346470   0.0003417871
       -0.0001649221  -0.0014137842  -0.0012319797   0.0020287960  -0.0003398621
       -0.0002680837   0.0003060770   0.0027928392   0.0038788516   0.0063282395
        0.0616222394   0.0217290000   0.0426096001  -0.0065689563   0.0002698487
       -0.0020501897   0.0006995146  -0.0000382585  -0.0003250024  -0.0000069799
       -0.0000301017   0.0001241527   0.0003387987  -0.0001680223   0.0000989174
        0.0000087577   0.0005652483   0.0004572521
       -0.0010151683  -0.0011799401   0.0014122346  -0.0004013808   0.0006066455
        0.0003453434   0.0011040225   0.0037260240   0.0127627620  -0.0141990989
       -0.0756185064  -0.0756751882  -0.0009421303   0.0006606425   0.0004773560
        0.0003770671   0.0007905174   0.0007775299  -0.0000600567   0.0000066879
       -0.0000808578  -0.0000378397  -0.0000669066   0.0002607572  -0.0000234775
       -0.0001054105   0.0001099082  -0.0000726668   0.0006462079  -0.0008138804
        0.0001122296  -0.0000369542   0.0001616681   0.0000795505   0.0001676587
       -0.0000074607  -0.0011575139  -0.0008878019   0.0026987518  -0.0001509471
       -0.0001080641   0.0000239450  -0.0048958789  -0.0192396232  -0.0313221979
        0.0217290000   0.0899494781   0.0886737834  -0.0002116619   0.0007463836
        0.0003322570  -0.0003183244  -0.0001055069  -0.0001649065  -0.0000192072
       -0.0001219385   0.0000528591   0.0000135438  -0.0000320895  -0.0000195036
        0.0000899388   0.0002024966  -0.0000051606
       -0.0007151035  -0.0008109908   0.0015766463  -0.0014935791  -0.0014432193
        0.0000996283  -0.0006963832  -0.0053204914  -0.0248654026  -0.0369839029
       -0.0758919000  -0.2231399719  -0.0057778954  -0.0043097434  -0.0089310108
        0.0008673090  -0.0001400863   0.0003026010  -0.0002274822   0.0001613217
        0.0001278957   0.0005472887  -0.0001463555  -0.0001837039   0.0001811356
       -0.0000645772   0.0000310716   0.0017012685   0.0016144482   0.0005159570
       -0.0001266928   0.0005302724  -0.0001540013  -0.0004620158  -0.0004133597
        0.0002195514   0.0030773450   0.0016863058  -0.0033354081  -0.0000124955
        0.0001869098  -0.0009209010  -0.0005189362  -0.0047993221  -0.0032659247
        0.0426096001   0.0886737834   0.2606671427  -0.0023338903   0.0000532331
        0.0002502043   0.0003328658  -0.0000157635   0.0005022494  -0.0000582653
       -0.0000773880  -0.0001091110   0.0003177306  -0.0000418010   0.0001312495
       -0.0002279010   0.0005687236   0.0004812383
       -0.0000537010  -0.0001677609   0.0001714630  -0.0001121137  -0.0000375718
       -0.0001381232   0.0011086957   0.0001902510  -0.0012064560  -0.0114109583
       -0.0111024093  -0.0278817406  -0.0519495173  -0.0182640893  -0.0357722784
        0.0018067765   0.0052466549   0.0084102712  -0.0001733128  -0.0001798670
       -0.0000424630   0.0002490338   0.0001175395   0.0000762640   0.0000891155
       -0.0000206058   0.0000466196   0.0001962770   0.0002187031   0.0000537630
       -0.0000382514   0.0000494486   0.0000176901   0.0000185377   0.0000433143
        0.0000515716  -0.0002895485  -0.0004689727   0.0007830922   0.0001323886
        0.0000844087  -0.0001766681   0.0006345783  -0.0003300462  -0.0001427405
       -0.0065689563  -0.0002116619  -0.0023338903   0.0628149066   0.0182686474
        0.0426728867   0.0032430677   0.0043975388   0.0150055707   0.0001846980
       -0.0004550285  -0.0001651859   0.0001926419   0.0002146633   0.0003920982
       -0.0000743580   0.0024068438   0.0001782560
        0.0001217147   0.0001447017   0.0002127485  -0.0000626355  -0.0000226534
       -0.0000056252   0.0000931809   0.0000937412  -0.0007056520  -0.0010404486
        0.0002925081  -0.0006551156  -0.0183956300  -0.0812948911  -0.0791150861
       -0.0026427975  -0.0174911961  -0.0266033588   0.0001510474   0.0001599234
        0.0001852422  -0.0001292224  -0.0001404410  -0.0002363674   0.0000251206
        0.0000574385  -0.0000353674   0.0000295051  -0.0000302000  -0.0000336527
        0.0000677377  -0.0000889355  -0.0001229436  -0.0000633465  -0.0000855815
       -0.0000384188  -0.0004717191  -0.0001637780   0.0004290987   0.0001381073
       -0.0000193106   0.0000920935   0.0003800206   0.0004027207   0.0005344987
        0.0002698487   0.0007463836   0.0000532331   0.0182686474   0.0959159639
        0.0924045767   0.0016733637   0.0064780268   0.0153998452  -0.0005088017
        0.0010002987  -0.0006858740  -0.0002769796   0.0004302505  -0.0001391654
        0.0023732867  -0.0063849700  -0.0009347096
       -0.0000373704   0.0000707257   0.0001367586  -0.0000783991  -0.0001204337
       -0.0002069972   0.0010405528   0.0003371000   0.0010268063  -0.0053800343
       -0.0029124158  -0.0086478778  -0.0359531819  -0.0793315476  -0.2190178902
        0.0003427238  -0.0037277297  -0.0026842822  -0.0000485916   0.0001714434
        0.0000567812   0.0001151993  -0.0002354038   0.0000206731   0.0000437378
       -0.0000208472   0.0001360693   0.0001128486  -0.0000178701   0.0001038735
        0.0000477502   0.0001093604  -0.0000447183   0.0000669881   0.0001067000
        0.0001058119  -0.0000005613  -0.0000774439   0.0003595794   0.0002382358
        0.0001289428  -0.0001334490   0.0000818076   0.0000562534  -0.0000991479
       -0.0020501897   0.0003322570   0.0002502043   0.0426728867   0.0924045767
        0.2556263902  -0.0017699526  -0.0073826233  -0.0291748253  -0.0001170221
        0.0005635979   0.0009154482   0.0002182874   0.0000966931   0.0000478626
        0.0004542851  -0.0005513353   0.0012229293
       -0.0000766042  -0.0001560635  -0.0000800328  -0.0002385707  -0.0001230611
        0.0003925528  -0.0060105336   0.0003461528  -0.0010335031  -0.0202030408
       -0.0149852383   0.0197222766  -0.0951954805  -0.0598587439   0.0709817084
        0.0040347627   0.0057191959  -0.0057517319  -0.0002721826  -0.0001764994
        0.0000181412   0.0002846624   0.0001267457  -0.0000742060   0.0000622932
       -0.0000010942   0.0000041089  -0.0000604111  -0.0000655573   0.0001201652
       -0.0001114910   0.0000882292  -0.0000803212   0.0000924206  -0.0000421307
       -0.0000934842  -0.0000181114   0.0000876256  -0.0005510918  -0.0007738260
       -0.0005901165   0.0008323144   0.0000993076  -0.0002347381   0.0006366580
        0.0006995146  -0.0003183244   0.0003328658   0.0032430677   0.0016733637
       -0.0017699526   0.1134526260   0.0654059124  -0.0827136096   0.0002790536
        0.0026479742  -0.0002905219   0.0007114262   0.0006774056  -0.0005212811
        0.0000011170  -0.0002210377  -0.0000810553
       -0.0000681401   0.0002132978  -0.0001652618   0.0003007120  -0.0000056565
       -0.0001307196  -0.0001329301   0.0008658676  -0.0001454608  -0.0016198129
       -0.0002958700   0.0009441229  -0.0595455190  -0.1106849778   0.0799018579
       -0.0105895486  -0.0227871758   0.0213858125   0.0000937671   0.0003756393
       -0.0001542030  -0.0000915548  -0.0003480638   0.0001900816  -0.0000194048
        0.0000306730   0.0000372796  -0.0000831035  -0.0000726718   0.0000700889
       -0.0000109057   0.0000981090   0.0000848766   0.0000095175   0.0000665923
       -0.0000117472   0.0000912823  -0.0000592193  -0.0001410556   0.0000036867
       -0.0000383469   0.0001272665   0.0007606483   0.0005873773  -0.0002909559
       -0.0000382585  -0.0001055069  -0.0000157635   0.0043975388   0.0064780268
       -0.0073826233   0.0654059124   0.1307461247  -0.0948499282   0.0021093079
       -0.0065601074  -0.0000025493  -0.0004816584   0.0008221251   0.0002156310
       -0.0004915366   0.0006737633   0.0003332508
        0.0002080746   0.0000267038   0.0001197527  -0.0001797955  -0.0001604273
       -0.0000170004  -0.0004453838   0.0000005525   0.0005626119  -0.0015275717
       -0.0018573177   0.0025827247   0.0710056546   0.0794431225  -0.1452349935
       -0.0003262996   0.0026156760  -0.0003806103   0.0001716203   0.0000302801
        0.0000466525  -0.0002516466  -0.0000845179   0.0000987529  -0.0000611412
       -0.0000962324   0.0001430151  -0.0000671174  -0.0000743140   0.0000516725
        0.0000784739  -0.0000105967  -0.0000225773  -0.0000245112   0.0000000745
        0.0001163625  -0.0000150295   0.0000624531   0.0002270897  -0.0000441222
        0.0000675858   0.0001848428   0.0001325228  -0.0003668733   0.0000653307
       -0.0003250024  -0.0001649065   0.0005022494   0.0150055707   0.0153998452
       -0.0291748253  -0.0827136096  -0.0948499282   0.1682815862  -0.0002899482
        0.0004056658   0.0012465847  -0.0002119955   0.0000363167   0.0001002376
       -0.0001187425  -0.0004231621   0.0005005410
        0.0000557546  -0.0000099713   0.0000001338  -0.0019099327  -0.0000828729
       -0.0004045025  -0.0000857687   0.0003303610  -0.0000824228   0.0002963279
        0.0001447568  -0.0001880907   0.0043021345   0.0051214441  -0.0074974027
       -0.0758651983  -0.0464106900   0.0644780617   0.0001430996   0.0000979791
       -0.0000869278  -0.0001798818  -0.0000389841   0.0001157393  -0.0000558055
       -0.0000250107  -0.0000077692  -0.0000249376   0.0000118899  -0.0000242826
       -0.0022447832  -0.0011974677  -0.0009521983  -0.0002353466  -0.0001166851
        0.0002591723  -0.0000709573   0.0003525002   0.0003050372   0.0000720268
       -0.0000179877   0.0000656467  -0.0000010173  -0.0000685332   0.0000705047
       -0.0000069799  -0.0000192072  -0.0000582653   0.0001846980  -0.0005088017
       -0.0001170221   0.0002790536   0.0021093079  -0.0002899482   0.0901761246
        0.0551837975  -0.0762435445  -0.0179393379  -0.0182816996   0.0265867865
        0.0031107271   0.0034258747  -0.0059287056
       -0.0001846265   0.0000369053  -0.0001047700  -0.0003062276   0.0001977856
        0.0000754301   0.0001856120  -0.0000363454   0.0000387021  -0.0005235673
        0.0005303556   0.0001353512  -0.0100448031  -0.0215982317   0.0224087151
       -0.0466869307  -0.1105004070   0.0938156637   0.0000475697   0.0001424673
        0.0000653537  -0.0000777426  -0.0002275891  -0.0001650482  -0.0000292644
       -0.0000174287  -0.0000180439  -0.0000165093  -0.0000824247   0.0000596051
       -0.0007322072   0.0006940542   0.0000415595  -0.0000916098   0.0000592733
       -0.0000149949   0.0003981755  -0.0003002082  -0.0005097227  -0.0001920390
       -0.0000890121  -0.0001201205  -0.0001997967   0.0003313244  -0.0000930777
       -0.0000301017  -0.0001219385  -0.0000773880  -0.0004550285   0.0010002987
        0.0005635979   0.0026479742  -0.0065601074   0.0004056658   0.0551837975
        0.1302688965  -0.1098818651  -0.0033432110  -0.0008283408   0.0030278168
        0.0044505365   0.0071006727  -0.0096524298
        0.0004914387  -0.0002852681   0.0002662846  -0.0003404572   0.0005562713
        0.0002183267   0.0000119858   0.0001580750   0.0001371090   0.0002295052
        0.0000289104  -0.0001753366  -0.0005475357   0.0031845111  -0.0003724543
        0.0645813729   0.0937428389  -0.1778956081   0.0001647861  -0.0001862947
        0.0003725505  -0.0001857672   0.0002353570  -0.0004945714  -0.0001098231
       -0.0000006356  -0.0001612991   0.0000001586   0.0001732028  -0.0002565956
       -0.0015333697  -0.0010014658  -0.0000444100   0.0003210253  -0.0001962428
       -0.0001702997   0.0001296405  -0.0001933495   0.0002433663   0.0000486987
       -0.0001400365  -0.0000179093   0.0000638672  -0.0001244760   0.0000624137
        0.0001241527   0.0000528591  -0.0001091110  -0.0001651859  -0.0006858740
        0.0009154482  -0.0002905219  -0.0000025493   0.0012465847  -0.0762435445
       -0.1098818651   0.2045309690   0.0013199639   0.0000389698   0.0006099525
        0.0119296095   0.0145270620  -0.0289054102
       -0.0002874738   0.0001078335  -0.0000204514   0.0001266585  -0.0002336536
       -0.0000334623   0.0002079748  -0.0000262625  -0.0000897316  -0.0001368629
        0.0030387338   0.0001670067  -0.0138291460   0.0031234413  -0.0013806306
       -0.2741997178  -0.0032069166  -0.0207121684  -0.0001874275   0.0001644700
        0.0000001313   0.0002324174  -0.0000792571  -0.0000287882   0.0000440225
        0.0000963093   0.0000255878   0.0001073854   0.0000581075   0.0001336619
       -0.0003748459   0.0002969941   0.0000745079  -0.0000555539   0.0000941673
       -0.0000533750  -0.0000132674  -0.0000854894  -0.0001069772   0.0001579413
       -0.0000113448  -0.0000419222  -0.0006784415   0.0001219090  -0.0001073195
        0.0003387987   0.0000135438   0.0003177306   0.0001926419  -0.0002769796
        0.0002182874   0.0007114262  -0.0004816584  -0.0002119955  -0.0179393379
       -0.0033432110   0.0013199639   0.3177047915   0.0029751861   0.0241615920
       -0.0121219837  -0.0023459225  -0.0036316477
       -0.0000641488   0.0002609597  -0.0000418062  -0.0001199647  -0.0001248437
        0.0000284666  -0.0001284094  -0.0001364653  -0.0000570604   0.0021819141
       -0.0052690367  -0.0001906161   0.0282736108  -0.0023636735   0.0027829791
       -0.0022202700  -0.0437938273  -0.0003538466   0.0002513640   0.0003796224
       -0.0000128647  -0.0003004115  -0.0003880983  -0.0000142552  -0.0000345742
        0.0000271687  -0.0000049393  -0.0000076123  -0.0000994890   0.0000146953
        0.0001781905   0.0002540628   0.0000675188  -0.0001601223  -0.0000129226
       -0.0000109568   0.0000622412  -0.0000792705  -0.0000343318  -0.0000315053
        0.0000780474  -0.0000253581   0.0015207459  -0.0002086064   0.0003785660
       -0.0001680223  -0.0000320895  -0.0000418010   0.0002146633   0.0004302505
        0.0000966931   0.0006774056   0.0008221251   0.0000363167  -0.0182816996
       -0.0008283408   0.0000389698   0.0029751861   0.0515151714  -0.0000454101
       -0.0148185810  -0.0004307442  -0.0026109592
        0.0001781042  -0.0000756151   0.0002479518   0.0000698057   0.0001107005
        0.0002473751  -0.0000665800   0.0000211183  -0.0001167411  -0.0000399912
        0.0001917779   0.0004054868   0.0002902027   0.0004283117   0.0001927938
       -0.0203561802  -0.0004474989  -0.0478678793   0.0000877303  -0.0000688191
        0.0005511251  -0.0001334861   0.0000891256  -0.0005560004  -0.0000425580
        0.0000463025  -0.0000791306  -0.0000315757   0.0000361470  -0.0000142835
        0.0000099576  -0.0001306677  -0.0003671082   0.0000152623  -0.0000773855
       -0.0000979563   0.0000608768   0.0000266514   0.0001160537   0.0000621987
       -0.0000567331   0.0000833010  -0.0001050502   0.0001007344   0.0002454006
        0.0000989174  -0.0000195036   0.0001312495   0.0003920982  -0.0001391654
        0.0000478626  -0.0005212811   0.0002156310   0.0001002376   0.0265867865
        0.0030278168   0.0006099525   0.0241615920  -0.0000454101   0.0514773598
       -0.0307168300  -0.0032335188  -0.0053570506
        0.0001358476  -0.0000192307   0.0000232505  -0.0002708390   0.0000124689
        0.0001599965  -0.0001525247   0.0000143910   0.0000819308   0.0009409118
        0.0005311830   0.0010833420   0.0020111358   0.0052376212   0.0086298536
       -0.0571705534  -0.0242050492  -0.0456246251   0.0001817316   0.0000628171
        0.0000727658  -0.0002264148   0.0000038304  -0.0001381101  -0.0001210279
       -0.0000488909  -0.0000124874  -0.0002143861   0.0000562465  -0.0001395249
       -0.0006530653  -0.0003739104   0.0005905592   0.0001077495  -0.0000250203
       -0.0000760235   0.0000315902  -0.0000065091  -0.0000737488  -0.0000003325
       -0.0000090757  -0.0000328396   0.0000101762  -0.0000869590  -0.0000649461
        0.0000087577   0.0000899388  -0.0002279010  -0.0000743580   0.0023732867
        0.0004542851   0.0000011170  -0.0004915366  -0.0001187425   0.0031107271
        0.0044505365   0.0119296095  -0.0121219837  -0.0148185810  -0.0307168300
        0.0644657410   0.0272524430   0.0542001859
        0.0000348137   0.0001756209  -0.0000249544   0.0000383881  -0.0001354477
       -0.0001193191   0.0000704574  -0.0000803097   0.0001396948  -0.0009981720
        0.0010718964  -0.0003850204  -0.0049598644  -0.0181094916  -0.0267373307
       -0.0245571738  -0.0893822513  -0.0881788369   0.0001102026   0.0002600063
       -0.0001107844  -0.0000994428  -0.0003846366   0.0001918688  -0.0000181126
       -0.0000525604   0.0000066969   0.0001585924   0.0000084063   0.0000238668
       -0.0003260909   0.0004161856   0.0001550442  -0.0000432380  -0.0000849877
        0.0000425347  -0.0000292186  -0.0001605456   0.0000756956  -0.0001155249
       -0.0000328479  -0.0000260083  -0.0003490656   0.0002810145   0.0000579276
        0.0005652483   0.0002024966   0.0005687236   0.0024068438  -0.0063849700
       -0.0005513353  -0.0002210377   0.0006737633  -0.0004231621   0.0034258747
        0.0071006727   0.0145270620  -0.0023459225  -0.0004307442  -0.0032335188
        0.0272524430   0.1050487303   0.1040011552
       -0.0001904360   0.0002000084   0.0002952136  -0.0000611669  -0.0003488593
        0.0001324163   0.0000973981  -0.0001783417  -0.0004548205  -0.0000908626
        0.0005271342   0.0004154082   0.0005436597  -0.0049598010  -0.0026739674
       -0.0461234498  -0.0871970106  -0.2164994739   0.0000127751  -0.0000120097
        0.0004221282  -0.0000187262   0.0000405958  -0.0006272298   0.0001036593
        0.0000511955  -0.0000749846   0.0001503532  -0.0000713128   0.0000723185
        0.0010218078   0.0005522004  -0.0004901506  -0.0002827976   0.0000076098
       -0.0000850928  -0.0001114928  -0.0000637109   0.0001139573  -0.0000330858
        0.0000433409   0.0000358351  -0.0002119212   0.0002778141   0.0001068407
        0.0004572521  -0.0000051606   0.0004812383   0.0001782560  -0.0009347096
        0.0012229293  -0.0000810553   0.0003332508   0.0005005410  -0.0059287056
       -0.0096524298  -0.0289054102  -0.0036316477  -0.0026109592  -0.0053570506
        0.0542001859   0.1040011552   0.2513693537
