           1           2  0.96728770523516128     
           2           3   1.4149876238756038     
           3           4   1.4397057983783801     
           2           5  0.10579502095155999     
           4           5   1.4396654774638593     
           3           6  0.11333935349766983     
           5           6   1.4431180823499106     
           2           7   1.4193098435576652     
           4           7  0.11249117789586616     
           6           7   1.4353567518840082     
           1           8  0.87811792006981892     
           1           9  0.88129708275517649     
           1          10  0.86858311732388338     
           3          11  0.96210974051563580     
           4          12  0.96954635394238520     
           5          13  0.97060970802383484     
           6          14  0.96956576360725277     
           7          15  0.96155145669375020     
