$hessian                                                                        
        0.5701059564  -0.0153827268   0.0032162660  -0.0733156152  -0.0109432829
       -0.0064317675  -0.0033357597  -0.0119691551  -0.0141821782  -0.0007818773
       -0.0004040437  -0.0012198337  -0.0008816330  -0.0001281110  -0.0013485641
        0.0002729338  -0.0003283961  -0.0001885944   0.0001878028  -0.0006360590
        0.0000850586  -0.0000764570  -0.0000357881   0.0002636144  -0.0001200100
        0.0004792044   0.0002716491   0.0006726908   0.0003320782  -0.0002388709
        0.0008699271  -0.0041577309   0.0030918344  -0.0810409974  -0.0786092130
        0.0479837186  -0.2577984410   0.0672506067   0.0968553371  -0.1534498750
        0.0481582856  -0.1316817978   0.0031739967   0.0211906806   0.0164122820
       -0.0022120331  -0.0151407228  -0.0106011907   0.0000221687  -0.0000131411
        0.0006222819  -0.0016902649   0.0008464101  -0.0034758552  -0.0005909107
       -0.0003666894   0.0000990519  -0.0001025926   0.0000017010   0.0000781762
       -0.0000074353  -0.0001209372   0.0002382795   0.0000984257  -0.0000229696
        0.0001511028
       -0.0153827268   0.5128865140  -0.0487516364  -0.0096482104  -0.1384647310
       -0.0469309315  -0.0034937438   0.0050626927  -0.0024739742   0.0019156612
       -0.0001878624  -0.0000055790   0.0000636434  -0.0002303734   0.0008489790
       -0.0003809013   0.0001885567  -0.0000042156   0.0003015446   0.0000374245
       -0.0001383319  -0.0002007672   0.0003591689  -0.0000437271   0.0002429531
        0.0000295839   0.0000152211  -0.0003433167  -0.0000947232   0.0001421957
       -0.0016537450  -0.0093181166   0.0079631878  -0.0806778853  -0.1978260780
        0.0965812558   0.0700030497  -0.0669530768  -0.0327990944   0.0456491948
       -0.0647896806   0.0544791613  -0.0003616126  -0.0136153889  -0.0119785133
       -0.0063838123  -0.0284135029  -0.0187608521   0.0002880155   0.0004057027
        0.0006050814   0.0002010433   0.0008306201   0.0012321893  -0.0002390826
       -0.0003464444  -0.0002337653  -0.0000974068   0.0001235438  -0.0002556732
       -0.0000197005   0.0001158671   0.0001984446   0.0002178057   0.0002003037
        0.0003105781
        0.0032162660  -0.0487516364   0.5337164140  -0.0065007840  -0.0556500133
       -0.1062751465  -0.0103788020  -0.0196536127  -0.0244508767   0.0013219617
       -0.0009549119   0.0005255250  -0.0001276399   0.0001473293  -0.0000116902
       -0.0000106375  -0.0000327891  -0.0002709113   0.0002967889  -0.0000598776
       -0.0000992356  -0.0002614141   0.0001500154   0.0001298047  -0.0000650495
        0.0000396986   0.0000476989   0.0001119901   0.0000283062   0.0002299765
        0.0011770221   0.0059684342  -0.0027945865   0.0507319597   0.1001485656
       -0.1009858601   0.0921248669  -0.0295436081  -0.0896591364  -0.1279698250
        0.0554244852  -0.2015442733  -0.0000945934  -0.0129317001  -0.0107413321
        0.0003082075   0.0046596242   0.0060656465   0.0000526769  -0.0009850194
        0.0013754551  -0.0036038451   0.0019206642  -0.0049565465  -0.0002802374
        0.0000340512  -0.0003748349  -0.0000326767   0.0000431122  -0.0001265977
       -0.0000467945   0.0000158917   0.0001257606   0.0000305596  -0.0000170094
        0.0000747464
       -0.0733156152  -0.0096482104  -0.0065007840   0.5102204628  -0.0099891748
       -0.0427095899  -0.0903794616   0.0204190362  -0.0497870025  -0.0252481647
        0.0138133895  -0.0184552574  -0.0009757192  -0.0012731588  -0.0008093383
       -0.0005290738  -0.0000355415   0.0015169238   0.0002757944  -0.0000804370
        0.0000097432  -0.0000656447  -0.0002072542  -0.0002367600  -0.0001261395
        0.0000851626   0.0015003677   0.0000544364   0.0014336419  -0.0001579529
       -0.0003090765  -0.0000277924  -0.0002040759  -0.0009332619  -0.0082150151
       -0.0061250616   0.0050321352   0.0182032317   0.0154120555  -0.0021701036
       -0.0120193534  -0.0102192741  -0.2232836786   0.0693916856   0.0561569990
       -0.1023026405  -0.0790181465   0.0578204505   0.0070148108  -0.0032424233
        0.0094850974  -0.0027092624   0.0006775426  -0.0060025800  -0.0001211540
        0.0000583576  -0.0003203452  -0.0001163846  -0.0000681179   0.0000532080
        0.0000437177  -0.0001425752   0.0000276215  -0.0000559764  -0.0001148472
       -0.0004544449
       -0.0109432829  -0.1384647310  -0.0556500133  -0.0099891748   0.4833334444
       -0.0337193446   0.0201233585  -0.0759354102   0.0391724038   0.0112309238
       -0.0052463944   0.0086826951   0.0011393830   0.0002487195  -0.0011523884
        0.0000497528  -0.0003861827  -0.0011325069  -0.0001711200   0.0003993032
        0.0001038821   0.0001143929  -0.0001820570   0.0000809096   0.0000796277
       -0.0005315768  -0.0005932148  -0.0009432147  -0.0003411976   0.0007330407
        0.0002678881   0.0011001989  -0.0011954919  -0.0054899339  -0.0198835674
       -0.0101307748   0.0033592369  -0.0095697658  -0.0078646106  -0.0007743465
        0.0054321926   0.0018251231   0.0738401237  -0.0742830896  -0.0212597613
       -0.0813734040  -0.1609588897   0.0800221508   0.0097589421  -0.0081004585
        0.0195342079  -0.0102924313   0.0040787731  -0.0181319822   0.0003081349
       -0.0003019461   0.0004696835   0.0000367040  -0.0000747425   0.0000363733
        0.0000050151  -0.0000491480  -0.0000124764  -0.0003365754  -0.0002834744
        0.0001820953
       -0.0064317675  -0.0469309315  -0.1062751465  -0.0427095899  -0.0337193446
        0.4357566333  -0.0404467384   0.0355820850  -0.1374839738  -0.0088483614
        0.0025907853   0.0072766634   0.0006081116  -0.0013478595  -0.0011508921
        0.0000188267  -0.0001647862  -0.0005424285  -0.0003029862  -0.0000650014
        0.0001089411   0.0002143940  -0.0000253132  -0.0002146870  -0.0002510380
        0.0003061554  -0.0000897437   0.0017223137   0.0000447751  -0.0004423254
       -0.0001742729   0.0008630150  -0.0018848565  -0.0009799048   0.0021971081
        0.0111892996   0.0024096000  -0.0107993545  -0.0078946692  -0.0039546679
       -0.0147356138  -0.0146826667   0.0615225722  -0.0213372523  -0.0584987967
        0.0534784318   0.0763015432  -0.0902317906  -0.0081238619   0.0084728370
       -0.0188021300  -0.0081631901   0.0028307544  -0.0164286651   0.0002682708
        0.0001275929   0.0000099379   0.0001330133  -0.0000822680  -0.0002378086
        0.0000800326   0.0000344612   0.0001192493  -0.0000691876  -0.0001433876
        0.0003998557
       -0.0033357597  -0.0034937438  -0.0103788020  -0.0903794616   0.0201233585
       -0.0404467384   0.4749159635   0.0260815462  -0.0273917470  -0.1763940432
        0.0531064742   0.0338150021  -0.0063387647   0.0095371843   0.0041435260
        0.0023600194   0.0002440587   0.0012920150  -0.0008643415   0.0002118480
        0.0002256464   0.0002726037   0.0000667553  -0.0006218466  -0.0020347129
       -0.0040818450   0.0013062740  -0.0320345924   0.0072003244   0.0090651078
        0.0000696832  -0.0005352739   0.0002472523   0.0003602090   0.0006034272
        0.0000425545  -0.0002734723  -0.0002047295   0.0004581236   0.0001614408
       -0.0009358070  -0.0004759305  -0.0165056934   0.0100379308  -0.0210762331
        0.0072415588  -0.0036475389   0.0086474219  -0.1091989257  -0.0823179600
        0.0651621578  -0.0479541416  -0.0330011480  -0.0219431826   0.0006338210
       -0.0011181629  -0.0011488466  -0.0001686561   0.0000474447  -0.0001626504
       -0.0011859142   0.0005906026   0.0001652350   0.0006531799   0.0014852543
       -0.0009243395
       -0.0119691551   0.0050626927  -0.0196536127   0.0204190362  -0.0759354102
        0.0355820850   0.0260815462   0.5147480048   0.0114345410   0.0523932929
       -0.0910411077  -0.0156872891   0.0264502220  -0.0182185445  -0.0081468354
       -0.0000262222  -0.0053315627  -0.0003994578   0.0001996873  -0.0008877503
       -0.0001344672  -0.0000759087   0.0000385309   0.0002777280  -0.0036089157
       -0.0005393259  -0.0002614179  -0.0104463752   0.0066086303   0.0023296138
       -0.0002026010  -0.0000410002   0.0002046672  -0.0001124407   0.0009123243
       -0.0001423724  -0.0004738517   0.0003018628   0.0000010451  -0.0008561074
       -0.0032576193  -0.0041525171   0.0067195551  -0.0030513388   0.0083178747
        0.0097596039  -0.0077178019   0.0190027034  -0.0835968602  -0.1448561523
        0.0764819132  -0.0313183697  -0.1780002554  -0.1057601770   0.0012673800
        0.0008079489   0.0000280912   0.0012006154  -0.0006745403  -0.0001554488
       -0.0007629062   0.0001298852   0.0001518388  -0.0010412252   0.0009425294
        0.0006814941
       -0.0141821782  -0.0024739742  -0.0244508767  -0.0497870025   0.0391724038
       -0.1374839738  -0.0273917470   0.0114345410   0.4763923370   0.0410439100
       -0.0185711936  -0.0696900650   0.0050477083  -0.0032588333  -0.0008607650
        0.0016958330  -0.0014033322   0.0065279747   0.0000774056   0.0000753469
        0.0000083774  -0.0002764687   0.0000229176  -0.0012309171   0.0025871141
        0.0000912762   0.0059647313   0.0070844580  -0.0023762870  -0.0018739508
       -0.0002692906  -0.0002447234   0.0003017271   0.0008126648   0.0001964072
        0.0009249891  -0.0004713397   0.0000988353   0.0004434122  -0.0002945143
       -0.0032073397  -0.0024649965  -0.0003802290  -0.0001088917   0.0029638896
       -0.0075406171   0.0090645642  -0.0182062127   0.0660727767   0.0782583877
       -0.1066891126  -0.0227828045  -0.1072967757  -0.1266710765  -0.0005962075
        0.0007678599  -0.0018021465   0.0001891676  -0.0000784922  -0.0000578055
        0.0003300153  -0.0001562342  -0.0000760397  -0.0009686543  -0.0000064625
       -0.0019695000
       -0.0007818773   0.0019156612   0.0013219617  -0.0252481647   0.0112309238
       -0.0088483614  -0.1763940432   0.0523932929   0.0410439100   0.6051468216
        0.0195497271  -0.1106058430  -0.0901936714   0.0446470864   0.0139695420
        0.0179223218   0.0286577277  -0.0020232112  -0.0096480813  -0.0282728566
       -0.0020922427   0.0001742961   0.0005119108   0.0001917996  -0.0634486513
        0.0203682072   0.0184328687  -0.2324616187  -0.1411609446   0.0350234933
       -0.0010912322   0.0005612222  -0.0000959725  -0.0004051582  -0.0010438912
       -0.0000229892   0.0017307097  -0.0004703435   0.0000063568   0.0002780844
        0.0001223778   0.0003853402  -0.0015586733   0.0012360342  -0.0021933465
        0.0011340212  -0.0003386084   0.0006396358  -0.0215922294   0.0039998286
        0.0075585931   0.0005076777   0.0042794473   0.0015083816   0.0016395517
       -0.0214777089  -0.0016104372  -0.0034176631   0.0022079429   0.0034753606
       -0.0030405177   0.0022857417   0.0032393457   0.0007480977  -0.0012027790
        0.0006958145
       -0.0004040437  -0.0001878624  -0.0009549119   0.0138133895  -0.0052463944
        0.0025907853   0.0531064742  -0.0910411077  -0.0185711936   0.0195497271
        0.6430043108   0.0380630893  -0.0274082481  -0.3125841859  -0.0173466360
        0.0844886336  -0.0250839689  -0.0240318719  -0.0278577804  -0.0541125194
        0.0026761821   0.0010880080   0.0008457260  -0.0003071788  -0.0372704638
        0.0566892868   0.0149783358  -0.0672085104  -0.1648126078   0.0075673578
        0.0003643137  -0.0003307528  -0.0004634345  -0.0003925498   0.0002891470
        0.0000637825  -0.0010210586   0.0008768451  -0.0005987643  -0.0001937459
        0.0000315610  -0.0001450420   0.0011925762   0.0000563930   0.0014060108
        0.0000556774  -0.0001785404  -0.0002752108  -0.0140886074   0.0074861979
        0.0049584929   0.0218427362  -0.0149395988  -0.0090901667  -0.0014410291
       -0.0189526847  -0.0017097859   0.0021857406   0.0001955750  -0.0012963441
        0.0029413418   0.0000808271  -0.0016043890  -0.0233425812  -0.0220856466
        0.0040908929
       -0.0012198337  -0.0000055790   0.0005255250  -0.0184552574   0.0086826951
        0.0072766634   0.0338150021  -0.0156872891  -0.0696900650  -0.1106058430
        0.0380630893   0.1768762367   0.0081744349  -0.0375770304  -0.0547594604
        0.0033157461  -0.0094378758  -0.0013616100  -0.0018569642   0.0029563942
       -0.0059574205  -0.0000590801   0.0000080755   0.0000821192   0.0130074151
       -0.0003564285  -0.0028780047   0.0422564972   0.0267014343  -0.0578526751
        0.0004353542  -0.0001402729   0.0000836483   0.0001254982   0.0006208002
       -0.0004347154   0.0005021338   0.0001246945   0.0001192822  -0.0000590338
        0.0002274166   0.0004026527  -0.0032723617   0.0015766985  -0.0036598460
       -0.0002532513  -0.0002856843   0.0007280926   0.0145292522  -0.0049617365
       -0.0035754254   0.0155077643  -0.0095335753  -0.0043011295  -0.0001606946
        0.0035609089   0.0018543260   0.0032176306  -0.0012974337   0.0075391020
        0.0030869377  -0.0013200413   0.0073836907  -0.0020313466  -0.0019192604
        0.0015990133
       -0.0008816330   0.0000636434  -0.0001276399  -0.0009757192   0.0011393830
        0.0006081116  -0.0063387647   0.0264502220   0.0050477083  -0.0901936714
       -0.0274082481   0.0081744349   0.6591123685   0.0226946536  -0.1345817215
       -0.2809141948   0.1281683860   0.0728380866  -0.0652453273  -0.0372200403
        0.0136723659  -0.0010949481  -0.0018662859   0.0014333655  -0.0164674923
        0.0291076392   0.0060391481   0.0311334122  -0.0202791552  -0.0097090528
       -0.0022521619  -0.0012642017   0.0004055918  -0.0000727965   0.0006707715
       -0.0001676750   0.0007438412  -0.0002496164   0.0000669963   0.0000239098
        0.0001438453   0.0001851834  -0.0001247454  -0.0000823874  -0.0004421145
       -0.0001371845  -0.0000574723  -0.0001020526   0.0004522497   0.0019847102
       -0.0005456328  -0.0033642921   0.0024173984   0.0012589464  -0.2177706086
       -0.1242593860   0.0322673908  -0.0026330559   0.0034035338   0.0014141936
        0.0003765037   0.0005893929  -0.0001321975  -0.0033756895  -0.0041467858
        0.0023965633
       -0.0001281110  -0.0002303734   0.0001473293  -0.0012731588   0.0002487195
       -0.0013478595   0.0095371843  -0.0182185445  -0.0032588333   0.0446470864
       -0.3125841859  -0.0375770304   0.0226946536   0.6448816729   0.0472674053
        0.0534098216  -0.1386298911  -0.0228753409   0.0225458121   0.0580704377
       -0.0007666921  -0.0056360559  -0.0009841459   0.0010199999   0.0307618623
       -0.0418540889  -0.0114513765  -0.0733682731  -0.0457028053   0.0145471740
       -0.0008057662  -0.0001099817  -0.0001729814  -0.0003562379   0.0000854327
       -0.0000308330   0.0009537744   0.0003843154   0.0003383360  -0.0000452052
       -0.0000103866  -0.0000550740  -0.0002347499   0.0001004791   0.0000864470
        0.0001660164  -0.0001971155   0.0002168226  -0.0015595197   0.0005906075
        0.0008437838   0.0012792253  -0.0006542401  -0.0004175486  -0.1245766552
       -0.1287500632   0.0213118520   0.0249151517  -0.0143501775  -0.0079947183
        0.0005543796  -0.0001974801  -0.0000349213  -0.0034812348  -0.0018881849
        0.0002040594
       -0.0013485641   0.0008489790  -0.0000116902  -0.0008093383  -0.0011523884
       -0.0011508921   0.0041435260  -0.0081468354  -0.0008607650   0.0139695420
       -0.0173466360  -0.0547594604  -0.1345817215   0.0472674053   0.1526958033
        0.0660184243  -0.0420327642  -0.0650856853   0.0192578935   0.0149247170
       -0.0021446417   0.0011925464  -0.0001637064   0.0048366169   0.0060640699
       -0.0112555867  -0.0062082514  -0.0143974132   0.0010007891   0.0064653862
       -0.0002765418  -0.0004275217   0.0010439033   0.0007093816   0.0002639456
        0.0000760093   0.0007952674  -0.0006746100   0.0007259268  -0.0000040887
        0.0001273326   0.0001286640  -0.0000415656  -0.0000199993   0.0002882157
        0.0000863866   0.0000065765   0.0001788314  -0.0005272669  -0.0006860487
        0.0003481226   0.0018705250  -0.0015304729  -0.0003756663   0.0324190195
        0.0211628513  -0.0417374649   0.0031197318  -0.0023025025  -0.0006859896
       -0.0001710446  -0.0001387250  -0.0004998884   0.0025112306   0.0002752009
        0.0067329158
        0.0002729338  -0.0003809013  -0.0000106375  -0.0005290738   0.0000497528
        0.0000188267   0.0023600194  -0.0000262222   0.0016958330   0.0179223218
        0.0844886336   0.0033157461  -0.2809141948   0.0534098216   0.0660184243
        0.6196864096  -0.0035578502  -0.1315411081  -0.2222390708  -0.0820387482
        0.0371245085  -0.0395807040  -0.0031894309   0.0110272971   0.0292646958
       -0.0704157917  -0.0136740597  -0.0603483209  -0.0058731100   0.0142723418
       -0.0008004221  -0.0000635803  -0.0000170638   0.0001511127  -0.0000722991
        0.0000724721  -0.0005148677   0.0003682482  -0.0002822058   0.0001041799
       -0.0000729512   0.0000145590  -0.0000443224  -0.0000517578  -0.0000499067
        0.0000553448  -0.0001519661   0.0002144510   0.0000436619  -0.0004135903
       -0.0000744966  -0.0007885288   0.0003637475  -0.0002639181  -0.0217962249
        0.0092692407   0.0068224621  -0.0428707308   0.0177206629   0.0035586172
        0.0011627301   0.0006200360   0.0016267625  -0.0005969489   0.0000180559
        0.0001310949
       -0.0003283961   0.0001885567  -0.0000327891  -0.0000355415  -0.0003861827
       -0.0001647862   0.0002440587  -0.0053315627  -0.0014033322   0.0286577277
       -0.0250839689  -0.0094378758   0.1281683860  -0.1386298911  -0.0420327642
       -0.0035578502   0.6794346729   0.0542486779  -0.1465496605  -0.1739665576
        0.0262423529   0.0098832738   0.0063374223  -0.0023154446  -0.0196181151
       -0.0416942104   0.0011340270  -0.0052659684   0.0028853237   0.0020559372
       -0.0009830860  -0.0004506222   0.0000185286   0.0004631035   0.0001275414
       -0.0000088493   0.0003972417  -0.0001564196   0.0003307513   0.0000463611
        0.0000172701   0.0000287178   0.0000363833  -0.0000196054   0.0000804379
        0.0000153063  -0.0000019645  -0.0000945103  -0.0001597221  -0.0000544315
        0.0000320428   0.0010837606  -0.0007808327  -0.0003615423  -0.0113586244
        0.0068526634   0.0034145023   0.0188729048  -0.3042734178  -0.0306853886
       -0.0000358501  -0.0059171095  -0.0011257573   0.0000243068   0.0009033260
        0.0000770642
       -0.0001885944  -0.0000042156  -0.0002709113   0.0015169238  -0.0011325069
       -0.0005424285   0.0012920150  -0.0003994578   0.0065279747  -0.0020232112
       -0.0240318719  -0.0013616100   0.0728380866  -0.0228753409  -0.0650856853
       -0.1315411081   0.0542486779   0.1516628555   0.0316571882   0.0097402836
       -0.0561793017   0.0116704234   0.0013131735  -0.0002470910  -0.0090022513
        0.0141333314   0.0046400483   0.0140432396   0.0020259282  -0.0072831140
        0.0001076878  -0.0001912866  -0.0000161249  -0.0000300223   0.0002195560
        0.0001326847   0.0002237643  -0.0001896005   0.0000957182  -0.0000636903
        0.0000269025  -0.0000571422   0.0002784479  -0.0000840388   0.0003074577
        0.0000267023  -0.0000206078  -0.0001138585  -0.0002883196  -0.0000000268
        0.0001346854  -0.0006200541   0.0004640801   0.0001987636   0.0045016337
       -0.0016584199  -0.0004944680   0.0039055420  -0.0303638183  -0.0383965241
        0.0015979975  -0.0013369338   0.0066678693   0.0000975991   0.0001161925
       -0.0003197979
        0.0001878028   0.0003015446   0.0002967889   0.0002757944  -0.0001711200
       -0.0003029862  -0.0008643415   0.0001996873   0.0000774056  -0.0096480813
       -0.0278577804  -0.0018569642  -0.0652453273   0.0225458121   0.0192578935
       -0.2222390708  -0.1465496605   0.0316571882   0.4878192271   0.0665399662
       -0.0935435623  -0.1194151022   0.0463131513   0.0301633799  -0.0816106646
        0.0333183816   0.0117226413   0.0179803289   0.0276457954  -0.0021963208
        0.0008747878   0.0007728163  -0.0000971903  -0.0004393924  -0.0002849706
        0.0000646449  -0.0005232682   0.0000408819  -0.0004041492  -0.0001949399
        0.0000930019  -0.0000715651   0.0002562028   0.0000217225   0.0002162353
       -0.0000840760   0.0001374482  -0.0000263337   0.0000923519   0.0000708131
       -0.0000500071   0.0002981967  -0.0002408425  -0.0000047555  -0.0036136548
        0.0016111024   0.0032381336  -0.0000771462  -0.0012311290   0.0003823027
       -0.0006222695  -0.0255902813  -0.0018035738  -0.0032073577   0.0023136597
        0.0032807941
       -0.0006360590   0.0000374245  -0.0000598776  -0.0000804370   0.0003993032
       -0.0000650014   0.0002118480  -0.0008877503   0.0000753469  -0.0282728566
       -0.0541125194   0.0029563942  -0.0372200403   0.0580704377   0.0149247170
       -0.0820387482  -0.1739665576   0.0097402836   0.0665399662   0.6060084133
        0.0287011503   0.0459214275  -0.0495607789  -0.0147213091  -0.0311082304
       -0.3188055299  -0.0167061517   0.0877085666  -0.0262004909  -0.0250289087
       -0.0004636653  -0.0004209956   0.0000635988   0.0005942316   0.0002736351
       -0.0000766281   0.0005304982  -0.0001572693   0.0005202351   0.0000822780
        0.0000295665   0.0000920806   0.0000662092   0.0000646064  -0.0001352366
       -0.0000001409   0.0000576049  -0.0002549546  -0.0000786591   0.0004347580
       -0.0001245211   0.0001906731   0.0001880633   0.0001630790   0.0022214912
        0.0000485181  -0.0013081678  -0.0244086065  -0.0210655944   0.0042449777
       -0.0015614169  -0.0207665823  -0.0016457818   0.0018016704   0.0003317377
       -0.0013553246
        0.0000850586  -0.0001383319  -0.0000992356   0.0000097432   0.0001038821
        0.0001089411   0.0002256464  -0.0001344672   0.0000083774  -0.0020922427
        0.0026761821  -0.0059574205   0.0136723659  -0.0007666921  -0.0021446417
        0.0371245085   0.0262423529  -0.0561793017  -0.0935435623   0.0287011503
        0.1303986112   0.0306562668  -0.0150768786  -0.0302745952   0.0054568536
       -0.0327217265  -0.0528857678   0.0037653679  -0.0093150745  -0.0015945794
       -0.0000634476  -0.0002453680  -0.0001558412  -0.0001625847   0.0001314738
        0.0001211758   0.0000219103   0.0000963439   0.0000730194  -0.0000873326
        0.0000361570   0.0000856538  -0.0000534459  -0.0000096669   0.0000216104
        0.0000246787  -0.0000321395   0.0000170616   0.0000857129  -0.0000687080
        0.0000304838   0.0001033170   0.0000801666  -0.0000078663   0.0031393446
       -0.0011807376   0.0074409272  -0.0019229432  -0.0017999912   0.0016663709
        0.0003486227   0.0046717759   0.0015621834   0.0032061616  -0.0012497024
        0.0077648335
       -0.0000764570  -0.0002007672  -0.0002614141  -0.0000656447   0.0001143929
        0.0002143940   0.0002726037  -0.0000759087  -0.0002764687   0.0001742961
        0.0010880080  -0.0000590801  -0.0010949481  -0.0056360559   0.0011925464
       -0.0395807040   0.0098832738   0.0116704234  -0.1194151022   0.0459214275
        0.0306562668   0.1698875410  -0.0690207580  -0.0485080803  -0.0139785820
        0.0164716245   0.0055529654   0.0016843127   0.0007469587   0.0010964639
       -0.0007175922  -0.0007390600   0.0000072320   0.0005027638   0.0001671528
       -0.0001410918   0.0000680911  -0.0000134541   0.0003741072   0.0001231443
       -0.0000642220   0.0000460786   0.0000064858  -0.0000568641  -0.0001440921
        0.0001164049  -0.0000608787  -0.0000086158   0.0002453104   0.0000478536
       -0.0000926049   0.0000582595   0.0000525310  -0.0000416472   0.0000924667
        0.0011267720   0.0000863650   0.0008295402   0.0003438126  -0.0006481096
        0.0012138332  -0.0001221302  -0.0007890395  -0.0003460232   0.0000262916
        0.0000734013
       -0.0000357881   0.0003591689   0.0001500154  -0.0002072542  -0.0001820570
       -0.0000253132   0.0000667553   0.0000385309   0.0000229176   0.0005119108
        0.0008457260   0.0000080755  -0.0018662859  -0.0009841459  -0.0001637064
       -0.0031894309   0.0063374223   0.0013131735   0.0463131513  -0.0495607789
       -0.0150768786  -0.0690207580   0.0651107070   0.0233070802   0.0297747447
       -0.0191364700  -0.0096490194  -0.0025193763  -0.0042679548  -0.0002418272
       -0.0002250923   0.0005708922   0.0001390817   0.0001255533  -0.0004083916
       -0.0000375981  -0.0000604734  -0.0001936343  -0.0001781930  -0.0000743744
        0.0000266423  -0.0000318841   0.0000787243   0.0000531003   0.0000550396
       -0.0000085475   0.0001251964  -0.0000466304  -0.0000163035  -0.0000670096
        0.0000329315  -0.0000886816   0.0000522777   0.0001108242  -0.0006650180
       -0.0001269777   0.0001382800  -0.0007015152   0.0009640678   0.0003915871
        0.0006931461   0.0008953475   0.0000788573   0.0011149134  -0.0004516596
       -0.0002968133
        0.0002636144  -0.0000437271   0.0001298047  -0.0002367600   0.0000809096
       -0.0002146870  -0.0006218466   0.0002777280  -0.0012309171   0.0001917996
       -0.0003071788   0.0000821192   0.0014333655   0.0010199999   0.0048366169
        0.0110272971  -0.0023154446  -0.0002470910   0.0301633799  -0.0147213091
       -0.0302745952  -0.0485080803   0.0233070802   0.0257808547   0.0072410968
       -0.0064700689   0.0000132422   0.0005790757  -0.0011075689   0.0049363476
        0.0004442037   0.0001301513  -0.0000382190  -0.0004580439   0.0000974472
        0.0000976794  -0.0001312496   0.0000446159  -0.0002483872  -0.0001454438
        0.0000793281   0.0000122559  -0.0000489662   0.0000629972   0.0000541467
        0.0000170063   0.0000149184   0.0000456298   0.0000798084  -0.0000715402
        0.0000209126   0.0001756629  -0.0001530396  -0.0000547510  -0.0001707969
       -0.0003239567  -0.0002304863  -0.0008073745   0.0000701132  -0.0016380483
       -0.0007011861   0.0003528081  -0.0017111913   0.0002134376  -0.0000242634
       -0.0001212364
       -0.0001200100   0.0002429531  -0.0000650495  -0.0001261395   0.0000796277
       -0.0002510380  -0.0020347129  -0.0036089157   0.0025871141  -0.0634486513
       -0.0372704638   0.0130074151  -0.0164674923   0.0307618623   0.0060640699
        0.0292646958  -0.0196181151  -0.0090022513  -0.0816106646  -0.0311082304
        0.0054568536  -0.0139785820   0.0297747447   0.0072410968   0.6514766672
        0.0206076926  -0.1389080681  -0.2787741114   0.1283250990   0.0730071726
       -0.0002508715  -0.0002023514   0.0000129715   0.0001204970   0.0001860667
        0.0000701071   0.0000190323  -0.0001904370   0.0002465402  -0.0000419079
        0.0000712022   0.0000196807   0.0000915379   0.0000157608  -0.0000568659
       -0.0000545860   0.0001187131  -0.0001673785  -0.0013020878   0.0006931689
        0.0001272056   0.0002173953   0.0001408684   0.0000161340   0.0003097863
        0.0007071209   0.0000194680  -0.0031186896  -0.0033178547   0.0023691239
       -0.2169063106  -0.1198546905   0.0370057002  -0.0032647945   0.0034461782
        0.0011999982
        0.0004792044   0.0000295839   0.0000396986   0.0000851626  -0.0005315768
        0.0003061554  -0.0040818450  -0.0005393259   0.0000912762   0.0203682072
        0.0566892868  -0.0003564285   0.0291076392  -0.0418540889  -0.0112555867
       -0.0704157917  -0.0416942104   0.0141333314   0.0333183816  -0.3188055299
       -0.0327217265   0.0164716245  -0.0191364700  -0.0064700689   0.0206076926
        0.6464866520   0.0430797429   0.0526411633  -0.1371909601  -0.0222470258
        0.0000895147   0.0003145967  -0.0000875280  -0.0000355078  -0.0004759780
       -0.0000047596  -0.0004973816   0.0000195391  -0.0003621618  -0.0000819222
       -0.0000310396  -0.0000973021  -0.0000370109  -0.0000029008   0.0000470056
       -0.0000420072  -0.0000438080   0.0000710492  -0.0004528291  -0.0000499356
        0.0004883156  -0.0000767074  -0.0003517065  -0.0000285796   0.0004453114
       -0.0002319297  -0.0000956416  -0.0030473716  -0.0013870740  -0.0001133049
       -0.1212033883  -0.1252348922   0.0235920776   0.0263578614  -0.0159782321
       -0.0080085385
        0.0002716491   0.0000152211   0.0000476989   0.0015003677  -0.0005932148
       -0.0000897437   0.0013062740  -0.0002614179   0.0059647313   0.0184328687
        0.0149783358  -0.0028780047   0.0060391481  -0.0114513765  -0.0062082514
       -0.0136740597   0.0011340270   0.0046400483   0.0117226413  -0.0167061517
       -0.0528857678   0.0055529654  -0.0096490194   0.0000132422  -0.1389080681
        0.0430797429   0.1509081827   0.0658539478  -0.0415366139  -0.0641827912
        0.0002453897   0.0001187566   0.0000781212  -0.0002294265  -0.0001374836
       -0.0003278147  -0.0000699029   0.0001006119  -0.0001813428  -0.0000047897
       -0.0000108388  -0.0000711226   0.0001905082  -0.0001435221   0.0002235329
        0.0001234852   0.0000337401  -0.0000420307  -0.0004276795   0.0001593181
        0.0001352001  -0.0002924813   0.0003364488   0.0001647979  -0.0001366129
       -0.0002201442  -0.0002887990   0.0023797005   0.0000088364   0.0065732143
        0.0369601286   0.0230757354  -0.0410175039   0.0031639463  -0.0023309912
       -0.0005755971
        0.0006726908  -0.0003433167   0.0001119901   0.0000544364  -0.0009432147
        0.0017223137  -0.0320345924  -0.0104463752   0.0070844580  -0.2324616187
       -0.0672085104   0.0422564972   0.0311334122  -0.0733682731  -0.0143974132
       -0.0603483209  -0.0052659684   0.0140432396   0.0179803289   0.0877085666
        0.0037653679   0.0016843127  -0.0025193763   0.0005790757  -0.2787741114
        0.0526411633   0.0658539478   0.6230882953  -0.0039942444  -0.1338813995
        0.0004880821   0.0003333587  -0.0000965398  -0.0003787689  -0.0001393771
        0.0000234268  -0.0007149758   0.0000912539  -0.0007328382   0.0001283541
       -0.0001243781   0.0000247594  -0.0000012841   0.0001328513  -0.0002561072
        0.0002767425  -0.0001189497   0.0004439299  -0.0039109959   0.0013706919
        0.0014310084   0.0003608356  -0.0016747838  -0.0010031692   0.0007691412
       -0.0000294750   0.0015220509  -0.0006153005  -0.0000724470  -0.0000363480
       -0.0239707878   0.0083435206   0.0074153581  -0.0434258755   0.0156272835
        0.0041263915
        0.0003320782  -0.0000947232   0.0000283062   0.0014336419  -0.0003411976
        0.0000447751   0.0072003244   0.0066086303  -0.0023762870  -0.1411609446
       -0.1648126078   0.0267014343  -0.0202791552  -0.0457028053   0.0010007891
       -0.0058731100   0.0028853237   0.0020259282   0.0276457954  -0.0262004909
       -0.0093150745   0.0007469587  -0.0042679548  -0.0011075689   0.1283250990
       -0.1371909601  -0.0415366139  -0.0039942444   0.6687712368   0.0494926315
       -0.0003033745   0.0003825307  -0.0000283317  -0.0001194831  -0.0003744575
        0.0001472607  -0.0006177607  -0.0000687486  -0.0004599017   0.0000291313
        0.0000526824  -0.0000459883   0.0003972855  -0.0001294874   0.0003637465
        0.0002302132   0.0001178216   0.0003283681   0.0021702072  -0.0008367402
       -0.0006133069   0.0017545811   0.0006136386  -0.0002637528   0.0006643092
       -0.0053453802  -0.0013341434  -0.0000943943   0.0008306876   0.0000632328
       -0.0138466868   0.0064014130   0.0040468860   0.0153595285  -0.3012984111
       -0.0271623896
       -0.0002388709   0.0001421957   0.0002299765  -0.0001579529   0.0007330407
       -0.0004423254   0.0090651078   0.0023296138  -0.0018739508   0.0350234933
        0.0075673578  -0.0578526751  -0.0097090528   0.0145471740   0.0064653862
        0.0142723418   0.0020559372  -0.0072831140  -0.0021963208  -0.0250289087
       -0.0015945794   0.0010964639  -0.0002418272   0.0049363476   0.0730071726
       -0.0222470258  -0.0641827912  -0.1338813995   0.0494926315   0.1522684245
        0.0000184719   0.0000669359   0.0002849080  -0.0001489164  -0.0000910859
       -0.0003780505   0.0001740316   0.0000932494   0.0001176057  -0.0000653338
        0.0000110408   0.0000581634  -0.0000984890  -0.0001255374   0.0000803820
        0.0001347990  -0.0000976794   0.0001068661   0.0023597535  -0.0004885476
       -0.0000599630   0.0001895322   0.0008554085   0.0005714104   0.0016511141
       -0.0012943637   0.0064877858   0.0000929332   0.0001064608  -0.0002292294
        0.0051628359  -0.0016370369  -0.0011135251   0.0042482851  -0.0267490335
       -0.0365970522
        0.0008699271  -0.0016537450   0.0011770221  -0.0003090765   0.0002678881
       -0.0001742729   0.0000696832  -0.0002026010  -0.0002692906  -0.0010912322
        0.0003643137   0.0004353542  -0.0022521619  -0.0008057662  -0.0002765418
       -0.0008004221  -0.0009830860   0.0001076878   0.0008747878  -0.0004636653
       -0.0000634476  -0.0007175922  -0.0002250923   0.0004442037  -0.0002508715
        0.0000895147   0.0002453897   0.0004880821  -0.0003033745   0.0000184719
        0.0071664109   0.0007214040   0.0000960849  -0.0045088467   0.0027345516
       -0.0019067416  -0.0000735439   0.0005142168  -0.0007947963  -0.0004012866
       -0.0001191423   0.0000911228   0.0003501440  -0.0000157196  -0.0000039237
        0.0001934498   0.0000837766  -0.0000659274  -0.0007603537   0.0005827516
        0.0003248233  -0.0000313073  -0.0002130725  -0.0000201596   0.0013634711
        0.0006264465   0.0002494903  -0.0000684170  -0.0001879039   0.0000655231
       -0.0000521723  -0.0003721428   0.0002288296  -0.0000586721  -0.0004395523
        0.0000910978
       -0.0041577309  -0.0093181166   0.0059684342  -0.0000277924   0.0011001989
        0.0008630150  -0.0005352739  -0.0000410002  -0.0002447234   0.0005612222
       -0.0003307528  -0.0001402729  -0.0012642017  -0.0001099817  -0.0004275217
       -0.0000635803  -0.0004506222  -0.0001912866   0.0007728163  -0.0004209956
       -0.0002453680  -0.0007390600   0.0005708922   0.0001301513  -0.0002023514
        0.0003145967   0.0001187566   0.0003333587   0.0003825307   0.0000669359
        0.0007214040  -0.0015703142   0.0047661110   0.0049778359   0.0124803743
       -0.0118109661   0.0009876127  -0.0004172516  -0.0005413139  -0.0005284985
       -0.0001526485  -0.0006706597  -0.0002149987   0.0004296459   0.0001328672
       -0.0003088111  -0.0004384000   0.0003157962   0.0002879768   0.0002686281
        0.0012205152  -0.0002118809  -0.0004653481   0.0002645273   0.0000872427
       -0.0021538137   0.0001489925  -0.0003208255   0.0002191836  -0.0001553270
       -0.0001054406   0.0001386825   0.0001812594  -0.0000490233  -0.0000354878
        0.0002500774
        0.0030918344   0.0079631878  -0.0027945865  -0.0002040759  -0.0011954919
       -0.0018848565   0.0002472523   0.0002046672   0.0003017271  -0.0000959725
       -0.0004634345   0.0000836483   0.0004055918  -0.0001729814   0.0010439033
       -0.0000170638   0.0000185286  -0.0000161249  -0.0000971903   0.0000635988
       -0.0001558412   0.0000072320   0.0001390817  -0.0000382190   0.0000129715
       -0.0000875280   0.0000781212  -0.0000965398  -0.0000283317   0.0002849080
        0.0000960849   0.0047661110   0.0001064511  -0.0034941270  -0.0124483966
        0.0035425434  -0.0008873508   0.0001160306  -0.0000088970   0.0005982769
        0.0000785320   0.0002899015  -0.0000613800   0.0000239496   0.0002295575
        0.0001221235   0.0004219747   0.0007465640  -0.0000137683   0.0003920974
       -0.0002318359  -0.0000800620  -0.0002297388   0.0003507068   0.0005344627
        0.0003681474  -0.0020202242  -0.0000178935   0.0000552685  -0.0004260167
        0.0000011355   0.0000742583   0.0002544675  -0.0000515416  -0.0000595307
        0.0002641020
       -0.0810409974  -0.0806778853   0.0507319597  -0.0009332619  -0.0054899339
       -0.0009799048   0.0003602090  -0.0001124407   0.0008126648  -0.0004051582
       -0.0003925498   0.0001254982  -0.0000727965  -0.0003562379   0.0007093816
        0.0001511127   0.0004631035  -0.0000300223  -0.0004393924   0.0005942316
       -0.0001625847   0.0005027638   0.0001255533  -0.0004580439   0.0001204970
       -0.0000355078  -0.0002294265  -0.0003787689  -0.0001194831  -0.0001489164
       -0.0045088467   0.0049778359  -0.0034941270   0.0890407779   0.0843523776
       -0.0524904137  -0.0128668459  -0.0181646421   0.0153908710   0.0083870271
        0.0126647506  -0.0080819911   0.0000365924   0.0006673364   0.0002887860
        0.0006227136  -0.0006225564  -0.0002836568   0.0005006263  -0.0000742086
       -0.0003666011   0.0001845194   0.0002635309   0.0000471213   0.0005467411
        0.0012766233  -0.0007587511   0.0003215481   0.0001548393  -0.0001553198
       -0.0000392737   0.0003007751  -0.0003054253  -0.0000897868   0.0002044879
       -0.0001610980
       -0.0786092130  -0.1978260780   0.1001485656  -0.0082150151  -0.0198835674
        0.0021971081   0.0006034272   0.0009123243   0.0001964072  -0.0010438912
        0.0002891470   0.0006208002   0.0006707715   0.0000854327   0.0002639456
       -0.0000722991   0.0001275414   0.0002195560  -0.0002849706   0.0002736351
        0.0001314738   0.0001671528  -0.0004083916   0.0000974472   0.0001860667
       -0.0004759780  -0.0001374836  -0.0001393771  -0.0003744575  -0.0000910859
        0.0027345516   0.0124803743  -0.0124483966   0.0843523776   0.2016955744
       -0.0953174134  -0.0017157740   0.0087026712  -0.0014953539  -0.0001702515
       -0.0055741441   0.0090153337  -0.0000447608  -0.0002432217  -0.0002439232
        0.0000623485  -0.0020447914  -0.0024475153  -0.0001302990   0.0009896779
       -0.0006827698   0.0004977898   0.0006177396   0.0000202221   0.0008808837
        0.0010044798   0.0002701984   0.0001146083  -0.0001444764   0.0002768886
        0.0001122560  -0.0001270490  -0.0002369737   0.0000436176  -0.0000764426
       -0.0003570310
        0.0479837186   0.0965812558  -0.1009858601  -0.0061250616  -0.0101307748
        0.0111892996   0.0000425545  -0.0001423724   0.0009249891  -0.0000229892
        0.0000637825  -0.0004347154  -0.0001676750  -0.0000308330   0.0000760093
        0.0000724721  -0.0000088493   0.0001326847   0.0000646449  -0.0000766281
        0.0001211758  -0.0001410918  -0.0000375981   0.0000976794   0.0000701071
       -0.0000047596  -0.0003278147   0.0000234268   0.0001472607  -0.0003780505
       -0.0019067416  -0.0118109661   0.0035425434  -0.0524904137  -0.0953174134
        0.1059189779   0.0093766571   0.0075378773  -0.0044162559   0.0048041523
        0.0173595177  -0.0119789418  -0.0000132044  -0.0006055865   0.0001185154
       -0.0009653035  -0.0043316461  -0.0026493185   0.0001289502   0.0001329328
       -0.0007552328  -0.0001108696   0.0003536076  -0.0004608842  -0.0007066595
        0.0002337882   0.0005645084  -0.0000439140  -0.0000416759   0.0005360837
        0.0000261620  -0.0000350464  -0.0003756696   0.0001010785   0.0001641271
       -0.0004597231
       -0.2577984410   0.0700030497   0.0921248669   0.0050321352   0.0033592369
        0.0024096000  -0.0002734723  -0.0004738517  -0.0004713397   0.0017307097
       -0.0010210586   0.0005021338   0.0007438412   0.0009537744   0.0007952674
       -0.0005148677   0.0003972417   0.0002237643  -0.0005232682   0.0005304982
        0.0000219103   0.0000680911  -0.0000604734  -0.0001312496   0.0000190323
       -0.0004973816  -0.0000699029  -0.0007149758  -0.0006177607   0.0001740316
       -0.0000735439   0.0009876127  -0.0008873508  -0.0128668459  -0.0017157740
        0.0093766571   0.2845766370  -0.0775250318  -0.1069192763  -0.0211251995
        0.0071024872   0.0046642230   0.0009326867  -0.0005346223  -0.0008225115
        0.0007232572  -0.0009963790  -0.0003917777  -0.0000624704   0.0000671597
        0.0000789411  -0.0001142538   0.0000012101  -0.0002468049   0.0002942107
       -0.0000240334  -0.0000899248  -0.0000377390  -0.0000016054  -0.0000967636
       -0.0000120711   0.0000133085  -0.0001592059  -0.0000034525   0.0000523929
       -0.0000852879
        0.0672506067  -0.0669530768  -0.0295436081   0.0182032317  -0.0095697658
       -0.0107993545  -0.0002047295   0.0003018628   0.0000988353  -0.0004703435
        0.0008768451   0.0001246945  -0.0002496164   0.0003843154  -0.0006746100
        0.0003682482  -0.0001564196  -0.0001896005   0.0000408819  -0.0001572693
        0.0000963439  -0.0000134541  -0.0001936343   0.0000446159  -0.0001904370
        0.0000195391   0.0001006119   0.0000912539  -0.0000687486   0.0000932494
        0.0005142168  -0.0004172516   0.0001160306  -0.0181646421   0.0087026712
        0.0075378773  -0.0775250318   0.0718759525   0.0381252548   0.0100879445
       -0.0006798455  -0.0016169121  -0.0005952806  -0.0035853949  -0.0036556372
        0.0007894698   0.0000286687  -0.0004132878  -0.0000300334   0.0001097111
        0.0001066595   0.0001882813   0.0002050759   0.0000852215  -0.0001259709
       -0.0001820819   0.0004490394   0.0000178123  -0.0001621942   0.0000859904
        0.0000219061  -0.0001259349  -0.0000554306  -0.0000043141  -0.0002530246
       -0.0001159838
        0.0968553371  -0.0327990944  -0.0896591364   0.0154120555  -0.0078646106
       -0.0078946692   0.0004581236   0.0000010451   0.0004434122   0.0000063568
       -0.0005987643   0.0001192822   0.0000669963   0.0003383360   0.0007259268
       -0.0002822058   0.0003307513   0.0000957182  -0.0004041492   0.0005202351
        0.0000730194   0.0003741072  -0.0001781930  -0.0002483872   0.0002465402
       -0.0003621618  -0.0001813428  -0.0007328382  -0.0004599017   0.0001176057
       -0.0007947963  -0.0005413139  -0.0000088970   0.0153908710  -0.0014953539
       -0.0044162559  -0.1069192763   0.0381252548   0.0934164657  -0.0195527583
        0.0065572500   0.0091119646  -0.0008485244  -0.0032799475  -0.0019210975
       -0.0000932909   0.0008303139   0.0007987329   0.0001605916  -0.0000917972
       -0.0002271529   0.0000135836   0.0002679651   0.0001426666   0.0003254840
        0.0006249509  -0.0003078283   0.0001081168  -0.0000525738  -0.0000198089
        0.0001229862   0.0000359576  -0.0000886836   0.0000866894   0.0000916522
       -0.0000715347
       -0.1534498750   0.0456491948  -0.1279698250  -0.0021701036  -0.0007743465
       -0.0039546679   0.0001614408  -0.0008561074  -0.0002945143   0.0002780844
       -0.0001937459  -0.0000590338   0.0000239098  -0.0000452052  -0.0000040887
        0.0001041799   0.0000463611  -0.0000636903  -0.0001949399   0.0000822780
       -0.0000873326   0.0001231443  -0.0000743744  -0.0001454438  -0.0000419079
       -0.0000819222  -0.0000047897   0.0001283541   0.0000291313  -0.0000653338
       -0.0004012866  -0.0005284985   0.0005982769   0.0083870271  -0.0001702515
        0.0048041523  -0.0211251995   0.0100879445  -0.0195527583   0.1674498537
       -0.0540350195   0.1460835363   0.0007021586   0.0006129679   0.0011198768
       -0.0001118384  -0.0000181683  -0.0001067210   0.0000658870  -0.0000749678
        0.0001721538   0.0001030194   0.0002643438  -0.0001123681   0.0000326389
        0.0000451896  -0.0001112276  -0.0000104612   0.0000089717  -0.0000841350
       -0.0000214990   0.0000207740  -0.0001094416  -0.0000325870   0.0000054506
       -0.0000526246
        0.0481582856  -0.0647896806   0.0554244852  -0.0120193534   0.0054321926
       -0.0147356138  -0.0009358070  -0.0032576193  -0.0032073397   0.0001223778
        0.0000315610   0.0002274166   0.0001438453  -0.0000103866   0.0001273326
       -0.0000729512   0.0000172701   0.0000269025   0.0000930019   0.0000295665
        0.0000361570  -0.0000642220   0.0000266423   0.0000793281   0.0000712022
       -0.0000310396  -0.0000108388  -0.0001243781   0.0000526824   0.0000110408
       -0.0001191423  -0.0001526485   0.0000785320   0.0126647506  -0.0055741441
        0.0173595177   0.0071024872  -0.0006798455   0.0065572500  -0.0540350195
        0.0683377773  -0.0594591299  -0.0001533456   0.0003243459  -0.0008231010
       -0.0006650382  -0.0004415233  -0.0006771135   0.0000745651   0.0000823559
        0.0000406292  -0.0005195498   0.0004915251  -0.0010961471   0.0001852981
        0.0001435172   0.0000509684   0.0000396457  -0.0000072495   0.0000924936
        0.0000200529   0.0000031343  -0.0000288132   0.0000332947  -0.0000284335
       -0.0000739568
       -0.1316817978   0.0544791613  -0.2015442733  -0.0102192741   0.0018251231
       -0.0146826667  -0.0004759305  -0.0041525171  -0.0024649965   0.0003853402
       -0.0001450420   0.0004026527   0.0001851834  -0.0000550740   0.0001286640
        0.0000145590   0.0000287178  -0.0000571422  -0.0000715651   0.0000920806
        0.0000856538   0.0000460786  -0.0000318841   0.0000122559   0.0000196807
       -0.0000973021  -0.0000711226   0.0000247594  -0.0000459883   0.0000581634
        0.0000911228  -0.0006706597   0.0002899015  -0.0080819911   0.0090153337
       -0.0119789418   0.0046642230  -0.0016169121   0.0091119646   0.1460835363
       -0.0594591299   0.2208755150  -0.0001159678   0.0002376031   0.0000099022
        0.0000782190   0.0003494342   0.0003144401  -0.0001333216  -0.0002267855
        0.0002989624  -0.0007482948   0.0004777438  -0.0008493573  -0.0001110756
       -0.0000481909   0.0000235916   0.0000165805  -0.0000244509   0.0000487398
        0.0000283782   0.0000179071   0.0000182565   0.0000015572   0.0000508318
       -0.0000301630
        0.0031739967  -0.0003616126  -0.0000945934  -0.2232836786   0.0738401237
        0.0615225722  -0.0165056934   0.0067195551  -0.0003802290  -0.0015586733
        0.0011925762  -0.0032723617  -0.0001247454  -0.0002347499  -0.0000415656
       -0.0000443224   0.0000363833   0.0002784479   0.0002562028   0.0000662092
       -0.0000534459   0.0000064858   0.0000787243  -0.0000489662   0.0000915379
       -0.0000370109   0.0001905082  -0.0000012841   0.0003972855  -0.0000984890
        0.0003501440  -0.0002149987  -0.0000613800   0.0000365924  -0.0000447608
       -0.0000132044   0.0009326867  -0.0005952806  -0.0008485244   0.0007021586
       -0.0001533456  -0.0001159678   0.2553389256  -0.0834119652  -0.0656227895
       -0.0198630440   0.0029004730   0.0083446392   0.0007727157  -0.0002066693
        0.0004791632  -0.0001075495  -0.0002042864  -0.0001221817  -0.0001292226
       -0.0000232664  -0.0000486373   0.0000290494   0.0000666394   0.0000223212
       -0.0000207712   0.0000909969   0.0000074926  -0.0000515110   0.0000989800
       -0.0000228084
        0.0211906806  -0.0136153889  -0.0129317001   0.0693916856  -0.0742830896
       -0.0213372523   0.0100379308  -0.0030513388  -0.0001088917   0.0012360342
        0.0000563930   0.0015766985  -0.0000823874   0.0001004791  -0.0000199993
       -0.0000517578  -0.0000196054  -0.0000840388   0.0000217225   0.0000646064
       -0.0000096669  -0.0000568641   0.0000531003   0.0000629972   0.0000157608
       -0.0000029008  -0.0001435221   0.0001328513  -0.0001294874  -0.0001255374
       -0.0000157196   0.0004296459   0.0000239496   0.0006673364  -0.0002432217
       -0.0006055865  -0.0005346223  -0.0035853949  -0.0032799475   0.0006129679
        0.0003243459   0.0002376031  -0.0834119652   0.0867323398   0.0297887051
       -0.0194854225   0.0067465248   0.0073677124   0.0004203715  -0.0000480247
       -0.0002062911  -0.0002809282   0.0002989260  -0.0002795692   0.0000769729
        0.0000765571   0.0000176873  -0.0000148061   0.0000350192   0.0000000107
        0.0000241261   0.0000144627  -0.0000077024   0.0001060327   0.0000460520
        0.0000643415
        0.0164122820  -0.0119785133  -0.0107413321   0.0561569990  -0.0212597613
       -0.0584987967  -0.0210762331   0.0083178747   0.0029638896  -0.0021933465
        0.0014060108  -0.0036598460  -0.0004421145   0.0000864470   0.0002882157
       -0.0000499067   0.0000804379   0.0003074577   0.0002162353  -0.0001352366
        0.0000216104  -0.0001440921   0.0000550396   0.0000541467  -0.0000568659
        0.0000470056   0.0002235329  -0.0002561072   0.0003637465   0.0000803820
       -0.0000039237   0.0001328672   0.0002295575   0.0002887860  -0.0002439232
        0.0001185154  -0.0008225115  -0.0036556372  -0.0019210975   0.0011198768
       -0.0008231010   0.0000099022  -0.0656227895   0.0297887051   0.0740481540
        0.0175247821  -0.0024348604  -0.0042357331  -0.0005919087   0.0001425575
        0.0007181767  -0.0002883777   0.0001770491   0.0001227139  -0.0001197613
       -0.0000970429  -0.0000350864  -0.0000399162   0.0000059537   0.0001253068
       -0.0000258176   0.0000041940  -0.0000147497   0.0000147114   0.0000201873
       -0.0002049202
       -0.0022120331  -0.0063838123   0.0003082075  -0.1023026405  -0.0813734040
        0.0534784318   0.0072415588   0.0097596039  -0.0075406171   0.0011340212
        0.0000556774  -0.0002532513  -0.0001371845   0.0001660164   0.0000863866
        0.0000553448   0.0000153063   0.0000267023  -0.0000840760  -0.0000001409
        0.0000246787   0.0001164049  -0.0000085475   0.0000170063  -0.0000545860
       -0.0000420072   0.0001234852   0.0002767425   0.0002302132   0.0001347990
        0.0001934498  -0.0003088111   0.0001221235   0.0006227136   0.0000623485
       -0.0009653035   0.0007232572   0.0007894698  -0.0000932909  -0.0001118384
       -0.0006650382   0.0000782190  -0.0198630440  -0.0194854225   0.0175247821
        0.1150297080   0.0960771498  -0.0606784486  -0.0007784170   0.0011507715
       -0.0024730361   0.0004019961   0.0001530741   0.0002925094  -0.0000786188
       -0.0000215468  -0.0000584700   0.0000180144   0.0000132484   0.0000004268
       -0.0000011470   0.0000263630   0.0000342548  -0.0001896261  -0.0002105118
       -0.0001895956
       -0.0151407228  -0.0284135029   0.0046596242  -0.0790181465  -0.1609588897
        0.0763015432  -0.0036475389  -0.0077178019   0.0090645642  -0.0003386084
       -0.0001785404  -0.0002856843  -0.0000574723  -0.0001971155   0.0000065765
       -0.0001519661  -0.0000019645  -0.0000206078   0.0001374482   0.0000576049
       -0.0000321395  -0.0000608787   0.0001251964   0.0000149184   0.0001187131
       -0.0000438080   0.0000337401  -0.0001189497   0.0001178216  -0.0000976794
        0.0000837766  -0.0004384000   0.0004219747  -0.0006225564  -0.0020447914
       -0.0043316461  -0.0009963790   0.0000286687   0.0008303139  -0.0000181683
       -0.0004415233   0.0003494342   0.0029004730   0.0067465248  -0.0024348604
        0.0960771498   0.1922121210  -0.0858147859   0.0011449043   0.0001931658
        0.0019280942  -0.0002317664   0.0005462774  -0.0005517023  -0.0000777738
        0.0000496861  -0.0000998305  -0.0000286252   0.0000489166  -0.0000557137
       -0.0000466150   0.0000491646   0.0000622042   0.0000937026   0.0002611899
        0.0000516622
       -0.0106011907  -0.0187608521   0.0060656465   0.0578204505   0.0800221508
       -0.0902317906   0.0086474219   0.0190027034  -0.0182062127   0.0006396358
       -0.0002752108   0.0007280926  -0.0001020526   0.0002168226   0.0001788314
        0.0002144510  -0.0000945103  -0.0001138585  -0.0000263337  -0.0002549546
        0.0000170616  -0.0000086158  -0.0000466304   0.0000456298  -0.0001673785
        0.0000710492  -0.0000420307   0.0004439299   0.0003283681   0.0001068661
       -0.0000659274   0.0003157962   0.0007465640  -0.0002836568  -0.0024475153
       -0.0026493185  -0.0003917777  -0.0004132878   0.0007987329  -0.0001067210
       -0.0006771135   0.0003144401   0.0083446392   0.0073677124  -0.0042357331
       -0.0606784486  -0.0858147859   0.1104358959  -0.0034563050   0.0018549382
       -0.0041316533   0.0001237400   0.0002061183   0.0002705649   0.0000408656
       -0.0002087111  -0.0001128284   0.0000101747  -0.0000300545   0.0000100864
        0.0000218143  -0.0000319479   0.0000377092  -0.0004187152  -0.0003300850
       -0.0000326957
        0.0000221687   0.0002880155   0.0000526769   0.0070148108   0.0097589421
       -0.0081238619  -0.1091989257  -0.0835968602   0.0660727767  -0.0215922294
       -0.0140886074   0.0145292522   0.0004522497  -0.0015595197  -0.0005272669
        0.0000436619  -0.0001597221  -0.0002883196   0.0000923519  -0.0000786591
        0.0000857129   0.0002453104  -0.0000163035   0.0000798084  -0.0013020878
       -0.0004528291  -0.0004276795  -0.0039109959   0.0021702072   0.0023597535
       -0.0007603537   0.0002879768  -0.0000137683   0.0005006263  -0.0001302990
        0.0001289502  -0.0000624704  -0.0000300334   0.0001605916   0.0000658870
        0.0000745651  -0.0001333216   0.0007727157   0.0004203715  -0.0005919087
       -0.0007784170   0.0011449043  -0.0034563050   0.1312420983   0.0920842517
       -0.0733576388  -0.0031817128  -0.0076374247   0.0027647504   0.0002387846
        0.0009382026   0.0004963589   0.0001703043  -0.0000389053  -0.0000136051
       -0.0002767894   0.0001948973   0.0000705590   0.0002030125   0.0004268295
        0.0001324848
       -0.0000131411   0.0004057027  -0.0009850194  -0.0032424233  -0.0081004585
        0.0084728370  -0.0823179600  -0.1448561523   0.0782583877   0.0039998286
        0.0074861979  -0.0049617365   0.0019847102   0.0005906075  -0.0006860487
       -0.0004135903  -0.0000544315  -0.0000000268   0.0000708131   0.0004347580
       -0.0000687080   0.0000478536  -0.0000670096  -0.0000715402   0.0006931689
       -0.0000499356   0.0001593181   0.0013706919  -0.0008367402  -0.0004885476
        0.0005827516   0.0002686281   0.0003920974  -0.0000742086   0.0009896779
        0.0001329328   0.0000671597   0.0001097111  -0.0000917972  -0.0000749678
        0.0000823559  -0.0002267855  -0.0002066693  -0.0000480247   0.0001425575
        0.0011507715   0.0001931658   0.0018549382   0.0920842517   0.1663975140
       -0.0918175860  -0.0166964571  -0.0224200991   0.0103927764   0.0006101775
       -0.0005208796  -0.0003262733   0.0000481949  -0.0000027667  -0.0000386004
        0.0001771906  -0.0000484383   0.0000106389   0.0001518539   0.0000466172
       -0.0000538143
        0.0006222819   0.0006050814   0.0013754551   0.0094850974   0.0195342079
       -0.0188021300   0.0651621578   0.0764819132  -0.1066891126   0.0075585931
        0.0049584929  -0.0035754254  -0.0005456328   0.0008437838   0.0003481226
       -0.0000744966   0.0000320428   0.0001346854  -0.0000500071  -0.0001245211
        0.0000304838  -0.0000926049   0.0000329315   0.0000209126   0.0001272056
        0.0004883156   0.0001352001   0.0014310084  -0.0006133069  -0.0000599630
        0.0003248233   0.0012205152  -0.0002318359  -0.0003666011  -0.0006827698
       -0.0007552328   0.0000789411   0.0001066595  -0.0002271529   0.0001721538
        0.0000406292   0.0002989624   0.0004791632  -0.0002062911   0.0007181767
       -0.0024730361   0.0019280942  -0.0041316533  -0.0733576388  -0.0918175860
        0.1229010675  -0.0087603191  -0.0119831900   0.0087339019   0.0002917935
       -0.0007645099  -0.0000497725  -0.0000730365   0.0000431761   0.0000467889
        0.0000282464  -0.0000569503  -0.0000959081   0.0000319075  -0.0000667180
       -0.0001255705
       -0.0016902649   0.0002010433  -0.0036038451  -0.0027092624  -0.0102924313
       -0.0081631901  -0.0479541416  -0.0313183697  -0.0227828045   0.0005076777
        0.0218427362   0.0155077643  -0.0033642921   0.0012792253   0.0018705250
       -0.0007885288   0.0010837606  -0.0006200541   0.0002981967   0.0001906731
        0.0001033170   0.0000582595  -0.0000886816   0.0001756629   0.0002173953
       -0.0000767074  -0.0002924813   0.0003608356   0.0017545811   0.0001895322
       -0.0000313073  -0.0002118809  -0.0000800620   0.0001845194   0.0004977898
       -0.0001108696  -0.0001142538   0.0001882813   0.0000135836   0.0001030194
       -0.0005195498  -0.0007482948  -0.0001075495  -0.0002809282  -0.0002883777
        0.0004019961  -0.0002317664   0.0001237400  -0.0031817128  -0.0166964571
       -0.0087603191   0.0585370595   0.0332658388   0.0267816328  -0.0001928044
       -0.0000665698   0.0001892391  -0.0002578853   0.0001049687   0.0000806831
        0.0001025289  -0.0000453980   0.0000249739  -0.0003794853  -0.0005801580
        0.0003896444
        0.0008464101   0.0008306201   0.0019206642   0.0006775426   0.0040787731
        0.0028307544  -0.0330011480  -0.1780002554  -0.1072967757   0.0042794473
       -0.0149395988  -0.0095335753   0.0024173984  -0.0006542401  -0.0015304729
        0.0003637475  -0.0007808327   0.0004640801  -0.0002408425   0.0001880633
        0.0000801666   0.0000525310   0.0000522777  -0.0001530396   0.0001408684
       -0.0003517065   0.0003364488  -0.0016747838   0.0006136386   0.0008554085
       -0.0002130725  -0.0004653481  -0.0002297388   0.0002635309   0.0006177396
        0.0003536076   0.0000012101   0.0002050759   0.0002679651   0.0002643438
        0.0004915251   0.0004777438  -0.0002042864   0.0002989260   0.0001770491
        0.0001530741   0.0005462774   0.0002061183  -0.0076374247  -0.0224200991
       -0.0119831900   0.0332658388   0.2088205422   0.1232437695   0.0001454399
        0.0004567224  -0.0001635622   0.0001483185  -0.0000407531  -0.0001288186
       -0.0000761368   0.0000273275   0.0000387107   0.0000279934   0.0004253248
       -0.0002333137
       -0.0034758552   0.0012321893  -0.0049565465  -0.0060025800  -0.0181319822
       -0.0164286651  -0.0219431826  -0.1057601770  -0.1266710765   0.0015083816
       -0.0090901667  -0.0043011295   0.0012589464  -0.0004175486  -0.0003756663
       -0.0002639181  -0.0003615423   0.0001987636  -0.0000047555   0.0001630790
       -0.0000078663  -0.0000416472   0.0001108242  -0.0000547510   0.0000161340
       -0.0000285796   0.0001647979  -0.0010031692  -0.0002637528   0.0005714104
       -0.0000201596   0.0002645273   0.0003507068   0.0000471213   0.0000202221
       -0.0004608842  -0.0002468049   0.0000852215   0.0001426666  -0.0001123681
       -0.0010961471  -0.0008493573  -0.0001221817  -0.0002795692   0.0001227139
        0.0002925094  -0.0005517023   0.0002705649   0.0027647504   0.0103927764
        0.0087339019   0.0267816328   0.1232437695   0.1439310843   0.0000165512
       -0.0000204545  -0.0001472474   0.0000566822   0.0000042871  -0.0001305474
       -0.0000932286   0.0000306629   0.0000371302   0.0005871411   0.0004540630
       -0.0001400030
       -0.0005909107  -0.0002390826  -0.0002802374  -0.0001211540   0.0003081349
        0.0002682708   0.0006338210   0.0012673800  -0.0005962075   0.0016395517
       -0.0014410291  -0.0001606946  -0.2177706086  -0.1245766552   0.0324190195
       -0.0217962249  -0.0113586244   0.0045016337  -0.0036136548   0.0022214912
        0.0031393446   0.0000924667  -0.0006650180  -0.0001707969   0.0003097863
        0.0004453114  -0.0001366129   0.0007691412   0.0006643092   0.0016511141
        0.0013634711   0.0000872427   0.0005344627   0.0005467411   0.0008808837
       -0.0007066595   0.0002942107  -0.0001259709   0.0003254840   0.0000326389
        0.0001852981  -0.0001110756  -0.0001292226   0.0000769729  -0.0001197613
       -0.0000786188  -0.0000777738   0.0000408656   0.0002387846   0.0006101775
        0.0002917935  -0.0001928044   0.0001454399   0.0000165512   0.2377014435
        0.1315111913  -0.0395260825   0.0005517314  -0.0006217087  -0.0008480977
       -0.0000245932   0.0002040367  -0.0004293904   0.0001440036   0.0004979933
       -0.0001029235
       -0.0003666894  -0.0003464444   0.0000340512   0.0000583576  -0.0003019461
        0.0001275929  -0.0011181629   0.0008079489   0.0007678599  -0.0214777089
       -0.0189526847   0.0035609089  -0.1242593860  -0.1287500632   0.0211628513
        0.0092692407   0.0068526634  -0.0016584199   0.0016111024   0.0000485181
       -0.0011807376   0.0011267720  -0.0001269777  -0.0003239567   0.0007071209
       -0.0002319297  -0.0002201442  -0.0000294750  -0.0053453802  -0.0012943637
        0.0006264465  -0.0021538137   0.0003681474   0.0012766233   0.0010044798
        0.0002337882  -0.0000240334  -0.0001820819   0.0006249509   0.0000451896
        0.0001435172  -0.0000481909  -0.0000232664   0.0000765571  -0.0000970429
       -0.0000215468   0.0000496861  -0.0002087111   0.0009382026  -0.0005208796
       -0.0007645099  -0.0000665698   0.0004567224  -0.0000204545   0.1315111913
        0.1475446221  -0.0215073331   0.0011084271   0.0007177388   0.0001354967
        0.0001654608   0.0000413397   0.0001003588  -0.0010572961  -0.0008315925
        0.0002078583
        0.0000990519  -0.0002337653  -0.0003748349  -0.0003203452   0.0004696835
        0.0000099379  -0.0011488466   0.0000280912  -0.0018021465  -0.0016104372
       -0.0017097859   0.0018543260   0.0322673908   0.0213118520  -0.0417374649
        0.0068224621   0.0034145023  -0.0004944680   0.0032381336  -0.0013081678
        0.0074409272   0.0000863650   0.0001382800  -0.0002304863   0.0000194680
       -0.0000956416  -0.0002887990   0.0015220509  -0.0013341434   0.0064877858
        0.0002494903   0.0001489925  -0.0020202242  -0.0007587511   0.0002701984
        0.0005645084  -0.0000899248   0.0004490394  -0.0003078283  -0.0001112276
        0.0000509684   0.0000235916  -0.0000486373   0.0000176873  -0.0000350864
       -0.0000584700  -0.0000998305  -0.0001128284   0.0004963589  -0.0003262733
       -0.0000497725   0.0001892391  -0.0001635622  -0.0001472474  -0.0395260825
       -0.0215073331   0.0354437218  -0.0007064998   0.0005010268  -0.0023338536
       -0.0004104281   0.0001055728  -0.0016760605  -0.0002003605  -0.0001273915
       -0.0002136978
       -0.0001025926  -0.0000974068  -0.0000326767  -0.0001163846   0.0000367040
        0.0001330133  -0.0001686561   0.0012006154   0.0001891676  -0.0034176631
        0.0021857406   0.0032176306  -0.0026330559   0.0249151517   0.0031197318
       -0.0428707308   0.0188729048   0.0039055420  -0.0000771462  -0.0244086065
       -0.0019229432   0.0008295402  -0.0007015152  -0.0008073745  -0.0031186896
       -0.0030473716   0.0023797005  -0.0006153005  -0.0000943943   0.0000929332
       -0.0000684170  -0.0003208255  -0.0000178935   0.0003215481   0.0001146083
       -0.0000439140  -0.0000377390   0.0000178123   0.0001081168  -0.0000104612
        0.0000396457   0.0000165805   0.0000290494  -0.0000148061  -0.0000399162
        0.0000180144  -0.0000286252   0.0000101747   0.0001703043   0.0000481949
       -0.0000730365  -0.0002578853   0.0001483185   0.0000566822   0.0005517314
        0.0011084271  -0.0007064998   0.0517600077  -0.0187190557  -0.0090067500
       -0.0000465561  -0.0013169738  -0.0001401300  -0.0001389177   0.0000614575
       -0.0004381388
        0.0000017010   0.0001235438   0.0000431122  -0.0000681179  -0.0000747425
       -0.0000822680   0.0000474447  -0.0006745403  -0.0000784922   0.0022079429
        0.0001955750  -0.0012974337   0.0034035338  -0.0143501775  -0.0023025025
        0.0177206629  -0.3042734178  -0.0303638183  -0.0012311290  -0.0210655944
       -0.0017999912   0.0003438126   0.0009640678   0.0000701132  -0.0033178547
       -0.0013870740   0.0000088364  -0.0000724470   0.0008306876   0.0001064608
       -0.0001879039   0.0002191836   0.0000552685   0.0001548393  -0.0001444764
       -0.0000416759  -0.0000016054  -0.0001621942  -0.0000525738   0.0000089717
       -0.0000072495  -0.0000244509   0.0000666394   0.0000350192   0.0000059537
        0.0000132484   0.0000489166  -0.0000300545  -0.0000389053  -0.0000027667
        0.0000431761   0.0001049687  -0.0000407531   0.0000042871  -0.0006217087
        0.0007177388   0.0005010268  -0.0187190557   0.3398422554   0.0351551201
        0.0001209211  -0.0009224287  -0.0000841888   0.0000640413   0.0001284273
        0.0001640953
        0.0000781762  -0.0002556732  -0.0001265977   0.0000532080   0.0000363733
       -0.0002378086  -0.0001626504  -0.0001554488  -0.0000578055   0.0034753606
       -0.0012963441   0.0075391020   0.0014141936  -0.0079947183  -0.0006859896
        0.0035586172  -0.0306853886  -0.0383965241   0.0003823027   0.0042449777
        0.0016663709  -0.0006481096   0.0003915871  -0.0016380483   0.0023691239
       -0.0001133049   0.0065732143  -0.0000363480   0.0000632328  -0.0002292294
        0.0000655231  -0.0001553270  -0.0004260167  -0.0001553198   0.0002768886
        0.0005360837  -0.0000967636   0.0000859904  -0.0000198089  -0.0000841350
        0.0000924936   0.0000487398   0.0000223212   0.0000000107   0.0001253068
        0.0000004268  -0.0000557137   0.0000100864  -0.0000136051  -0.0000386004
        0.0000467889   0.0000806831  -0.0001288186  -0.0001305474  -0.0008480977
        0.0001354967  -0.0023338536  -0.0090067500   0.0351551201   0.0297009910
       -0.0000192261   0.0002318354  -0.0001717526  -0.0004289313   0.0001653312
       -0.0017927015
       -0.0000074353  -0.0000197005  -0.0000467945   0.0000437177   0.0000050151
        0.0000800326  -0.0011859142  -0.0007629062   0.0003300153  -0.0030405177
        0.0029413418   0.0030869377   0.0003765037   0.0005543796  -0.0001710446
        0.0011627301  -0.0000358501   0.0015979975  -0.0006222695  -0.0015614169
        0.0003486227   0.0012138332   0.0006931461  -0.0007011861  -0.2169063106
       -0.1212033883   0.0369601286  -0.0239707878  -0.0138466868   0.0051628359
       -0.0000521723  -0.0001054406   0.0000011355  -0.0000392737   0.0001122560
        0.0000261620  -0.0000120711   0.0000219061   0.0001229862  -0.0000214990
        0.0000200529   0.0000283782  -0.0000207712   0.0000241261  -0.0000258176
       -0.0000011470  -0.0000466150   0.0000218143  -0.0002767894   0.0001771906
        0.0000282464   0.0001025289  -0.0000761368  -0.0000932286  -0.0000245932
        0.0001654608  -0.0004104281  -0.0000465561   0.0001209211  -0.0000192261
        0.2426682555   0.1334071926  -0.0453461558   0.0006605391  -0.0005848477
       -0.0009814113
       -0.0001209372   0.0001158671   0.0000158917  -0.0001425752  -0.0000491480
        0.0000344612   0.0005906026   0.0001298852  -0.0001562342   0.0022857417
        0.0000808271  -0.0013200413   0.0005893929  -0.0001974801  -0.0001387250
        0.0006200360  -0.0059171095  -0.0013369338  -0.0255902813  -0.0207665823
        0.0046717759  -0.0001221302   0.0008953475   0.0003528081  -0.1198546905
       -0.1252348922   0.0230757354   0.0083435206   0.0064014130  -0.0016370369
       -0.0003721428   0.0001386825   0.0000742583   0.0003007751  -0.0001270490
       -0.0000350464   0.0000133085  -0.0001259349   0.0000359576   0.0000207740
        0.0000031343   0.0000179071   0.0000909969   0.0000144627   0.0000041940
        0.0000263630   0.0000491646  -0.0000319479   0.0001948973  -0.0000484383
       -0.0000569503  -0.0000453980   0.0000273275   0.0000306629   0.0002040367
        0.0000413397   0.0001055728  -0.0013169738  -0.0009224287   0.0002318354
        0.1334071926   0.1445203228  -0.0240360550   0.0008774912   0.0009712890
        0.0000979105
        0.0002382795   0.0001984446   0.0001257606   0.0000276215  -0.0000124764
        0.0001192493   0.0001652350   0.0001518388  -0.0000760397   0.0032393457
       -0.0016043890   0.0073836907  -0.0001321975  -0.0000349213  -0.0004998884
        0.0016267625  -0.0011257573   0.0066678693  -0.0018035738  -0.0016457818
        0.0015621834  -0.0007890395   0.0000788573  -0.0017111913   0.0370057002
        0.0235920776  -0.0410175039   0.0074153581   0.0040468860  -0.0011135251
        0.0002288296   0.0001812594   0.0002544675  -0.0003054253  -0.0002369737
       -0.0003756696  -0.0001592059  -0.0000554306  -0.0000886836  -0.0001094416
       -0.0000288132   0.0000182565   0.0000074926  -0.0000077024  -0.0000147497
        0.0000342548   0.0000622042   0.0000377092   0.0000705590   0.0000106389
       -0.0000959081   0.0000249739   0.0000387107   0.0000371302  -0.0004293904
        0.0001003588  -0.0016760605  -0.0001401300  -0.0000841888  -0.0001717526
       -0.0453461558  -0.0240360550   0.0331618628  -0.0008698526   0.0004112133
       -0.0025272069
        0.0000984257   0.0002178057   0.0000305596  -0.0000559764  -0.0003365754
       -0.0000691876   0.0006531799  -0.0010412252  -0.0009686543   0.0007480977
       -0.0233425812  -0.0020313466  -0.0033756895  -0.0034812348   0.0025112306
       -0.0005969489   0.0000243068   0.0000975991  -0.0032073577   0.0018016704
        0.0032061616  -0.0003460232   0.0011149134   0.0002134376  -0.0032647945
        0.0263578614   0.0031639463  -0.0434258755   0.0153595285   0.0042482851
       -0.0000586721  -0.0000490233  -0.0000515416  -0.0000897868   0.0000436176
        0.0001010785  -0.0000034525  -0.0000043141   0.0000866894  -0.0000325870
        0.0000332947   0.0000015572  -0.0000515110   0.0001060327   0.0000147114
       -0.0001896261   0.0000937026  -0.0004187152   0.0002030125   0.0001518539
        0.0000319075  -0.0003794853   0.0000279934   0.0005871411   0.0001440036
       -0.0010572961  -0.0002003605  -0.0001389177   0.0000640413  -0.0004289313
        0.0006605391   0.0008774912  -0.0008698526   0.0527094458  -0.0169618636
       -0.0092557153
       -0.0000229696   0.0002003037  -0.0000170094  -0.0001148472  -0.0002834744
       -0.0001433876   0.0014852543   0.0009425294  -0.0000064625  -0.0012027790
       -0.0220856466  -0.0019192604  -0.0041467858  -0.0018881849   0.0002752009
        0.0000180559   0.0009033260   0.0001161925   0.0023136597   0.0003317377
       -0.0012497024   0.0000262916  -0.0004516596  -0.0000242634   0.0034461782
       -0.0159782321  -0.0023309912   0.0156272835  -0.3012984111  -0.0267490335
       -0.0004395523  -0.0000354878  -0.0000595307   0.0002044879  -0.0000764426
        0.0001641271   0.0000523929  -0.0002530246   0.0000916522   0.0000054506
       -0.0000284335   0.0000508318   0.0000989800   0.0000460520   0.0000201873
       -0.0002105118   0.0002611899  -0.0003300850   0.0004268295   0.0000466172
       -0.0000667180  -0.0005801580   0.0004253248   0.0004540630   0.0004979933
       -0.0008315925  -0.0001273915   0.0000614575   0.0001284273   0.0001653312
       -0.0005848477   0.0009712890   0.0004112133  -0.0169618636   0.3389537929
        0.0312750363
        0.0001511028   0.0003105781   0.0000747464  -0.0004544449   0.0001820953
        0.0003998557  -0.0009243395   0.0006814941  -0.0019695000   0.0006958145
        0.0040908929   0.0015990133   0.0023965633   0.0002040594   0.0067329158
        0.0001310949   0.0000770642  -0.0003197979   0.0032807941  -0.0013553246
        0.0077648335   0.0000734013  -0.0002968133  -0.0001212364   0.0011999982
       -0.0080085385  -0.0005755971   0.0041263915  -0.0271623896  -0.0365970522
        0.0000910978   0.0002500774   0.0002641020  -0.0001610980  -0.0003570310
       -0.0004597231  -0.0000852879  -0.0001159838  -0.0000715347  -0.0000526246
       -0.0000739568  -0.0000301630  -0.0000228084   0.0000643415  -0.0002049202
       -0.0001895956   0.0000516622  -0.0000326957   0.0001324848  -0.0000538143
       -0.0001255705   0.0003896444  -0.0002333137  -0.0001400030  -0.0001029235
        0.0002078583  -0.0002136978  -0.0004381388   0.0001640953  -0.0017927015
       -0.0009814113   0.0000979105  -0.0025272069  -0.0092557153   0.0312750363
        0.0283459334
