           1           2  0.93312992527700833     
           2           3  0.99491087965094926     
           3           4   1.0061445685471075     
           4           5   1.4014059736885665     
           5           6   1.4552117340932735     
           6           7   1.3905241025088197     
           7           8   1.0248850952577038     
           5           9  0.10650042839021873     
           7           9   1.4029042058360945     
           4          10   1.3886058735463442     
           6          10  0.10275924756436236     
           9          10   1.4327436999212781     
           1          11  0.91601292419430336     
           1          12  0.91431366639566702     
           1          13  0.85358922127319126     
           2          14  0.96721891692397655     
           2          15  0.96758266016703887     
           3          16  0.96814601695652136     
           3          17  0.95869554226199649     
           5          18  0.96510216028369733     
           6          19  0.96421024996779003     
           9          20  0.96523394558195674     
          10          21  0.96045409565123729     
