$coord
         -7.764513757640         -1.223442406236          0.626852836609     n 
         -6.080775777100          0.825212303718         -0.344073126083     c 
         -3.276235816142          0.437914218196          0.309568396420     c 
         -1.688633970779          2.836749441388         -0.230969178645     c 
          1.098994199789          2.474383759234          0.507405840342     c 
          2.287685342337          0.156727558739         -0.801115333074     c 
          4.928791816753         -0.257185384912          0.199681624641     c 
          6.864326765855          0.007114188542         -1.423526087648     o 
          5.177862377344         -0.794468143624          2.402035293051     o 
          0.685408103326         -2.240877241021         -0.358059922114     c 
         -2.103595912077         -1.851055719401         -1.081915199644     c 
         -7.339195464862         -2.950000796519         -0.164242908133     h 
         -9.636900574488         -0.855298659470          0.228370974407     h 
         -7.609700182506         -1.406212037910          2.559395368388     h 
         -6.725298144520          2.635030419674          0.429307191696     h 
         -6.294402978503          0.985349169766         -2.395755772839     h 
         -3.152452584792          0.055564912408          2.350303153049     h 
         -2.499803986097          4.470636550218          0.753750095573     h 
         -1.818632582587          3.287234367554         -2.245947959291     h 
          1.269790723056          2.220202608857          2.555820549810     h 
          2.211225276196          4.170582441128          0.076354232417     h 
          2.437205308104          0.518434772499         -2.841928143511     h 
          8.436566847563         -0.307660719775         -0.527056357448     h 
          0.842422138472         -2.760936912142          1.640753153490     h 
          1.509090491152         -3.835154977181         -1.397357199363     h 
         -3.196865053876         -3.567144669633         -0.699555554787     h 
         -2.252485664255         -1.544490115467         -3.122273116007     h 
$end
