           1           2  0.96151578319847708     
           2           3   1.0136617996331139     
           3           4  0.99648840154445462     
           4           5  0.99378129685575600     
           5           6   1.0084519198799089     
           6           7   1.0077815465436242     
           7           8   1.0078110135714717     
           4           9  0.99497950987550976     
           8           9   1.0087068044709921     
           1          10  0.89253725740505585     
           1          11  0.88728300293320816     
           1          12  0.88984890882189116     
           2          13  0.96548344175644951     
           2          14  0.96196570203027787     
           3          15  0.96904066750670970     
           3          16  0.96309427566649819     
           4          17  0.96411918862215784     
           5          18  0.97800038036788739     
           5          19  0.97587466788723709     
           6          20  0.97760042055057117     
           6          21  0.97591765616838466     
           7          22  0.97835423086042694     
           7          23  0.97798870504323898     
           8          24  0.97752216787353818     
           8          25  0.97521570436070215     
           9          26  0.97769053846742537     
           9          27  0.97085856408295423     
