           1           2  0.96075176015646635     
           2           3   1.0003956848591380     
           3           4   1.0261720823172387     
           4           5   1.9792125356977233     
           1           7  0.89049737813352758     
           1           8  0.89487140148642375     
           1           9  0.89113500629412890     
           2          10  0.96681978574104210     
           2          11  0.96700087316095407     
           3          12  0.96695220930260328     
           3          13  0.94968305356882088     
           4          14  0.96503934218914533     
           5          15  0.97398893426574917     
           5          16  0.97748304863323709     
