           1           2  0.92399635104561328     
           2           3  0.99173844713673653     
           3           4  0.98998989905094659     
           4           5   1.0037075164575047     
           5           6  0.97501411898210721     
           6           7  0.97072159373106937     
           7           8   1.1604149797525094     
           7           9   1.7315970543015600     
           8           9  0.17324520425588816     
           6          10  0.98011517112745039     
           3          11  0.98841081889021210     
          10          11   1.0048850755837562     
           1          12  0.90818244382693969     
           1          13  0.90699293203770359     
           1          14  0.91370983811080175     
           2          15  0.96499041793206952     
           2          16  0.96544889699307923     
           3          17  0.94367525874832148     
           4          18  0.98061294696311496     
           4          19  0.97761421067036491     
           5          20  0.97588737951385762     
           5          21  0.97414330741006316     
           6          22  0.96368817376102622     
           8          23  0.85966948330691006     
          10          24  0.97690958051586496     
          10          25  0.97574660738408658     
          11          26  0.97510190749235237     
          11          27  0.97741227310357526     
