           1           2  0.94374816880449319     
           2           3   1.0192658146777434     
           3           4   1.8604851609538446     
           4           5   1.0822748804685309     
           5           6   1.3759010361137947     
           6           7   1.4573705287577359     
           5           8  0.10145272181922393     
           7           8   1.4317120061687043     
           6           9  0.10730625961012172     
           8           9   1.4330512532149651     
           5          10   1.3796799825198496     
           7          10  0.10620050567379158     
           9          10   1.4545582031635227     
           1          12  0.92419779329354945     
           1          13  0.84012682544133832     
           1          14  0.91873934655350264     
           2          15  0.95435319489023063     
           2          16  0.96126899526418663     
           3          17  0.94953285348021832     
           4          18  0.96317491682550360     
           6          19  0.96359593870188642     
           7          20  0.96986365477323622     
           8          21  0.97114171003740446     
           9          22  0.97075063605283762     
          10          23  0.96999560466704693     
