$hessian                                                                        
        0.4826505405  -0.0524674904  -0.0004424721  -0.1334600148  -0.0404754430
       -0.0002454136  -0.0013846978  -0.0053742054  -0.0025971483   0.0000258475
       -0.0006634288  -0.0000099825  -0.0016319673  -0.0054697260   0.0026137625
       -0.0107194332   0.0096264216  -0.0000005081  -0.0436899791   0.0031520001
       -0.0053103164  -0.0440166998   0.0043736913   0.0070238399  -0.2194731579
        0.1069650149  -0.0009619022  -0.0286571474  -0.0203046034  -0.0000997705
       -0.0000599532  -0.0009442914   0.0001282097   0.0006068692   0.0012200688
        0.0003285998  -0.0001879972   0.0002723345   0.0000046642  -0.0005955745
       -0.0001523415  -0.0000041660  -0.0000359552  -0.0009777318  -0.0000869829
        0.0006293201   0.0012197305  -0.0003404135
       -0.0524674904   0.5245754483  -0.0011796617  -0.0498973077  -0.0954056486
       -0.0002111801  -0.0153219392  -0.0166976913  -0.0041686513   0.0005619909
       -0.0083792763   0.0000379437  -0.0152576400  -0.0165544398   0.0040663226
        0.0067788743  -0.0033892291  -0.0000002096   0.0044133583  -0.1397732452
        0.1313199435   0.0055730228  -0.1398742185  -0.1305004689   0.1142708700
       -0.1080673843   0.0006094363   0.0057370427   0.0068837735   0.0000145758
       -0.0006321394  -0.0024205226  -0.0005486127  -0.0009619243   0.0013157785
        0.0006869797  -0.0003189449  -0.0001735326   0.0000085614  -0.0009051232
       -0.0009867555   0.0000113066  -0.0006371376  -0.0023771795   0.0005513292
       -0.0009355121   0.0013241230  -0.0006976145
       -0.0004424721  -0.0011796617   0.5887518563  -0.0002027076  -0.0001541034
       -0.0710915684  -0.0177699814  -0.0116607499  -0.0014649745  -0.0000101869
        0.0000274127   0.0010494473   0.0178819389   0.0116825549  -0.0013075237
       -0.0000324952   0.0000262522   0.0009853215  -0.0064299280   0.1372556464
       -0.2391095855   0.0081215062  -0.1364272743  -0.2370768206  -0.0009367642
        0.0005667448  -0.0409343439  -0.0001990554  -0.0001462409   0.0009001007
       -0.0005463358  -0.0023686489  -0.0015413192  -0.0013409576   0.0012445254
        0.0009324344  -0.0000028266   0.0000045714   0.0004502918  -0.0000005438
        0.0000038491   0.0000486597   0.0005712039   0.0023638762  -0.0015579874
        0.0013396057  -0.0012387540   0.0009660117
       -0.1334600148  -0.0498973077  -0.0002027076   0.4998144278  -0.0450973721
        0.0008574872  -0.0692463651   0.0119006638   0.0069606715   0.0080682023
       -0.0143186469   0.0001979697  -0.0691163670   0.0107381445  -0.0064308387
        0.0016086516  -0.0011842309  -0.0000115425  -0.0008453210  -0.0031650230
        0.0040871267  -0.0006262236  -0.0030484040  -0.0041045448  -0.0246886469
       -0.0093609927  -0.0000975424  -0.2069948942   0.0936208102  -0.0014528266
       -0.0000874911  -0.0150821287  -0.0113136097  -0.0023748313   0.0208526120
        0.0160696866  -0.0000740846  -0.0002622647   0.0000030892   0.0003959842
       -0.0011337137   0.0000003049  -0.0002210578  -0.0151789215   0.0116225075
       -0.0021519686   0.0206167754  -0.0161852311
       -0.0404754430  -0.0954056486  -0.0001541034  -0.0450973721   0.4748328232
       -0.0004925332   0.0114139021  -0.0983878382  -0.0567337633  -0.0061045684
       -0.0656946932   0.0001651625   0.0106372430  -0.0972123093   0.0566567754
        0.0010091191  -0.0022165651  -0.0000017902  -0.0130513734  -0.0120453304
        0.0038819082  -0.0130701467  -0.0121237325  -0.0039968694   0.0007120481
        0.0130455448  -0.0000098321   0.0881910437  -0.0893355923   0.0007616194
        0.0014219832   0.0021294418  -0.0014518206   0.0021342888  -0.0066998331
       -0.0048648955  -0.0002097203  -0.0015571953   0.0000054254  -0.0009352093
       -0.0049987165   0.0000204602   0.0013868534   0.0022515771   0.0013302922
        0.0020373520  -0.0065819322   0.0048839644
       -0.0002454136  -0.0002111801  -0.0710915684   0.0008574872  -0.0004925332
        0.3944788519   0.0044214332  -0.0803291259  -0.1124709809   0.0001597543
        0.0001104261  -0.0125315512  -0.0039174734   0.0802158350  -0.1135027523
        0.0000027169  -0.0000041094   0.0000281625   0.0178337781   0.0144231206
        0.0003480526  -0.0178044626  -0.0144007918   0.0001986971  -0.0001295480
       -0.0000672017   0.0001548481  -0.0014281434   0.0008096376  -0.0423502775
        0.0012002198  -0.0141588076  -0.0147598141   0.0021613095  -0.0095672836
       -0.0071668433   0.0000018911   0.0000035023  -0.0001594983  -0.0000010701
        0.0000140547   0.0010726071  -0.0010094863   0.0138134583  -0.0147234781
       -0.0021029926   0.0098409989  -0.0075244551
       -0.0013846978  -0.0153219392  -0.0177699814  -0.0692463651   0.0114139021
        0.0044214332   0.5342672301  -0.0159975199   0.0064554679  -0.0733926178
       -0.0151624134   0.0195376784   0.0095110108  -0.0034124281  -0.0055397225
       -0.0002117615  -0.0001628646  -0.0001757881   0.0006314129   0.0005326738
       -0.0002574580  -0.0029379051  -0.0036613326  -0.0003088187   0.0009239863
       -0.0005834678  -0.0004061505  -0.0021067915   0.0149968024   0.0183279743
       -0.1517925429   0.0132309692  -0.1092531872  -0.2408778283   0.0217327311
        0.0764470933  -0.0066746901  -0.0161422335   0.0225370587   0.0029158083
        0.0081989762  -0.0133384967   0.0006151630   0.0003316817  -0.0013582602
       -0.0002394113   0.0000064626   0.0006811576
       -0.0053742054  -0.0166976913  -0.0116607499   0.0119006638  -0.0983878382
       -0.0803291259  -0.0159975199   0.3589718287  -0.0021028272  -0.0162237939
       -0.1122308926   0.0798947334  -0.0033567738  -0.0126813838  -0.0010737601
       -0.0002400358   0.0000563602   0.0000175688  -0.0001004321   0.0005351969
        0.0004829926  -0.0017927694  -0.0012773913   0.0007906985   0.0009734233
        0.0002123324   0.0006183177   0.0036431376  -0.0091186088  -0.0107437204
        0.0109293850  -0.0475349945   0.0120012917   0.0227425986  -0.0437232820
       -0.0100282730  -0.0029987352  -0.0052613663   0.0066861516  -0.0040512648
       -0.0142945254   0.0156826950   0.0001520900   0.0009772525   0.0001585862
       -0.0002057679   0.0004550035  -0.0003945790
       -0.0025971483  -0.0041686513  -0.0014649745   0.0069606715  -0.0567337633
       -0.1124709809   0.0064554679  -0.0021028272   0.5328564062   0.0152353529
        0.0568246877  -0.1126654661   0.0065600334   0.0006197545  -0.0653685055
        0.0001313684   0.0000585990  -0.0006439292  -0.0003848650   0.0001546676
        0.0000484065   0.0001263764  -0.0003701488   0.0010640714   0.0000123821
        0.0001973539   0.0004735374   0.0003427409  -0.0043282979  -0.0017559584
       -0.1117163237   0.0130587303  -0.1539552759   0.0765482883  -0.0091265443
       -0.0732667975   0.0022106955   0.0028464010  -0.0027986310   0.0007105872
        0.0035186794  -0.0018135309  -0.0002040932  -0.0002000333  -0.0064994108
       -0.0003915344  -0.0002486074  -0.0017389607
        0.0000258475   0.0005619909  -0.0000101869   0.0080682023  -0.0061045684
        0.0001597543  -0.0733926178  -0.0162237939   0.0152353529   0.5252754698
       -0.0046337863   0.0011931402  -0.0729410814  -0.0153058068  -0.0146362368
       -0.0001148220  -0.0000735621   0.0000008404  -0.0000450537   0.0000476612
        0.0002103889  -0.0000416020   0.0000452037  -0.0002149084  -0.0000138548
        0.0002738717  -0.0000004875  -0.0002034370  -0.0007639926  -0.0000010147
        0.0034504338   0.0147202214  -0.0106286448  -0.0060162949  -0.0200791010
        0.0150981280  -0.2507919237  -0.0549314201  -0.0011874315  -0.1308270933
        0.1076013873  -0.0010021612   0.0033492199   0.0149773650   0.0107355460
       -0.0057813927  -0.0201116701  -0.0149520790
       -0.0006634288  -0.0083792763   0.0000274127  -0.0143186469  -0.0656946932
        0.0001104261  -0.0151624134  -0.1122308926   0.0568246877  -0.0046337863
        0.5462029005  -0.0005506391  -0.0145989200  -0.1134547691  -0.0572065036
        0.0004480755   0.0002501202   0.0000002362  -0.0011611678  -0.0006046856
        0.0000599054  -0.0011539953  -0.0006035586  -0.0000588664  -0.0003386894
        0.0001907666   0.0000010941   0.0014785372  -0.0015876636   0.0000182284
       -0.0006360260  -0.0031741306   0.0043563005  -0.0016761931   0.0008305480
        0.0015127650  -0.0556398462  -0.0593620750  -0.0003132551   0.1103473505
       -0.1798301714   0.0012631454  -0.0006002131  -0.0033113884  -0.0044501343
       -0.0016906371   0.0007589690  -0.0015948028
       -0.0000099825   0.0000379437   0.0010494473   0.0001979697   0.0001651625
       -0.0125315512   0.0195376784   0.0798947334  -0.1126654661   0.0011931402
       -0.0005506391   0.3617244579  -0.0189546457  -0.0802624814  -0.1121939096
       -0.0000022431   0.0000008591   0.0002726958  -0.0000634993  -0.0001150579
        0.0002827672   0.0000646406   0.0001120940   0.0002894080  -0.0000036433
       -0.0000002470   0.0004200514  -0.0000068875   0.0000008781   0.0001832181
        0.0033452239   0.0129009864  -0.0132287613   0.0040856794   0.0075485347
       -0.0064658335  -0.0011996951  -0.0003084550  -0.0419442412  -0.0010036500
        0.0012424212  -0.0455219737  -0.0031126329  -0.0127878439  -0.0130145558
       -0.0040674529  -0.0078788889  -0.0066557534
       -0.0016319673  -0.0152576400   0.0178819389  -0.0691163670   0.0106372430
       -0.0039174734   0.0095110108  -0.0033567738   0.0065600334  -0.0729410814
       -0.0145989200  -0.0189546457   0.5346425961  -0.0160411960  -0.0060344477
       -0.0001901990  -0.0001651517   0.0001770890  -0.0029427324  -0.0036539118
        0.0002820477   0.0006378549   0.0005414086   0.0002657594   0.0009153189
       -0.0005771242   0.0004042730  -0.0018591033   0.0147901672  -0.0184389746
        0.0005927002   0.0003418643   0.0014465639  -0.0002362903  -0.0000027358
       -0.0006581701  -0.0063505853  -0.0162772629  -0.0224634722   0.0027364592
        0.0083572530   0.0133386038  -0.1547111736   0.0142334359   0.1090557578
       -0.2390564404   0.0210293442  -0.0789448831
       -0.0054697260  -0.0165544398   0.0116825549   0.0107381445  -0.0972123093
        0.0802158350  -0.0034124281  -0.0126813838   0.0006197545  -0.0153058068
       -0.1134547691  -0.0802624814  -0.0160411960   0.3590151373   0.0035406484
       -0.0002332380   0.0000493984  -0.0000231728  -0.0017942074  -0.0012779591
       -0.0007816402  -0.0000760199   0.0005402658  -0.0004804397   0.0009681326
        0.0001942394  -0.0006040579   0.0034922399  -0.0089872902   0.0108416572
        0.0001552308   0.0009802989  -0.0002208062  -0.0002096981   0.0004597676
        0.0003724619  -0.0029239872  -0.0053352613  -0.0067072601  -0.0038549303
       -0.0144664748  -0.0156552659   0.0119471682  -0.0477356440  -0.0126338671
        0.0220203217  -0.0435335758   0.0100960795
        0.0026137625   0.0040663226  -0.0013075237  -0.0064308387   0.0566567754
       -0.1135027523  -0.0055397225  -0.0010737601  -0.0653685055  -0.0146362368
       -0.0572065036  -0.1121939096  -0.0060344477   0.0035406484   0.5324899327
       -0.0001417393  -0.0000612085  -0.0006554546  -0.0001673882   0.0003313314
        0.0010721790   0.0003930505  -0.0001644193   0.0000754812   0.0000008088
       -0.0002042440   0.0004843186  -0.0003667574   0.0045688004  -0.0021164294
        0.0002978738   0.0001533737  -0.0064733982   0.0004194660   0.0002354535
       -0.0017509128  -0.0022316895  -0.0030433116  -0.0030573534  -0.0006249970
       -0.0033158559  -0.0015069598   0.1114997784  -0.0136618898  -0.1506843488
       -0.0790509230   0.0091784877  -0.0755043633
       -0.0107194332   0.0067788743  -0.0000324952   0.0016086516   0.0010091191
        0.0000027169  -0.0002117615  -0.0002400358   0.0001313684  -0.0001148220
        0.0004480755  -0.0000022431  -0.0001901990  -0.0002332380  -0.0001417393
       -0.0024217370   0.0054862581   0.0000053027  -0.0001635693  -0.0007626245
        0.0006993365  -0.0001612724  -0.0007562502  -0.0006986091   0.0137194692
       -0.0134382462   0.0000171158  -0.0003455562   0.0002461650  -0.0000012479
       -0.0004424505   0.0002869234  -0.0000679810   0.0003043574   0.0001996611
        0.0012175556  -0.0005548891   0.0002322320  -0.0000006666  -0.0001624663
        0.0002686455   0.0000003461  -0.0004380689   0.0002895130   0.0000653939
        0.0002937474   0.0001849276  -0.0011941536
        0.0096264216  -0.0033892291   0.0000262522  -0.0011842309  -0.0022165651
       -0.0000041094  -0.0001628646   0.0000563602   0.0000585990  -0.0000735621
        0.0002501202   0.0000008591  -0.0001651517   0.0000493984  -0.0000612085
        0.0054862581  -0.0005639504  -0.0000185476   0.0000821228   0.0002605053
       -0.0006618402   0.0000973993   0.0002593201   0.0006616887  -0.0141227946
        0.0047299157  -0.0000114404   0.0005715755   0.0009084826   0.0000027552
       -0.0000278038   0.0004431500   0.0000101430   0.0002094709  -0.0010737540
        0.0002333663  -0.0003300542   0.0005918005  -0.0000006038  -0.0001751119
        0.0002927487  -0.0000048085  -0.0000267124   0.0004492176  -0.0000098111
        0.0001950382  -0.0010475207  -0.0002212942
       -0.0000005081  -0.0000002096   0.0009853215  -0.0000115425  -0.0000017902
        0.0000281625  -0.0001757881   0.0000175688  -0.0006439292   0.0000008404
        0.0000002362   0.0002726958   0.0001770890  -0.0000231728  -0.0006554546
        0.0000053027  -0.0000185476   0.0031419386   0.0001335155  -0.0003134892
        0.0000559886  -0.0001129353   0.0003049425   0.0000653264  -0.0000366201
        0.0000235033  -0.0046546633  -0.0000044721   0.0000049532   0.0009962142
       -0.0003691678   0.0003235925   0.0006054514   0.0002211614   0.0004186844
       -0.0002397879  -0.0000032234   0.0000007349   0.0005058404   0.0000032330
       -0.0000072868  -0.0008572856   0.0003658418  -0.0003201253   0.0006110551
       -0.0001927263  -0.0004095942  -0.0002168739
       -0.0436899791   0.0044133583  -0.0064299280  -0.0008453210  -0.0130513734
        0.0178337781   0.0006314129  -0.0001004321  -0.0003848650  -0.0000450537
       -0.0011611678  -0.0000634993  -0.0029427324  -0.0017942074  -0.0001673882
       -0.0001635693   0.0000821228   0.0001335155   0.0443740190  -0.0011223895
        0.0059578795   0.0023269808  -0.0000760356   0.0012127394   0.0007978048
        0.0135843741  -0.0188693410  -0.0003144756  -0.0004740256   0.0006231765
       -0.0002404770  -0.0001520199   0.0000943844   0.0000883763   0.0002917938
       -0.0000771497   0.0000028189  -0.0001914227   0.0000911029   0.0000122460
        0.0001117363  -0.0001452188   0.0000187404  -0.0007264947   0.0004409556
       -0.0000107908   0.0003661834  -0.0002501419
        0.0031520001  -0.1397732452   0.1372556464  -0.0031650230  -0.0120453304
        0.0144231206   0.0005326738   0.0005351969   0.0001546676   0.0000476612
       -0.0006046856  -0.0001150579  -0.0036539118  -0.0012779591   0.0003313314
       -0.0007626245   0.0002605053  -0.0003134892  -0.0011223895   0.1515626290
       -0.1515789478   0.0000386714   0.0111391229  -0.0133963923   0.0045863684
       -0.0090842368   0.0137709205   0.0003455321   0.0006775464  -0.0001344715
       -0.0001279899  -0.0000861525   0.0000091545   0.0002924141  -0.0007704780
       -0.0002739431   0.0001663953  -0.0000323574  -0.0000852365  -0.0000414361
       -0.0000458924   0.0000289006   0.0000199870  -0.0008160611   0.0001733293
       -0.0003083288   0.0003613980  -0.0002495326
       -0.0053103164   0.1313199435  -0.2391095855   0.0040871267   0.0038819082
        0.0003480526  -0.0002574580   0.0004829926   0.0000484065   0.0002103889
        0.0000599054   0.0002827672   0.0002820477  -0.0007816402   0.0010721790
        0.0006993365  -0.0006618402   0.0000559886   0.0059578795  -0.1515789478
        0.2631408856  -0.0009593849   0.0132929119  -0.0259930295  -0.0042940144
        0.0046328089  -0.0006160853  -0.0003612679  -0.0002701351   0.0002748394
       -0.0002840944  -0.0002548920  -0.0001223515   0.0001052775  -0.0002880934
        0.0000964226  -0.0000406303   0.0000764570   0.0000991853   0.0000486613
       -0.0000664528   0.0001549849  -0.0000802055   0.0001373974   0.0000897293
        0.0001966537   0.0000176767   0.0001776109
       -0.0440166998   0.0055730228   0.0081215062  -0.0006262236  -0.0130701467
       -0.0178044626  -0.0029379051  -0.0017927694   0.0001263764  -0.0000416020
       -0.0011539953   0.0000646406   0.0006378549  -0.0000760199   0.0003930505
       -0.0001612724   0.0000973993  -0.0001129353   0.0023269808   0.0000386714
       -0.0009593849   0.0446533025  -0.0024614250  -0.0078527354   0.0005982760
        0.0136437105   0.0188244814  -0.0003218425  -0.0004821626  -0.0006315847
        0.0000345710  -0.0007337313  -0.0004429327   0.0000005824   0.0003678280
        0.0002506587   0.0000084049  -0.0001952991  -0.0000986658   0.0000164688
        0.0001128620   0.0001456468  -0.0002534263  -0.0001558141  -0.0001018576
        0.0000825306   0.0002878695   0.0000781984
        0.0043736913  -0.1398742185  -0.1364272743  -0.0030484040  -0.0121237325
       -0.0144007918  -0.0036613326  -0.0012773913  -0.0003701488   0.0000452037
       -0.0006035586   0.0001120940   0.0005414086   0.0005402658  -0.0001644193
       -0.0007562502   0.0002593201   0.0003049425  -0.0000760356   0.0111391229
        0.0132929119  -0.0024614250   0.1517804586   0.1508187143   0.0047069313
       -0.0091189670  -0.0136890022   0.0003401911   0.0006686242   0.0001403825
        0.0000214810  -0.0008107731  -0.0001690851  -0.0003155334   0.0003703270
        0.0002385748   0.0001652668  -0.0000303750   0.0000805509  -0.0000421703
       -0.0000469128  -0.0000410878  -0.0001239291  -0.0000929332  -0.0000113444
        0.0002909064  -0.0007792568   0.0002849829
        0.0070238399  -0.1305004689  -0.2370768206  -0.0041045448  -0.0039968694
        0.0001986971  -0.0003088187   0.0007906985   0.0010640714  -0.0002149084
       -0.0000588664   0.0002894080   0.0002657594  -0.0004804397   0.0000754812
       -0.0006986091   0.0006616887   0.0000653264   0.0012127394  -0.0133963923
       -0.0259930295  -0.0078527354   0.1508187143   0.2609932774   0.0042809666
       -0.0044730576  -0.0003868436   0.0003492214   0.0002564954   0.0002576291
        0.0000813852  -0.0001489927   0.0000880697  -0.0001962666  -0.0000189073
        0.0001796211   0.0000392019  -0.0000794579   0.0001045557  -0.0000492037
        0.0000713501   0.0001636337   0.0002835248   0.0002563278  -0.0001189803
       -0.0001115518   0.0002981775   0.0000959032
       -0.2194731579   0.1142708700  -0.0009367642  -0.0246886469   0.0007120481
       -0.0001295480   0.0009239863   0.0009734233   0.0000123821  -0.0000138548
       -0.0003386894  -0.0000036433   0.0009153189   0.0009681326   0.0000008088
        0.0137194692  -0.0141227946  -0.0000366201   0.0007978048   0.0045863684
       -0.0042940144   0.0005982760   0.0047069313   0.0042809666   0.2253932677
       -0.1078885865   0.0010901258  -0.0017099407  -0.0021036202  -0.0000013023
        0.0004601192  -0.0002163386   0.0001353825   0.0007563160  -0.0007546145
       -0.0004633789   0.0005343459  -0.0002076940   0.0000013896   0.0006065822
        0.0003882968  -0.0000015041   0.0004572749  -0.0002229258  -0.0001284827
        0.0007228393  -0.0007508069   0.0004742027
        0.1069650149  -0.1080673843   0.0005667448  -0.0093609927   0.0130455448
       -0.0000672017  -0.0005834678   0.0002123324   0.0001973539   0.0002738717
        0.0001907666  -0.0000002470  -0.0005771242   0.0001942394  -0.0002042440
       -0.0134382462   0.0047299157   0.0000235033   0.0135843741  -0.0090842368
        0.0046328089   0.0136437105  -0.0091189670  -0.0044730576  -0.1078885865
        0.1122449750  -0.0006582164  -0.0043822697  -0.0025326731  -0.0000159670
        0.0002858771  -0.0004840674  -0.0000800953   0.0001297302   0.0000227473
       -0.0010856055   0.0005549202  -0.0004159192   0.0000015872   0.0003848198
       -0.0004886619   0.0000020375   0.0002835026  -0.0004867620   0.0000831960
        0.0001248659   0.0000381504   0.0010774032
       -0.0009619022   0.0006094363  -0.0409343439  -0.0000975424  -0.0000098321
        0.0001548481  -0.0004061505   0.0006183177   0.0004735374  -0.0000004875
        0.0000010941   0.0004200514   0.0004042730  -0.0006040579   0.0004843186
        0.0000171158  -0.0000114404  -0.0046546633  -0.0188693410   0.0137709205
       -0.0006160853   0.0188244814  -0.0136890022  -0.0003868436   0.0010901258
       -0.0006582164   0.0463654037  -0.0000112150  -0.0000143203  -0.0001944718
        0.0006623335  -0.0006498076  -0.0004537074   0.0005228269  -0.0013747360
       -0.0002639994   0.0000016493  -0.0000015917  -0.0001621968  -0.0000005322
        0.0000061324   0.0005217469  -0.0006598771   0.0006445280  -0.0004668271
       -0.0005157578   0.0013625756  -0.0002867673
       -0.0286571474   0.0057370427  -0.0001990554  -0.2069948942   0.0881910437
       -0.0014281434  -0.0021067915   0.0036431376   0.0003427409  -0.0002034370
        0.0014785372  -0.0000068875  -0.0018591033   0.0034922399  -0.0003667574
       -0.0003455562   0.0005715755  -0.0000044721  -0.0003144756   0.0003455321
       -0.0003612679  -0.0003218425   0.0003401911   0.0003492214  -0.0017099407
       -0.0043822697  -0.0000112150   0.2400004055  -0.0989224005   0.0016433365
        0.0008469073  -0.0009620940  -0.0003229294   0.0003681913   0.0006026306
        0.0001944912  -0.0000241230   0.0000109627   0.0000022433   0.0000890307
        0.0002568167  -0.0000023774   0.0008552197  -0.0009563025   0.0003346731
        0.0003775569   0.0005533569  -0.0001636009
       -0.0203046034   0.0068837735  -0.0001462409   0.0936208102  -0.0893355923
        0.0008096376   0.0149968024  -0.0091186088  -0.0043282979  -0.0007639926
       -0.0015876636   0.0000008781   0.0147901672  -0.0089872902   0.0045688004
        0.0002461650   0.0009084826   0.0000049532  -0.0004740256   0.0006775464
       -0.0002701351  -0.0004821626   0.0006686242   0.0002564954  -0.0021036202
       -0.0025326731  -0.0000143203  -0.0989224005   0.1072650206  -0.0008896102
        0.0001923284   0.0007994570  -0.0001914448  -0.0003265323  -0.0029101305
       -0.0012390291  -0.0000684719  -0.0007712755   0.0000021701  -0.0002467539
        0.0001161352  -0.0000002640   0.0001849095   0.0007991033   0.0001942202
       -0.0003386197  -0.0028749087   0.0012421874
       -0.0000997705   0.0000145758   0.0009001007  -0.0014528266   0.0007616194
       -0.0423502775   0.0183279743  -0.0107437204  -0.0017559584  -0.0000010147
        0.0000182284   0.0001832181  -0.0184389746   0.0108416572  -0.0021164294
       -0.0000012479   0.0000027552   0.0009962142   0.0006231765  -0.0001344715
        0.0002748394  -0.0006315847   0.0001403825   0.0002576291  -0.0000013023
       -0.0000159670  -0.0001944718   0.0016433365  -0.0008896102   0.0472410857
        0.0009323990   0.0002529812   0.0005654329   0.0005438004  -0.0035473254
       -0.0022440829   0.0000020803   0.0000017825  -0.0003097939  -0.0000011875
        0.0000029681   0.0002924798  -0.0009309728  -0.0002682102   0.0005565247
       -0.0005138854   0.0035623544  -0.0022965107
       -0.0000599532  -0.0006321394  -0.0005463358  -0.0000874911   0.0014219832
        0.0012002198  -0.1517925429   0.0109293850  -0.1117163237   0.0034504338
       -0.0006360260   0.0033452239   0.0005927002   0.0001552308   0.0002978738
       -0.0004424505  -0.0000278038  -0.0003691678  -0.0002404770  -0.0001279899
       -0.0002840944   0.0000345710   0.0000214810   0.0000813852   0.0004601192
        0.0002858771   0.0006623335   0.0008469073   0.0001923284   0.0009323990
        0.1684288956  -0.0138047418   0.1251579560  -0.0228126928   0.0028306105
       -0.0204291730   0.0011824320  -0.0004126223   0.0009594386   0.0002278833
       -0.0003500140   0.0000910349  -0.0000183618   0.0001229697   0.0003055668
        0.0002300270   0.0000314716   0.0003116631
       -0.0009442914  -0.0024205226  -0.0023686489  -0.0150821287   0.0021294418
       -0.0141588076   0.0132309692  -0.0475349945   0.0130587303   0.0147202214
       -0.0031741306   0.0129009864   0.0003418643   0.0009802989   0.0001533737
        0.0002869234   0.0004431500   0.0003235925  -0.0001520199  -0.0000861525
       -0.0002548920  -0.0007337313  -0.0008107731  -0.0001489927  -0.0002163386
       -0.0004840674  -0.0006498076  -0.0009620940   0.0007994570   0.0002529812
       -0.0138047418   0.0492587957  -0.0136988210   0.0027810871   0.0011475310
        0.0025043209   0.0007071044   0.0009393416  -0.0004930246  -0.0003073301
       -0.0018510047   0.0027009262   0.0001211981   0.0004183692  -0.0000333645
        0.0000133079   0.0002452604  -0.0000885521
        0.0001282097  -0.0005486127  -0.0015413192  -0.0113136097  -0.0014518206
       -0.0147598141  -0.1092531872   0.0120012917  -0.1539552759  -0.0106286448
        0.0043563005  -0.0132287613   0.0014465639  -0.0002208062  -0.0064733982
       -0.0000679810   0.0000101430   0.0006054514   0.0000943844   0.0000091545
       -0.0001223515  -0.0004429327  -0.0001690851   0.0000880697   0.0001353825
       -0.0000800953  -0.0004537074  -0.0003229294  -0.0001914448   0.0005654329
        0.1251579560  -0.0136988210   0.1844127194   0.0053227111  -0.0004040225
        0.0073376316  -0.0002288593  -0.0001298613   0.0007872468   0.0002865019
        0.0005143426  -0.0020805858  -0.0002892960   0.0000234727  -0.0012400487
       -0.0000242693  -0.0000201356   0.0000587104
        0.0006068692  -0.0009619243  -0.0013409576  -0.0023748313   0.0021342888
        0.0021613095  -0.2408778283   0.0227425986   0.0765482883  -0.0060162949
       -0.0016761931   0.0040856794  -0.0002362903  -0.0002096981   0.0004194660
        0.0003043574   0.0002094709   0.0002211614   0.0000883763   0.0002924141
        0.0001052775   0.0000005824  -0.0003155334  -0.0001962666   0.0007563160
        0.0001297302   0.0005228269   0.0003681913  -0.0003265323   0.0005438004
       -0.0228126928   0.0027810871   0.0053227111   0.2682781588  -0.0245651371
       -0.0888560141   0.0004022946  -0.0005460102   0.0014699995   0.0010495279
        0.0003301759  -0.0008978131   0.0002351837   0.0000117299   0.0000267987
        0.0002280800  -0.0000304671  -0.0001362671
        0.0012200688   0.0013157785   0.0012445254   0.0208526120  -0.0066998331
       -0.0095672836   0.0217327311  -0.0437232820  -0.0091265443  -0.0200791010
        0.0008305480   0.0075485347  -0.0000027358   0.0004597676   0.0002354535
        0.0001996611  -0.0010737540   0.0004186844   0.0002917938  -0.0007704780
       -0.0002880934   0.0003678280   0.0003703270  -0.0000189073  -0.0007546145
        0.0000227473  -0.0013747360   0.0006026306  -0.0029101305  -0.0035473254
        0.0028306105   0.0011475310  -0.0004040225  -0.0245651371   0.0521191573
        0.0109586908  -0.0015953140  -0.0022815963   0.0039086869  -0.0011001950
        0.0009136860  -0.0000537685   0.0000284417   0.0002473579   0.0000192403
       -0.0000292802   0.0000321735   0.0000468649
        0.0003285998   0.0006869797   0.0009324344   0.0160696866  -0.0048648955
       -0.0071668433   0.0764470933  -0.0100282730  -0.0732667975   0.0150981280
        0.0015127650  -0.0064658335  -0.0006581701   0.0003724619  -0.0017509128
        0.0012175556   0.0002333663  -0.0002397879  -0.0000771497  -0.0002739431
        0.0000964226   0.0002506587   0.0002385748   0.0001796211  -0.0004633789
       -0.0010856055  -0.0002639994   0.0001944912  -0.0012390291  -0.0022440829
       -0.0204291730   0.0025043209   0.0073376316  -0.0888560141   0.0109586908
        0.0848205816   0.0005567116   0.0009895997  -0.0024289989   0.0004818350
       -0.0000398888   0.0010608982  -0.0003078196   0.0000869303   0.0000556322
        0.0001469457  -0.0000520545  -0.0006559655
       -0.0001879972  -0.0003189449  -0.0000028266  -0.0000740846  -0.0002097203
        0.0000018911  -0.0066746901  -0.0029987352   0.0022106955  -0.2507919237
       -0.0556398462  -0.0011996951  -0.0063505853  -0.0029239872  -0.0022316895
       -0.0005548891  -0.0003300542  -0.0000032234   0.0000028189   0.0001663953
       -0.0000406303   0.0000084049   0.0001652668   0.0000392019   0.0005343459
        0.0005549202   0.0000016493  -0.0000241230  -0.0000684719   0.0000020803
        0.0011824320   0.0007071044  -0.0002288593   0.0004022946  -0.0015953140
        0.0005567116   0.2833162353   0.0660842662   0.0013244946  -0.0224076457
       -0.0027473870  -0.0001507509   0.0011919181   0.0007023260   0.0002275029
        0.0004274890  -0.0015478179  -0.0005065521
        0.0002723345  -0.0001735326   0.0000045714  -0.0002622647  -0.0015571953
        0.0000035023  -0.0161422335  -0.0052613663   0.0028464010  -0.0549314201
       -0.0593620750  -0.0003084550  -0.0162772629  -0.0053352613  -0.0030433116
        0.0002322320   0.0005918005   0.0000007349  -0.0001914227  -0.0000323574
        0.0000764570  -0.0001952991  -0.0000303750  -0.0000794579  -0.0002076940
       -0.0004159192  -0.0000015917   0.0000109627  -0.0007712755   0.0000017825
       -0.0004126223   0.0009393416  -0.0001298613  -0.0005460102  -0.0022815963
        0.0009895997   0.0660842662   0.0695025695   0.0003722471   0.0235377403
        0.0055638762   0.0001433448  -0.0004227561   0.0009453419   0.0001222438
       -0.0005485501  -0.0023219759  -0.0009982070
        0.0000046642   0.0000085614   0.0004502918   0.0000030892   0.0000054254
       -0.0001594983   0.0225370587   0.0066861516  -0.0027986310  -0.0011874315
       -0.0003132551  -0.0419442412  -0.0224634722  -0.0067072601  -0.0030573534
       -0.0000006666  -0.0000006038   0.0005058404   0.0000911029  -0.0000852365
        0.0000991853  -0.0000986658   0.0000805509   0.0001045557   0.0000013896
        0.0000015872  -0.0001621968   0.0000022433   0.0000021701  -0.0003097939
        0.0009594386  -0.0004930246   0.0007872468   0.0014699995   0.0039086869
       -0.0024289989   0.0013244946   0.0003722471   0.0491086404  -0.0002521399
       -0.0000344615   0.0014556282  -0.0009541008   0.0005010083   0.0007724283
       -0.0014370038  -0.0039325472  -0.0024231034
       -0.0005955745  -0.0009051232  -0.0000005438   0.0003959842  -0.0009352093
       -0.0000010701   0.0029158083  -0.0040512648   0.0007105872  -0.1308270933
        0.1103473505  -0.0010036500   0.0027364592  -0.0038549303  -0.0006249970
       -0.0001624663  -0.0001751119   0.0000032330   0.0000122460  -0.0000414361
        0.0000486613   0.0000164688  -0.0000421703  -0.0000492037   0.0006065822
        0.0003848198  -0.0000005322   0.0000890307  -0.0002467539  -0.0000011875
        0.0002278833  -0.0003073301   0.0002865019   0.0010495279  -0.0011001950
        0.0004818350  -0.0224076457   0.0235377403  -0.0002521399   0.1446680174
       -0.1212311754   0.0011305916   0.0002310308  -0.0002731774  -0.0002543092
        0.0010437407  -0.0011060326  -0.0004737765
       -0.0001523415  -0.0009867555   0.0000038491  -0.0011337137  -0.0049987165
        0.0000140547   0.0081989762  -0.0142945254   0.0035186794   0.1076013873
       -0.1798301714   0.0012424212   0.0083572530  -0.0144664748  -0.0033158559
        0.0002686455   0.0002927487  -0.0000072868   0.0001117363  -0.0000458924
       -0.0000664528   0.0001128620  -0.0000469128   0.0000713501   0.0003882968
       -0.0004886619   0.0000061324   0.0002568167   0.0001161352   0.0000029681
       -0.0003500140  -0.0018510047   0.0005143426   0.0003301759   0.0009136860
       -0.0000398888  -0.0027473870   0.0055638762  -0.0000344615  -0.1212311754
        0.2110833999  -0.0014349306  -0.0003445965  -0.0018778455  -0.0005204463
        0.0003330784   0.0009171148   0.0000455251
       -0.0000041660   0.0000113066   0.0000486597   0.0000003049   0.0000204602
        0.0010726071  -0.0133384967   0.0156826950  -0.0018135309  -0.0010021612
        0.0012631454  -0.0455219737   0.0133386038  -0.0156552659  -0.0015069598
        0.0000003461  -0.0000048085  -0.0008572856  -0.0001452188   0.0000289006
        0.0001549849   0.0001456468  -0.0000410878   0.0001636337  -0.0000015041
        0.0000020375   0.0005217469  -0.0000023774  -0.0000002640   0.0002924798
        0.0000910349   0.0027009262  -0.0020805858  -0.0008978131  -0.0000537685
        0.0010608982  -0.0001507509   0.0001433448   0.0014556282   0.0011305916
       -0.0014349306   0.0480043684  -0.0000576647  -0.0027049176  -0.0020625777
        0.0008936248   0.0000422268   0.0010679067
       -0.0000359552  -0.0006371376   0.0005712039  -0.0002210578   0.0013868534
       -0.0010094863   0.0006151630   0.0001520900  -0.0002040932   0.0033492199
       -0.0006002131  -0.0031126329  -0.1547111736   0.0119471682   0.1114997784
       -0.0004380689  -0.0000267124   0.0003658418   0.0000187404   0.0000199870
       -0.0000802055  -0.0002534263  -0.0001239291   0.0002835248   0.0004572749
        0.0002835026  -0.0006598771   0.0008552197   0.0001849095  -0.0009309728
       -0.0000183618   0.0001211981  -0.0002892960   0.0002351837   0.0000284417
       -0.0003078196   0.0011919181  -0.0004227561  -0.0009541008   0.0002310308
       -0.0003445965  -0.0000576647   0.1717600370  -0.0149506933  -0.1251212855
       -0.0230357440   0.0029818876   0.0200070855
       -0.0009777318  -0.0023771795   0.0023638762  -0.0151789215   0.0022515771
        0.0138134583   0.0003316817   0.0009772525  -0.0002000333   0.0149773650
       -0.0033113884  -0.0127878439   0.0142334359  -0.0477356440  -0.0136618898
        0.0002895130   0.0004492176  -0.0003201253  -0.0007264947  -0.0008160611
        0.0001373974  -0.0001558141  -0.0000929332   0.0002563278  -0.0002229258
       -0.0004867620   0.0006445280  -0.0009563025   0.0007991033  -0.0002682102
        0.0001229697   0.0004183692   0.0000234727   0.0000117299   0.0002473579
        0.0000869303   0.0007023260   0.0009453419   0.0005010083  -0.0002731774
       -0.0018778455  -0.0027049176  -0.0149506933   0.0494793369   0.0145342268
        0.0027730401   0.0011302570  -0.0024182055
       -0.0000869829   0.0005513292  -0.0015579874   0.0116225075   0.0013302922
       -0.0147234781  -0.0013582602   0.0001585862  -0.0064994108   0.0107355460
       -0.0044501343  -0.0130145558   0.1090557578  -0.0126338671  -0.1506843488
        0.0000653939  -0.0000098111   0.0006110551   0.0004409556   0.0001733293
        0.0000897293  -0.0001018576  -0.0000113444  -0.0001189803  -0.0001284827
        0.0000831960  -0.0004668271   0.0003346731   0.0001942202   0.0005565247
        0.0003055668  -0.0000333645  -0.0012400487   0.0000267987   0.0000192403
        0.0000556322   0.0002275029   0.0001222438   0.0007724283  -0.0002543092
       -0.0005204463  -0.0020625777  -0.1251212855   0.0145342268   0.1807303294
       -0.0057635241   0.0004923039   0.0075525157
        0.0006293201  -0.0009355121   0.0013396057  -0.0021519686   0.0020373520
       -0.0021029926  -0.0002394113  -0.0002057679  -0.0003915344  -0.0057813927
       -0.0016906371  -0.0040674529  -0.2390564404   0.0220203217  -0.0790509230
        0.0002937474   0.0001950382  -0.0001927263  -0.0000107908  -0.0003083288
        0.0001966537   0.0000825306   0.0002909064  -0.0001115518   0.0007228393
        0.0001248659  -0.0005157578   0.0003775569  -0.0003386197  -0.0005138854
        0.0002300270   0.0000133079  -0.0000242693   0.0002280800  -0.0000292802
        0.0001469457   0.0004274890  -0.0005485501  -0.0014370038   0.0010437407
        0.0003330784   0.0008936248  -0.0230357440   0.0027730401  -0.0057635241
        0.2662404168  -0.0237312148   0.0915947915
        0.0012197305   0.0013241230  -0.0012387540   0.0206167754  -0.0065819322
        0.0098409989   0.0000064626   0.0004550035  -0.0002486074  -0.0201116701
        0.0007589690  -0.0078788889   0.0210293442  -0.0435335758   0.0091784877
        0.0001849276  -0.0010475207  -0.0004095942   0.0003661834   0.0003613980
        0.0000176767   0.0002878695  -0.0007792568   0.0002981775  -0.0007508069
        0.0000381504   0.0013625756   0.0005533569  -0.0028749087   0.0035623544
        0.0000314716   0.0002452604  -0.0000201356  -0.0000304671   0.0000321735
       -0.0000520545  -0.0015478179  -0.0023219759  -0.0039325472  -0.0011060326
        0.0009171148   0.0000422268   0.0029818876   0.0011302570   0.0004923039
       -0.0237312148   0.0518767207  -0.0110142197
       -0.0003404135  -0.0006976145   0.0009660117  -0.0161852311   0.0048839644
       -0.0075244551   0.0006811576  -0.0003945790  -0.0017389607  -0.0149520790
       -0.0015948028  -0.0066557534  -0.0789448831   0.0100960795  -0.0755043633
       -0.0011941536  -0.0002212942  -0.0002168739  -0.0002501419  -0.0002495326
        0.0001776109   0.0000781984   0.0002849829   0.0000959032   0.0004742027
        0.0010774032  -0.0002867673  -0.0001636009   0.0012421874  -0.0022965107
        0.0003116631  -0.0000885521   0.0000587104  -0.0001362671   0.0000468649
       -0.0006559655  -0.0005065521  -0.0009982070  -0.0024231034  -0.0004737765
        0.0000455251   0.0010679067   0.0200070855  -0.0024182055   0.0075525157
        0.0915947915  -0.0110142197   0.0873840948
