           1           2  0.96166024571767250     
           2           3   1.0132186068691782     
           3           4   1.0064744274539494     
           4           5   1.0207535920834032     
           1           6  0.89065364180869311     
           1           7  0.88793062426074221     
           1           8  0.89305204282984563     
           2           9  0.96348630388175782     
           2          10  0.96662052343839933     
           3          11  0.96834270857979543     
           3          12  0.97135552243517598     
           4          13  0.97678622155850736     
           4          14  0.97289677295533106     
           5          15  0.98330067213759031     
           5          16  0.98709997518965720     
           5          17  0.98670303215416943     
