   49
          1          1          1
          4          2          5
          2          6          7
          2          8          9
          4         10         13
          3         14         16
          4         17         20
          3         21         23
          4         24         27
          4         28         31
          4         32         35
          1         36         36
          3         37         39
          3         40         42
          1         43         43
          4         44         47
          2         48         49
          4         50         53
          2         54         55
          2         56         57
          1         58         58
          2         59         60
          1         61         61
          2         62         63
          2         64         65
          2         66         67
          2         68         69
          2         70         71
          1         72         72
          1         73         73
          3         74         76
          1         77         77
          1         78         78
          2         79         80
          4         81         84
          1         85         85
          1         86         86
          1         87         87
          3         88         90
          2         91         92
          3         93         95
          1         96         96
          1         97         97
          2         98         99
          2        100        101
          1        102        102
          2        103        104
          1        105        105
          2        106        107
