$coord
        -13.084674289670          0.388476761832          3.542755512775     n 
        -14.249153610834         -1.583120868232          1.909419457102     c 
        -13.078696945897         -1.599323570896         -0.726205366988     c 
        -10.287566617470         -1.934878229272         -0.659206633709     c 
         -9.064882236814         -4.191732061389         -0.601019229360     c 
         -6.394207058897         -3.967579267484         -0.502247296303     c 
         -5.560437574169         -1.524424103560         -0.478142763164     c 
         -2.953961465578         -0.740785199651         -0.377218682262     c 
         -2.126986811187          1.710110993810         -0.313640456508     c 
          0.532090189968          1.952483451197         -0.217192226854     c 
          1.789968658517         -0.310704206375         -0.208022235876     c 
          4.491663616460         -0.614406865858         -0.121837026217     c 
          5.756776512279         -2.873411534351         -0.150520826991     c 
          8.415099292437         -2.623751671226         -0.049363005319     c 
          9.233378516114         -0.171752258213          0.060835624721     c 
         11.835850926587          0.626629690021          0.180562253752     c 
         12.650518650972          3.075479194816          0.310195391427     c 
         15.323289909321          3.320028878225          0.409956761370     c 
         16.546975267418          1.074029637441          0.356456526873     c 
         14.432711298290         -1.402502419511          0.182054895556     s 
          6.650594311252          1.863793656402          0.035327256882     s 
         -0.377611749416         -2.784010889470         -0.317307925325     s 
         -8.124622357544          0.536319789327         -0.585746992983     s 
        -12.461766351411          5.196390379851         -0.727083074016     cl
        -13.091963334366          2.109986796863          2.609186308195     h 
        -11.217648260434         -0.033742137748          3.909330648486     h 
        -14.004315519340          0.603429855433          5.251941695114     h 
        -16.295558352224         -1.271667363976          1.786826593985     h 
        -14.011981378603         -3.439096025404          2.799713955396     h 
        -13.503398280758          0.185416083261         -1.687298325518     h 
        -13.923836948133         -3.085011921714         -1.898651586994     h 
        -10.042500740489         -5.982845200113         -0.616954309412     h 
         -5.127417226318         -5.564956772897         -0.445842965361     h 
         -3.403540184625          3.300496197059         -0.335734425739     h 
          1.498883390416          3.746879445462         -0.158533652410     h 
          4.795497032885         -4.669650875210         -0.244137116172     h 
          9.696847573911         -4.210354277695         -0.057109206847     h 
         11.369715439019          4.662685564380          0.335458988166     h 
         16.276564301913          5.122697108149          0.518746342766     h 
         18.561664002531          0.829055376265          0.413687427158     h 
$end
