$coord
         -4.184418516775          0.872766872106         -0.777611725606     n 
         -2.692904794511         -1.447416845539         -0.189531830601     c 
         -0.519709582192         -0.941429847156          1.619726217827     c 
          1.812020868584          1.151588122853          0.325887964838     s 
          3.879169089012         -1.034949969317         -1.145173464559     c 
         -4.977336194303          1.623065444838          0.833053763875     h 
         -5.634046885726          0.502865473660         -2.024794996293     h 
         -3.057816189607          2.256542246165         -1.576213054582     h 
         -1.966461063727         -2.252906046265         -1.955738923664     h 
         -3.970038598408         -2.880636450062          0.601697560473     h 
          0.407822302115         -2.690785578730          2.205080518388     h 
         -1.235515673708         -0.058993462229          3.343045937197     h 
          5.394807587537         -0.011891612652         -2.086046375084     h 
          2.887625018127         -2.160054633111         -2.549051394234     h 
          4.720179997342         -2.285611234882          0.252740854170     h 
$end
