           1           2  0.93341052675511971     
           2           3   1.0038749518654893     
           3           4   1.3999700583950401     
           4           5   1.4594307750691489     
           5           6   1.3778130490410374     
           6           7   1.0802364289399289     
           7           8   1.9121923250342676     
           4           9  0.10265829834032884     
           6           9   1.3766195438461022     
           3          10   1.4020422068774310     
           5          10  0.10470214848999453     
           9          10   1.4594943761381267     
           1          12  0.84111040329186948     
           1          13  0.92168610948322360     
           1          14  0.91900087190444391     
           2          15  0.96988112272170379     
           2          16  0.96508750306021018     
           4          17  0.96313370397900022     
           5          18  0.96367831977900575     
           7          19  0.96390946415838030     
           8          20  0.97196846206479337     
           8          21  0.97757013402678294     
           9          22  0.96895033406976161     
          10          23  0.96901462390062387     
