$coord
          0.372765302689          2.751573713504         -1.595036282549     n 
          2.055357727201          2.926094114475          0.658396091132     c 
          2.720465958798          0.322255741299          1.714149964985     c 
          4.163623100320         -1.266173073272         -0.113698616414     c 
          3.489664840473         -3.579280944158         -0.751141254067     c 
         -4.977371478699         -0.726545663924          0.160499264084     cl
         -1.272595395728          1.793883119430         -1.145966883195     h 
          1.235598161947          1.760902720952         -3.029970913338     h 
         -0.121694450929          4.502913076235         -2.287216242625     h 
          1.139054272854          4.080794504851          2.116688909308     h 
          3.790843671930          3.939204182546          0.154233950454     h 
          0.975966733151         -0.659711061847          2.246173098784     h 
          3.804496830797          0.503647725339          3.473640584631     h 
          5.838638635190         -0.445192498068         -0.935198181418     h 
          1.831298818094         -4.442012765628          0.033465117152     h 
          4.561783453620         -4.684023234105         -2.072465877124     h 
$end
