           1           2  0.94638125864250278     
           2           3  0.99325820596005321     
           3           4   1.0212907616674027     
           4           5   1.5894123238112234     
           5           6   1.2845395889949047     
           6           7   1.5278856669867142     
           7           8   1.1442914427563327     
           8           9   1.4969186270076080     
           9          10   1.3238099723683849     
          10          11   1.4870840819740796     
          11          12   1.1506895943051010     
          12          13   1.4872742540124986     
          13          14   1.3239428774982609     
          14          15   1.4984636636704067     
          15          16   1.1435751313344269     
          16          17   1.5266049575813769     
          17          18   1.2833344412416403     
          18          19   1.6222954698563719     
          16          20   1.1248391040550529     
          19          20   1.1838910361169068     
          12          21   1.1307974904240006     
          15          21   1.1305043414666593     
           8          22   1.1288064969368981     
          11          22   1.1332302825592360     
           4          23   1.1360153931641439     
           7          23   1.1150620480834654     
           1          25  0.91056239729607236     
           1          26  0.84406527029402256     
           1          27  0.92268534957076265     
           2          28  0.97108979926184713     
           2          29  0.96856711494444858     
           3          30  0.96013452070997352     
           3          31  0.95561228720889158     
           5          32  0.94187685618219996     
           6          33  0.96042232720679266     
           9          34  0.96260387071944931     
          10          35  0.96302258287568576     
          13          36  0.96294377046538771     
          14          37  0.96215254818792961     
          17          38  0.96252313841818504     
          18          39  0.96466479618843892     
          19          40  0.96968149194058861     
