           1           2  0.96227041557923076     
           2           3  0.99842758934855946     
           3           4  0.98026196484777472     
           4           5   1.0191387451591749     
           5           6   1.4787482511647745     
           6           7   1.3378351726395259     
           5           8  0.11089749236447692     
           7           8   1.5440844621846319     
           8           9   1.2773885734739308     
           9          10   1.2787411857023618     
          10          11   1.5536432600279673     
          11          12   1.3289800080531946     
          10          13  0.12013571140114197     
          12          13   1.5451306688726605     
           5          14   1.2214641247222722     
           9          14   1.2572088407699658     
          13          14   1.2911637655709700     
           1          16  0.83241920156502014     
           1          17  0.92296189334412437     
           1          18  0.89611622136144675     
           2          19  0.96731033790956822     
           2          20  0.96664207972170169     
           3          21  0.95900119809264806     
           3          22  0.95918585113242094     
           6          23  0.96316476383333594     
           7          24  0.96971785758986329     
           8          25  0.96860406780172847     
          10          26  0.96854509353881968     
          11          27  0.97012772438243933     
          12          28  0.96984789252892600     
          13          29  0.96429713742982670     
