           1           2  0.91965200167156180     
           2           3  0.99469551879455653     
           3           4   1.0033334867131221     
           4           5   1.0086266727538866     
           5           6   1.0086389915209999     
           2           7  0.99453221155045912     
           6           7   1.0033258133132639     
           1           9  0.92092663490911641     
           1          10  0.84044353116055182     
           1          11  0.92083443971142975     
           2          12  0.96359270390465790     
           3          13  0.96767003544246399     
           3          14  0.97425255539320688     
           4          15  0.97491851389264594     
           4          16  0.97722869225914621     
           5          17  0.97575670795594871     
           5          18  0.97581007375261686     
           6          19  0.97491471472925650     
           6          20  0.97725378298471444     
           7          21  0.96752146151775564     
           7          22  0.97426391120966704     
