           1           2  0.94639224467638339     
           2           3   1.0104802805686413     
           3           4   1.0062385983484352     
           4           5   1.0069612144445179     
           5           6   1.0218595298796147     
           1           8  0.91946176176552319     
           1           9  0.91327577980259877     
           1          10  0.84566399703342932     
           2          11  0.96695222645609946     
           2          12  0.96151349484717263     
           3          13  0.97311137480502441     
           3          14  0.96454398413908926     
           4          15  0.97379589256434640     
           4          16  0.97403111165586542     
           5          17  0.97387652144048109     
           5          18  0.97599864859939189     
           6          19  0.98560780937542625     
           6          20  0.98662424543177896     
           6          21  0.98463841432127197     
