$coord
         -4.396398878138          2.603233075813         -0.831361390510     n 
         -2.263797382185          1.000155643687         -0.156666748114     c 
          0.282879866191          2.303684225773         -0.496237975154     c 
          2.550844808978          0.718371702140          0.398709282595     c 
          5.015899077183          2.292109883180          0.395420618981     c 
          7.278500392099          0.738474482445          1.350402331725     c 
          7.625806665048         -1.674010625475         -0.233206241326     c 
          5.192270792211         -3.263493809050         -0.251334088884     c 
          2.927085775946         -1.703721518948         -1.195615788743     c 
         -9.107925103773         -1.352833982889          0.469793745105     cl
         -4.211009578152          3.172865251050         -2.651334409381     h 
         -4.347328870670          4.207492892268          0.216920213843     h 
         -7.219993017085          0.247204319211         -0.056847966974     h 
         -2.350647973422         -0.733987561559         -1.287920739262     h 
         -2.486690035018          0.378156504684          1.807498783489     h 
          0.260568722473          4.104711915058          0.524665498854     h 
          0.549674867548          2.811080532826         -2.484560683503     h 
          2.187332498566          0.125356843754          2.361013371587     h 
          4.767651211997          4.017766050831          1.518384363871     h 
          5.384410207461          2.940835589950         -1.536253546307     h 
          6.965147123102          0.218932964920          3.332428587540     h 
          9.011728551223          1.881201610402          1.346247948372     h 
          9.231585435852         -2.789919245396          0.464162546214     h 
          8.119109241391         -1.152875394532         -2.177882710606     h 
          4.803035845871         -3.942019933169          1.668223865666     h 
          5.438136097912         -4.974475193057         -1.401227893088     h 
          1.200143605944         -2.849292009827         -1.198613877134     h 
          3.230655868886         -1.158469808019         -3.169926604556     h 
$end
