$coord
          0.591666007341         -3.575353042759         -0.018965593306     n 
          2.906222110338         -1.946689403660          0.019515896620     c 
          3.077945812335         -0.295636183044         -2.379518416003     c 
          1.083511541860          1.817085966808         -2.400060309092     c 
          1.251719667999          3.446673943434         -0.000705006485     c 
          1.012814016800          1.815685410594          2.391743537317     c 
          3.003640051162         -0.301748822880          2.427968292893     c 
         -5.086763337298         -0.131599482752         -0.013734075988     cl
          0.511407873800         -4.734982871902          1.546922410838     h 
          0.543759639256         -4.703573512021         -1.610114126597     h 
         -1.029952528005         -2.490305711360         -0.024477511562     h 
          4.554701880803         -3.226057654103          0.043238584742     h 
          2.875286459210         -1.494095422581         -4.060633059138     h 
          4.968980588470          0.541170103001         -2.511684188584     h 
         -0.810368304186          0.987286913085         -2.544441706546     h 
          1.287915536658          2.996578688018         -4.098264542395     h 
         -0.193576196188          4.939129072364         -0.022064067530     h 
          3.071145794322          4.441774741039          0.026435180151     h 
         -0.886494365801          0.990282367009          2.482857793625     h 
          1.171438136249          2.994616803262          4.095243982895     h 
          2.745100628096         -1.504635024755          4.097511496242     h 
          4.891219935452          0.530847930994          2.623703553512     h 
$end
