$coord
          6.695620594317          0.113487886271         -2.245287615345     n 
          5.305047666069          1.079524421174          0.022846970219     c 
          6.672529141369          0.388837023911          2.462600663717     c 
          2.591312233636          0.189613630601          0.024252261142     c 
          2.019167369172         -2.379937218769          0.060519730005     c 
         -0.455498776157         -3.218999641065          0.062442615542     c 
          0.621791285211          1.928783519534         -0.014922244202     c 
         -1.918510526133          1.147321397749         -0.014401804605     c 
         -2.472778625446         -1.493992554782          0.025658068527     c 
         -5.012907860591         -2.276198883338          0.028298810497     c 
         -6.945627018062         -0.520128618717         -0.006277912811     c 
         -6.409263283536          2.043387714544         -0.045621300507     c 
         -3.934432226547          2.879475500705         -0.050248871805     c 
          5.772790461366          0.591221948010         -3.892077992921     h 
          6.844604719031         -1.825104474633         -2.195259921222     h 
          8.500782964483          0.837773063793         -2.338119817923     h 
          5.271710087845          3.158505500217         -0.130453653281     h 
          8.602281645663          1.113886318736          2.474566671856     h 
          6.780337609745         -1.655478285102          2.686827774119     h 
          5.697193299652          1.146361009353          4.113504717115     h 
          3.536853359685         -3.735157832368          0.089935111913     h 
         -0.857757120554         -5.214786253098          0.092555396466     h 
          1.039593065091          3.918850555105         -0.045771265379     h 
         -5.440892022269         -4.266623614741          0.058394344269     h 
         -8.885598047996         -1.148515301659         -0.002971107262     h 
         -7.935480991568          3.395657467972         -0.073306965231     h 
         -3.531211820402          4.874727664790         -0.084574363040     h 
$end
