$hessian                                                                        
        0.5388436040  -0.0218440270  -0.0451381074  -0.0991198807  -0.0266856745
       -0.0380787494  -0.0253171323  -0.0137783870  -0.0254678381  -0.0061538212
        0.0038168297   0.0011517344  -0.0008281460  -0.0011271178  -0.0018663866
        0.0001156077   0.0001840935  -0.0001369813  -0.0134942264   0.0068687299
        0.0003552064  -0.2569963338   0.0947184826  -0.0046657690  -0.0455117170
       -0.0268053875   0.0057277466  -0.0951465580  -0.0140279176   0.1078857974
        0.0053370971   0.0041194197   0.0051433312  -0.0038879612  -0.0048327481
       -0.0045518838   0.0015769005  -0.0004435373  -0.0007841054   0.0013090907
       -0.0007567195   0.0001729427  -0.0000938159   0.0000729758   0.0000683761
        0.0000800883   0.0002519372   0.0001261432   0.0000825238  -0.0000116288
        0.0001156045  -0.0007953193   0.0002806766  -0.0000570617
       -0.0218440270   0.5661786727  -0.0414711583  -0.0278787284  -0.0947828932
       -0.0334099212   0.0037776735   0.0044602218   0.0051995465   0.0011286706
        0.0001700900   0.0005081189   0.0002536481   0.0001502166  -0.0000888795
       -0.0000140952   0.0004999438   0.0001186778   0.0053551039  -0.0016213449
       -0.0000863206   0.0967564653  -0.0809379586   0.0033575070  -0.0228433499
       -0.3289760115   0.0563821735  -0.0167807310  -0.0507089436   0.0324245633
        0.0002773380   0.0005100737  -0.0006627148  -0.0191552292  -0.0174785258
       -0.0232469049   0.0000129944   0.0002399541   0.0003944828   0.0007312647
        0.0015192951   0.0003369921  -0.0000226424  -0.0001439542   0.0001353337
        0.0001526792   0.0004176301   0.0001512269   0.0000211056   0.0002722435
       -0.0001145694   0.0000718598   0.0002312902   0.0000718462
       -0.0451381074  -0.0414711583   0.5278673284  -0.0391740863  -0.0328507559
       -0.1245369899  -0.0083058633  -0.0027760068  -0.0054313220  -0.0018204740
        0.0016438038   0.0011657764  -0.0000940200  -0.0003698574  -0.0004174547
       -0.0000561164  -0.0001782506   0.0002616757  -0.0011682379   0.0006070234
        0.0009655734  -0.0027790379   0.0024691168  -0.0387983072   0.0044039792
        0.0591665042  -0.0580844106   0.1105573657   0.0289877835  -0.2804935886
       -0.0174824430  -0.0146645185  -0.0263459132   0.0000290872  -0.0010098212
        0.0010620473   0.0008696724   0.0000055281   0.0014082664   0.0006283793
       -0.0000711389   0.0003283210  -0.0000502967   0.0001417142   0.0005067241
        0.0001280495   0.0001974361  -0.0000210547  -0.0001306737   0.0000134946
        0.0003133358  -0.0004171766   0.0001591030   0.0002499924
       -0.0991198807  -0.0278787284  -0.0391740863   0.4466264163  -0.0089935478
       -0.0495164441  -0.1688852418   0.0554747850   0.0094666852  -0.0185845526
        0.0019285651  -0.0062305914  -0.0016661714  -0.0008710862  -0.0014935886
        0.0003065613  -0.0002081999  -0.0004749382   0.0003966203  -0.0003663079
       -0.0000311520  -0.0127681309  -0.0084267818  -0.0145720445  -0.0018262188
       -0.0044229388  -0.0015147706   0.0076473896   0.0055153450   0.0047447983
       -0.0872884228  -0.0105769906   0.0903103286  -0.0424308055  -0.0127252955
        0.0061008151  -0.0200221787   0.0069646581   0.0032648207  -0.0034365787
        0.0041820053  -0.0014398451   0.0009823645   0.0002284929   0.0005073260
        0.0005289369   0.0003444221   0.0003196263  -0.0000895550  -0.0002990148
       -0.0000628769  -0.0003705519   0.0001306183  -0.0002040624
       -0.0266856745  -0.0947828932  -0.0328507559  -0.0089935478   0.5214642494
       -0.0189137062   0.0507713528  -0.0911982473   0.0012813693  -0.0091311134
        0.0034940042  -0.0005255506  -0.0016241055  -0.0005333123  -0.0015118378
       -0.0000728094  -0.0003877718   0.0000924092   0.0011126435  -0.0009840697
       -0.0001732411   0.0006936861   0.0060929920   0.0056328261  -0.0161997303
       -0.0155556225  -0.0196560576   0.0024237804   0.0015818474  -0.0014513348
       -0.0104816845  -0.0492656820   0.0202460207  -0.0091341515  -0.2651035975
        0.0485047741  -0.0005710349   0.0011373454  -0.0009116562   0.0299835104
       -0.0174773900   0.0011503080  -0.0003551991   0.0003640916  -0.0000363791
       -0.0011239801   0.0006159288  -0.0007012606  -0.0001142304   0.0001062172
        0.0000796258  -0.0004977118   0.0004319103  -0.0002555532
       -0.0380787494  -0.0334099212  -0.1245369899  -0.0495164441  -0.0189137062
        0.4934210007   0.0052740931   0.0033300539  -0.0630506068  -0.0175655868
        0.0043384503  -0.0036729867  -0.0022153158  -0.0012163079  -0.0022622103
        0.0000406838   0.0002457982   0.0002563698   0.0014476818  -0.0008414000
       -0.0005030025  -0.0055348399   0.0014890836  -0.0002967436   0.0016703206
       -0.0027061459   0.0039729604  -0.0130916751  -0.0115069451  -0.0224723949
        0.0961144637   0.0240233630  -0.2247364010   0.0040985020   0.0429475941
       -0.0544770441   0.0257999699  -0.0112435069  -0.0018006680  -0.0066764743
        0.0033598005  -0.0000442132  -0.0010367802  -0.0001026057   0.0001478424
       -0.0000824337   0.0002797979   0.0004914349   0.0001086368  -0.0001678755
       -0.0002958284  -0.0007560524   0.0000944730  -0.0001405188
       -0.0253171323   0.0037776735  -0.0083058633  -0.1688852418   0.0507713528
        0.0052740931   0.4663537535  -0.0017108638  -0.0270279695  -0.0978174995
       -0.0328982080  -0.0452775162  -0.0237607236  -0.0096244930  -0.0190763543
       -0.0013835699  -0.0000993525  -0.0011845429  -0.0003532145   0.0001059250
        0.0000122795  -0.0000366175  -0.0022557286  -0.0024206296   0.0011662079
        0.0003061305   0.0000554308   0.0015221915  -0.0003119436   0.0004562015
       -0.0185747486   0.0068924381   0.0039169359  -0.0026394737   0.0047084049
       -0.0009284673  -0.0841038322  -0.0090945721   0.0882506951  -0.0441239563
       -0.0113985030   0.0045988650   0.0051368480   0.0040031268   0.0054698722
       -0.0029459737  -0.0043842414  -0.0032848762   0.0010732458  -0.0008193018
        0.0003570285  -0.0053102630   0.0020321562  -0.0008851825
       -0.0137783870   0.0044602218  -0.0027760068   0.0554747850  -0.0911982473
        0.0033300539  -0.0017108638   0.5111340451  -0.0089831223  -0.0334689084
       -0.0943753827  -0.0406975005   0.0038397050   0.0042842221   0.0067042454
        0.0005409209   0.0005796992  -0.0006114306  -0.0004113519   0.0001620201
        0.0001671516  -0.0004176439  -0.0011372547  -0.0017810701  -0.0008596013
        0.0017403615  -0.0005474432  -0.0001020344   0.0003627277   0.0005291473
       -0.0011815597   0.0016530351  -0.0008062961   0.0269013524  -0.0154643335
        0.0011692492  -0.0096059712  -0.0488264030   0.0207037399  -0.0122279971
       -0.2564562091   0.0438355921   0.0011591199   0.0011160344  -0.0001508155
       -0.0176834333  -0.0186333146  -0.0210979900   0.0011224111   0.0009639343
        0.0004859614   0.0024094576  -0.0003651562   0.0005265344
       -0.0254678381   0.0051995465  -0.0054313220   0.0094666852   0.0012813693
       -0.0630506068  -0.0270279695  -0.0089831223   0.4981944150  -0.0465570201
       -0.0398411464  -0.1278771745  -0.0058879888  -0.0002217248  -0.0017994734
        0.0020973148  -0.0001362025  -0.0000652935  -0.0004634439   0.0003576536
       -0.0000286494  -0.0006750109  -0.0025503054  -0.0024599694   0.0006114226
        0.0005532766   0.0004427574  -0.0010305476  -0.0001100286   0.0014728547
        0.0236249480  -0.0098396771  -0.0010179140  -0.0064322010   0.0037481750
        0.0004000080   0.0869968553   0.0200258910  -0.2220149972   0.0046365584
        0.0444341730  -0.0545181378  -0.0150265016  -0.0135616662  -0.0258147865
        0.0009776121  -0.0004831758   0.0023352296   0.0004548885  -0.0001061470
        0.0004200854  -0.0002977635   0.0002331112   0.0008129743
       -0.0061538212   0.0011286706  -0.0018204740  -0.0185845526  -0.0091311134
       -0.0175655868  -0.0978174995  -0.0334689084  -0.0465570201   0.4520139166
        0.0018128015  -0.0192489335  -0.1713711979   0.0494474364  -0.0106796505
       -0.0144318076   0.0012316803   0.0099371238  -0.0001735734   0.0002862375
       -0.0001821950   0.0000752805  -0.0005496812  -0.0007136531  -0.0001870150
        0.0005384835   0.0000078542  -0.0003689755   0.0000679364   0.0003951241
        0.0006962405  -0.0000941528  -0.0004487343   0.0007918846  -0.0004707818
        0.0000744578   0.0060572765   0.0043225993   0.0056544612  -0.0028656652
       -0.0045875963  -0.0033467578  -0.0825531997  -0.0092512971   0.0842370888
       -0.0433104212  -0.0112897974   0.0032456986  -0.0033215836   0.0043690921
       -0.0001804644  -0.0184952862   0.0056383908  -0.0028083390
        0.0038168297   0.0001700900   0.0016438038   0.0019285651   0.0034940042
        0.0043384503  -0.0328982080  -0.0943753827  -0.0398411464   0.0018128015
        0.5059776756  -0.0122258629   0.0457155188  -0.0862273613   0.0033515591
       -0.0027508316   0.0017638569  -0.0007460807   0.0002990482  -0.0000440005
        0.0001558736  -0.0002270391   0.0005866837   0.0001471062   0.0000987072
       -0.0000737837   0.0000054573  -0.0000018841   0.0001346563  -0.0001165319
        0.0001978521   0.0001643251   0.0004504164   0.0009468575   0.0007841637
        0.0005298952   0.0016550047   0.0015662846  -0.0004021534  -0.0177188186
       -0.0186094409  -0.0213563570  -0.0098039109  -0.0477929697   0.0206012037
       -0.0120361124  -0.2560628248   0.0432088861   0.0285986763  -0.0156813663
        0.0017469581  -0.0096330565   0.0042253899  -0.0014914776
        0.0011517344   0.0005081189   0.0011657764  -0.0062305914  -0.0005255506
       -0.0036729867  -0.0452775162  -0.0406975005  -0.1278771745  -0.0192489335
       -0.0122258629   0.4919787617  -0.0032548456  -0.0000415856  -0.0586372819
        0.0175453918  -0.0040063316  -0.0074113145   0.0002816690  -0.0000994660
        0.0002749511  -0.0004590123   0.0001237347   0.0000948007  -0.0001231971
        0.0001814236  -0.0002375972  -0.0000582441   0.0002741188  -0.0000013663
        0.0008877527  -0.0001881663   0.0009694245   0.0004152392   0.0001259766
        0.0004953753  -0.0137377496  -0.0129718859  -0.0254532733   0.0013236166
       -0.0006148184   0.0026681164   0.0862528279   0.0193803849  -0.2180688809
        0.0036577808   0.0419665728  -0.0545896751  -0.0037906104   0.0011452021
        0.0004201763  -0.0193353122   0.0076656354  -0.0021178320
       -0.0008281460   0.0002536481  -0.0000940200  -0.0016661714  -0.0016241055
       -0.0022153158  -0.0237607236   0.0038397050  -0.0058879888  -0.1713711979
        0.0457155188  -0.0032548456   0.4000225893   0.0024506420   0.0734687732
       -0.0383951142  -0.0087930018   0.0365928503   0.0000318827  -0.0001909189
        0.0003326025  -0.0003495762  -0.0001661046   0.0001160847  -0.0000931884
       -0.0000387907   0.0000355158  -0.0002332940   0.0000042645   0.0000444308
       -0.0000382738  -0.0000832633  -0.0000103443  -0.0002689498  -0.0000992408
        0.0000511631   0.0008831265   0.0005068719   0.0007695134   0.0008929523
        0.0004780170   0.0003023506  -0.0173320472   0.0064600946   0.0042497275
       -0.0035494016   0.0046030035   0.0004341357  -0.0404956920  -0.0051465385
       -0.0041232815  -0.1034487747  -0.0481698011  -0.1008113514
       -0.0011271178   0.0001502166  -0.0003698574  -0.0008710862  -0.0005333123
       -0.0012163079  -0.0096244930   0.0042842221  -0.0002217248   0.0494474364
       -0.0862273613  -0.0000415856   0.0024506420   0.4748112979   0.0255272036
       -0.0102483630  -0.0213871798   0.0161320510   0.0000654485   0.0003925543
       -0.0002421959  -0.0000629595  -0.0005382267  -0.0001717655  -0.0001263725
        0.0000046857   0.0004162545  -0.0000459958  -0.0004494113   0.0001743434
        0.0000465527   0.0002681179  -0.0000305060   0.0001207885  -0.0000538528
       -0.0004680974  -0.0003873603   0.0000771605   0.0002113114  -0.0014218337
        0.0006525388   0.0002180456  -0.0009181904   0.0015794707  -0.0005545093
        0.0296822988  -0.0159036090   0.0006953302  -0.0085986545  -0.2759514293
        0.0342141725  -0.0483807402  -0.0811758819  -0.0742721624
       -0.0018663866  -0.0000888795  -0.0004174547  -0.0014935886  -0.0015118378
       -0.0022622103  -0.0190763543   0.0067042454  -0.0017994734  -0.0106796505
        0.0033515591  -0.0586372819   0.0734687732   0.0255272036   0.3643117734
        0.0395962623   0.0147272505  -0.0836275374  -0.0000834442   0.0000706905
        0.0002224341  -0.0000459631  -0.0002288409  -0.0004596408  -0.0001194328
        0.0000278720   0.0002326280  -0.0002156083  -0.0002361138   0.0001033873
        0.0002014616   0.0001317422  -0.0001386751   0.0000835279  -0.0001099591
       -0.0002168533  -0.0005515575   0.0002186316  -0.0004262118   0.0000512334
        0.0002495307   0.0007054051   0.0223568431  -0.0087243742  -0.0021601407
       -0.0052537022   0.0033647527  -0.0001860918  -0.0023408280   0.0273566586
       -0.0417983688  -0.0940315855  -0.0708301315  -0.1734456881
        0.0001156077  -0.0000140952  -0.0000561164   0.0003065613  -0.0000728094
        0.0000406838  -0.0013835699   0.0005409209   0.0020973148  -0.0144318076
       -0.0027508316   0.0175453918  -0.0383951142  -0.0102483630   0.0395962623
        0.0614947656   0.0142508834  -0.0694465584  -0.0000166574   0.0000616656
       -0.0000293573   0.0002340889   0.0000136838  -0.0001769948  -0.0000277108
        0.0000585925  -0.0000839264   0.0000730589   0.0000304544  -0.0001776656
        0.0000173473   0.0000799557  -0.0000769473   0.0000949092   0.0000041805
       -0.0000837084  -0.0017127366  -0.0000372730  -0.0005532091  -0.0001866351
       -0.0004762227   0.0002829176  -0.0041282975   0.0011581889   0.0001634814
        0.0003081994  -0.0000656663   0.0000051087  -0.0040433039  -0.0028924003
        0.0093983539   0.0016812948   0.0003591357   0.0015549693
        0.0001840935   0.0004999438  -0.0001782506  -0.0002081999  -0.0003877718
        0.0002457982  -0.0000993525   0.0005796992  -0.0001362025   0.0012316803
        0.0017638569  -0.0040063316  -0.0087930018  -0.0213871798   0.0147272505
        0.0142508834   0.0183206027  -0.0236521079   0.0002881713   0.0005533176
       -0.0001601420  -0.0004028146  -0.0008488442   0.0004286878   0.0000258988
       -0.0000854285  -0.0001844223  -0.0000488958   0.0000063207  -0.0000164175
        0.0000837578  -0.0001898754  -0.0001025205  -0.0000350467   0.0000513924
        0.0001154856  -0.0004153492   0.0002621903  -0.0000701569   0.0001382458
       -0.0002292698  -0.0001371649   0.0013961677   0.0000275425  -0.0004011982
        0.0002364208   0.0005601847  -0.0005518602  -0.0101802899  -0.0017927217
        0.0176151428   0.0023476309   0.0022960404  -0.0035355897
       -0.0001369813   0.0001186778   0.0002616757  -0.0004749382   0.0000924092
        0.0002563698  -0.0011845429  -0.0006114306  -0.0000652935   0.0099371238
       -0.0007460807  -0.0074113145   0.0365928503   0.0161320510  -0.0836275374
       -0.0694465584  -0.0236521079   0.1254218028  -0.0001375595   0.0000418267
        0.0002286572   0.0001407803  -0.0000873543  -0.0004663113   0.0001692155
        0.0000254466  -0.0001165067   0.0001346585   0.0000341102   0.0001021325
       -0.0002238005  -0.0000393569  -0.0001400344   0.0000682975  -0.0000611109
        0.0000093288  -0.0003135810  -0.0000430772   0.0015583125   0.0000760559
        0.0004513172  -0.0003208950   0.0019884211  -0.0006632651   0.0007446700
       -0.0001472298  -0.0005695789   0.0006647767   0.0085442330   0.0038467562
       -0.0136845180   0.0144135555   0.0057307676  -0.0234153151
       -0.0134942264   0.0053551039  -0.0011682379   0.0003966203   0.0011126435
        0.0014476818  -0.0003532145  -0.0004113519  -0.0004634439  -0.0001735734
        0.0002990482   0.0002816690   0.0000318827   0.0000654485  -0.0000834442
       -0.0000166574   0.0002881713  -0.0001375595  -0.0065897048   0.0050093620
        0.0004032948   0.0192186043  -0.0110281835  -0.0001285287  -0.0002576190
       -0.0010893763  -0.0000006378   0.0004347018  -0.0001548850  -0.0010416207
        0.0002595924  -0.0001833953   0.0004499351   0.0004815071   0.0002440173
        0.0002829850   0.0001350991   0.0001344158   0.0000256710   0.0000683354
        0.0001549753  -0.0000423786  -0.0000294019  -0.0000814083   0.0000452704
       -0.0000385313   0.0000327397   0.0001031085   0.0000768142   0.0001313341
        0.0000273555  -0.0001502286   0.0001213406  -0.0000011198
        0.0068687299  -0.0016213449   0.0006070234  -0.0003663079  -0.0009840697
       -0.0008414000   0.0001059250   0.0001620201   0.0003576536   0.0002862375
       -0.0000440005  -0.0000994660  -0.0001909189   0.0003925543   0.0000706905
        0.0000616656   0.0005533176   0.0000418267   0.0050093620   0.0014305922
        0.0000366205  -0.0111426775   0.0000237081  -0.0001095845  -0.0003884692
        0.0003794603  -0.0002593295  -0.0001512475  -0.0004255102   0.0003436054
       -0.0001952933  -0.0004985011  -0.0000356177   0.0000167274  -0.0000909377
        0.0000962721   0.0000838983   0.0001714577  -0.0000748401   0.0001157578
        0.0001661179  -0.0002026632  -0.0001394869  -0.0002928127   0.0000611072
       -0.0002124789   0.0001243492   0.0001675672   0.0001703564   0.0002563141
       -0.0001866477   0.0000682202   0.0002972851   0.0000271821
        0.0003552064  -0.0000863206   0.0009655734  -0.0000311520  -0.0001732411
       -0.0005030025   0.0000122795   0.0001671516  -0.0000286494  -0.0001821950
        0.0001558736   0.0002749511   0.0003326025  -0.0002421959   0.0002224341
       -0.0000293573  -0.0001601420   0.0002286572   0.0004032948   0.0000366205
        0.0037713566  -0.0003740834  -0.0000432000  -0.0050320246   0.0001358471
       -0.0001907554  -0.0004018005  -0.0003966007  -0.0001573140  -0.0002762109
        0.0002153529   0.0000937068   0.0001599959   0.0002343458   0.0001355623
       -0.0005224045  -0.0000449695  -0.0002177678   0.0002592157  -0.0000035719
       -0.0000518269   0.0002671149  -0.0001842075   0.0003593658  -0.0000647694
        0.0000124350   0.0001040706  -0.0002163231  -0.0002271987   0.0000962332
        0.0005191149  -0.0002280280   0.0001741791   0.0003767710
       -0.2569963338   0.0967564653  -0.0027790379  -0.0127681309   0.0006936861
       -0.0055348399  -0.0000366175  -0.0004176439  -0.0006750109   0.0000752805
       -0.0002270391  -0.0004590123  -0.0003495762  -0.0000629595  -0.0000459631
        0.0002340889  -0.0004028146   0.0001407803   0.0192186043  -0.0111426775
       -0.0003740834   0.2588135548  -0.0941581982   0.0041469151   0.0036092803
        0.0053434926  -0.0006181548  -0.0125125620   0.0048355226   0.0069809080
        0.0005295294  -0.0000515038  -0.0000017223   0.0002216097  -0.0002364934
       -0.0004355708  -0.0000474704  -0.0002335738  -0.0003335061  -0.0001790729
       -0.0004805110   0.0000653784  -0.0000171687   0.0000427319   0.0001093604
        0.0000913895   0.0000582198  -0.0001527108  -0.0000891362  -0.0002003276
       -0.0000175750   0.0002027311  -0.0001163759  -0.0000161550
        0.0947184826  -0.0809379586   0.0024691168  -0.0084267818   0.0060929920
        0.0014890836  -0.0022557286  -0.0011372547  -0.0025503054  -0.0005496812
        0.0005866837   0.0001237347  -0.0001661046  -0.0005382267  -0.0002288409
        0.0000136838  -0.0008488442  -0.0000873543  -0.0110281835   0.0000237081
       -0.0000432000  -0.0941581982   0.0872465012  -0.0010846617   0.0246202728
       -0.0147483516   0.0018739274  -0.0016546827   0.0041081918  -0.0015402674
       -0.0001320940   0.0010421708  -0.0002451642  -0.0010438530   0.0000533000
       -0.0004949548   0.0001431411  -0.0003536583   0.0001784555  -0.0001432985
       -0.0000805006   0.0002791546   0.0000482835   0.0002013441  -0.0001008753
        0.0002694756  -0.0001561680  -0.0002189314  -0.0002052519  -0.0003103848
        0.0002486051  -0.0000494814  -0.0002435442  -0.0000675223
       -0.0046657690   0.0033575070  -0.0387983072  -0.0145720445   0.0056328261
       -0.0002967436  -0.0024206296  -0.0017810701  -0.0024599694  -0.0007136531
        0.0001471062   0.0000948007   0.0001160847  -0.0001717655  -0.0004596408
       -0.0001769948   0.0004286878  -0.0004663113  -0.0001285287  -0.0001095845
       -0.0050320246   0.0041469151  -0.0010846617   0.0457757835  -0.0050806330
        0.0037312326   0.0026707079   0.0239077288  -0.0090859741   0.0000991249
       -0.0008861075  -0.0001795703  -0.0004889138  -0.0004608972  -0.0001667182
        0.0008340727   0.0000682408   0.0002800168  -0.0003015743   0.0002836778
       -0.0001066077  -0.0003679651   0.0002129311  -0.0004332095  -0.0000861084
       -0.0000264883  -0.0000867808   0.0002538013   0.0002463948  -0.0001397817
       -0.0006546666   0.0001497727  -0.0002316526  -0.0003160660
       -0.0455117170  -0.0228433499   0.0044039792  -0.0018262188  -0.0161997303
        0.0016703206   0.0011662079  -0.0008596013   0.0006114226  -0.0001870150
        0.0000987072  -0.0001231971  -0.0000931884  -0.0001263725  -0.0001194328
       -0.0000277108   0.0000258988   0.0001692155  -0.0002576190  -0.0003884692
        0.0001358471   0.0036092803   0.0246202728  -0.0050806330   0.0439517168
        0.0295896042  -0.0043669739   0.0004300918  -0.0135897897   0.0053056270
        0.0006167826   0.0004377350   0.0003686536  -0.0012733864  -0.0015719963
       -0.0026303044  -0.0005222347  -0.0001809803   0.0002047074  -0.0003717904
        0.0007267094  -0.0005590184   0.0001125176   0.0000530855   0.0000771267
        0.0001411385   0.0001756748   0.0000176006  -0.0000496580   0.0000235617
       -0.0000804253   0.0000928031   0.0000090401  -0.0000045154
       -0.0268053875  -0.3289760115   0.0591665042  -0.0044229388  -0.0155556225
       -0.0027061459   0.0003061305   0.0017403615   0.0005532766   0.0005384835
       -0.0000737837   0.0001814236  -0.0000387907   0.0000046857   0.0000278720
        0.0000585925  -0.0000854285   0.0000254466  -0.0010893763   0.0003794603
       -0.0001907554   0.0053434926  -0.0147483516   0.0037312326   0.0295896042
        0.3631816367  -0.0638272249  -0.0017220724  -0.0058045118   0.0055023256
        0.0002531405   0.0006148012   0.0004460112  -0.0016671949  -0.0004566698
       -0.0028753985   0.0000037903  -0.0002333332   0.0000359532  -0.0005510219
       -0.0000386459  -0.0000496918  -0.0000207876   0.0000218999  -0.0000253489
        0.0001387933   0.0000227873  -0.0000321866  -0.0000169423  -0.0000101646
        0.0000392505   0.0001024849   0.0000168905  -0.0000025442
        0.0057277466   0.0563821735  -0.0580844106  -0.0015147706  -0.0196560576
        0.0039729604   0.0000554308  -0.0005474432   0.0004427574   0.0000078542
        0.0000054573  -0.0002375972   0.0000355158   0.0004162545   0.0002326280
       -0.0000839264  -0.0001844223  -0.0001165067  -0.0000006378  -0.0002593295
       -0.0004018005  -0.0006181548   0.0018739274   0.0026707079  -0.0043669739
       -0.0638272249   0.0614858806   0.0041070030   0.0289045034  -0.0073046406
       -0.0002977915  -0.0011699176   0.0001657338  -0.0030151427  -0.0025097234
       -0.0024472402   0.0001775033   0.0003009769  -0.0003886672  -0.0002625750
        0.0005536768   0.0000509479  -0.0000186682  -0.0002208843   0.0000113676
        0.0000309590   0.0000388270   0.0000989481  -0.0000088166  -0.0000327804
       -0.0001011873   0.0000454448  -0.0000680136  -0.0000498814
       -0.0951465580  -0.0167807310   0.1105573657   0.0076473896   0.0024237804
       -0.0130916751   0.0015221915  -0.0001020344  -0.0010305476  -0.0003689755
       -0.0000018841  -0.0000582441  -0.0002332940  -0.0000459958  -0.0002156083
        0.0000730589  -0.0000488958   0.0001346585   0.0004347018  -0.0001512475
       -0.0003966007  -0.0125125620  -0.0016546827   0.0239077288   0.0004300918
       -0.0017220724   0.0041070030   0.0996888992   0.0193687640  -0.1214931421
       -0.0012415096  -0.0013302370  -0.0027613534   0.0004530909   0.0000153554
       -0.0001983252  -0.0006878618  -0.0001804580   0.0005252901  -0.0002957415
        0.0001412180  -0.0000553822   0.0000419751   0.0000411096   0.0002047980
        0.0001141643   0.0000254560  -0.0000366683   0.0000012995  -0.0000105950
       -0.0000636344   0.0000796399   0.0000131503  -0.0000356625
       -0.0140279176  -0.0507089436   0.0289877835   0.0055153450   0.0015818474
       -0.0115069451  -0.0003119436   0.0003627277  -0.0001100286   0.0000679364
        0.0001346563   0.0002741188   0.0000042645  -0.0004494113  -0.0002361138
        0.0000304544   0.0000063207   0.0000341102  -0.0001548850  -0.0004255102
       -0.0001573140   0.0048355226   0.0041081918  -0.0090859741  -0.0135897897
       -0.0058045118   0.0289045034   0.0193687640   0.0515015302  -0.0335260572
       -0.0018254125  -0.0004064186  -0.0026379628   0.0001070795   0.0001624647
       -0.0013440690  -0.0000595999   0.0003021736   0.0001427861  -0.0000180012
       -0.0005515710   0.0004567075   0.0000279890   0.0001477254  -0.0000982669
        0.0000219115   0.0000029105  -0.0002320933  -0.0000078676  -0.0000193024
        0.0001245888   0.0000161503   0.0000551204   0.0000102265
        0.1078857974   0.0324245633  -0.2804935886   0.0047447983  -0.0014513348
       -0.0224723949   0.0004562015   0.0005291473   0.0014728547   0.0003951241
       -0.0001165319  -0.0000013663   0.0000444308   0.0001743434   0.0001033873
       -0.0001776656  -0.0000164175   0.0001021325  -0.0010416207   0.0003436054
       -0.0002762109   0.0069809080  -0.0015402674   0.0000991249   0.0053056270
        0.0055023256  -0.0073046406  -0.1214931421  -0.0335260572   0.3107801693
       -0.0029228791  -0.0026940320  -0.0024751534   0.0003317220   0.0003597694
        0.0008035943  -0.0008479683   0.0000668830  -0.0000395974   0.0000166325
        0.0001045211  -0.0002915056   0.0001377894  -0.0001010049   0.0001408212
        0.0000085952   0.0000111053   0.0000449345   0.0000403628  -0.0000236707
       -0.0001565477   0.0001352870  -0.0000469475  -0.0000360133
        0.0053370971   0.0002773380  -0.0174824430  -0.0872884228  -0.0104816845
        0.0961144637  -0.0185747486  -0.0011815597   0.0236249480   0.0006962405
        0.0001978521   0.0008877527  -0.0000382738   0.0000465527   0.0002014616
        0.0000173473   0.0000837578  -0.0002238005   0.0002595924  -0.0001952933
        0.0002153529   0.0005295294  -0.0001320940  -0.0008861075   0.0006167826
        0.0002531405  -0.0002977915  -0.0012415096  -0.0018254125  -0.0029228791
        0.1040045575   0.0128539686  -0.1025721069   0.0004246705  -0.0018744354
        0.0039348852  -0.0051774071   0.0027169363  -0.0000049393   0.0011033302
       -0.0006111124   0.0001564310  -0.0005390509   0.0000001520  -0.0010039248
       -0.0002045638  -0.0001104519   0.0001369412   0.0000605064  -0.0000125616
        0.0000799504   0.0000143225  -0.0000050928   0.0000418058
        0.0041194197   0.0005100737  -0.0146645185  -0.0105769906  -0.0492656820
        0.0240233630   0.0068924381   0.0016530351  -0.0098396771  -0.0000941528
        0.0001643251  -0.0001881663  -0.0000832633   0.0002681179   0.0001317422
        0.0000799557  -0.0001898754  -0.0000393569  -0.0001833953  -0.0004985011
        0.0000937068  -0.0000515038   0.0010421708  -0.0001795703   0.0004377350
        0.0006148012  -0.0011699176  -0.0013302370  -0.0004064186  -0.0026940320
        0.0128539686   0.0536781736  -0.0225413862  -0.0143850827  -0.0074628102
        0.0282472772   0.0024211835  -0.0000567544  -0.0006012711   0.0001968282
        0.0004185714  -0.0007991366  -0.0001676259   0.0000642911  -0.0000240265
       -0.0001421097  -0.0002933252   0.0003544314   0.0000474709  -0.0001289068
       -0.0000956317  -0.0000346385  -0.0001112861  -0.0000138299
        0.0051433312  -0.0006627148  -0.0263459132   0.0903103286   0.0202460207
       -0.2247364010   0.0039169359  -0.0008062961  -0.0010179140  -0.0004487343
        0.0004504164   0.0009694245  -0.0000103443  -0.0000305060  -0.0001386751
       -0.0000769473  -0.0001025205  -0.0001400344   0.0004499351  -0.0000356177
        0.0001599959  -0.0000017223  -0.0002451642  -0.0004889138   0.0003686536
        0.0004460112   0.0001657338  -0.0027613534  -0.0026379628  -0.0024751534
       -0.1025721069  -0.0225413862   0.2622738047   0.0062209110   0.0058654394
       -0.0090695702  -0.0000634159  -0.0003503269   0.0005543845  -0.0004240674
        0.0000052814   0.0004455313  -0.0000760316   0.0001173946   0.0000681127
        0.0001417012   0.0001745450  -0.0002509291  -0.0000310106   0.0000373923
        0.0000518358  -0.0000860626   0.0000699943  -0.0000253190
       -0.0038879612  -0.0191552292   0.0000290872  -0.0424308055  -0.0091341515
        0.0040985020  -0.0026394737   0.0269013524  -0.0064322010   0.0007918846
        0.0009468575   0.0004152392  -0.0002689498   0.0001207885   0.0000835279
        0.0000949092  -0.0000350467   0.0000682975   0.0004815071   0.0000167274
        0.0002343458   0.0002216097  -0.0010438530  -0.0004608972  -0.0012733864
       -0.0016671949  -0.0030151427   0.0004530909   0.0001070795   0.0003317220
        0.0004246705  -0.0143850827   0.0062209110   0.0527301926   0.0148465374
       -0.0008613689   0.0010150090   0.0002907336  -0.0002975995  -0.0050146238
        0.0029699470  -0.0003422058  -0.0001328880  -0.0001360812   0.0000826936
       -0.0006712123  -0.0004969812  -0.0002483981   0.0001175676  -0.0001372263
        0.0000446653  -0.0000111405  -0.0000091766   0.0000488217
       -0.0048327481  -0.0174785258  -0.0010098212  -0.0127252955  -0.2651035975
        0.0429475941   0.0047084049  -0.0154643335   0.0037481750  -0.0004707818
        0.0007841637   0.0001259766  -0.0000992408  -0.0000538528  -0.0001099591
        0.0000041805   0.0000513924  -0.0000611109   0.0002440173  -0.0000909377
        0.0001355623  -0.0002364934   0.0000533000  -0.0001667182  -0.0015719963
       -0.0004566698  -0.0025097234   0.0000153554   0.0001624647   0.0003597694
       -0.0018744354  -0.0074628102   0.0058654394   0.0148465374   0.3052528788
       -0.0493337456  -0.0006369382   0.0005517048  -0.0000303994   0.0026782210
       -0.0007559290  -0.0003043182  -0.0000366544  -0.0003213049   0.0002172990
        0.0002480120   0.0003787983   0.0002001802  -0.0001403496  -0.0000145228
       -0.0001023609  -0.0001197949  -0.0000322189   0.0000281608
       -0.0045518838  -0.0232469049   0.0010620473   0.0061008151   0.0485047741
       -0.0544770441  -0.0009284673   0.0011692492   0.0004000080   0.0000744578
        0.0005298952   0.0004953753   0.0000511631  -0.0004680974  -0.0002168533
       -0.0000837084   0.0001154856   0.0000093288   0.0002829850   0.0000962721
       -0.0005224045  -0.0004355708  -0.0004949548   0.0008340727  -0.0026303044
       -0.0028753985  -0.0024472402  -0.0001983252  -0.0013440690   0.0008035943
        0.0039348852   0.0282472772  -0.0090695702  -0.0008613689  -0.0493337456
        0.0623824297   0.0001990567  -0.0007880976   0.0003150335  -0.0006211365
       -0.0003318948   0.0008945167   0.0001117633   0.0004081785  -0.0003788071
       -0.0005703428  -0.0002187431  -0.0000553291   0.0001084669  -0.0000554544
        0.0000205547   0.0000175149   0.0000862281  -0.0000497124
        0.0015769005   0.0000129944   0.0008696724  -0.0200221787  -0.0005710349
        0.0257999699  -0.0841038322  -0.0096059712   0.0869968553   0.0060572765
        0.0016550047  -0.0137377496   0.0008831265  -0.0003873603  -0.0005515575
       -0.0017127366  -0.0004153492  -0.0003135810   0.0001350991   0.0000838983
       -0.0000449695  -0.0000474704   0.0001431411   0.0000682408  -0.0005222347
        0.0000037903   0.0001775033  -0.0006878618  -0.0000595999  -0.0008479683
       -0.0051774071   0.0024211835  -0.0000634159   0.0010150090  -0.0006369382
        0.0001990567   0.1039806051   0.0107198816  -0.1007899130  -0.0001033506
       -0.0024255428   0.0048551924  -0.0016865099  -0.0012884169  -0.0027558130
        0.0005195230   0.0003320232   0.0000844849  -0.0000761528   0.0000749201
       -0.0000775549  -0.0000278047  -0.0000566238   0.0001315470
       -0.0004435373   0.0002399541   0.0000055281   0.0069646581   0.0011373454
       -0.0112435069  -0.0090945721  -0.0488264030   0.0200258910   0.0043225993
        0.0015662846  -0.0129718859   0.0005068719   0.0000771605   0.0002186316
       -0.0000372730   0.0002621903  -0.0000430772   0.0001344158   0.0001714577
       -0.0002177678  -0.0002335738  -0.0003536583   0.0002800168  -0.0001809803
       -0.0002333332   0.0003009769  -0.0001804580   0.0003021736   0.0000668830
        0.0027169363  -0.0000567544  -0.0003503269   0.0002907336   0.0005517048
       -0.0007880976   0.0107198816   0.0540529127  -0.0229506093  -0.0145502590
       -0.0087497586   0.0305578895  -0.0013848802  -0.0003710246  -0.0025933760
        0.0004634423   0.0004258314  -0.0005714724  -0.0000392441  -0.0001064998
        0.0001706837   0.0000252389  -0.0000895832   0.0001036194
       -0.0007841054   0.0003944828   0.0014082664   0.0032648207  -0.0009116562
       -0.0018006680   0.0882506951   0.0207037399  -0.2220149972   0.0056544612
       -0.0004021534  -0.0254532733   0.0007695134   0.0002113114  -0.0004262118
       -0.0005532091  -0.0000701569   0.0015583125   0.0000256710  -0.0000748401
        0.0002592157  -0.0003335061   0.0001784555  -0.0003015743   0.0002047074
        0.0000359532  -0.0003886672   0.0005252901   0.0001427861  -0.0000395974
       -0.0000049393  -0.0006012711   0.0005543845  -0.0002975995  -0.0000303994
        0.0003150335  -0.1007899130  -0.0229506093   0.2597412573   0.0058143559
        0.0055660848  -0.0104433636  -0.0027467435  -0.0027721219  -0.0033482972
        0.0005388974   0.0003689811   0.0007615506   0.0000816140   0.0001579343
       -0.0004841828   0.0003799897   0.0000534792   0.0001028124
        0.0013090907   0.0007312647   0.0006283793  -0.0034365787   0.0299835104
       -0.0066764743  -0.0441239563  -0.0122279971   0.0046365584  -0.0028656652
       -0.0177188186   0.0013236166   0.0008929523  -0.0014218337   0.0000512334
       -0.0001866351   0.0001382458   0.0000760559   0.0000683354   0.0001157578
       -0.0000035719  -0.0001790729  -0.0001432985   0.0002836778  -0.0003717904
       -0.0005510219  -0.0002625750  -0.0002957415  -0.0000180012   0.0000166325
        0.0011033302   0.0001968282  -0.0004240674  -0.0050146238   0.0026782210
       -0.0006211365  -0.0001033506  -0.0145502590   0.0058143559   0.0547593675
        0.0134682720  -0.0020354436   0.0005135306   0.0005406397   0.0005011817
       -0.0017653031  -0.0018697016  -0.0028973081  -0.0004529101   0.0004321231
       -0.0004141028   0.0001490210   0.0002160688   0.0000029882
       -0.0007567195   0.0015192951  -0.0000711389   0.0041820053  -0.0174773900
        0.0033598005  -0.0113985030  -0.2564562091   0.0444341730  -0.0045875963
       -0.0186094409  -0.0006148184   0.0004780170   0.0006525388   0.0002495307
       -0.0004762227  -0.0002292698   0.0004513172   0.0001549753   0.0001661179
       -0.0000518269  -0.0004805110  -0.0000805006  -0.0001066077   0.0007267094
       -0.0000386459   0.0005536768   0.0001412180  -0.0005515710   0.0001045211
       -0.0006111124   0.0004185714   0.0000052814   0.0029699470  -0.0007559290
       -0.0003318948  -0.0024255428  -0.0087497586   0.0055660848   0.0134682720
        0.3002472137  -0.0508468507   0.0004514943   0.0005616713   0.0003586509
       -0.0017825664  -0.0013853838  -0.0029835325  -0.0004333795   0.0005197327
       -0.0000767822   0.0003795151   0.0002489578   0.0000004157
        0.0001729427   0.0003369921   0.0003283210  -0.0014398451   0.0011503080
       -0.0000442132   0.0045988650   0.0438355921  -0.0545181378  -0.0033467578
       -0.0213563570   0.0026681164   0.0003023506   0.0002180456   0.0007054051
        0.0002829176  -0.0001371649  -0.0003208950  -0.0000423786  -0.0002026632
        0.0002671149   0.0000653784   0.0002791546  -0.0003679651  -0.0005590184
       -0.0000496918   0.0000509479  -0.0000553822   0.0004567075  -0.0002915056
        0.0001564310  -0.0007991366   0.0004455313  -0.0003422058  -0.0003043182
        0.0008945167   0.0048551924   0.0305578895  -0.0104433636  -0.0020354436
       -0.0508468507   0.0619331106   0.0001555810  -0.0005693765   0.0009336480
       -0.0027702409  -0.0027310190  -0.0022958436  -0.0001409151   0.0001842284
        0.0001055302   0.0001425289  -0.0000223400  -0.0000503181
       -0.0000938159  -0.0000226424  -0.0000502967   0.0009823645  -0.0003551991
       -0.0010367802   0.0051368480   0.0011591199  -0.0150265016  -0.0825531997
       -0.0098039109   0.0862528279  -0.0173320472  -0.0009181904   0.0223568431
       -0.0041282975   0.0013961677   0.0019884211  -0.0000294019  -0.0001394869
       -0.0001842075  -0.0000171687   0.0000482835   0.0002129311   0.0001125176
       -0.0000207876  -0.0000186682   0.0000419751   0.0000279890   0.0001377894
       -0.0005390509  -0.0001676259  -0.0000760316  -0.0001328880  -0.0000366544
        0.0001117633  -0.0016865099  -0.0013848802  -0.0027467435   0.0005135306
        0.0004514943   0.0001555810   0.0988487939   0.0124075426  -0.0967988589
        0.0000087900  -0.0021710593   0.0041445932   0.0005822151  -0.0002322974
        0.0000327474   0.0002853449  -0.0002378626   0.0005445909
        0.0000729758  -0.0001439542   0.0001417142   0.0002284929   0.0003640916
       -0.0001026057   0.0040031268   0.0011160344  -0.0135616662  -0.0092512971
       -0.0477929697   0.0193803849   0.0064600946   0.0015794707  -0.0087243742
        0.0011581889   0.0000275425  -0.0006632651  -0.0000814083  -0.0002928127
        0.0003593658   0.0000427319   0.0002013441  -0.0004332095   0.0000530855
        0.0000218999  -0.0002208843   0.0000411096   0.0001477254  -0.0001010049
        0.0000001520   0.0000642911   0.0001173946  -0.0001360812  -0.0003213049
        0.0004081785  -0.0012884169  -0.0003710246  -0.0027721219   0.0005406397
        0.0005616713  -0.0005693765   0.0124075426   0.0527469449  -0.0229631084
       -0.0138092168  -0.0082534978   0.0300621629   0.0000258859   0.0000635282
       -0.0002792908  -0.0004676059   0.0002810199  -0.0000782934
        0.0000683761   0.0001353337   0.0005067241   0.0005073260  -0.0000363791
        0.0001478424   0.0054698722  -0.0001508155  -0.0258147865   0.0842370888
        0.0206012037  -0.2180688809   0.0042497275  -0.0005545093  -0.0021601407
        0.0001634814  -0.0004011982   0.0007446700   0.0000452704   0.0000611072
       -0.0000647694   0.0001093604  -0.0001008753  -0.0000861084   0.0000771267
       -0.0000253489   0.0000113676   0.0002047980  -0.0000982669   0.0001408212
       -0.0010039248  -0.0000240265   0.0000681127   0.0000826936   0.0002172990
       -0.0003788071  -0.0027558130  -0.0025933760  -0.0033482972   0.0005011817
        0.0003586509   0.0009336480  -0.0967988589  -0.0229631084   0.2563021687
        0.0055426563   0.0054436531  -0.0100740188  -0.0002965675  -0.0001085488
        0.0003197051  -0.0004037949   0.0002392052   0.0008207491
        0.0000800883   0.0001526792   0.0001280495   0.0005289369  -0.0011239801
       -0.0000824337  -0.0029459737  -0.0176834333   0.0009776121  -0.0433104212
       -0.0120361124   0.0036577808  -0.0035494016   0.0296822988  -0.0052537022
        0.0003081994   0.0002364208  -0.0001472298  -0.0000385313  -0.0002124789
        0.0000124350   0.0000913895   0.0002694756  -0.0000264883   0.0001411385
        0.0001387933   0.0000309590   0.0001141643   0.0000219115   0.0000085952
       -0.0002045638  -0.0001421097   0.0001417012  -0.0006712123   0.0002480120
       -0.0005703428   0.0005195230   0.0004634423   0.0005388974  -0.0017653031
       -0.0017825664  -0.0027702409   0.0000087900  -0.0138092168   0.0055426563
        0.0552817520   0.0120210629  -0.0015850690  -0.0050899054   0.0032641250
       -0.0007068851   0.0005013307   0.0002916760   0.0001037053
        0.0002519372   0.0004176301   0.0001974361   0.0003444221   0.0006159288
        0.0002797979  -0.0043842414  -0.0186333146  -0.0004831758  -0.0112897974
       -0.2560628248   0.0419665728   0.0046030035  -0.0159036090   0.0033647527
       -0.0000656663   0.0005601847  -0.0005695789   0.0000327397   0.0001243492
        0.0001040706   0.0000582198  -0.0001561680  -0.0000867808   0.0001756748
        0.0000227873   0.0000388270   0.0000254560   0.0000029105   0.0000111053
       -0.0001104519  -0.0002933252   0.0001745450  -0.0004969812   0.0003787983
       -0.0002187431   0.0003320232   0.0004258314   0.0003689811  -0.0018697016
       -0.0013853838  -0.0027310190  -0.0021710593  -0.0082534978   0.0054436531
        0.0120210629   0.2986312149  -0.0485725149   0.0029036974  -0.0007857638
        0.0004729698  -0.0003603376   0.0002942518   0.0002391009
        0.0001261432   0.0001512269  -0.0000210547   0.0003196263  -0.0007012606
        0.0004914349  -0.0032848762  -0.0210979900   0.0023352296   0.0032456986
        0.0432088861  -0.0545896751   0.0004341357   0.0006953302  -0.0001860918
        0.0000051087  -0.0005518602   0.0006647767   0.0001031085   0.0001675672
       -0.0002163231  -0.0001527108  -0.0002189314   0.0002538013   0.0000176006
       -0.0000321866   0.0000989481  -0.0000366683  -0.0002320933   0.0000449345
        0.0001369412   0.0003544314  -0.0002509291  -0.0002483981   0.0002001802
       -0.0000553291   0.0000844849  -0.0005714724   0.0007615506  -0.0028973081
       -0.0029835325  -0.0022958436   0.0041445932   0.0300621629  -0.0100740188
       -0.0015850690  -0.0485725149   0.0620253410  -0.0003894418  -0.0002871448
        0.0010554110  -0.0000229686   0.0004092018  -0.0000421626
        0.0000825238   0.0000211056  -0.0001306737  -0.0000895550  -0.0001142304
        0.0001086368   0.0010732458   0.0011224111   0.0004548885  -0.0033215836
        0.0285986763  -0.0037906104  -0.0404956920  -0.0085986545  -0.0023408280
       -0.0040433039  -0.0101802899   0.0085442330   0.0000768142   0.0001703564
       -0.0002271987  -0.0000891362  -0.0002052519   0.0002463948  -0.0000496580
       -0.0000169423  -0.0000088166   0.0000012995  -0.0000078676   0.0000403628
        0.0000605064   0.0000474709  -0.0000310106   0.0001175676  -0.0001403496
        0.0001084669  -0.0000761528  -0.0000392441   0.0000816140  -0.0004529101
       -0.0004333795  -0.0001409151   0.0005822151   0.0000258859  -0.0002965675
       -0.0050899054   0.0029036974  -0.0003894418   0.0521830700   0.0042334379
       -0.0018390506  -0.0004693454  -0.0173868318  -0.0003894836
       -0.0000116288   0.0002722435   0.0000134946  -0.0002990148   0.0001062172
       -0.0001678755  -0.0008193018   0.0009639343  -0.0001061470   0.0043690921
       -0.0156813663   0.0011452021  -0.0051465385  -0.2759514293   0.0273566586
       -0.0028924003  -0.0017927217   0.0038467562   0.0001313341   0.0002563141
        0.0000962332  -0.0002003276  -0.0003103848  -0.0001397817   0.0000235617
       -0.0000101646  -0.0000327804  -0.0000105950  -0.0000193024  -0.0000236707
       -0.0000125616  -0.0001289068   0.0000373923  -0.0001372263  -0.0000145228
       -0.0000554544   0.0000749201  -0.0001064998   0.0001579343   0.0004321231
        0.0005197327   0.0001842284  -0.0002322974   0.0000635282  -0.0001085488
        0.0032641250  -0.0007857638  -0.0002871448   0.0042334379   0.3110429803
       -0.0299969188  -0.0027667018  -0.0184238881  -0.0019195777
        0.0001156045  -0.0001145694   0.0003133358  -0.0000628769   0.0000796258
       -0.0002958284   0.0003570285   0.0004859614   0.0004200854  -0.0001804644
        0.0017469581   0.0004201763  -0.0041232815   0.0342141725  -0.0417983688
        0.0093983539   0.0176151428  -0.0136845180   0.0000273555  -0.0001866477
        0.0005191149  -0.0000175750   0.0002486051  -0.0006546666  -0.0000804253
        0.0000392505  -0.0001011873  -0.0000636344   0.0001245888  -0.0001565477
        0.0000799504  -0.0000956317   0.0000518358   0.0000446653  -0.0001023609
        0.0000205547  -0.0000775549   0.0001706837  -0.0004841828  -0.0004141028
       -0.0000767822   0.0001055302   0.0000327474  -0.0002792908   0.0003197051
       -0.0007068851   0.0004729698   0.0010554110  -0.0018390506  -0.0299969188
        0.0515112870  -0.0024898543  -0.0243457570   0.0024382634
       -0.0007953193   0.0000718598  -0.0004171766  -0.0003705519  -0.0004977118
       -0.0007560524  -0.0053102630   0.0024094576  -0.0002977635  -0.0184952862
       -0.0096330565  -0.0193353122  -0.1034487747  -0.0483807402  -0.0940315855
        0.0016812948   0.0023476309   0.0144135555  -0.0001502286   0.0000682202
       -0.0002280280   0.0002027311  -0.0000494814   0.0001497727   0.0000928031
        0.0001024849   0.0000454448   0.0000796399   0.0000161503   0.0001352870
        0.0000143225  -0.0000346385  -0.0000860626  -0.0000111405  -0.0001197949
        0.0000175149  -0.0000278047   0.0000252389   0.0003799897   0.0001490210
        0.0003795151   0.0001425289   0.0002853449  -0.0004676059  -0.0004037949
        0.0005013307  -0.0003603376  -0.0000229686  -0.0004693454  -0.0027667018
       -0.0024898543   0.1260722265   0.0568895111   0.1027845052
        0.0002806766   0.0002312902   0.0001591030   0.0001306183   0.0004319103
        0.0000944730   0.0020321562  -0.0003651562   0.0002331112   0.0056383908
        0.0042253899   0.0076656354  -0.0481698011  -0.0811758819  -0.0708301315
        0.0003591357   0.0022960404   0.0057307676   0.0001213406   0.0002972851
        0.0001741791  -0.0001163759  -0.0002435442  -0.0002316526   0.0000090401
        0.0000168905  -0.0000680136   0.0000131503   0.0000551204  -0.0000469475
       -0.0000050928  -0.0001112861   0.0000699943  -0.0000091766  -0.0000322189
        0.0000862281  -0.0000566238  -0.0000895832   0.0000534792   0.0002160688
        0.0002489578  -0.0000223400  -0.0002378626   0.0002810199   0.0002392052
        0.0002916760   0.0002942518   0.0004092018  -0.0173868318  -0.0184238881
       -0.0243457570   0.0568895111   0.0920634024   0.0806294644
       -0.0000570617   0.0000718462   0.0002499924  -0.0002040624  -0.0002555532
       -0.0001405188  -0.0008851825   0.0005265344   0.0008129743  -0.0028083390
       -0.0014914776  -0.0021178320  -0.1008113514  -0.0742721624  -0.1734456881
        0.0015549693  -0.0035355897  -0.0234153151  -0.0000011198   0.0000271821
        0.0003767710  -0.0000161550  -0.0000675223  -0.0003160660  -0.0000045154
       -0.0000025442  -0.0000498814  -0.0000356625   0.0000102265  -0.0000360133
        0.0000418058  -0.0000138299  -0.0000253190   0.0000488217   0.0000281608
       -0.0000497124   0.0001315470   0.0001036194   0.0001028124   0.0000029882
        0.0000004157  -0.0000503181   0.0005445909  -0.0000782934   0.0008207491
        0.0001037053   0.0002391009  -0.0000421626  -0.0003894836  -0.0019195777
        0.0024382634   0.1027845052   0.0806294644   0.1948872640
