           1           2  0.95010826151873529     
           2           3   1.0096332176200162     
           3           4   1.0056998741000975     
           4           5   1.0245782610152663     
           5           6  0.96723161797012691     
           1           8  0.84254904579366574     
           1           9  0.91833969278178329     
           1          10  0.91691704589023981     
           2          11  0.96564365494799531     
           2          12  0.96517336421692268     
           3          13  0.96815854447220628     
           3          14  0.97325888610228894     
           4          15  0.96389338839586791     
           4          16  0.97360347448996298     
           5          17  0.98027079062040579     
           5          18  0.98010047292391067     
