$hessian                                                                        
        0.4654253501  -0.0100747570  -0.0387596584  -0.1559005924   0.0035084737
       -0.0245305128  -0.0223339222  -0.0081155303  -0.0042599387   0.0011062110
       -0.0047411708   0.0019228789   0.0002533560  -0.0003955931  -0.0003934602
        0.0000617238   0.0002278599   0.0001090484  -0.0759109195  -0.0951278674
        0.0207058478  -0.0460382615   0.0062620037  -0.0323072283  -0.1300053589
        0.1070268037   0.0876137524  -0.0262107415   0.0005329741  -0.0048645295
       -0.0120225435  -0.0004824534  -0.0051519979   0.0015992910   0.0008247843
       -0.0001529209   0.0008738343   0.0008629969   0.0000749728   0.0003675241
        0.0001005261   0.0004702507  -0.0013870007  -0.0000755625  -0.0002896394
       -0.0000611480  -0.0000607755  -0.0001230860   0.0001831979  -0.0002727125
       -0.0000637789
       -0.0100747570   0.6174413591  -0.0035087032  -0.0020998051  -0.0675344706
       -0.0013189676  -0.0296011145  -0.0047113462  -0.0065558069  -0.0012632477
       -0.0054998239   0.0013054558   0.0002252855  -0.0000965040  -0.0001829394
       -0.0001615113   0.0001032146   0.0000678735  -0.0971558977  -0.3083897397
        0.0548596974   0.0077075922  -0.0560910185   0.0586129706   0.1104351208
       -0.1787258848  -0.1083256927   0.0198688899   0.0005617965   0.0048360382
        0.0049634176   0.0004600383   0.0012323642  -0.0011485803   0.0014147395
        0.0001630942  -0.0001632569   0.0007219478  -0.0008317645   0.0000916272
        0.0000254556   0.0001079169  -0.0016489366   0.0000031354  -0.0004348490
        0.0000295524   0.0000320150  -0.0000050241  -0.0000043785   0.0002850861
       -0.0000216634
       -0.0387596584  -0.0035087032   0.6063551036  -0.0229007260   0.0002082733
       -0.0772048056   0.0028835760  -0.0005794958   0.0016741308   0.0006945528
        0.0002261111   0.0003135210   0.0000280679  -0.0000389036   0.0002144221
        0.0000734397   0.0000751880  -0.0000552482   0.0213733590   0.0554789504
       -0.0556181590  -0.0358515237   0.0577042836  -0.3392053247   0.0896322258
       -0.1087507809  -0.1322330468   0.0141203585   0.0001605252   0.0038034190
       -0.0320182402  -0.0010419108  -0.0098904075  -0.0003228224   0.0000895688
        0.0000584871   0.0009372990  -0.0000033165   0.0010648613   0.0001687159
        0.0000248383   0.0003329593  -0.0000686614  -0.0000482938   0.0003113674
        0.0000068489  -0.0000179437   0.0001508435   0.0000031887   0.0000216095
       -0.0000721237
       -0.1559005924  -0.0020998051  -0.0229007260   0.4188155441  -0.0487082659
       -0.0169463306  -0.0649898773  -0.0324741143   0.0126079964  -0.0172361190
       -0.0219538881   0.0008290478  -0.0000633054   0.0002974412   0.0002159594
        0.0002038399   0.0000415445  -0.0002383559  -0.0109686614  -0.0045970456
       -0.0017198888  -0.0053690101   0.0012143178  -0.0081633593  -0.0190590780
        0.0038742055  -0.0004231519  -0.0996374344   0.0857041495   0.0643771032
       -0.0434752016   0.0076676809  -0.0244699357   0.0036578645   0.0133285425
       -0.0034201743  -0.0008886733  -0.0007534625   0.0009557626   0.0005741848
       -0.0002272515   0.0004855777  -0.0042444907  -0.0009236568  -0.0011386460
       -0.0002556370   0.0000633005   0.0000492685  -0.0011633529  -0.0004536927
       -0.0001001471
        0.0035084737  -0.0675344706   0.0002082733  -0.0487082659   0.4857817151
        0.0036734557  -0.0237608690  -0.1728203718   0.0265900097  -0.0101612391
       -0.0028032438  -0.0022010849   0.0001028817   0.0007968404   0.0001767422
        0.0006697270   0.0000691727  -0.0000207154  -0.0220865801  -0.0014971895
       -0.0053827401   0.0056436095   0.0010636266   0.0012822973   0.0177313059
        0.0019406642   0.0044653210   0.0809227503  -0.1520430564  -0.0825170986
        0.0074422904  -0.0540127649   0.0454579899  -0.0069857895  -0.0290447302
        0.0025405911  -0.0046174047  -0.0117897060   0.0055795294   0.0006604591
        0.0009486775  -0.0001038252  -0.0004788933   0.0009314743  -0.0000457334
       -0.0000587819  -0.0000270665  -0.0000768340   0.0001763258   0.0000404290
        0.0003738220
       -0.0245305128  -0.0013189676  -0.0772048056  -0.0169463306   0.0036734557
        0.5302481000   0.0094295053   0.0239539898  -0.0745409601  -0.0024894004
       -0.0058335541   0.0006483121   0.0002149602  -0.0001353008   0.0006829097
       -0.0000846547   0.0000997761   0.0002576783   0.0037333567  -0.0006198263
        0.0018666257  -0.0264265426  -0.0015155934  -0.0081111996   0.0120100585
        0.0022037683   0.0047940483   0.0582376661  -0.0824816886  -0.1094226148
       -0.0167870025   0.0471016637  -0.2636033518  -0.0041714490  -0.0141619064
        0.0028035976   0.0101003619   0.0304435335  -0.0095167782  -0.0009909368
       -0.0008806413   0.0005267887  -0.0017388960  -0.0003666529  -0.0001538379
        0.0000771095  -0.0002514313   0.0001992520   0.0003627073   0.0000893756
        0.0005262358
       -0.0223339222  -0.0296011145   0.0028835760  -0.0649898773  -0.0237608690
        0.0094295053   0.4473099560  -0.0332416815  -0.0131127493  -0.1616218133
       -0.0115699653  -0.0341800827  -0.0267353686   0.0032539571  -0.0007346757
       -0.0027354203   0.0014185853   0.0014773766  -0.0059579823  -0.0007803623
       -0.0015358239   0.0007965825   0.0006271989   0.0007130876   0.0011433919
       -0.0004625838  -0.0008148909   0.0052274109   0.0104989306  -0.0026623071
        0.0003105605  -0.0007992918   0.0015936642  -0.1087749465   0.0845774498
        0.0600705263  -0.0429906357   0.0049919960  -0.0136129555  -0.0082476324
       -0.0006588039  -0.0053842343  -0.0122058589  -0.0036791686  -0.0036666052
        0.0011481996  -0.0005269269  -0.0003052368   0.0006573560  -0.0002873503
       -0.0001581744
       -0.0081155303  -0.0047113462  -0.0005794958  -0.0324741143  -0.1728203718
        0.0239539898  -0.0332416815   0.4785686302   0.0017655557  -0.0048764015
       -0.0637146884  -0.0018931913   0.0140529471   0.0012365962   0.0032699402
        0.0021901642  -0.0004010742  -0.0004856718  -0.0003294891   0.0006763499
       -0.0002865547   0.0002265517   0.0012631675  -0.0006116780   0.0001267236
        0.0019909958   0.0002090695  -0.0060387104  -0.0252023803   0.0015021783
       -0.0037972750  -0.0097531864   0.0064044071   0.0863942498  -0.1483021027
       -0.0728735641   0.0051647185  -0.0541891145   0.0443941407   0.0059645884
        0.0004554092   0.0026986704  -0.0250335505  -0.0053260796  -0.0078961432
       -0.0001888811   0.0003983229   0.0003617192  -0.0000243098  -0.0001691277
        0.0000666279
       -0.0042599387  -0.0065558069   0.0016741308   0.0126079964   0.0265900097
       -0.0745409601  -0.0131127493   0.0017655557   0.5183825022  -0.0322900917
       -0.0035025603  -0.0765119172   0.0111429140   0.0013148650   0.0032643238
        0.0029952195  -0.0006935926  -0.0000747514  -0.0017423866  -0.0003392785
        0.0000218476  -0.0003716675  -0.0007431191   0.0013532926   0.0003064464
        0.0003052990   0.0002728586  -0.0045405927  -0.0136150104   0.0033916662
        0.0095538490   0.0270926912  -0.0082686860   0.0610763127  -0.0730719132
       -0.0989175009  -0.0157811238   0.0432302580  -0.2598233228  -0.0285882270
       -0.0026023631  -0.0117311570   0.0022215041   0.0004551562   0.0009717997
        0.0009679875   0.0001676974   0.0005612149  -0.0001854523   0.0002021117
       -0.0000253411
        0.0011062110  -0.0012632477   0.0006945528  -0.0172361190  -0.0101612391
       -0.0024894004  -0.1616218133  -0.0048764015  -0.0322900917   0.4396954972
        0.0096072007   0.0010334574  -0.1074302350   0.0514240588   0.0512699222
       -0.0257524419   0.0069753726   0.0044559865  -0.0001957826   0.0001846244
       -0.0000349544  -0.0000464160  -0.0001604936   0.0004144503   0.0002215335
       -0.0001373737   0.0001783571   0.0007244120   0.0004043309   0.0000198524
        0.0013146719   0.0007376912   0.0001693516  -0.0212235877   0.0008021131
       -0.0039698823  -0.0067232007  -0.0000578307  -0.0059643175  -0.0450344419
        0.0040261212  -0.0195739946  -0.0587873591  -0.0579381933   0.0055395352
       -0.0009773389  -0.0000418060   0.0025859032   0.0019664105   0.0004750727
       -0.0020387278
       -0.0047411708  -0.0054998239   0.0002261111  -0.0219538881  -0.0028032438
       -0.0058335541  -0.0115699653  -0.0637146884  -0.0035025603   0.0096072007
        0.5009246343  -0.0087843993   0.0482182269  -0.1123620291  -0.0419763086
       -0.0017510582   0.0023021186   0.0011282468  -0.0015342848   0.0000092847
       -0.0000516034  -0.0000703036  -0.0004433916   0.0003747729   0.0001288927
       -0.0003510729  -0.0002350767   0.0001068943   0.0003239509  -0.0000236390
       -0.0003087073   0.0008218432  -0.0003573461   0.0171762536   0.0011868216
        0.0041957979   0.0045577062   0.0012038713   0.0011566732   0.0038641716
       -0.0577124201   0.0492294634  -0.0583945938  -0.2456602971   0.0200060012
       -0.0022482946   0.0029568261   0.0011467959   0.0189129207  -0.0211823836
       -0.0166993749
        0.0019228789   0.0013054558   0.0003135210   0.0008290478  -0.0022010849
        0.0006483121  -0.0341800827  -0.0018931913  -0.0765119172   0.0010334574
       -0.0087843993   0.5044435589   0.0476595905  -0.0416931922  -0.1080053585
       -0.0054922264   0.0019469319   0.0026494845   0.0003367491   0.0000480199
        0.0001977496   0.0000612795   0.0003192546  -0.0000567151  -0.0000040971
       -0.0001515678   0.0002214596   0.0002651697  -0.0000234843   0.0000519610
        0.0009469037   0.0001361011   0.0006373397   0.0129624814   0.0002836813
        0.0041694918  -0.0288673959  -0.0021041221  -0.0119980794  -0.0201287244
        0.0496424622  -0.2495180961   0.0048760575   0.0202650890  -0.0483296187
        0.0188560027  -0.0169741767  -0.0204480066  -0.0010770915  -0.0001217772
        0.0015349132
        0.0002533560   0.0002252855   0.0000280679  -0.0000633054   0.0001028817
        0.0002149602  -0.0267353686   0.0140529471   0.0111429140  -0.1074302350
        0.0482182269   0.0476595905   0.3208174189  -0.0115060015  -0.0258820456
       -0.1078091998  -0.0208699125  -0.0312817326   0.0001323743  -0.0001074409
       -0.0001266455   0.0001466004  -0.0001560670  -0.0000704732  -0.0000526691
       -0.0001307210  -0.0002492933  -0.0003837314   0.0001891340   0.0000407701
       -0.0001758253   0.0000091196  -0.0000474344  -0.0049914419  -0.0002624655
       -0.0009589879   0.0011802579   0.0000523908   0.0008428769  -0.0010171678
        0.0007708346   0.0027363062   0.0019291337   0.0000388514  -0.0019663523
       -0.0353256489   0.0039930195  -0.0095323883  -0.0404745479  -0.0346200828
        0.0074498674
       -0.0003955931  -0.0000965040  -0.0000389036   0.0002974412   0.0007968404
       -0.0001353008   0.0032539571   0.0012365962   0.0013148650   0.0514240588
       -0.1123620291  -0.0416931922  -0.0115060015   0.4738261560  -0.0193605363
       -0.0214700820  -0.0207261304  -0.0063927473  -0.0001882508   0.0002401370
       -0.0002612039  -0.0000470545   0.0005162852  -0.0000063074   0.0000286641
        0.0001301296   0.0000657790  -0.0011088883  -0.0000506712  -0.0003935458
       -0.0001431490  -0.0001537650   0.0000402529  -0.0002231930   0.0006630697
        0.0001048251  -0.0001691915   0.0002196509   0.0001813956  -0.0023882134
        0.0032451511   0.0012662405   0.0188958384  -0.0228660986  -0.0171461755
        0.0050793890  -0.0550498882   0.0508746905  -0.0413397316  -0.2695689296
        0.0315798641
       -0.0003934602  -0.0001829394   0.0002144221   0.0002159594   0.0001767422
        0.0006829097  -0.0007346757   0.0032699402   0.0032643238   0.0512699222
       -0.0419763086  -0.1080053585  -0.0258820456  -0.0193605363   0.4670236742
       -0.0326239418  -0.0063070056  -0.0266826176  -0.0000054169   0.0000446380
        0.0003542146   0.0000155275  -0.0001043518   0.0003341001   0.0000312361
        0.0000627567   0.0001569961   0.0001842345   0.0000072166   0.0000446615
        0.0001019191   0.0001048687  -0.0000360728  -0.0019546431   0.0000831428
        0.0002667415  -0.0011936253   0.0003119911   0.0009542263   0.0199171090
       -0.0175442415  -0.0219784775  -0.0004515165  -0.0012728193   0.0012348567
       -0.0167723059   0.0486179842  -0.2692888365   0.0082757230   0.0340689221
       -0.0485397638
        0.0000617238  -0.0001615113   0.0000734397   0.0002038399   0.0006697270
       -0.0000846547  -0.0027354203   0.0021901642   0.0029952195  -0.0257524419
       -0.0017510582  -0.0054922264  -0.1078091998  -0.0214700820  -0.0326239418
        0.1713868987   0.0289152077   0.0473996141  -0.0001014135   0.0000356006
        0.0000362488  -0.0000435232   0.0000792346   0.0001241366   0.0000533266
        0.0000639033   0.0000744839  -0.0000814070  -0.0000875642  -0.0001267620
       -0.0002050592  -0.0000346536   0.0001415099  -0.0012572417   0.0000352750
       -0.0001610840   0.0001047359  -0.0000159177   0.0000147436  -0.0001836738
       -0.0001286689   0.0007006427  -0.0003732414   0.0006830658   0.0000339138
       -0.0152987845  -0.0033742440  -0.0068762724  -0.0179691187  -0.0056484782
       -0.0062290113
        0.0002278599   0.0001032146   0.0000751880   0.0000415445   0.0000691727
        0.0000997761   0.0014185853  -0.0004010742  -0.0006935926   0.0069753726
        0.0023021186   0.0019469319  -0.0208699125  -0.0207261304  -0.0063070056
        0.0289152077   0.0189723369   0.0108646266   0.0002972847  -0.0002106367
        0.0001224369   0.0000221779  -0.0003520382   0.0000202619  -0.0001448873
       -0.0002750508  -0.0000451949   0.0003250964  -0.0000418727   0.0001608127
       -0.0000051299  -0.0000504531   0.0000389688   0.0001939704   0.0001208360
       -0.0000659206  -0.0000444718  -0.0000632989  -0.0001339779  -0.0000126340
        0.0001535804   0.0003215171   0.0012443634   0.0006081543   0.0001642137
        0.0007607750   0.0016943344  -0.0000617257  -0.0193452023  -0.0019031928
       -0.0065073164
        0.0001090484   0.0000678735  -0.0000552482  -0.0002383559  -0.0000207154
        0.0002576783   0.0014773766  -0.0004856718  -0.0000747514   0.0044559865
        0.0011282468   0.0026494845  -0.0312817326  -0.0063927473  -0.0266826176
        0.0473996141   0.0108646266   0.0273752582  -0.0000427528   0.0000122136
       -0.0002563575   0.0002427879  -0.0000358628  -0.0002289578  -0.0001584389
        0.0000150697  -0.0003378816   0.0000883160   0.0000288531  -0.0002111201
       -0.0001605145  -0.0000629915  -0.0001422106   0.0000021479   0.0000644564
        0.0001895048   0.0003106480  -0.0000415283   0.0001096281   0.0007640336
        0.0000364775   0.0008933653   0.0002877728   0.0004840268   0.0001982765
       -0.0208007149  -0.0046884022  -0.0046047405  -0.0024552222  -0.0009739248
        0.0009206897
       -0.0759109195  -0.0971558977   0.0213733590  -0.0109686614  -0.0220865801
        0.0037333567  -0.0059579823  -0.0003294891  -0.0017423866  -0.0001957826
       -0.0015342848   0.0003367491   0.0001323743  -0.0001882508  -0.0000054169
       -0.0001014135   0.0002972847  -0.0000427528   0.0826161496   0.1059832453
       -0.0219826259   0.0037891589   0.0013646803   0.0008646513   0.0074242177
        0.0138185070  -0.0023493978  -0.0004916053  -0.0005041529   0.0003500480
        0.0000162361  -0.0004939745  -0.0002617778  -0.0000453765   0.0004060583
        0.0000603249   0.0000570753   0.0002580858  -0.0002072978   0.0000834894
       -0.0000375586   0.0000566430  -0.0003901619   0.0000570414  -0.0001337520
       -0.0000243257   0.0000445732  -0.0000384225  -0.0000324725   0.0001007126
       -0.0000113019
       -0.0951278674  -0.3083897397   0.0554789504  -0.0045970456  -0.0014971895
       -0.0006198263  -0.0007803623   0.0006763499  -0.0003392785   0.0001846244
        0.0000092847   0.0000480199  -0.0001074409   0.0002401370   0.0000446380
        0.0000356006  -0.0002106367   0.0000122136   0.1059832453   0.3387186018
       -0.0621038824  -0.0024794715  -0.0072897147   0.0063763263  -0.0040870384
       -0.0239177707   0.0012719067   0.0008602402   0.0006809485   0.0000029232
        0.0004154235   0.0005203892   0.0000896462  -0.0001212260   0.0002477220
        0.0000684185  -0.0000161374   0.0000705473  -0.0002898610  -0.0000405379
        0.0000053029   0.0000259097  -0.0001168226   0.0001482535  -0.0000820461
        0.0000143640  -0.0000319902  -0.0000060507  -0.0000195481   0.0000195048
        0.0000219926
        0.0207058478   0.0548596974  -0.0556181590  -0.0017198888  -0.0053827401
        0.0018666257  -0.0015358239  -0.0002865547   0.0000218476  -0.0000349544
       -0.0000516034   0.0001977496  -0.0001266455  -0.0002612039   0.0003542146
        0.0000362488   0.0001224369  -0.0002563575  -0.0219826259  -0.0621038824
        0.0564790878   0.0093577214   0.0290751132  -0.0081348537  -0.0040823012
       -0.0153784506   0.0048545778   0.0002671183   0.0000751623   0.0003829915
       -0.0008817769  -0.0006011225  -0.0000004645   0.0000894174   0.0001277217
       -0.0001715636  -0.0000310795  -0.0001017756  -0.0000704127  -0.0000347213
        0.0000139853   0.0000149607  -0.0001181214  -0.0000587454   0.0000442755
        0.0000546940  -0.0000494558  -0.0000695259   0.0000368913   0.0000014175
        0.0001050059
       -0.0460382615   0.0077075922  -0.0358515237  -0.0053690101   0.0056436095
       -0.0264265426   0.0007965825   0.0002265517  -0.0003716675  -0.0000464160
       -0.0000703036   0.0000612795   0.0001466004  -0.0000470545   0.0000155275
       -0.0000435232   0.0000221779   0.0002427879   0.0037891589  -0.0024794715
        0.0093577214   0.0490860752  -0.0082100088   0.0384920399   0.0037764828
       -0.0019255526   0.0159286009   0.0000651006   0.0001933985  -0.0007233905
       -0.0059614956  -0.0003450367  -0.0017859536  -0.0001398175  -0.0000233310
        0.0000824889  -0.0001768701  -0.0005895970   0.0006480412   0.0001248743
       -0.0000303873   0.0001728438   0.0000580188  -0.0000288455   0.0000142816
       -0.0000446918  -0.0000876474   0.0001459208  -0.0000228077   0.0000439062
       -0.0000024554
        0.0062620037  -0.0560910185   0.0577042836   0.0012143178   0.0010636266
       -0.0015155934   0.0006271989   0.0012631675  -0.0007431191  -0.0001604936
       -0.0004433916   0.0003192546  -0.0001560670   0.0005162852  -0.0001043518
        0.0000792346  -0.0003520382  -0.0000358628   0.0013646803  -0.0072897147
        0.0290751132  -0.0082100088   0.0556808886  -0.0655325674  -0.0008554280
        0.0051841333  -0.0200115553   0.0004684185   0.0001996641   0.0004007280
       -0.0002114065   0.0006339407  -0.0000755077  -0.0000359954  -0.0005946231
       -0.0002997495  -0.0003421066   0.0001412525   0.0007194012   0.0000570785
       -0.0000583196   0.0000902941  -0.0001731632   0.0000519041   0.0000233931
        0.0000024175   0.0001405633   0.0000503161   0.0000693192  -0.0000463201
       -0.0000644769
       -0.0323072283   0.0586129706  -0.3392053247  -0.0081633593   0.0012822973
       -0.0081111996   0.0007130876  -0.0006116780   0.0013532926   0.0004144503
        0.0003747729  -0.0000567151  -0.0000704732  -0.0000063074   0.0003341001
        0.0001241366   0.0000202619  -0.0002289578   0.0008646513   0.0063763263
       -0.0081348537   0.0384920399  -0.0655325674   0.3733913682   0.0015568962
       -0.0001663212  -0.0206846141   0.0007012461  -0.0001938854   0.0008162178
       -0.0020564194   0.0001593982   0.0007747627   0.0000307666  -0.0001171312
       -0.0003314061  -0.0004154010  -0.0002643384  -0.0001120105   0.0000175246
       -0.0000263307   0.0000285562   0.0000910915   0.0000222606   0.0001949942
        0.0000260633   0.0000422970   0.0000111621  -0.0000190727   0.0000279749
       -0.0000393722
       -0.1300053589   0.1104351208   0.0896322258  -0.0190590780   0.0177313059
        0.0120100585   0.0011433919   0.0001267236   0.0003064464   0.0002215335
        0.0001288927  -0.0000040971  -0.0000526691   0.0000286641   0.0000312361
        0.0000533266  -0.0001448873  -0.0001584389   0.0074242177  -0.0040870384
       -0.0040823012   0.0037764828  -0.0008554280   0.0015568962   0.1422155043
       -0.1219741772  -0.0973648366  -0.0059644968  -0.0003606792  -0.0019658358
        0.0003849831   0.0002594249   0.0003005550  -0.0001162237  -0.0010199922
       -0.0002019648  -0.0001649471  -0.0000474134   0.0000438391   0.0000218227
       -0.0000302039  -0.0000056153   0.0001433706  -0.0000183046  -0.0000075961
       -0.0000099949  -0.0000484795  -0.0000693946  -0.0000118645  -0.0001235282
       -0.0000211766
        0.1070268037  -0.1787258848  -0.1087507809   0.0038742055   0.0019406642
        0.0022037683  -0.0004625838   0.0019909958   0.0003052990  -0.0001373737
       -0.0003510729  -0.0001515678  -0.0001307210   0.0001301296   0.0000627567
        0.0000639033  -0.0002750508   0.0000150697   0.0138185070  -0.0239177707
       -0.0153784506  -0.0019255526   0.0051841333  -0.0001663212  -0.1219741772
        0.1935864428   0.1219683417  -0.0002767530   0.0007425130   0.0003599769
       -0.0000241551   0.0003955951   0.0000159745   0.0003997312  -0.0003541562
       -0.0006255669  -0.0001433304  -0.0003274324   0.0001645021   0.0000204466
        0.0001128219  -0.0000005948  -0.0002444314  -0.0000018348  -0.0000690166
        0.0000604102  -0.0000700611   0.0000121599   0.0000550706  -0.0000600321
        0.0000344501
        0.0876137524  -0.1083256927  -0.1322330468  -0.0004231519   0.0044653210
        0.0047940483  -0.0008148909   0.0002090695   0.0002728586   0.0001783571
       -0.0002350767   0.0002214596  -0.0002492933   0.0000657790   0.0001569961
        0.0000744839  -0.0000451949  -0.0003378816  -0.0023493978   0.0012719067
        0.0048545778   0.0159286009  -0.0200115553  -0.0206846141  -0.0973648366
        0.1219683417   0.1419237889  -0.0018769847   0.0000191567   0.0006937738
       -0.0011625023   0.0005790387   0.0004238651   0.0004034752  -0.0000626238
        0.0003268201   0.0002021477   0.0000289059  -0.0004628568  -0.0001323738
       -0.0000292491  -0.0000018867  -0.0001042605   0.0000126773   0.0001926221
        0.0000384371   0.0001014253  -0.0000397373   0.0000384376  -0.0000122292
       -0.0001007871
       -0.0262107415   0.0198688899   0.0141203585  -0.0996374344   0.0809227503
        0.0582376661   0.0052274109  -0.0060387104  -0.0045405927   0.0007244120
        0.0001068943   0.0002651697  -0.0003837314  -0.0011088883   0.0001842345
       -0.0000814070   0.0003250964   0.0000883160  -0.0004916053   0.0008602402
        0.0002671183   0.0000651006   0.0004684185   0.0007012461  -0.0059644968
       -0.0002767530  -0.0018769847   0.1256430494  -0.0934400227  -0.0696722151
        0.0028005076   0.0002480370   0.0018168575  -0.0002455132  -0.0023573047
        0.0004903134   0.0003646483   0.0001660586  -0.0002430398   0.0000277878
       -0.0000553701   0.0000193493  -0.0000416906   0.0000788486   0.0000503993
        0.0000128605  -0.0000684356   0.0002139370  -0.0018091568   0.0003002508
       -0.0001221334
        0.0005329741   0.0005617965   0.0001605252   0.0857041495  -0.1520430564
       -0.0824816886   0.0104989306  -0.0252023803  -0.0136150104   0.0004043309
        0.0003239509  -0.0000234843   0.0001891340  -0.0000506712   0.0000072166
       -0.0000875642  -0.0000418727   0.0000288531  -0.0005041529   0.0006809485
        0.0000751623   0.0001933985   0.0001996641  -0.0001938854  -0.0003606792
        0.0007425130   0.0000191567  -0.0934400227   0.1748370601   0.0946066717
       -0.0012964622   0.0038080023   0.0004694654  -0.0019795440  -0.0056002904
        0.0012991615   0.0005225009   0.0010317875  -0.0005161131   0.0000699237
       -0.0002377209  -0.0000608164   0.0002262276   0.0002051298   0.0000139899
       -0.0001070265  -0.0001105477   0.0003162766  -0.0005661182   0.0008956871
       -0.0001054809
       -0.0048645295   0.0048360382   0.0038034190   0.0643771032  -0.0825170986
       -0.1094226148  -0.0026623071   0.0015021783   0.0033916662   0.0000198524
       -0.0000236390   0.0000519610   0.0000407701  -0.0003935458   0.0000446615
       -0.0001267620   0.0001608127  -0.0002111201   0.0003500480   0.0000029232
        0.0003829915  -0.0007233905   0.0004007280   0.0008162178  -0.0019658358
        0.0003599769   0.0006937738  -0.0696722151   0.0946066717   0.1209081598
        0.0154594669  -0.0212036738  -0.0223951757   0.0000622876   0.0011578664
        0.0011300923  -0.0004062614   0.0007898518   0.0007222176   0.0001773603
       -0.0003392216  -0.0002317330   0.0001119552   0.0000082895   0.0000983889
        0.0000807328   0.0004469374  -0.0002405679  -0.0002582750   0.0002049047
        0.0004576620
       -0.0120225435   0.0049634176  -0.0320182402  -0.0434752016   0.0074422904
       -0.0167870025   0.0003105605  -0.0037972750   0.0095538490   0.0013146719
       -0.0003087073   0.0009469037  -0.0001758253  -0.0001431490   0.0001019191
       -0.0002050592  -0.0000051299  -0.0001605145   0.0000162361   0.0004154235
       -0.0008817769  -0.0059614956  -0.0002114065  -0.0020564194   0.0003849831
       -0.0000241551  -0.0011625023   0.0028005076  -0.0012964622   0.0154594669
        0.0574165400  -0.0047912202   0.0275107426   0.0002330268   0.0005508521
       -0.0002623439  -0.0002406118  -0.0026466237   0.0002011985  -0.0004719269
       -0.0003498591  -0.0004614089  -0.0000652042   0.0001062591  -0.0001178072
        0.0001578049   0.0000516323  -0.0001858802  -0.0000164628   0.0000441131
        0.0003198162
       -0.0004824534   0.0004600383  -0.0010419108   0.0076676809  -0.0540127649
        0.0471016637  -0.0007992918  -0.0097531864   0.0270926912   0.0007376912
        0.0008218432   0.0001361011   0.0000091196  -0.0001537650   0.0001048687
       -0.0000346536  -0.0000504531  -0.0000629915  -0.0004939745   0.0005203892
       -0.0006011225  -0.0003450367   0.0006339407   0.0001593982   0.0002594249
        0.0003955951   0.0005790387   0.0002480370   0.0038080023  -0.0212036738
       -0.0047912202   0.0617312598  -0.0541387702   0.0002492476   0.0008437868
        0.0007061560  -0.0019796417  -0.0051641828   0.0017399585  -0.0005405665
       -0.0001397012  -0.0003443941   0.0002288272   0.0000225182   0.0000988932
        0.0000879764  -0.0000739627  -0.0001380578  -0.0000211663   0.0001106427
       -0.0001878489
       -0.0051519979   0.0012323642  -0.0098904075  -0.0244699357   0.0454579899
       -0.2636033518   0.0015936642   0.0064044071  -0.0082686860   0.0001693516
       -0.0003573461   0.0006373397  -0.0000474344   0.0000402529  -0.0000360728
        0.0001415099   0.0000389688  -0.0001422106  -0.0002617778   0.0000896462
       -0.0000004645  -0.0017859536  -0.0000755077   0.0007747627   0.0003005550
        0.0000159745   0.0004238651   0.0018168575   0.0004694654  -0.0223951757
        0.0275107426  -0.0541387702   0.3009606491  -0.0001170505  -0.0005733781
        0.0007607624   0.0002196491   0.0018120469   0.0006004033   0.0003118353
       -0.0000370172   0.0003460323  -0.0002417157  -0.0002489439   0.0002416101
       -0.0001932478   0.0000206417  -0.0000261969   0.0002049482  -0.0001507943
       -0.0003828592
        0.0015992910  -0.0011485803  -0.0003228224   0.0036578645  -0.0069857895
       -0.0041714490  -0.1087749465   0.0863942498   0.0610763127  -0.0212235877
        0.0171762536   0.0129624814  -0.0049914419  -0.0002231930  -0.0019546431
       -0.0012572417   0.0001939704   0.0000021479  -0.0000453765  -0.0001212260
        0.0000894174  -0.0001398175  -0.0000359954   0.0000307666  -0.0001162237
        0.0003997312   0.0004034752  -0.0002455132  -0.0019795440   0.0000622876
        0.0002330268   0.0002492476  -0.0001170505   0.1292171784  -0.0949630518
       -0.0700488386   0.0013156210   0.0005662801   0.0016223980   0.0004742626
        0.0002904707   0.0002307114   0.0000785648   0.0004538950   0.0005433336
        0.0001134715  -0.0000751299  -0.0003565068   0.0001048683  -0.0001915884
       -0.0000520212
        0.0008247843   0.0014147395   0.0000895688   0.0133285425  -0.0290447302
       -0.0141619064   0.0845774498  -0.1483021027  -0.0730719132   0.0008021131
        0.0011868216   0.0002836813  -0.0002624655   0.0006630697   0.0000831428
        0.0000352750   0.0001208360   0.0000644564   0.0004060583   0.0002477220
        0.0001277217  -0.0000233310  -0.0005946231  -0.0001171312  -0.0010199922
       -0.0003541562  -0.0000626238  -0.0023573047  -0.0056002904   0.0011578664
        0.0005508521   0.0008437868  -0.0005733781  -0.0949630518   0.1751455038
        0.0859719129  -0.0008195742   0.0032913529  -0.0001415321   0.0000024164
        0.0000311822   0.0001164348  -0.0008961623   0.0008154856   0.0001070577
       -0.0000184120  -0.0000326737   0.0000160568  -0.0001671977   0.0001680762
        0.0001105853
       -0.0001529209   0.0001630942   0.0000584871  -0.0034201743   0.0025405911
        0.0028035976   0.0600705263  -0.0728735641  -0.0989175009  -0.0039698823
        0.0041957979   0.0041694918  -0.0009589879   0.0001048251   0.0002667415
       -0.0001610840  -0.0000659206   0.0001895048   0.0000603249   0.0000684185
       -0.0001715636   0.0000824889  -0.0002997495  -0.0003314061  -0.0002019648
       -0.0006255669   0.0003268201   0.0004903134   0.0012991615   0.0011300923
       -0.0002623439   0.0007061560   0.0007607624  -0.0700488386   0.0859719129
        0.1120351211   0.0186393418  -0.0219514628  -0.0232401387  -0.0003536460
        0.0004977499   0.0003172341   0.0002568898   0.0003101297   0.0001528959
       -0.0001000850  -0.0001165518   0.0003032576   0.0000300427   0.0000749787
        0.0001466030
        0.0008738343  -0.0001632569   0.0009372990  -0.0008886733  -0.0046174047
        0.0101003619  -0.0429906357   0.0051647185  -0.0157811238  -0.0067232007
        0.0045577062  -0.0288673959   0.0011802579  -0.0001691915  -0.0011936253
        0.0001047359  -0.0000444718   0.0003106480   0.0000570753  -0.0000161374
       -0.0000310795  -0.0001768701  -0.0003421066  -0.0004154010  -0.0001649471
       -0.0001433304   0.0002021477   0.0003646483   0.0005225009  -0.0004062614
       -0.0002406118  -0.0019796417   0.0002196491   0.0013156210  -0.0008195742
        0.0186393418   0.0527990379  -0.0020263422   0.0181288648  -0.0055774342
       -0.0003222987  -0.0023136520   0.0004780808   0.0002794844  -0.0001289268
       -0.0004090526   0.0001176814   0.0005302622  -0.0000018658   0.0000016644
        0.0000688915
        0.0008629969   0.0007219478  -0.0000033165  -0.0007534625  -0.0117897060
        0.0304435335   0.0049919960  -0.0541891145   0.0432302580  -0.0000578307
        0.0012038713  -0.0021041221   0.0000523908   0.0002196509   0.0003119911
       -0.0000159177  -0.0000632989  -0.0000415283   0.0002580858   0.0000705473
       -0.0001017756  -0.0005895970   0.0001412525  -0.0002643384  -0.0000474134
       -0.0003274324   0.0000289059   0.0001660586   0.0010317875   0.0007898518
       -0.0026466237  -0.0051641828   0.0018120469   0.0005662801   0.0032913529
       -0.0219514628  -0.0020263422   0.0638262620  -0.0516652705  -0.0007637986
        0.0007286900  -0.0000637612  -0.0002300650   0.0002842961  -0.0005239794
        0.0001871276   0.0001923808  -0.0000248657   0.0000461150  -0.0001783045
        0.0001278334
        0.0000749728  -0.0008317645   0.0010648613   0.0009557626   0.0055795294
       -0.0095167782  -0.0136129555   0.0443941407  -0.2598233228  -0.0059643175
        0.0011566732  -0.0119980794   0.0008428769   0.0001813956   0.0009542263
        0.0000147436  -0.0001339779   0.0001096281  -0.0002072978  -0.0002898610
       -0.0000704127   0.0006480412   0.0007194012  -0.0001120105   0.0000438391
        0.0001645021  -0.0004628568  -0.0002430398  -0.0005161131   0.0007222176
        0.0002011985   0.0017399585   0.0006004033   0.0016223980  -0.0001415321
       -0.0232401387   0.0181288648  -0.0516652705   0.3014601762  -0.0024783460
       -0.0003027791  -0.0001670458   0.0001251699  -0.0000379963  -0.0000529907
       -0.0001907352   0.0000245902   0.0004965092   0.0000388244  -0.0000408965
        0.0000356135
        0.0003675241   0.0000916272   0.0001687159   0.0005741848   0.0006604591
       -0.0009909368  -0.0082476324   0.0059645884  -0.0285882270  -0.0450344419
        0.0038641716  -0.0201287244  -0.0010171678  -0.0023882134   0.0199171090
       -0.0001836738  -0.0000126340   0.0007640336   0.0000834894  -0.0000405379
       -0.0000347213   0.0001248743   0.0000570785   0.0000175246   0.0000218227
        0.0000204466  -0.0001323738   0.0000277878   0.0000699237   0.0001773603
       -0.0004719269  -0.0005405665   0.0003118353   0.0004742626   0.0000024164
       -0.0003536460  -0.0055774342  -0.0007637986  -0.0024783460   0.0578158921
       -0.0061411819   0.0212717497   0.0022571501  -0.0031450284   0.0074652920
       -0.0016646648   0.0026698232   0.0027805816   0.0004499540  -0.0003685740
       -0.0001672269
        0.0001005261   0.0000254556   0.0000248383  -0.0002272515   0.0009486775
       -0.0008806413  -0.0006588039   0.0004554092  -0.0026023631   0.0040261212
       -0.0577124201   0.0496424622   0.0007708346   0.0032451511  -0.0175442415
       -0.0001286689   0.0001535804   0.0000364775  -0.0000375586   0.0000053029
        0.0000139853  -0.0000303873  -0.0000583196  -0.0000263307  -0.0000302039
        0.0001128219  -0.0000292491  -0.0000553701  -0.0002377209  -0.0003392216
       -0.0003498591  -0.0001397012  -0.0000370172   0.0002904707   0.0000311822
        0.0004977499  -0.0003222987   0.0007286900  -0.0003027791  -0.0061411819
        0.0650438868  -0.0568545982   0.0010178727  -0.0123134126   0.0318058138
        0.0020980658  -0.0011186150  -0.0026094192  -0.0003223072   0.0008300317
       -0.0007954660
        0.0004702507   0.0001079169   0.0003329593   0.0004855777  -0.0001038252
        0.0005267887  -0.0053842343   0.0026986704  -0.0117311570  -0.0195739946
        0.0492294634  -0.2495180961   0.0027363062   0.0012662405  -0.0219784775
        0.0007006427   0.0003215171   0.0008933653   0.0000566430   0.0000259097
        0.0000149607   0.0001728438   0.0000902941   0.0000285562  -0.0000056153
       -0.0000005948  -0.0000018867   0.0000193493  -0.0000608164  -0.0002317330
       -0.0004614089  -0.0003443941   0.0003460323   0.0002307114   0.0001164348
        0.0003172341  -0.0023136520  -0.0000637612  -0.0001670458   0.0212717497
       -0.0568545982   0.2904273685   0.0000868636   0.0058854183  -0.0078965591
        0.0022924938  -0.0027021302  -0.0019669141  -0.0007845268   0.0003882550
        0.0006046039
       -0.0013870007  -0.0016489366  -0.0000686614  -0.0042444907  -0.0004788933
       -0.0017388960  -0.0122058589  -0.0250335505   0.0022215041  -0.0587873591
       -0.0583945938   0.0048760575   0.0019291337   0.0188958384  -0.0004515165
       -0.0003732414   0.0012443634   0.0002877728  -0.0003901619  -0.0001168226
       -0.0001181214   0.0000580188  -0.0001731632   0.0000910915   0.0001433706
       -0.0002444314  -0.0001042605  -0.0000416906   0.0002262276   0.0001119552
       -0.0000652042   0.0002288272  -0.0002417157   0.0000785648  -0.0008961623
        0.0002568898   0.0004780808  -0.0002300650   0.0001251699   0.0022571501
        0.0010178727   0.0000868636   0.0736291782   0.0625210076  -0.0077118620
        0.0003470044   0.0000046480  -0.0002750527  -0.0014254940   0.0030778336
        0.0026527819
       -0.0000755625   0.0000031354  -0.0000482938  -0.0009236568   0.0009314743
       -0.0003666529  -0.0036791686  -0.0053260796   0.0004551562  -0.0579381933
       -0.2456602971   0.0202650890   0.0000388514  -0.0228660986  -0.0012728193
        0.0006830658   0.0006081543   0.0004840268   0.0000570414   0.0001482535
       -0.0000587454  -0.0000288455   0.0000519041   0.0000222606  -0.0000183046
       -0.0000018348   0.0000126773   0.0000788486   0.0002051298   0.0000082895
        0.0001062591   0.0000225182  -0.0002489439   0.0004538950   0.0008154856
        0.0003101297   0.0002794844   0.0002842961  -0.0000379963  -0.0031450284
       -0.0123134126   0.0058854183   0.0625210076   0.2846513422  -0.0227162498
       -0.0006613962   0.0005891645   0.0002447646   0.0022517026  -0.0021431351
       -0.0029381107
       -0.0002896394  -0.0004348490   0.0003113674  -0.0011386460  -0.0000457334
       -0.0001538379  -0.0036666052  -0.0078961432   0.0009717997   0.0055395352
        0.0200060012  -0.0483296187  -0.0019663523  -0.0171461755   0.0012348567
        0.0000339138   0.0001642137   0.0001982765  -0.0001337520  -0.0000820461
        0.0000442755   0.0000142816   0.0000233931   0.0001949942  -0.0000075961
       -0.0000690166   0.0001926221   0.0000503993   0.0000139899   0.0000983889
       -0.0001178072   0.0000988932   0.0002416101   0.0005433336   0.0001070577
        0.0001528959  -0.0001289268  -0.0005239794  -0.0000529907   0.0074652920
        0.0318058138  -0.0078965591  -0.0077118620  -0.0227162498   0.0533888627
       -0.0004260082  -0.0007831588   0.0004888999   0.0019404398  -0.0025220108
       -0.0010858432
       -0.0000611480   0.0000295524   0.0000068489  -0.0002556370  -0.0000587819
        0.0000771095   0.0011481996  -0.0001888811   0.0009679875  -0.0009773389
       -0.0022482946   0.0188560027  -0.0353256489   0.0050793890  -0.0167723059
       -0.0152987845   0.0007607750  -0.0208007149  -0.0000243257   0.0000143640
        0.0000546940  -0.0000446918   0.0000024175   0.0000260633  -0.0000099949
        0.0000604102   0.0000384371   0.0000128605  -0.0001070265   0.0000807328
        0.0001578049   0.0000879764  -0.0001932478   0.0001134715  -0.0000184120
       -0.0001000850  -0.0004090526   0.0001871276  -0.0001907352  -0.0016646648
        0.0020980658   0.0022924938   0.0003470044  -0.0006613962  -0.0004260082
        0.0501857557  -0.0037767561   0.0108486498   0.0021061904  -0.0012605294
        0.0052340777
       -0.0000607755   0.0000320150  -0.0000179437   0.0000633005  -0.0000270665
       -0.0002514313  -0.0005269269   0.0003983229   0.0001676974  -0.0000418060
        0.0029568261  -0.0169741767   0.0039930195  -0.0550498882   0.0486179842
       -0.0033742440   0.0016943344  -0.0046884022   0.0000445732  -0.0000319902
       -0.0000494558  -0.0000876474   0.0001405633   0.0000422970  -0.0000484795
       -0.0000700611   0.0001014253  -0.0000684356  -0.0001105477   0.0004469374
        0.0000516323  -0.0000739627   0.0000206417  -0.0000751299  -0.0000326737
       -0.0001165518   0.0001176814   0.0001923808   0.0000245902   0.0026698232
       -0.0011186150  -0.0027021302   0.0000046480   0.0005891645  -0.0007831588
       -0.0037767561   0.0614914881  -0.0556345872   0.0011155228  -0.0109802900
        0.0317962644
       -0.0001230860  -0.0000050241   0.0001508435   0.0000492685  -0.0000768340
        0.0001992520  -0.0003052368   0.0003617192   0.0005612149   0.0025859032
        0.0011467959  -0.0204480066  -0.0095323883   0.0508746905  -0.2692888365
       -0.0068762724  -0.0000617257  -0.0046047405  -0.0000384225  -0.0000060507
       -0.0000695259   0.0001459208   0.0000503161   0.0000111621  -0.0000693946
        0.0000121599  -0.0000397373   0.0002139370   0.0003162766  -0.0002405679
       -0.0001858802  -0.0001380578  -0.0000261969  -0.0003565068   0.0000160568
        0.0003032576   0.0005302622  -0.0000248657   0.0004965092   0.0027805816
       -0.0026094192  -0.0019669141  -0.0002750527   0.0002447646   0.0004888999
        0.0108486498  -0.0556345872   0.3024429566   0.0006077173   0.0055337847
       -0.0079695701
        0.0001831979  -0.0000043785   0.0000031887  -0.0011633529   0.0001763258
        0.0003627073   0.0006573560  -0.0000243098  -0.0001854523   0.0019664105
        0.0189129207  -0.0010770915  -0.0404745479  -0.0413397316   0.0082757230
       -0.0179691187  -0.0193452023  -0.0024552222  -0.0000324725  -0.0000195481
        0.0000368913  -0.0000228077   0.0000693192  -0.0000190727  -0.0000118645
        0.0000550706   0.0000384376  -0.0018091568  -0.0005661182  -0.0002582750
       -0.0000164628  -0.0000211663   0.0002049482   0.0001048683  -0.0001671977
        0.0000300427  -0.0000018658   0.0000461150   0.0000388244   0.0004499540
       -0.0003223072  -0.0007845268  -0.0014254940   0.0022517026   0.0019404398
        0.0021061904   0.0011155228   0.0006077173   0.0574591665   0.0391829830
       -0.0067592797
       -0.0002727125   0.0002850861   0.0000216095  -0.0004536927   0.0000404290
        0.0000893756  -0.0002873503  -0.0001691277   0.0002021117   0.0004750727
       -0.0211823836  -0.0001217772  -0.0346200828  -0.2695689296   0.0340689221
       -0.0056484782  -0.0019031928  -0.0009739248   0.0001007126   0.0000195048
        0.0000014175   0.0000439062  -0.0000463201   0.0000279749  -0.0001235282
       -0.0000600321  -0.0000122292   0.0003002508   0.0008956871   0.0002049047
        0.0000441131   0.0001106427  -0.0001507943  -0.0001915884   0.0001680762
        0.0000749787   0.0000016644  -0.0001783045  -0.0000408965  -0.0003685740
        0.0008300317   0.0003882550   0.0030778336  -0.0021431351  -0.0025220108
       -0.0012605294  -0.0109802900   0.0055337847   0.0391829830   0.3038822579
       -0.0367917016
       -0.0000637789  -0.0000216634  -0.0000721237  -0.0001001471   0.0003738220
        0.0005262358  -0.0001581744   0.0000666279  -0.0000253411  -0.0020387278
       -0.0166993749   0.0015349132   0.0074498674   0.0315798641  -0.0485397638
       -0.0062290113  -0.0065073164   0.0009206897  -0.0000113019   0.0000219926
        0.0001050059  -0.0000024554  -0.0000644769  -0.0000393722  -0.0000211766
        0.0000344501  -0.0001007871  -0.0001221334  -0.0001054809   0.0004576620
        0.0003198162  -0.0001878489  -0.0003828592  -0.0000520212   0.0001105853
        0.0001466030   0.0000688915   0.0001278334   0.0000356135  -0.0001672269
       -0.0007954660   0.0006046039   0.0026527819  -0.0029381107  -0.0010858432
        0.0052340777   0.0317962644  -0.0079695701  -0.0067592797  -0.0367917016
        0.0538843334
