           1           2  0.93129681815014653     
           2           3   1.0017958290677860     
           3           4   1.0139269479729591     
           4           5   1.6169993389253321     
           5           6   1.2449650106421690     
           4           7  0.11915706039096571     
           6           7   1.6789475657031074     
           4           8   1.1124401361374572     
           7           8   1.0913670067332895     
           1          10  0.86243963645573096     
           1          11  0.91288268827773433     
           1          12  0.91708675236871817     
           2          13  0.96573599474577432     
           2          14  0.97029740586772018     
           3          15  0.95575213382752255     
           3          16  0.95757371250410883     
           5          17  0.96130198542421297     
           6          18  0.91493367956213589     
           7          19  0.96699482491187927     
