           1           2  0.94569658028620163     
           2           3  0.98959233841467975     
           3           4   1.0077058668123939     
           3           5   1.0044361267381674     
           1           7  0.92120497824757064     
           1           8  0.91893108557572345     
           1           9  0.83804785684440097     
           2          10  0.97161838731579253     
           2          11  0.96614887343973765     
           3          12  0.96513964777015260     
           4          13  0.98309424247752586     
           4          14  0.98359151138524270     
           4          15  0.97130027665162366     
           5          16  0.98540959411584750     
           5          17  0.98302733038873569     
           5          18  0.98576071259498199     
