           1           2  0.94801081302138290     
           2           3  0.99647111126220533     
           3           4  0.99458805500320324     
           4           5   1.0067251433946744     
           5           6  0.97906542126837226     
           6           7  0.96655980676988218     
           7           8   1.1310060846534964     
           7           9   1.7749599694108043     
           8           9  0.17333710097132904     
           6          10  0.98072975622674186     
           3          11  0.99053650132540938     
          10          11   1.0071698797953317     
           1          13  0.91409660983504504     
           1          14  0.91814249957105720     
           1          15  0.84393084104370986     
           2          16  0.96516186536925130     
           2          17  0.96435935854024979     
           3          18  0.96404854414078955     
           4          19  0.97155961392314960     
           4          20  0.97521062366920508     
           5          21  0.97517924082145258     
           5          22  0.97534358784013586     
           6          23  0.96422128031672427     
           8          24  0.86496697679329404     
          10          25  0.97454104678548070     
          10          26  0.97473573741466724     
          11          27  0.97354414776765175     
          11          28  0.97521963697146707     
