           1           2  0.94220388401711219     
           2           3   1.0069669197568993     
           3           4  0.98924323578878259     
           4           5  0.99539313967570320     
           5           6   1.0074951624895248     
           6           7   1.0083529092797858     
           7           8   1.0083338649461135     
           4           9  0.99407125667244611     
           8           9   1.0082664426354284     
           1          11  0.83844618589545750     
           1          12  0.91947231387092476     
           1          13  0.92248456294589376     
           2          14  0.96730236362734145     
           2          15  0.96807749665017040     
           3          16  0.97290551259532476     
           3          17  0.96382893343735665     
           4          18  0.96699362368561692     
           5          19  0.97431368671043717     
           5          20  0.97703322986918173     
           6          21  0.97776571609366036     
           6          22  0.97708401942366774     
           7          23  0.97731189721908218     
           7          24  0.97778181277098453     
           8          25  0.97736655543955386     
           8          26  0.97637355708086071     
           9          27  0.97524352510506995     
           9          28  0.97682607475192373     
