   -0.12239175
   -0.03084449
   -0.08008844
   -0.07442417
   -0.06648240
   -0.06281651
   -0.06576341
   -0.05243748
   -0.05947504
   -0.05824843
   -0.05769964
   -0.05144588
   -0.10114539
    0.27799737
    0.26643228
    0.26337149
    0.10837297
    0.09748028
    0.08236664
    0.06356374
    0.05175322
    0.06605989
    0.01535378
    0.05950819
    0.04702886
    0.00848534
    0.04715970
    0.04511690
    0.00387558
    0.02023477
    0.03613871
    0.03160643
    0.02796130
    0.03527596
    0.03344180
    0.02778449
    0.03461376
    0.02937934
    0.02993850
    0.03599168
    0.03697008
