   -0.16204845
   -0.03796997
   -0.08591794
   -0.07083499
   -0.06722613
   -0.06464450
   -0.06321316
   -0.06230679
   -0.06197076
   -0.06190778
   -0.06271427
   -0.05753892
   -0.11050801
    0.31607839
    0.30865694
    0.30863250
    0.10707532
    0.10695501
    0.06639006
    0.06624890
    0.04311705
    0.04313436
    0.03675619
    0.03667738
    0.03133833
    0.03135374
    0.03071460
    0.03066500
    0.02962373
    0.02962063
    0.03006028
    0.03002558
    0.02918918
    0.02917648
    0.03071969
    0.03069055
    0.02964980
    0.02963133
    0.03579941
    0.03499719
    0.03582405
