   -0.14955578
   -0.02987754
   -0.08544845
   -0.00984437
   -0.04242378
   -0.05405773
    0.03445603
    0.00615210
   -0.05213075
    0.00147320
   -0.11186188
    0.02166790
    0.01479799
   -0.04408933
   -0.05201945
    0.02914326
    0.00446367
    0.00504647
   -0.10675015
   -0.04884125
   -0.01439434
   -0.01855383
   -0.01956869
   -0.03823152
   -0.11774196
    0.26073553
    0.26513943
    0.28495324
    0.10144939
    0.10471574
    0.07512634
    0.09565966
    0.05302557
    0.05824956
    0.03716924
    0.05325241
    0.06369648
    0.06233775
    0.04616350
    0.05229802
    0.05117984
    0.05292783
    0.05635302
    0.04849533
    0.05526231
