           1           2  0.92111453474205129     
           2           3  0.99158473713724371     
           3           4  0.98499293027586599     
           4           5   1.0098682634465606     
           5           6  0.99577120844740086     
           6           7  0.96555029794914915     
           7           8   1.1349419834961119     
           7           9   1.7758806065773787     
           8           9  0.17500306484487199     
           6          10  0.97892344830611622     
           3          11  0.99278324002382301     
          10          11   1.0092102023557072     
           1          12  0.91002366493594744     
           1          13  0.90521032721315997     
           1          14  0.91331375752863908     
           2          15  0.96588516825796289     
           2          16  0.96121614584642057     
           3          17  0.96427607131081872     
           4          18  0.96418931416986020     
           4          19  0.97399179407076508     
           5          20  0.97237321489650996     
           5          21  0.97659803233821951     
           6          22  0.94756850573929197     
           8          23  0.86011383088379811     
          10          24  0.97090467902622557     
          10          25  0.97390908894771344     
          11          26  0.97295122479900709     
          11          27  0.97178661501004049     
