           1           2  0.95561834025494474     
           2           3   1.0173814613896324     
           3           4  0.99792895007958993     
           4           5   1.0138519081885646     
           1           7  0.92023362573211009     
           1           8  0.90798151867503341     
           1           9  0.83491976404039381     
           2          10  0.96899334088330513     
           2          11  0.96391389041055398     
           3          12  0.96560770629012493     
           3          13  0.96172024521901611     
           5          14  0.98046535497094311     
           5          15  0.97815980000076042     
           5          16  0.98209763849141862     
