           1           2  0.96926750073102452     
           2           3  0.99700970515123155     
           3           4   1.0241221217726091     
           4           5   1.9795358330458539     
           1           7  0.89350019960802196     
           1           8  0.83196012367234640     
           1           9  0.89633044268526829     
           2          10  0.96855779203300696     
           2          11  0.96807264669026127     
           3          12  0.97135881759533926     
           3          13  0.95353111500227805     
           4          14  0.96579720447125239     
           5          15  0.97432438608492189     
           5          16  0.97694753419927172     
