$coord
        -12.641427902628         -2.052577071433          0.912856742559     n 
        -12.091697015665          0.246394065384         -0.629160275897     c 
         -9.610368941024          1.520012428917          0.099075665496     c 
         -7.276244384916         -0.076294229272         -0.498405506881     c 
         -4.794919054534          1.252729514303          0.161530525329     c 
         -2.456363371888         -0.335918636413         -0.439465770317     c 
          0.023887878704          0.991401405268          0.225065202537     c 
          2.362646288316         -0.593847813302         -0.384272825329     c 
          4.843287110070          0.730333319878          0.284208132640     c 
          7.181453299977         -0.847387210667         -0.346587916117     c 
          9.662843615767          0.472222961357          0.327803529199     c 
         12.001383174326         -1.103224505150         -0.310344175031     c 
         14.464284216219          0.211645098469          0.377646366928     c 
        -14.369703423386         -2.831624227579          0.457488471821     h 
        -12.675061857155         -1.626509978717          2.813710077791     h 
        -11.295571510575         -3.434945947602          0.645765971879     h 
        -13.665066136629          1.580673666703         -0.421481162097     h 
        -12.056094911372         -0.264155259619         -2.636118223410     h 
         -9.637835341791          1.969185209697          2.119437785365     h 
         -9.444003564703          3.347574662978         -0.863050174340     h 
         -7.278622221219         -0.581548518544         -2.505959229427     h 
         -7.379044903970         -1.878283084198          0.513090010897     h 
         -4.792524641743          1.758513654952          2.169164658738     h 
         -4.684788741678          3.056625412437         -0.848607127222     h 
         -2.457298701384         -0.837821710820         -2.448074752494     h 
         -2.567448735798         -2.141654125500          0.567147506112     h 
          0.027373479730          1.488295713425          2.234969896477     h 
          0.132259067217          2.799839816624         -0.777166208351     h 
          2.360539156010         -1.086621598404         -2.395117809862     h 
          2.252613064666         -2.404196248153          0.614166947385     h 
          4.852616080290          1.209535392545          2.298521736932     h 
          4.946872811768          2.547594716939         -0.702707577986     h 
          7.174231794843         -1.321403537635         -2.362162214038     h 
          7.075197160400         -2.667240296380          0.635315247484     h 
          9.673029473338          0.941350494350          2.344560825044     h 
          9.767617161403          2.294537319499         -0.649773541289     h 
         11.984287780053         -1.564681921328         -2.331110094376     h 
         11.879361751108         -2.931605450317          0.658526391516     h 
         14.658494273923          2.003783085842         -0.621252310615     h 
         16.111334324910         -0.938132416915         -0.089124737711     h 
         14.551559464970          0.625809064811          2.394638737500     h 
$end
