$coord
          2.467121192056          1.234397864149          3.586274690640     n 
          5.015152717447          2.269736255485          2.982199159125     c 
          4.958329014554          4.010376700616          0.672235563561     c 
          4.857663516569          2.598717093777         -1.883951399952     c 
          2.238719888871          2.316146987117         -3.084078787135     c 
          0.506595368440          0.584581266020         -1.771040084564     n 
          0.500379653880         -2.153711745097         -2.394208078971     c 
         -2.030904346116         -3.128381581438         -1.155794655273     c 
         -1.642537485643         -4.800768294352          1.097765115795     c 
          0.610396096952         -5.674431755628          1.796731707821     c 
          2.873591816285         -5.085263210668          0.397949369177     c 
          2.846366115392         -3.493940317655         -1.544146842780     c 
         -1.852212019655          1.369640967943         -0.829783540585     c 
         -3.418429686113         -0.730676183629         -0.454052659028     c 
         -5.841717307354         -0.421003456384          0.443527879486     c 
         -6.703985668432          1.989746993474          0.973012461269     c 
         -5.157825429233          4.070043454437          0.608273438091     c 
         -2.731109687140          3.784230794233         -0.291984068439     c 
          1.605262244262          0.815838388067          1.873943909268     h 
          1.353990347015          2.554641359872          4.480760244686     h 
          2.532024332829         -0.369206714400          4.687578614017     h 
          6.340765463353          0.715965316046          2.638729323894     h 
          5.747784731906          3.263488776143          4.646951994120     h 
          6.635141072388          5.231017285588          0.717197797388     h 
          3.351943264531          5.305331923560          0.819568544007     h 
          5.717796969016          0.732712881880         -1.660134013695     h 
          6.086107484853          3.576780252802         -3.240406461343     h 
          2.406493215714          1.630493487192         -5.027041473400     h 
          1.328697438548          4.163140862100         -3.231179201654     h 
          0.346974446710         -2.293355176298         -4.463671272269     h 
         -3.139485309894         -4.166346706584         -2.573108517550     h 
         -3.281557785193         -5.258493496489          2.217996413527     h 
          0.767648115492         -6.866226117691          3.441271487743     h 
          4.613313210776         -5.997183042786          0.936078960007     h 
          4.563719172853         -3.155539438902         -2.582324195110     h 
         -7.035439013007         -2.044235436723          0.718817483767     h 
         -8.597136809129          2.249881542151          1.676218167425     h 
         -5.860873218173          5.933953918390          1.032444709359     h 
         -1.526648568194          5.397547992331         -0.561873425929     h 
$end
