$hessian                                                                        
        0.6033621147   0.0246873242   0.0234958201  -0.0723132834   0.0119628909
        0.0125523060  -0.0112663905   0.0218903775   0.0246898301   0.0004150174
       -0.0002599250   0.0002096132   0.0001442488   0.0000119382   0.0001817894
        0.0003922141   0.0004937000   0.0000586078  -0.0790318322   0.0314423780
       -0.0955158743  -0.3498515746   0.0284594189   0.0181665218  -0.0904861156
       -0.1090339274   0.0276878210   0.0022760498  -0.0065756159  -0.0065937718
        0.0022308775  -0.0060122684  -0.0068548447   0.0018430453   0.0010116951
       -0.0003342242  -0.0069070350   0.0015227329   0.0015177120  -0.0001354852
        0.0001345630   0.0000389201  -0.0005945914   0.0002399158   0.0006252357
       -0.0000097631  -0.0000044568   0.0001073639  -0.0000674969   0.0000292589
       -0.0000328261
        0.0246873242   0.5472496521  -0.0659418023   0.0094963962  -0.1179570012
       -0.0471490928   0.0071819266  -0.0048485599  -0.0069733817   0.0000926788
        0.0009000899  -0.0002171912  -0.0003025418   0.0002772110   0.0002046444
       -0.0001191332  -0.0003177511  -0.0000447628   0.0315713010  -0.0699996879
        0.0820971830   0.0295422369  -0.0438077789  -0.0014767223  -0.1094006549
       -0.2889256311   0.0633313915  -0.0003946254   0.0025281881   0.0002289370
        0.0059394473  -0.0265940088  -0.0249266719  -0.0005605050   0.0013121311
        0.0010674352   0.0017890126   0.0004333141   0.0002892926  -0.0001360505
       -0.0000294964  -0.0003269495   0.0004124038  -0.0005437416  -0.0000819912
        0.0000527136   0.0002055672  -0.0000573076   0.0001480698   0.0001175033
       -0.0000230102
        0.0234958201  -0.0659418023   0.5441907521   0.0097349704  -0.0475045271
       -0.1226754423   0.0084282550  -0.0069145640  -0.0069376508  -0.0005266657
        0.0001055564  -0.0000262495  -0.0000382919   0.0001363322   0.0001814521
       -0.0001494915  -0.0000913518   0.0001216366  -0.0951000884   0.0824221213
       -0.2887078718   0.0191017740  -0.0014375128  -0.0419719098   0.0281004324
        0.0632566325  -0.0587546555   0.0056914005  -0.0230815447  -0.0287221693
       -0.0002667307  -0.0011406172   0.0013356676  -0.0008891793   0.0000326728
        0.0003489964   0.0027792254  -0.0004356641   0.0008026686   0.0000653387
       -0.0000069987  -0.0001177086  -0.0003454329   0.0004990673   0.0005606310
       -0.0002099416   0.0000641595   0.0001628394   0.0001286056   0.0000380407
        0.0002090137
       -0.0723132834   0.0094963962   0.0097349704   0.4677644073   0.0322708209
        0.0348681924  -0.1852462311   0.0027059314   0.0113645932  -0.0203032221
        0.0046983648  -0.0030563912  -0.0013959153   0.0016186987  -0.0026443491
       -0.0001165585   0.0000546989  -0.0000122637   0.0034285669  -0.0069750168
       -0.0052370941  -0.0065700134   0.0162918324   0.0170701942   0.0034684960
       -0.0056634556  -0.0077094507  -0.0843569566   0.0273593556  -0.0833654426
       -0.0786993593  -0.0802510647   0.0207969174  -0.0200117142  -0.0022542165
        0.0045179095  -0.0063914125   0.0009849205   0.0026821446   0.0011910939
       -0.0005897067   0.0005729568   0.0001981032  -0.0000336121   0.0004308022
        0.0001598139   0.0000389014  -0.0001669491  -0.0008058149   0.0002471516
        0.0001532600
        0.0119628909  -0.1179570012  -0.0475045271   0.0322708209   0.4928215463
       -0.0497730608   0.0039728189  -0.0652075729   0.0025725745   0.0130435151
       -0.0027185655   0.0001453449   0.0009635742  -0.0014616639   0.0017282641
        0.0004353644   0.0003015778   0.0000898729  -0.0029530766   0.0058955686
        0.0002736851   0.0034027973  -0.0022662071  -0.0026815645   0.0046530069
       -0.0204226621  -0.0170419237   0.0262611697  -0.0649173695   0.0575278048
       -0.0829383544  -0.2223834722   0.0560870232  -0.0275200929   0.0002032636
        0.0036533811   0.0149254345  -0.0020811665  -0.0045368905   0.0011486963
        0.0004124518  -0.0000895832  -0.0002350390   0.0001785417  -0.0004778197
       -0.0000514318  -0.0001415917   0.0000373957   0.0006579055  -0.0002556771
       -0.0000099768
        0.0125523060  -0.0471490928  -0.1226754423   0.0348681924  -0.0497730608
        0.4784624803   0.0118622767   0.0021717484  -0.0637721443  -0.0204777246
        0.0017088608   0.0031187895  -0.0024965835   0.0019633132  -0.0033850383
        0.0002438745   0.0002536313  -0.0005250178   0.0045259886  -0.0156999918
       -0.0208995718   0.0034795187  -0.0021863337  -0.0019881174  -0.0025956271
       -0.0014492684   0.0044038110  -0.0862976405   0.0635831431  -0.2087725916
        0.0202545997   0.0494766620  -0.0580179173   0.0055515227  -0.0001566980
       -0.0008505489   0.0206612067  -0.0026334482  -0.0057176854  -0.0005934916
       -0.0002663224   0.0007278100  -0.0002959068  -0.0001166458   0.0000088130
        0.0000352974  -0.0001794763  -0.0002073319  -0.0012778092   0.0004529794
        0.0000897033
       -0.0112663905   0.0071819266   0.0084282550  -0.1852462311   0.0039728189
        0.0118622767   0.4614349552   0.0196665544  -0.0159489684  -0.0825673491
        0.0209457404  -0.0394486047  -0.0207492428   0.0124943628  -0.0200222283
       -0.0006779776   0.0014158026  -0.0009788172   0.0000864472   0.0004209420
       -0.0002301895   0.0004972794   0.0009217124   0.0009701258   0.0012149682
       -0.0000852020  -0.0002516156  -0.0169825673   0.0021796058  -0.0005847143
       -0.0177803754  -0.0023857919   0.0034469430  -0.0790439065  -0.0825624742
        0.0143304644  -0.0498359820   0.0201410632   0.0326556683   0.0041127182
       -0.0036088183   0.0069310451   0.0011536625  -0.0012715497  -0.0005816357
        0.0010827371  -0.0006333131  -0.0008385647  -0.0054327455   0.0012066201
        0.0002605601
        0.0218903775  -0.0048485599  -0.0069145640   0.0027059314  -0.0652075729
        0.0021717484   0.0196665544   0.5108114220   0.0149675341   0.0215200839
       -0.0923811606   0.0417280611   0.0048299505  -0.0023069029   0.0027760431
       -0.0013879750   0.0007451486  -0.0002556169  -0.0001899748   0.0000388330
        0.0006000085   0.0006491099  -0.0023667925  -0.0029230581   0.0008171461
        0.0009297352   0.0001291263   0.0107096090  -0.0004811509   0.0002078025
       -0.0243860733   0.0009930898   0.0036423780  -0.0813848997  -0.2275415987
        0.0305826405   0.0189635426  -0.1096433305  -0.0998441220   0.0108457797
       -0.0164862051   0.0235756653  -0.0058184604   0.0068545721  -0.0108186752
       -0.0001702781   0.0002086021   0.0004800296   0.0007395766   0.0006818712
       -0.0001050010
        0.0246898301  -0.0069733817  -0.0069376508   0.0113645932   0.0025725745
       -0.0637721443  -0.0159489684   0.0149675341   0.4906230351  -0.0400824173
        0.0429784105  -0.1428657482  -0.0033607379  -0.0015948880   0.0024757642
        0.0009967102   0.0008451526   0.0005733636   0.0004355649  -0.0002730344
        0.0001005741   0.0011344891  -0.0030223645  -0.0030313820  -0.0002842499
        0.0004817087   0.0002612113  -0.0217165858   0.0013933880   0.0014922425
        0.0087783799   0.0011191624  -0.0005617957   0.0143226467   0.0306411298
       -0.0501161997   0.0317874383  -0.0993017073  -0.1975198989  -0.0027174415
        0.0065721306  -0.0067458127  -0.0120241972   0.0103652223  -0.0257068306
        0.0011217729  -0.0001867299   0.0011944874   0.0015031727  -0.0005843078
        0.0005367848
        0.0004150174   0.0000926788  -0.0005266657  -0.0203032221   0.0130435151
       -0.0204777246  -0.0825673491   0.0215200839  -0.0400824173   0.4538204458
        0.0183766479  -0.0128001496  -0.1812544039   0.0258268559   0.0212586885
       -0.0186378025  -0.0131604214   0.0029137309   0.0005618732  -0.0005841599
       -0.0002758038   0.0005249552  -0.0002128689   0.0000011819  -0.0002095826
       -0.0003749978   0.0001303217  -0.0054061205   0.0011732734   0.0003811899
        0.0013641274   0.0008458596  -0.0004056195   0.0043089099  -0.0033387324
        0.0067089537   0.0008713092  -0.0013217329  -0.0002024058  -0.0817226281
       -0.0823173130   0.0156285609  -0.0458879328   0.0142115452   0.0227821074
       -0.0093124429   0.0027487057   0.0046878438  -0.0165651536   0.0034710610
        0.0002782076
       -0.0002599250   0.0009000899   0.0001055564   0.0046983648  -0.0027185655
        0.0017088608   0.0209457404  -0.0923811606   0.0429784105   0.0183766479
        0.5029571581   0.0170074596   0.0178569605  -0.0626978803  -0.0042850238
       -0.0242284011  -0.0073797966   0.0039948891   0.0007891297  -0.0001043653
        0.0001812522   0.0001564245   0.0002765467   0.0000370947   0.0001100070
       -0.0000666097  -0.0000746130  -0.0000836353   0.0006309805   0.0000033407
       -0.0010876885   0.0010506132  -0.0005565263   0.0110284589  -0.0165552101
        0.0235914197  -0.0054363314   0.0065998245  -0.0104728026  -0.0838173652
       -0.2165285341   0.0303122553   0.0125470577  -0.1098017507  -0.0994822347
        0.0143404505  -0.0018940311  -0.0032794386   0.0140641047  -0.0022873090
       -0.0017698999
        0.0002096132  -0.0002171912  -0.0000262495  -0.0030563912   0.0001453449
        0.0031187895  -0.0394486047   0.0417280611  -0.1428657482  -0.0128001496
        0.0170074596   0.4893015054   0.0219140208  -0.0058661737  -0.0689935354
        0.0020971255   0.0020311248   0.0005534052   0.0009078921  -0.0000103837
        0.0001011227  -0.0000245090  -0.0000676589   0.0001390236  -0.0000369548
        0.0000589705  -0.0000124033   0.0009629232   0.0000983644   0.0009693139
        0.0005703971  -0.0005729410   0.0004863695  -0.0022998376   0.0066333258
       -0.0062341662  -0.0118778757   0.0103064718  -0.0267637318   0.0160950465
        0.0290533066  -0.0495958317   0.0221428332  -0.0995848403  -0.1960924886
        0.0252816677  -0.0051144632  -0.0064969538  -0.0206371967   0.0043712224
        0.0024115785
        0.0001442488  -0.0003025418  -0.0000382919  -0.0013959153   0.0009635742
       -0.0024965835  -0.0207492428   0.0048299505  -0.0033607379  -0.1812544039
        0.0178569605   0.0219140208   0.3873192953  -0.0750289857   0.0142948642
       -0.0301173432  -0.0274105592   0.0005853985  -0.0002777562  -0.0002740549
        0.0000443169  -0.0000618468  -0.0004089654   0.0000091293  -0.0005177978
       -0.0003140911   0.0000523134  -0.0008737367  -0.0001084720   0.0000853655
        0.0001586293   0.0000409484  -0.0001117424   0.0007167437  -0.0003485999
        0.0005091691   0.0008800610  -0.0000655768   0.0005070453  -0.0169723468
       -0.0017621640   0.0038718283  -0.0101060833   0.0019890679   0.0051668161
       -0.0463380285   0.0237716060   0.0328495666  -0.0805544767   0.0565719033
       -0.0738824782
        0.0000119382   0.0002772110   0.0001363322   0.0016186987  -0.0014616639
        0.0019633132   0.0124943628  -0.0023069029  -0.0015948880   0.0258268559
       -0.0626978803  -0.0058661737  -0.0750289857   0.3486626818   0.0110709185
       -0.0308200487  -0.0856652869   0.0031406603  -0.0000456706   0.0001357068
       -0.0000984193   0.0002000450   0.0001231022  -0.0000181177   0.0001580724
       -0.0002249057   0.0000194665   0.0006577399   0.0001764932   0.0000031467
       -0.0002987862   0.0002302817   0.0001036028   0.0003676905  -0.0008885147
        0.0001169105  -0.0007044741   0.0006898303  -0.0000399424  -0.0230480787
        0.0007428899   0.0046286578   0.0171850716  -0.0034700610  -0.0052249271
        0.0197788346  -0.0937727454  -0.0960628503   0.0516467342  -0.1005502363
        0.0877223101
        0.0001817894   0.0002046444   0.0001814521  -0.0026443491   0.0017282641
       -0.0033850383  -0.0200222283   0.0027760431   0.0024757642   0.0212586885
       -0.0042850238  -0.0689935354   0.0142948642   0.0110709185   0.4843904204
        0.0003369285   0.0021091506  -0.0205725778   0.0000068304   0.0007613692
       -0.0000720228   0.0001823112   0.0002582818   0.0000339373   0.0000769233
        0.0001014874  -0.0005416763  -0.0014891774  -0.0003932500   0.0002639371
        0.0000587316  -0.0000245400   0.0005763337  -0.0004393248  -0.0002583569
        0.0000370328  -0.0016282335  -0.0003967052   0.0008088101   0.0043160598
        0.0003224870   0.0001632391   0.0263042100  -0.0042971866  -0.0066852661
        0.0315447897  -0.1013356042  -0.2155011343  -0.0723388135   0.0916580207
       -0.1731796758
        0.0003922141  -0.0001191332  -0.0001494915  -0.0001165585   0.0004353644
        0.0002438745  -0.0006779776  -0.0013879750   0.0009967102  -0.0186378025
       -0.0242284011   0.0020971255  -0.0301173432  -0.0308200487   0.0003369285
        0.0530121594   0.0619727051  -0.0032479086  -0.0001143011   0.0003896366
        0.0000024428   0.0000501847   0.0003068183  -0.0000463161   0.0002852584
        0.0005224423  -0.0000316077   0.0003316833   0.0002025106  -0.0000644150
        0.0000736731   0.0001342634  -0.0000653032  -0.0011408455   0.0009007947
       -0.0005457163  -0.0001226703  -0.0004672144  -0.0004401721  -0.0056460360
       -0.0001375249   0.0005573646   0.0008739637   0.0001830289   0.0001020822
       -0.0007754593  -0.0061947190  -0.0013797047   0.0023298575  -0.0016925478
        0.0016341068
        0.0004937000  -0.0003177511  -0.0000913518   0.0000546989   0.0003015778
        0.0002536313   0.0014158026   0.0007451486   0.0008451526  -0.0131604214
       -0.0073797966   0.0020311248  -0.0274105592  -0.0856652869   0.0021091506
        0.0619727051   0.1363006525  -0.0074926972  -0.0003923378   0.0001792967
        0.0001902931  -0.0001121331  -0.0001917534   0.0000176478  -0.0002183304
        0.0006204942   0.0000038935   0.0001757876   0.0000367931  -0.0001294408
        0.0002222841  -0.0002078937  -0.0001659352   0.0002452397   0.0016205890
       -0.0003397654   0.0001017924  -0.0005947598  -0.0005485732  -0.0019619906
        0.0008647998   0.0003133809   0.0007260556   0.0014375917   0.0005642927
       -0.0109643918  -0.0229523060  -0.0010424560  -0.0111879017  -0.0247973960
        0.0034816521
        0.0000586078  -0.0000447628   0.0001216366  -0.0000122637   0.0000898729
       -0.0005250178  -0.0009788172  -0.0002556169   0.0005733636   0.0029137309
        0.0039948891   0.0005534052   0.0005853985   0.0031406603  -0.0205725778
       -0.0032479086  -0.0074926972   0.0162075424  -0.0001801358  -0.0004488016
       -0.0000119876  -0.0000390347  -0.0001489886  -0.0001148548   0.0000056323
       -0.0000159682   0.0004188198   0.0000819937   0.0002356370   0.0000771309
       -0.0001009212   0.0000003446  -0.0002895343  -0.0005036688   0.0000230921
        0.0000433660   0.0001632438   0.0003168047  -0.0003628045   0.0012804330
        0.0000974601   0.0000812361  -0.0000381223   0.0001762532   0.0001575958
       -0.0078276421  -0.0148531167   0.0028142895   0.0078394745   0.0151849380
        0.0008283907
       -0.0790318322   0.0315713010  -0.0951000884   0.0034285669  -0.0029530766
        0.0045259886   0.0000864472  -0.0001899748   0.0004355649   0.0005618732
        0.0007891297   0.0009078921  -0.0002777562  -0.0000456706   0.0000068304
       -0.0001143011  -0.0003923378  -0.0001801358   0.0838666560  -0.0366701691
        0.1066918798  -0.0143786530   0.0098980176  -0.0261729979   0.0059909192
       -0.0031375280   0.0091142539   0.0006179313   0.0008410129   0.0010832313
        0.0003542480  -0.0001320047  -0.0003359952  -0.0001629562  -0.0000999761
        0.0002653416  -0.0000440849   0.0000235944  -0.0000782664  -0.0000387884
       -0.0000124902  -0.0001096790  -0.0010712678   0.0003053454  -0.0009718062
        0.0001968178   0.0000692939  -0.0000856191   0.0000161803   0.0001355331
        0.0000036055
        0.0314423780  -0.0699996879   0.0824221213  -0.0069750168   0.0058955686
       -0.0156999918   0.0004209420   0.0000388330  -0.0002730344  -0.0005841599
       -0.0001043653  -0.0000103837  -0.0002740549   0.0001357068   0.0007613692
        0.0003896366   0.0001792967  -0.0004488016  -0.0366701691   0.0747586856
       -0.0902618416   0.0027661646   0.0013353572   0.0035289521   0.0077312142
       -0.0100533317   0.0248743986   0.0010189508  -0.0022585502  -0.0038603668
       -0.0002105459   0.0001981283  -0.0011435553  -0.0000771969  -0.0001147333
        0.0001448966   0.0001340739   0.0001710483   0.0000916571   0.0001966357
       -0.0007393844  -0.0003303360   0.0007315972   0.0006506499   0.0002367346
       -0.0000692399  -0.0000652329  -0.0000417256   0.0000287904  -0.0000279888
        0.0000099073
       -0.0955158743   0.0820971830  -0.2887078718  -0.0052370941   0.0002736851
       -0.0208995718  -0.0002301895   0.0006000085   0.0001005741  -0.0002758038
        0.0001812522   0.0001011227   0.0000443169  -0.0000984193  -0.0000720228
        0.0000024428   0.0001902931  -0.0000119876   0.1066918798  -0.0902618416
        0.3170964461  -0.0051193512   0.0017601781   0.0007059033  -0.0017039956
        0.0084578458  -0.0076977010   0.0010847450  -0.0035032209  -0.0023730832
        0.0000542593   0.0005485033   0.0006907223   0.0000786570  -0.0000584453
       -0.0003370477  -0.0001838326   0.0001778906   0.0002907900   0.0000996117
       -0.0001411156   0.0000859278   0.0003496678  -0.0002199195   0.0009321996
       -0.0000734048  -0.0000239442   0.0000526574  -0.0000660345   0.0000200667
        0.0000429427
       -0.3498515746   0.0295422369   0.0191017740  -0.0065700134   0.0034027973
        0.0034795187   0.0004972794   0.0006491099   0.0011344891   0.0005249552
        0.0001564245  -0.0000245090  -0.0000618468   0.0002000450   0.0001823112
        0.0000501847  -0.0001121331  -0.0000390347  -0.0143786530   0.0027661646
       -0.0051193512   0.3838494121  -0.0310164796  -0.0196347241  -0.0152386420
       -0.0051679622   0.0019205766   0.0006823872  -0.0003982242  -0.0005733262
        0.0004987730  -0.0004616765  -0.0003393523   0.0002484771   0.0003812007
        0.0000395502  -0.0000973293   0.0000355466  -0.0002021120  -0.0001308953
       -0.0001093349  -0.0000034423  -0.0001019081  -0.0000037385   0.0000709501
        0.0000259562   0.0000710713  -0.0000166076   0.0000534378   0.0000649523
        0.0000232894
        0.0284594189  -0.0438077789  -0.0014375128   0.0162918324  -0.0022662071
       -0.0021863337   0.0009217124  -0.0023667925  -0.0030223645  -0.0002128689
        0.0002765467  -0.0000676589  -0.0004089654   0.0001231022   0.0002582818
        0.0003068183  -0.0001917534  -0.0001489886   0.0098980176   0.0013353572
        0.0017601781  -0.0310164796   0.0448682498   0.0033545217  -0.0262445605
        0.0024376643   0.0021902004   0.0001710553   0.0005309208  -0.0000735027
        0.0009644776  -0.0005467733  -0.0003782828  -0.0001920852  -0.0001094063
        0.0000167684   0.0009928095   0.0001426808  -0.0001636034   0.0000414994
       -0.0002529747  -0.0000969364   0.0000450989  -0.0000925717   0.0000395560
       -0.0000151758  -0.0000407312  -0.0000292093  -0.0000026048  -0.0000395328
       -0.0000151132
        0.0181665218  -0.0014767223  -0.0419719098   0.0170701942  -0.0026815645
       -0.0019881174   0.0009701258  -0.0029230581  -0.0030313820   0.0000011819
        0.0000370947   0.0001390236   0.0000091293  -0.0000181177   0.0000339373
       -0.0000463161   0.0000176478  -0.0001148548  -0.0261729979   0.0035289521
        0.0007059033  -0.0196347241   0.0033545217   0.0445327345   0.0074136649
        0.0010906073   0.0021333431   0.0011607064  -0.0004162863  -0.0005566382
        0.0002045770  -0.0001928000   0.0003107575  -0.0001636818  -0.0001395959
       -0.0000209544   0.0011098168  -0.0003133911  -0.0000814689  -0.0000729832
        0.0000786036  -0.0000519321   0.0000302111   0.0000450154  -0.0000892821
       -0.0000739448  -0.0000032727   0.0000155527   0.0000285189   0.0000123660
        0.0000352876
       -0.0904861156  -0.1094006549   0.0281004324   0.0034684960   0.0046530069
       -0.0025956271   0.0012149682   0.0008171461  -0.0002842499  -0.0002095826
        0.0001100070  -0.0000369548  -0.0005177978   0.0001580724   0.0000769233
        0.0002852584  -0.0002183304   0.0000056323   0.0059909192   0.0077312142
       -0.0017039956  -0.0152386420  -0.0262445605   0.0074136649   0.0953825183
        0.1218406167  -0.0321006228   0.0002771986  -0.0003982825  -0.0001702974
        0.0004536084   0.0012913273   0.0010139897  -0.0004046365  -0.0002296923
        0.0005226004  -0.0001571866  -0.0000267929  -0.0000010153  -0.0000646771
       -0.0002305037  -0.0000361886  -0.0000169647   0.0001518783  -0.0002204455
        0.0000221039   0.0000088182  -0.0000200430   0.0000005320  -0.0000132699
        0.0000361968
       -0.1090339274  -0.2889256311   0.0632566325  -0.0056634556  -0.0204226621
       -0.0014492684  -0.0000852020   0.0009297352   0.0004817087  -0.0003749978
       -0.0000666097   0.0000589705  -0.0003140911  -0.0002249057   0.0001014874
        0.0005224423   0.0006204942  -0.0000159682  -0.0031375280  -0.0100533317
        0.0084578458  -0.0051679622   0.0024376643   0.0010906073   0.1218406167
        0.3165585934  -0.0689906474  -0.0000072294   0.0005220557   0.0004891699
        0.0008794876  -0.0019389788  -0.0035052935   0.0006421051   0.0002054639
       -0.0002756533  -0.0002609953   0.0005078479   0.0001934042  -0.0000447372
       -0.0000078515  -0.0001247608   0.0002656258  -0.0001147466   0.0003002872
       -0.0000025978   0.0000078244  -0.0000258289  -0.0000575533  -0.0000349619
       -0.0000426930
        0.0276878210   0.0633313915  -0.0587546555  -0.0077094507  -0.0170419237
        0.0044038110  -0.0002516156   0.0001291263   0.0002612113   0.0001303217
       -0.0000746130  -0.0000124033   0.0000523134   0.0000194665  -0.0005416763
       -0.0000316077   0.0000038935   0.0004188198   0.0091142539   0.0248743986
       -0.0076977010   0.0019205766   0.0021902004   0.0021333431  -0.0321006228
       -0.0689906474   0.0624986847  -0.0002546609  -0.0011068584  -0.0000034267
        0.0010185038  -0.0036358301  -0.0026831512   0.0006515323  -0.0000261103
        0.0000542079   0.0000296182  -0.0001291984   0.0000527635  -0.0000590974
        0.0001235228  -0.0001366178  -0.0001837911   0.0003274708  -0.0001214136
        0.0000304773   0.0000384367   0.0000758969  -0.0000445721  -0.0000327257
        0.0000523073
        0.0022760498  -0.0003946254   0.0056914005  -0.0843569566   0.0262611697
       -0.0862976405  -0.0169825673   0.0107096090  -0.0217165858  -0.0054061205
       -0.0000836353   0.0009629232  -0.0008737367   0.0006577399  -0.0014891774
        0.0003316833   0.0001757876   0.0000819937   0.0006179313   0.0010189508
        0.0010847450   0.0006823872   0.0001710553   0.0011607064   0.0002771986
       -0.0000072294  -0.0002546609   0.0976790202  -0.0344468321   0.0926448888
        0.0057170280  -0.0041826299   0.0086104788   0.0002000225  -0.0000441000
       -0.0004532755   0.0001174652   0.0003036275  -0.0005164918  -0.0000249828
       -0.0001497547   0.0002962396   0.0001470316   0.0000485149   0.0002638677
        0.0000170309  -0.0000885184  -0.0000885509  -0.0004184847   0.0000508705
        0.0000191391
       -0.0065756159   0.0025281881  -0.0230815447   0.0273593556  -0.0649173695
        0.0635831431   0.0021796058  -0.0004811509   0.0013933880   0.0011732734
        0.0006309805   0.0000983644  -0.0001084720   0.0001764932  -0.0003932500
        0.0002025106   0.0000367931   0.0002356370   0.0008410129  -0.0022585502
       -0.0035032209  -0.0003982242   0.0005309208  -0.0004162863  -0.0003982825
        0.0005220557  -0.0011068584  -0.0344468321   0.0749157515  -0.0622405426
        0.0095581081  -0.0119381794   0.0256217334  -0.0004545256  -0.0000804438
       -0.0003522819   0.0007822684  -0.0002382050   0.0001251452   0.0000343524
        0.0003711035   0.0000550517   0.0000210919  -0.0000595462  -0.0001610936
        0.0000806581   0.0000795811   0.0001127027   0.0001497151   0.0001815774
        0.0000299128
       -0.0065937718   0.0002289370  -0.0287221693  -0.0833654426   0.0575278048
       -0.2087725916  -0.0005847143   0.0002078025   0.0014922425   0.0003811899
        0.0000033407   0.0009693139   0.0000853655   0.0000031467   0.0002639371
       -0.0000644150  -0.0001294408   0.0000771309   0.0010832313  -0.0038603668
       -0.0023730832  -0.0005733262  -0.0000735027  -0.0005566382  -0.0001702974
        0.0004891699  -0.0000034267   0.0926448888  -0.0622405426   0.2464809799
       -0.0040842174   0.0083523602  -0.0099235845   0.0001678045  -0.0001098411
        0.0002447478   0.0009720359  -0.0001019532   0.0008339182  -0.0000389033
       -0.0001542254  -0.0002090104   0.0001039849  -0.0001095154   0.0000966178
       -0.0000146307   0.0000625507   0.0000233994   0.0000512179  -0.0000957245
        0.0000782166
        0.0022308775   0.0059394473  -0.0002667307  -0.0786993593  -0.0829383544
        0.0202545997  -0.0177803754  -0.0243860733   0.0087783799   0.0013641274
       -0.0010876885   0.0005703971   0.0001586293  -0.0002987862   0.0000587316
        0.0000736731   0.0002222841  -0.0001009212   0.0003542480  -0.0002105459
        0.0000542593   0.0004987730   0.0009644776   0.0002045770   0.0004536084
        0.0008794876   0.0010185038   0.0057170280   0.0095581081  -0.0040842174
        0.0922995893   0.0907054498  -0.0269940882  -0.0061520786   0.0001967719
        0.0010841006   0.0000800843  -0.0002154703   0.0000226806  -0.0005662941
        0.0008752425  -0.0004450543  -0.0000545352  -0.0000370163  -0.0000816947
       -0.0000386303  -0.0001135273   0.0000035798   0.0000606344  -0.0000538066
       -0.0000771030
       -0.0060122684  -0.0265940088  -0.0011406172  -0.0802510647  -0.2223834722
        0.0494766620  -0.0023857919   0.0009930898   0.0011191624   0.0008458596
        0.0010506132  -0.0005729410   0.0000409484   0.0002302817  -0.0000245400
        0.0001342634  -0.0002078937   0.0000003446  -0.0001320047   0.0001981283
        0.0005485033  -0.0004616765  -0.0005467733  -0.0001928000   0.0012913273
       -0.0019389788  -0.0036358301  -0.0041826299  -0.0119381794   0.0083523602
        0.0907054498   0.2603463804  -0.0544999259   0.0002879730   0.0005984997
        0.0003132291   0.0000227074   0.0001005660   0.0001508665  -0.0000297064
        0.0001189661   0.0000676355  -0.0000524236  -0.0001759967  -0.0000591721
        0.0000426608   0.0000336042   0.0000443279   0.0001363762   0.0001151733
        0.0000527349
       -0.0068548447  -0.0249266719   0.0013356676   0.0207969174   0.0560870232
       -0.0580179173   0.0034469430   0.0036423780  -0.0005617957  -0.0004056195
       -0.0005565263   0.0004863695  -0.0001117424   0.0001036028   0.0005763337
       -0.0000653032  -0.0001659352  -0.0002895343  -0.0003359952  -0.0011435553
        0.0006907223  -0.0003393523  -0.0003782828   0.0003107575   0.0010139897
       -0.0035052935  -0.0026831512   0.0086104788   0.0256217334  -0.0099235845
       -0.0269940882  -0.0544999259   0.0679339874   0.0012572997  -0.0002793683
        0.0006348692   0.0004161010   0.0003516779  -0.0000726302  -0.0002465708
       -0.0000447855  -0.0000015534  -0.0001997439  -0.0003109658  -0.0002882572
        0.0000641732   0.0000647659  -0.0001071064  -0.0000526424  -0.0000598704
       -0.0000231770
        0.0018430453  -0.0005605050  -0.0008891793  -0.0200117142  -0.0275200929
        0.0055515227  -0.0790439065  -0.0813848997   0.0143226467   0.0043089099
        0.0110284589  -0.0022998376   0.0007167437   0.0003676905  -0.0004393248
       -0.0011408455   0.0002452397  -0.0005036688  -0.0001629562  -0.0000771969
        0.0000786570   0.0002484771  -0.0001920852  -0.0001636818  -0.0004046365
        0.0006421051   0.0006515323   0.0002000225  -0.0004545256   0.0001678045
       -0.0061520786   0.0002879730   0.0012572997   0.0970253621   0.0940644693
       -0.0155997244   0.0031500439   0.0023571172  -0.0006180264  -0.0009284412
        0.0013932183  -0.0019443424   0.0003868274  -0.0001211312   0.0003877973
       -0.0000330207   0.0001003821   0.0000169262  -0.0000018323  -0.0001762176
        0.0000235992
        0.0010116951   0.0013121311   0.0000326728  -0.0022542165   0.0002032636
       -0.0001566980  -0.0825624742  -0.2275415987   0.0306411298  -0.0033387324
       -0.0165552101   0.0066333258  -0.0003485999  -0.0008885147  -0.0002583569
        0.0009007947   0.0016205890   0.0000230921  -0.0000999761  -0.0001147333
       -0.0000584453   0.0003812007  -0.0001094063  -0.0001395959  -0.0002296923
        0.0002054639  -0.0000261103  -0.0000441000  -0.0000804438  -0.0001098411
        0.0001967719   0.0005984997  -0.0002793683   0.0940644693   0.2643481563
       -0.0367072249  -0.0084827318  -0.0222621876  -0.0019461462   0.0014165561
       -0.0009624089   0.0030999889  -0.0002389986   0.0007189162  -0.0006181432
       -0.0000905073  -0.0004802035   0.0000622272  -0.0002814585  -0.0000123129
       -0.0001925063
       -0.0003342242   0.0010674352   0.0003489964   0.0045179095   0.0036533811
       -0.0008505489   0.0143304644   0.0305826405  -0.0501161997   0.0067089537
        0.0235914197  -0.0062341662   0.0005091691   0.0001169105   0.0000370328
       -0.0005457163  -0.0003397654   0.0000433660   0.0002653416   0.0001448966
       -0.0003370477   0.0000395502   0.0000167684  -0.0000209544   0.0005226004
       -0.0002756533   0.0000542079  -0.0004532755  -0.0003522819   0.0002447478
        0.0010841006   0.0003132291   0.0006348692  -0.0155997244  -0.0367072249
        0.0573519022  -0.0096015197  -0.0253683903   0.0015251551  -0.0021736159
        0.0032683330  -0.0033489028   0.0005646978   0.0004429258   0.0006157286
        0.0000199961  -0.0000160922  -0.0000143056   0.0001452925  -0.0001385320
        0.0000661193
       -0.0069070350   0.0017890126   0.0027792254  -0.0063914125   0.0149254345
        0.0206612067  -0.0498359820   0.0189635426   0.0317874383   0.0008713092
       -0.0054363314  -0.0118778757   0.0008800610  -0.0007044741  -0.0016282335
       -0.0001226703   0.0001017924   0.0001632438  -0.0000440849   0.0001340739
       -0.0001838326  -0.0000973293   0.0009928095   0.0011098168  -0.0001571866
       -0.0002609953   0.0000296182   0.0001174652   0.0007822684   0.0009720359
        0.0000800843   0.0000227074   0.0004161010   0.0031500439  -0.0084827318
       -0.0096015197   0.0593181744  -0.0245167449  -0.0330139011   0.0003502342
       -0.0001243084   0.0006181516  -0.0007820362   0.0013434219  -0.0024301334
       -0.0004652810   0.0004359643   0.0000792872   0.0000356456   0.0000345583
        0.0001193714
        0.0015227329   0.0004333141  -0.0004356641   0.0009849205  -0.0020811665
       -0.0026334482   0.0201410632  -0.1096433305  -0.0993017073  -0.0013217329
        0.0065998245   0.0103064718  -0.0000655768   0.0006898303  -0.0003967052
       -0.0004672144  -0.0005947598   0.0003168047   0.0000235944   0.0001710483
        0.0001778906   0.0000355466   0.0001426808  -0.0003133911  -0.0000267929
        0.0005078479  -0.0001291984   0.0003036275  -0.0002382050  -0.0001019532
       -0.0002154703   0.0001005660   0.0003516779   0.0023571172  -0.0222621876
       -0.0253683903  -0.0245167449   0.1252558948   0.1143446806  -0.0001214557
        0.0008174727   0.0005698286   0.0014591808   0.0000757377   0.0024593356
       -0.0000442131   0.0000286573  -0.0000144305  -0.0000485823  -0.0000032251
        0.0001681985
        0.0015177120   0.0002892926   0.0008026686   0.0026821446  -0.0045368905
       -0.0057176854   0.0326556683  -0.0998441220  -0.1975198989  -0.0002024058
       -0.0104728026  -0.0267637318   0.0005070453  -0.0000399424   0.0008088101
       -0.0004401721  -0.0005485732  -0.0003628045  -0.0000782664   0.0000916571
        0.0002907900  -0.0002021120  -0.0001636034  -0.0000814689  -0.0000010153
        0.0001934042   0.0000527635  -0.0005164918   0.0001251452   0.0008339182
        0.0000226806   0.0001508665  -0.0000726302  -0.0006180264  -0.0019461462
        0.0015251551  -0.0330139011   0.1143446806   0.2299021652   0.0004133205
       -0.0005278058   0.0003854245  -0.0024432595   0.0024715448  -0.0044811560
       -0.0006588251   0.0003134439   0.0002199376   0.0003759043   0.0000998511
        0.0001777427
       -0.0001354852  -0.0001360505   0.0000653387   0.0011910939   0.0011486963
       -0.0005934916   0.0041127182   0.0108457797  -0.0027174415  -0.0817226281
       -0.0838173652   0.0160950465  -0.0169723468  -0.0230480787   0.0043160598
       -0.0056460360  -0.0019619906   0.0012804330  -0.0000387884   0.0001966357
        0.0000996117  -0.0001308953   0.0000414994  -0.0000729832  -0.0000646771
       -0.0000447372  -0.0000590974  -0.0000249828   0.0000343524  -0.0000389033
       -0.0005662941  -0.0000297064  -0.0002465708  -0.0009284412   0.0014165561
       -0.0021736159   0.0003502342  -0.0001214557   0.0004133205   0.0972986883
        0.0953187445  -0.0157334570   0.0025906352   0.0010486341  -0.0006321571
        0.0004621906  -0.0002197938   0.0000236517   0.0002250145  -0.0006717201
       -0.0000257440
        0.0001345630  -0.0000294964  -0.0000069987  -0.0005897067   0.0004124518
       -0.0002663224  -0.0036088183  -0.0164862051   0.0065721306  -0.0823173130
       -0.2165285341   0.0290533066  -0.0017621640   0.0007428899   0.0003224870
       -0.0001375249   0.0008647998   0.0000974601  -0.0000124902  -0.0007393844
       -0.0001411156  -0.0001093349  -0.0002529747   0.0000786036  -0.0002305037
       -0.0000078515   0.0001235228  -0.0001497547   0.0003711035  -0.0001542254
        0.0008752425   0.0001189661  -0.0000447855   0.0013932183  -0.0009624089
        0.0032683330  -0.0001243084   0.0008174727  -0.0005278058   0.0953187445
        0.2532757415  -0.0362542071  -0.0090858633  -0.0225415645  -0.0018165793
        0.0002213451   0.0003763770   0.0000184113   0.0001846688   0.0005686172
       -0.0003222153
        0.0000389201  -0.0003269495  -0.0001177086   0.0005729568  -0.0000895832
        0.0007278100   0.0069310451   0.0235756653  -0.0067458127   0.0156285609
        0.0303122553  -0.0495958317   0.0038718283   0.0046286578   0.0001632391
        0.0005573646   0.0003133809   0.0000812361  -0.0001096790  -0.0003303360
        0.0000859278  -0.0000034423  -0.0000969364  -0.0000519321  -0.0000361886
       -0.0001247608  -0.0001366178   0.0002962396   0.0000550517  -0.0002090104
       -0.0004450543   0.0000676355  -0.0000015534  -0.0019443424   0.0030999889
       -0.0033489028   0.0006181516   0.0005698286   0.0003854245  -0.0157334570
       -0.0362542071   0.0570131520  -0.0098069611  -0.0252924458   0.0015272043
        0.0000950606   0.0000906484  -0.0000865954  -0.0005310028  -0.0001978937
        0.0003099711
       -0.0005945914   0.0004124038  -0.0003454329   0.0001981032  -0.0002350390
       -0.0002959068   0.0011536625  -0.0058184604  -0.0120241972  -0.0458879328
        0.0125470577   0.0221428332  -0.0101060833   0.0171850716   0.0263042100
        0.0008739637   0.0007260556  -0.0000381223  -0.0010712678   0.0007315972
        0.0003496678  -0.0001019081   0.0000450989   0.0000302111  -0.0000169647
        0.0002656258  -0.0001837911   0.0001470316   0.0000210919   0.0001039849
       -0.0000545352  -0.0000524236  -0.0001997439   0.0003868274  -0.0002389986
        0.0005646978  -0.0007820362   0.0014591808  -0.0024432595   0.0025906352
       -0.0090858633  -0.0098069611   0.0587825557  -0.0193686234  -0.0261215101
       -0.0060573857   0.0014001040   0.0015453145   0.0005399258   0.0000061212
        0.0004180056
        0.0002399158  -0.0005437416   0.0004990673  -0.0000336121   0.0001785417
       -0.0001166458  -0.0012715497   0.0068545721   0.0103652223   0.0142115452
       -0.1098017507  -0.0995848403   0.0019890679  -0.0034700610  -0.0042971866
        0.0001830289   0.0014375917   0.0001762532   0.0003053454   0.0006506499
       -0.0002199195  -0.0000037385  -0.0000925717   0.0000450154   0.0001518783
       -0.0001147466   0.0003274708   0.0000485149  -0.0000595462  -0.0001095154
       -0.0000370163  -0.0001759967  -0.0003109658  -0.0001211312   0.0007189162
        0.0004429258   0.0013434219   0.0000757377   0.0024715448   0.0010486341
       -0.0225415645  -0.0252924458  -0.0193686234   0.1262617263   0.1157866012
        0.0013088280   0.0008130050   0.0000047641   0.0000054907  -0.0001907618
       -0.0001873457
        0.0006252357  -0.0000819912   0.0005606310   0.0004308022  -0.0004778197
        0.0000088130  -0.0005816357  -0.0108186752  -0.0257068306   0.0227821074
       -0.0994822347  -0.1960924886   0.0051668161  -0.0052249271  -0.0066852661
        0.0001020822   0.0005642927   0.0001575958  -0.0009718062   0.0002367346
        0.0009321996   0.0000709501   0.0000395560  -0.0000892821  -0.0002204455
        0.0003002872  -0.0001214136   0.0002638677  -0.0001610936   0.0000966178
       -0.0000816947  -0.0000591721  -0.0002882572   0.0003877973  -0.0006181432
        0.0006157286  -0.0024301334   0.0024593356  -0.0044811560  -0.0006321571
       -0.0018165793   0.0015272043  -0.0261215101   0.1157866012   0.2287041826
        0.0015959388  -0.0006021087   0.0003673333  -0.0003862148  -0.0000440623
        0.0004943881
       -0.0000097631   0.0000527136  -0.0002099416   0.0001598139  -0.0000514318
        0.0000352974   0.0010827371  -0.0001702781   0.0011217729  -0.0093124429
        0.0143404505   0.0252816677  -0.0463380285   0.0197788346   0.0315447897
       -0.0007754593  -0.0109643918  -0.0078276421   0.0001968178  -0.0000692399
       -0.0000734048   0.0000259562  -0.0000151758  -0.0000739448   0.0000221039
       -0.0000025978   0.0000304773   0.0000170309   0.0000806581  -0.0000146307
       -0.0000386303   0.0000426608   0.0000641732  -0.0000330207  -0.0000905073
        0.0000199961  -0.0004652810  -0.0000442131  -0.0006588251   0.0004621906
        0.0002213451   0.0000950606  -0.0060573857   0.0013088280   0.0015959388
        0.0583255298  -0.0198931384  -0.0389640754   0.0027378312  -0.0045245168
       -0.0119667091
       -0.0000044568   0.0002055672   0.0000641595   0.0000389014  -0.0001415917
       -0.0001794763  -0.0006333131   0.0002086021  -0.0001867299   0.0027487057
       -0.0018940311  -0.0051144632   0.0237716060  -0.0937727454  -0.1013356042
       -0.0061947190  -0.0229523060  -0.0148531167   0.0000692939  -0.0000652329
       -0.0000239442   0.0000710713  -0.0000407312  -0.0000032727   0.0000088182
        0.0000078244   0.0000384367  -0.0000885184   0.0000795811   0.0000625507
       -0.0001135273   0.0000336042   0.0000647659   0.0001003821  -0.0004802035
       -0.0000160922   0.0004359643   0.0000286573   0.0003134439  -0.0002197938
        0.0003763770   0.0000906484   0.0014001040   0.0008130050  -0.0006021087
       -0.0198931384   0.1096629923   0.1095091497  -0.0014973800   0.0079306311
        0.0121716534
        0.0001073639  -0.0000573076   0.0001628394  -0.0001669491   0.0000373957
       -0.0002073319  -0.0008385647   0.0004800296   0.0011944874   0.0046878438
       -0.0032794386  -0.0064969538   0.0328495666  -0.0960628503  -0.2155011343
       -0.0013797047  -0.0010424560   0.0028142895  -0.0000856191  -0.0000417256
        0.0000526574  -0.0000166076  -0.0000292093   0.0000155527  -0.0000200430
       -0.0000258289   0.0000758969  -0.0000885509   0.0001127027   0.0000233994
        0.0000035798   0.0000443279  -0.0001071064   0.0000169262   0.0000622272
       -0.0000143056   0.0000792872  -0.0000144305   0.0002199376   0.0000236517
        0.0000184113  -0.0000865954   0.0015453145   0.0000047641   0.0003673333
       -0.0389640754   0.1095091497   0.2449071868   0.0022465809  -0.0097157611
       -0.0274201532
       -0.0000674969   0.0001480698   0.0001286056  -0.0008058149   0.0006579055
       -0.0012778092  -0.0054327455   0.0007395766   0.0015031727  -0.0165651536
        0.0140641047  -0.0206371967  -0.0805544767   0.0516467342  -0.0723388135
        0.0023298575  -0.0111879017   0.0078394745   0.0000161803   0.0000287904
       -0.0000660345   0.0000534378  -0.0000026048   0.0000285189   0.0000005320
       -0.0000575533  -0.0000445721  -0.0004184847   0.0001497151   0.0000512179
        0.0000606344   0.0001363762  -0.0000526424  -0.0000018323  -0.0002814585
        0.0001452925   0.0000356456  -0.0000485823   0.0003759043   0.0002250145
        0.0001846688  -0.0005310028   0.0005399258   0.0000054907  -0.0003862148
        0.0027378312  -0.0014973800   0.0022465809   0.0978469455  -0.0546859513
        0.0830155189
        0.0000292589   0.0001175033   0.0000380407   0.0002471516  -0.0002556771
        0.0004529794   0.0012066201   0.0006818712  -0.0005843078   0.0034710610
       -0.0022873090   0.0043712224   0.0565719033  -0.1005502363   0.0916580207
       -0.0016925478  -0.0247973960   0.0151849380   0.0001355331  -0.0000279888
        0.0000200667   0.0000649523  -0.0000395328   0.0000123660  -0.0000132699
       -0.0000349619  -0.0000327257   0.0000508705   0.0001815774  -0.0000957245
       -0.0000538066   0.0001151733  -0.0000598704  -0.0001762176  -0.0000123129
       -0.0001385320   0.0000345583  -0.0000032251   0.0000998511  -0.0006717201
        0.0005686172  -0.0001978937   0.0000061212  -0.0001907618  -0.0000440623
       -0.0045245168   0.0079306311  -0.0097157611  -0.0546859513   0.1186040282
       -0.1009686075
       -0.0000328261  -0.0000230102   0.0002090137   0.0001532600  -0.0000099768
        0.0000897033   0.0002605601  -0.0001050010   0.0005367848   0.0002782076
       -0.0017698999   0.0024115785  -0.0738824782   0.0877223101  -0.1731796758
        0.0016341068   0.0034816521   0.0008283907   0.0000036055   0.0000099073
        0.0000429427   0.0000232894  -0.0000151132   0.0000352876   0.0000361968
       -0.0000426930   0.0000523073   0.0000191391   0.0000299128   0.0000782166
       -0.0000771030   0.0000527349  -0.0000231770   0.0000235992  -0.0001925063
        0.0000661193   0.0001193714   0.0001681985   0.0001777427  -0.0000257440
       -0.0003222153   0.0003099711   0.0004180056  -0.0001873457   0.0004943881
       -0.0119667091   0.0121716534  -0.0274201532   0.0830155189  -0.1009686075
        0.1952905597
