$coord
          2.009320657883         -1.139826762775         -3.402422753011     n 
          4.010357983826         -3.118823741028         -3.279394905027     c 
          3.988088873282         -4.630781869954         -0.822150183664     c 
          4.598387840778         -3.072449717322          1.566434936754     c 
          2.294096409207         -2.352419859274          3.160078127696     c 
          0.583522521924         -0.555507405401          1.929168948038     n 
          0.825275653001          2.202086966662          2.402475672141     c 
         -1.638130349743          3.328945184266          1.152973233204     c 
         -1.149250204553          4.960974070390         -1.112110429500     c 
          1.156522784067          5.630160260288         -1.863184496061     c 
          3.391466313575          4.831538901350         -0.525752778568     c 
          3.267750083592          3.275710323229          1.441413693211     c 
         -1.822774117883         -1.187353428981          0.994194183439     c 
         -3.196165226374          1.021789396241          0.492299106163     c 
         -5.614928291892          0.879089012253         -0.459739737116     c 
         -6.666259451134         -1.469959422104         -0.919580870312     c 
         -5.317523537765         -3.656363636827         -0.420170729559     c 
         -2.900428618947         -3.539951910254          0.542106717133     c 
          1.909071464447         -0.310185849634         -5.165290990584     h 
          2.323703978890          0.285702439670         -2.099339881498     h 
          0.263087008690         -1.899931910528         -3.000077723294     h 
          5.864159743939         -2.233411851824         -3.543643019732     h 
          3.774718343528         -4.399136431146         -4.893580906330     h 
          5.335736193199         -6.199765274872         -0.992698862570     h 
          2.147729824596         -5.546592462420         -0.594614541449     h 
          5.627954551184         -1.364008991052          1.020520291821     h 
          5.925935459509         -4.128225664875          2.761449985209     h 
          2.886641104722         -1.513259967747          4.955386474657     h 
          1.217506930286         -4.040900705748          3.667036784801     h 
          0.731132158816          2.471427777150          4.463914255499     h 
         -2.669698934342          4.451805930209          2.564363919190     h 
         -2.766158383866          5.587251291562         -2.183284637174     h 
          1.380196364447          6.819154657364         -3.502473200568     h 
          5.195502235111          5.564693644999         -1.125969921119     h 
          4.977545237677          2.773175653466          2.427552082453     h 
         -6.663954204495          2.583004456012         -0.824714549525     h 
         -8.560220280630         -1.598770165029         -1.658203966096     h 
         -6.176926226951         -5.470364918742         -0.770054076020     h 
         -1.870901014908         -5.240108272604          0.964083419042     h 
$end
