$coord
          7.614671044633          2.256302891776          1.466331205729     n 
          7.445471060113          0.582209526350         -0.783531094855     c 
          5.153587208944         -1.136695539789         -0.601679558755     c 
          2.900802830416          0.316139130771         -0.451041417010     o 
          0.747239721903         -1.031224928864         -0.210344065805     c 
          0.590926463469         -3.694976637507         -0.032054049715     c 
         -1.694033775941         -4.897103028010          0.246021326767     c 
         -3.925605472163         -3.552291269470          0.355766494388     c 
         -3.923714278274         -0.898964070376          0.170751527003     c 
         -6.167840719573          0.528988387181          0.256685877999     c 
         -6.096454705745          3.107037553730          0.049532896028     c 
         -3.804730552859          4.353028776218         -0.253123452433     c 
         -1.586207494064          3.006899640963         -0.339885357319     c 
         -1.591631199534          0.384474615557         -0.124066152427     c 
          5.946029735858          3.220425328934          1.670776674342     h 
          9.060360962412          3.539883157111          1.308317737236     h 
          7.890778228263          1.214104542587          3.077428777646     h 
          9.189020177284         -0.518518178956         -0.982606030350     h 
          7.279975335864          1.747396845246         -2.487814477893     h 
          5.267603316892         -2.302737378209          1.104819979226     h 
          5.004006614154         -2.377111350741         -2.255182272005     h 
          2.285593081796         -4.810812373532         -0.111738492693     h 
         -1.746535036105         -6.929419695964          0.382156228331     h 
         -5.696317919443         -4.528564904698          0.575947059781     h 
         -7.946593144233         -0.432027058003          0.484250079454     h 
         -7.827269093347          4.179804129527          0.116745761524     h 
         -3.769554348386          6.382535416393         -0.422416012170     h 
          0.196139638540          3.954305684073         -0.592480588641     h 
$end
