           1           2  0.94230322685119539     
           2           3   1.0074528806035616     
           3           4   1.0084375485976182     
           4           5  0.99481096934905944     
           5           6  0.99385423737313783     
           6           7   1.1892260857862853     
           6           8   1.6834243462143095     
           7           8  0.16857049489627024     
           1           9  0.91517793268762559     
           1          10  0.91803244001378015     
           1          11  0.83173932048046051     
           2          12  0.96637353508202317     
           2          13  0.96936074255278426     
           3          14  0.96367328458550472     
           3          15  0.97130640054546435     
           4          16  0.97183447534956846     
           4          17  0.97132069176944413     
           5          18  0.93608801972107991     
           5          19  0.96272423531704554     
           7          20  0.85339408660861993     
