   -0.14609876
   -0.03605903
    0.05880376
   -0.30628897
    0.11063051
   -0.00955831
   -0.04200369
   -0.03134850
    0.00602886
    0.01252518
   -0.03669876
   -0.06367217
   -0.03353551
   -0.02897630
    0.01747451
   -0.02763325
   -0.02317653
   -0.03057101
    0.01399074
    0.00705962
    0.26309325
    0.31083257
    0.26199282
    0.11756748
    0.10828575
    0.08432291
    0.06248544
    0.01089579
    0.04113956
    0.05230772
    0.03629780
    0.04682908
    0.04992183
    0.04971540
    0.04918012
    0.04424010
