           1           2  0.97393596631084289     
           2           3  0.98806805918511187     
           3           4   1.0274808154614861     
           4           5   1.5715082401514093     
           5           6   1.3041907075860184     
           6           7   1.5045948895782257     
           7           8   1.1651823560453252     
           8           9   1.4740861800517104     
           9          10   1.3159057998394741     
          10          11   1.0268513472016887     
          10          12   1.4434374193749768     
          12          13   1.1476208101624030     
          13          14   1.4259482086084587     
          14          15   1.3653841958731228     
          15          16   1.4362548603619629     
          16          17   1.1239458719814741     
          17          18   1.4885300113942683     
          18          19   1.0265098985179080     
          18          20   1.2695719435147252     
          20          21   1.6065881395416350     
          17          22   1.1218905137403639     
          21          22   1.2019548105382185     
          16          23   1.1947029891891758     
          23          24   1.3846793257257306     
          24          25   1.4181279382076792     
          24          26  0.16005803571159244     
          25          26   1.4075822595052443     
          13          27   1.1875431348645318     
          23          27   1.1707861544511100     
          25          27  0.10129249805340070     
          26          27   1.3897100029415683     
           8          28   1.1285652649938720     
          12          28   1.1165330335437644     
           4          29   1.1514711452695012     
           7          29   1.1133250909076109     
           1          31  0.82903899087848898     
           1          32  0.89287738207960288     
           1          33  0.88684292656793218     
           2          34  0.96312381368313948     
           2          35  0.96798496031723325     
           3          36  0.95776835153463824     
           3          37  0.95855031626263054     
           5          38  0.96184910126029455     
           6          39  0.96136953428317906     
           9          40  0.95952806606686036     
          11          41  0.97902060517878664     
          11          42  0.97293051850305534     
          11          43  0.96171734577316248     
          14          44  0.96086083662850896     
          15          45  0.96261275607131824     
          19          46  0.97595545869722700     
          19          47  0.96245702892760809     
          19          48  0.97839662064051058     
          20          49  0.96280696736314808     
          21          50  0.96743926921749557     
