           1           2  0.94687044669111775     
           2           3   1.0100867925367214     
           3           4   1.0069915389341910     
           4           5   1.0063999553480045     
           5           6   1.0217094571929874     
           1           8  0.91838849390638488     
           1           9  0.91425722416791499     
           1          10  0.84499815199022654     
           2          11  0.96652195027770926     
           2          12  0.96532666688114988     
           3          13  0.96957121925465961     
           3          14  0.96682323242800861     
           4          15  0.97575366558150101     
           4          16  0.97319492825823750     
           5          17  0.97617598944230188     
           5          18  0.97606335834676394     
           6          19  0.98580684104101723     
           6          20  0.98693441494831646     
           6          21  0.98487421023746136     
