           1           2  0.94543000180877546     
           2           3   1.0093369357100606     
           3           4   1.0020418270956657     
           4           5   1.0078236674074890     
           5           6   1.0208919844530522     
           1           8  0.84282936811921838     
           1           9  0.91896060209776365     
           1          10  0.91917395140793245     
           2          11  0.96567231338154658     
           2          12  0.96280338939891841     
           3          13  0.97358362844843482     
           3          14  0.97356222031462103     
           4          15  0.97364001856480420     
           4          16  0.97513652218317881     
           5          17  0.97451188809295208     
           5          18  0.97686865303174653     
           6          19  0.98680066791819210     
           6          20  0.98583202338954590     
           6          21  0.98672130620333121     
