           1           2  0.94106366234953187     
           2           3   1.0058466760318543     
           3           4   1.0019944003258690     
           4           5   1.0058475683659067     
           5           6   1.0078068461878387     
           6           7   1.0080127984122313     
           7           8   1.0067585532105885     
           8           9   1.0081312442013166     
           9          10   1.0079875783200920     
          10          11   1.0071134577210763     
          11          12   1.0083505132947581     
          12          13   1.0204362112439485     
           1          15  0.84414172115132002     
           1          16  0.92248829078035710     
           1          17  0.91915417175705383     
           2          18  0.97142990936753271     
           2          19  0.96745282120423248     
           3          20  0.96117464501988836     
           3          21  0.97292907036284115     
           4          22  0.97648517047524896     
           4          23  0.97550830860888604     
           5          24  0.97611680401092604     
           5          25  0.97529516097184565     
           6          26  0.97308680290603089     
           6          27  0.97224218066310542     
           7          28  0.97679436898711880     
           7          29  0.97658428013048337     
           8          30  0.97620703989753443     
           8          31  0.97624410380288440     
           9          32  0.97663812804105210     
           9          33  0.97081857859334242     
          10          34  0.97659605191900933     
          10          35  0.97646515828082392     
          11          36  0.97669428188714558     
          11          37  0.97690119949584098     
          12          38  0.97463760088979801     
          12          39  0.97711975920641836     
          13          40  0.98737392974420191     
          13          41  0.98764198232208067     
          13          42  0.98715277513823041     
