           1           2  0.92579441300506238     
           2           3   1.0076080226607178     
           3           4   1.0049197299963766     
           4           5   1.0067015490389839     
           5           6   1.0064060615014800     
           6           7   1.0061343151264612     
           7           8   1.0079389363497047     
           8           9   1.0067311751400738     
           9          10   1.0070747537490339     
          10          11   1.0072181704482626     
          11          12   1.0071808064744419     
          12          13   1.0207852010069949     
           1          14  0.91370640280183801     
           1          15  0.90947416135761749     
           1          16  0.90260670992519376     
           2          17  0.96713270927313411     
           2          18  0.96130092461654082     
           3          19  0.97089233828715904     
           3          20  0.96107137442272061     
           4          21  0.97192375361009808     
           4          22  0.97099729204814533     
           5          23  0.97252655461711779     
           5          24  0.97384415988448225     
           6          25  0.97661419602209110     
           6          26  0.97552146646526672     
           7          27  0.97651034917179946     
           7          28  0.97495452161777363     
           8          29  0.97639982257544200     
           8          30  0.97458596046654633     
           9          31  0.97679766077666941     
           9          32  0.97631619573042694     
          10          33  0.97670148233687815     
          10          34  0.97692099858023618     
          11          35  0.97685999438534221     
          11          36  0.97671160814363200     
          12          37  0.97749663561839439     
          12          38  0.97761780014319033     
          13          39  0.98719592728240380     
          13          40  0.98648100615878787     
          13          41  0.98729740882221484     
