           1           2  0.94737463962752322     
           2           3   1.0103246585372894     
           3           4   1.0064163982725447     
           4           5   1.0064894061067298     
           5           6   1.0071630717333233     
           6           7   1.0074153437663529     
           7           8   1.0073911953141714     
           8           9   1.0207325119033104     
           1          11  0.91846069122888496     
           1          12  0.91383343898585079     
           1          13  0.84372585382545651     
           2          14  0.96636196787637296     
           2          15  0.96544836832522463     
           3          16  0.97216673560584355     
           3          17  0.96692064170816416     
           4          18  0.97518804922248947     
           4          19  0.97285243907268026     
           5          20  0.97615617269840960     
           5          21  0.97564808220371491     
           6          22  0.97632159058335588     
           6          23  0.97648192294169700     
           7          24  0.97659725299424704     
           7          25  0.97654407992665182     
           8          26  0.97738351994328554     
           8          27  0.97742775713291186     
           9          28  0.98724150124309529     
           9          29  0.98661285413319222     
           9          30  0.98727172728976154     
