$hessian                                                                        
        0.5330559487   0.0383870536   0.0466892730  -0.1063216630   0.0387224525
        0.0346066550  -0.0303402158   0.0175310167   0.0149020214   0.0012273947
        0.0001649516  -0.0004236398   0.0001285546   0.0001732673   0.0001820721
       -0.0000489173   0.0001904516  -0.0000451065  -0.0000338056   0.0000724326
       -0.0000082425   0.0015869749  -0.0004957262   0.0000835747  -0.0429085651
       -0.0323055700   0.0055337091  -0.0517288609   0.0060760547  -0.0405884794
       -0.2951144634  -0.0720306374  -0.0639616929  -0.0013788718   0.0009945438
        0.0030067283  -0.0009650892   0.0035218993   0.0007105026  -0.0069370226
       -0.0016921015  -0.0019748764   0.0018478232  -0.0000603299   0.0010897391
       -0.0016004479   0.0000793412   0.0002820494  -0.0001920313   0.0001399024
        0.0001012526   0.0000779593   0.0000549751  -0.0001437173   0.0000554543
        0.0000888252   0.0000668264  -0.0000753532  -0.0000062971  -0.0000362123
       -0.0000977807   0.0000765821   0.0000172120  -0.0001639319   0.0000273406
       -0.0000029139  -0.0000257136   0.0001600620  -0.0000507398  -0.0000473764
        0.0001295097  -0.0000359950
        0.0383870536   0.5393719556  -0.0291020217   0.0325367207  -0.1034579788
       -0.0298260431   0.0022698158   0.0033609964   0.0016123841  -0.0000694309
       -0.0007610220  -0.0000279477   0.0000878970   0.0002215908   0.0001022615
        0.0002239861  -0.0001079897  -0.0000765845   0.0000564545  -0.0000383638
       -0.0000185102  -0.0026480975  -0.0126295046   0.0031181710  -0.0284441743
       -0.2914509395   0.0519176111   0.0051893533  -0.0492883168   0.0387978105
       -0.0686675345  -0.0632714681  -0.0176491969  -0.0006458270   0.0013575633
       -0.0004168974   0.0242953458  -0.0244048056  -0.0194535568  -0.0005891253
        0.0010490253   0.0003785604  -0.0005018291   0.0002922101   0.0002408826
       -0.0014252724  -0.0000982928   0.0005066902   0.0000685661  -0.0001700568
       -0.0001393460  -0.0002488478   0.0000452091   0.0001173678   0.0000028194
        0.0000015459  -0.0000401669   0.0000497145   0.0000968356   0.0001197181
        0.0000712202  -0.0000944934  -0.0001179439   0.0000745983   0.0000231390
       -0.0000477844  -0.0000688366  -0.0000264106   0.0000468079  -0.0000045700
       -0.0000204286  -0.0000422656
        0.0466892730  -0.0291020217   0.5581798324   0.0308993607  -0.0317551708
       -0.1005915026   0.0004577143   0.0028750620   0.0035900374  -0.0002534152
       -0.0001575756   0.0004606016   0.0000161105   0.0000571948  -0.0000989295
       -0.0000057313  -0.0000270546  -0.0000485822   0.0000142579   0.0000162833
       -0.0001916568   0.0002596795   0.0022917591   0.0005822313   0.0053099044
        0.0533485180  -0.0510259738  -0.0365896464   0.0418285888  -0.3294617056
       -0.0671232559  -0.0196195634  -0.0642355014   0.0222048907  -0.0193243585
       -0.0206621778   0.0003357001  -0.0015362895   0.0011476859  -0.0013218692
        0.0003232352   0.0008698856  -0.0010494052   0.0006874138   0.0018612492
        0.0002813597   0.0002971503  -0.0001531439  -0.0000263010  -0.0002954980
        0.0001093399  -0.0001373241  -0.0000073213   0.0001459297   0.0000383837
        0.0000957281   0.0001507503  -0.0000080613   0.0000728506  -0.0002489715
        0.0000375774  -0.0001510513  -0.0001416850   0.0000002128   0.0000030794
       -0.0001742633  -0.0000121816  -0.0000383928  -0.0000149661  -0.0000172335
        0.0001174341  -0.0000484838
       -0.1063216630   0.0325367207   0.0308993607   0.4155233425   0.0291213149
        0.0233144668  -0.1625045638  -0.0259991010  -0.0396665003  -0.0138264906
       -0.0100400824  -0.0008945724   0.0002698687  -0.0021037703   0.0005794408
       -0.0005499711  -0.0000825734  -0.0002084767  -0.0000741001  -0.0000941653
        0.0001196103  -0.0009794707  -0.0011500301   0.0002479740   0.0035190083
        0.0049239860  -0.0024700146   0.0030553729  -0.0018381406   0.0029731928
       -0.0188140462   0.0131486469   0.0122608902  -0.0432398031   0.0024067674
       -0.0239920775  -0.0476432522  -0.0403681260   0.0050655843  -0.0194080103
       -0.0008890635  -0.0037041583  -0.0098077491  -0.0004395793  -0.0051551683
        0.0002630499   0.0002681204   0.0002414373   0.0007363775   0.0002903385
       -0.0002616339   0.0000671202   0.0000376362   0.0001189181  -0.0000697644
       -0.0000409272   0.0002364580  -0.0000821080   0.0000928329   0.0000419193
        0.0000206890  -0.0000068963  -0.0000357364  -0.0000771464   0.0001021460
        0.0000262190   0.0000030420   0.0000443239   0.0001297300  -0.0000597323
        0.0000796215   0.0001331369
        0.0387224525  -0.1034579788  -0.0317551708   0.0291213149   0.5000453031
       -0.0236834274  -0.0282159081  -0.0694589880  -0.0078475052  -0.0261438173
       -0.0080640728  -0.0065743667  -0.0012273790  -0.0053935747   0.0011629175
       -0.0014573713   0.0000422114  -0.0002202266  -0.0001206342  -0.0005102315
        0.0001462434   0.0003225288   0.0007323672  -0.0000485279   0.0154275813
       -0.0158467487  -0.0120156544  -0.0024422457   0.0023535464  -0.0021047543
       -0.0018515183   0.0036067098   0.0038011640   0.0047034525  -0.0534434948
        0.0401870767  -0.0452710670  -0.2533689400   0.0359568495   0.0158503905
        0.0013049928   0.0035994008   0.0030717906   0.0006926728   0.0002449380
       -0.0002072945   0.0000777471  -0.0004269941  -0.0005441585   0.0007750564
       -0.0005526995   0.0002675485  -0.0000266920  -0.0001379733   0.0001292880
       -0.0000617887   0.0000078829  -0.0000464338  -0.0000476370   0.0000812689
       -0.0000631084   0.0001389741   0.0000703806  -0.0001634838  -0.0000498464
        0.0000955698   0.0000686883   0.0000288062  -0.0000380299   0.0000693841
       -0.0000683940   0.0000516381
        0.0346066550  -0.0298260431  -0.1005915026   0.0233144668  -0.0236834274
        0.5137454196  -0.0368951954  -0.0068389838  -0.0790496623   0.0041435593
        0.0007682261   0.0012787015   0.0003626333   0.0008762034   0.0001995512
        0.0001507696   0.0000314642   0.0001467799   0.0000279239   0.0000835560
       -0.0000481036   0.0004805151   0.0011199616  -0.0007296510  -0.0032283211
       -0.0033883713   0.0032056926   0.0184939123  -0.0151605246  -0.0183413570
       -0.0018637295   0.0034440513   0.0037064167  -0.0291354471   0.0443761750
       -0.2616348946   0.0064021421   0.0329029534  -0.0516648580   0.0128398925
        0.0011155293   0.0025523420  -0.0310494556  -0.0059805573  -0.0132007196
       -0.0000884785  -0.0004190712  -0.0000401925   0.0012696807   0.0006564195
        0.0005904049   0.0000774372  -0.0001450825  -0.0000088808   0.0000783495
        0.0001631486   0.0001529711  -0.0000185700  -0.0000167924  -0.0001350261
        0.0000322752  -0.0001066470  -0.0000548111   0.0000023639  -0.0000229486
       -0.0000648197   0.0000379189  -0.0000483558   0.0000143381  -0.0000412980
        0.0000991168  -0.0000281390
       -0.0303402158   0.0022698158   0.0004577143  -0.1625045638  -0.0282159081
       -0.0368951954   0.4710216789  -0.0266779851  -0.0048070024  -0.0671071265
       -0.0251368955   0.0078727807  -0.0130216977  -0.0258068988   0.0044244962
       -0.0045468498  -0.0006715433  -0.0011894331  -0.0003500642  -0.0013102598
        0.0001881282  -0.0003473530   0.0000816101  -0.0000126961   0.0000028962
        0.0001917625   0.0004899186   0.0013567641   0.0000286793  -0.0000888539
       -0.0024256869   0.0025442402   0.0022411762  -0.0081864673  -0.0002972227
       -0.0066600946  -0.0111615578  -0.0057610463  -0.0025785526  -0.1306888848
        0.0897163118   0.0642974221  -0.0468544174   0.0049378493  -0.0244445005
        0.0041419722   0.0142276331  -0.0034297955   0.0002135358   0.0016182013
        0.0000557983   0.0006004910  -0.0011554906  -0.0001690855   0.0006370639
       -0.0004078796   0.0005593711  -0.0000708051  -0.0000759928  -0.0000170565
       -0.0001130770   0.0000584946  -0.0000220631  -0.0004013111  -0.0001217321
       -0.0001319140   0.0000643828  -0.0000057134  -0.0001041431   0.0000812933
       -0.0000300301  -0.0000364193
        0.0175310167   0.0033609964   0.0028750620  -0.0259991010  -0.0694589880
       -0.0068389838  -0.0266779851   0.4678742983   0.0076935594  -0.0246998272
       -0.1775193089   0.0280772688  -0.0073667216  -0.0087401301   0.0003211771
       -0.0012231709   0.0001849744  -0.0003997393  -0.0001545246  -0.0002234027
        0.0000651443  -0.0001590288   0.0003110513  -0.0001820785   0.0006838922
        0.0001363620   0.0000788845  -0.0000921093   0.0002538070   0.0002932338
        0.0031582194  -0.0016915135  -0.0017906843   0.0044315255   0.0020699988
        0.0016475509  -0.0270445094  -0.0085532686  -0.0076949683   0.0870646073
       -0.1274139531  -0.0628449777   0.0052846230  -0.0476820781   0.0298935743
       -0.0038757026  -0.0252292778   0.0036410048  -0.0024652215  -0.0097229981
        0.0051483538   0.0012180148   0.0010756719   0.0002020105   0.0007765661
        0.0006024700   0.0002210709  -0.0001642822   0.0002222735   0.0000274549
       -0.0000265171  -0.0000276890  -0.0003060461  -0.0001284562   0.0001093295
       -0.0001378943  -0.0000111005  -0.0000264127  -0.0000169072  -0.0000602071
        0.0000877877   0.0000269295
        0.0149020214   0.0016123841   0.0035900374  -0.0396665003  -0.0078475052
       -0.0790496623  -0.0048070024   0.0076935594   0.5139154019   0.0076281218
        0.0267990805  -0.0744745026  -0.0013396033  -0.0049486785   0.0010876305
       -0.0010935977  -0.0002284006  -0.0001219650  -0.0001326665  -0.0002558018
        0.0003065914   0.0001102452  -0.0003299773   0.0001424111  -0.0000934206
        0.0006282017  -0.0002063202   0.0011685214   0.0002185882   0.0015851852
        0.0027423327  -0.0017995265  -0.0012867769  -0.0274054572  -0.0050750086
       -0.0110448037   0.0040434612   0.0014125790   0.0022164136   0.0636095681
       -0.0652894539  -0.0929282291  -0.0229433431   0.0317452923  -0.2572173510
       -0.0030911461  -0.0133084448   0.0031319826   0.0069548249   0.0297520368
       -0.0105429705   0.0002809201   0.0001645910   0.0001946639  -0.0007804585
       -0.0008683666   0.0004830007   0.0000157814   0.0000756950  -0.0000265106
       -0.0000209987  -0.0001141939   0.0001275449  -0.0000992363  -0.0000626989
        0.0000186897   0.0000119285  -0.0000127425   0.0000714275   0.0000057039
        0.0000387910   0.0000281116
        0.0012273947  -0.0000694309  -0.0002534152  -0.0138264906  -0.0261438173
        0.0041435593  -0.0671071265  -0.0246998272   0.0076281218   0.4738602983
       -0.0330959036  -0.0039745329  -0.1835005023  -0.0141690584  -0.0286759241
       -0.0115230097  -0.0072542888  -0.0012269627  -0.0000877238  -0.0015883637
        0.0004127709  -0.0009462615   0.0020122971   0.0000703876   0.0001820272
       -0.0009157758  -0.0004808183  -0.0001843413   0.0000822713  -0.0002773128
        0.0004923813   0.0000655951  -0.0000901696   0.0009439011   0.0000788229
        0.0009047327  -0.0051213880  -0.0022142889  -0.0010472506   0.0040334291
        0.0152463753  -0.0033759154   0.0009391312   0.0007101427   0.0003698883
       -0.1169088814   0.0850350484   0.0641444964  -0.0485081458   0.0073019778
       -0.0293260179  -0.0260538904  -0.0002973049  -0.0028547883  -0.0094577327
       -0.0012032113  -0.0058900612   0.0009603619   0.0009199567  -0.0000971908
        0.0006343762   0.0007330384  -0.0001710532  -0.0003098877  -0.0001833834
       -0.0001084770   0.0002191102  -0.0002384374  -0.0000804935   0.0000429706
       -0.0001124339   0.0002564267
        0.0001649516  -0.0007610220  -0.0001575756  -0.0100400824  -0.0080640728
        0.0007682261  -0.0251368955  -0.1775193089   0.0267990805  -0.0330959036
        0.4888022321   0.0038648769  -0.0168257235  -0.0643724848  -0.0055621190
       -0.0252053899  -0.0088375662  -0.0046197766  -0.0016493402  -0.0047007055
        0.0010059640   0.0013309161  -0.0007394308  -0.0000681343   0.0014669272
        0.0005401567   0.0001120594  -0.0000162140   0.0001593771  -0.0001271529
        0.0002796323   0.0000769464  -0.0000959458   0.0010463777   0.0008535419
        0.0000240548  -0.0004769449   0.0005373077  -0.0000023446  -0.0020158169
       -0.0275619279   0.0023411854  -0.0020011785  -0.0091506870   0.0067407436
        0.0855454278  -0.1392423445  -0.0727326568   0.0076699961  -0.0524009638
        0.0377739824   0.0181120964   0.0015541831   0.0034202161   0.0034249772
        0.0006039083   0.0010965116  -0.0008618593   0.0004639072   0.0000712766
       -0.0003876291   0.0004812811  -0.0005352628  -0.0014143219  -0.0004319866
       -0.0002033330   0.0000025301  -0.0001360898   0.0000099574   0.0000834673
       -0.0001542511   0.0000761667
       -0.0004236398  -0.0000279477   0.0004606016  -0.0008945724  -0.0065743667
        0.0012787015   0.0078727807   0.0280772688  -0.0744745026  -0.0039745329
        0.0038648769   0.5181440822  -0.0290036557  -0.0051539385  -0.0747471459
        0.0043214670   0.0005608086   0.0012581582   0.0004083135   0.0010870574
        0.0000389332  -0.0006592246   0.0009087532  -0.0000370330   0.0009060684
        0.0000975320   0.0002498850   0.0000100607  -0.0000509019  -0.0001578333
        0.0000792440  -0.0000431063   0.0001760715  -0.0004885152  -0.0009569932
        0.0007205688  -0.0022766929  -0.0006874017   0.0001386821  -0.0027768693
       -0.0128861579   0.0038329696   0.0070167829   0.0294949821  -0.0107812657
        0.0652525501  -0.0730691491  -0.1031332421  -0.0308968915   0.0370891811
       -0.2564059198   0.0150993226   0.0015651466   0.0035977195  -0.0306593558
       -0.0038511930  -0.0111372850  -0.0001561239  -0.0002075203   0.0002770251
        0.0008658391   0.0006935910   0.0004964176   0.0003119295   0.0001722645
        0.0003031304  -0.0000834708  -0.0000142093  -0.0001423210   0.0001491864
       -0.0000885766   0.0000436022
        0.0001285546   0.0000878970   0.0000161105   0.0002698687  -0.0012273790
        0.0003626333  -0.0130216977  -0.0073667216  -0.0013396033  -0.1835005023
       -0.0168257235  -0.0290036557   0.4744481262  -0.0240652585  -0.0041319014
       -0.0694116486  -0.0262266485   0.0076874544  -0.0127626434  -0.0269615286
        0.0043713784   0.0001933156  -0.0001869040   0.0000318717  -0.0001219545
       -0.0003887494   0.0001361280  -0.0000601806  -0.0000923322   0.0000154828
       -0.0000266392  -0.0001339715   0.0000575742  -0.0000342707  -0.0001023857
        0.0001561630  -0.0002041658  -0.0000326795  -0.0001205007   0.0014713464
        0.0012198173  -0.0001733989   0.0008812567   0.0008584336  -0.0001624204
       -0.0233526026   0.0002094851  -0.0024114510  -0.0086275378  -0.0006658944
       -0.0058421449  -0.1168243576   0.0801326782   0.0639248398  -0.0492200414
        0.0077338586  -0.0300163515   0.0032628158   0.0152149016  -0.0028261616
        0.0008131559   0.0019578854  -0.0001901402  -0.0056906314  -0.0019919020
       -0.0011735135   0.0006421242  -0.0008657432  -0.0000169668   0.0007483094
       -0.0002811352   0.0006485739
        0.0001732673   0.0002215908   0.0000571948  -0.0021037703  -0.0053935747
        0.0008762034  -0.0258068988  -0.0087401301  -0.0049486785  -0.0141690584
       -0.0643724848  -0.0051539385  -0.0240652585   0.4742537369   0.0048864262
       -0.0269709297  -0.1785881454   0.0256365345  -0.0078095082  -0.0093471718
        0.0005824840   0.0001271165  -0.0004372442  -0.0000244289  -0.0004079238
       -0.0000306927  -0.0000360101  -0.0000271995  -0.0000391469  -0.0000730516
        0.0000683385   0.0000596088   0.0000375975   0.0000357605  -0.0001487535
        0.0001963136  -0.0015334483  -0.0006060669  -0.0002840064  -0.0010713467
        0.0007033806   0.0000333412  -0.0002559721   0.0005043409  -0.0004474493
        0.0167907275   0.0024234273   0.0031950193   0.0029314689   0.0010780393
        0.0007075940   0.0800808493  -0.1278961864  -0.0685165709   0.0077489543
       -0.0506580825   0.0351596224  -0.0027966497  -0.0253675486   0.0025472797
       -0.0019768317  -0.0098502771   0.0056676968  -0.0010743894   0.0004331373
       -0.0003080534   0.0012348556   0.0010854620   0.0000538063   0.0008778468
        0.0007127818   0.0001550741
        0.0001820721   0.0001022615  -0.0000989295   0.0005794408   0.0011629175
        0.0001995512   0.0044244962   0.0003211771   0.0010876305  -0.0286759241
       -0.0055621190  -0.0747471459  -0.0041319014   0.0048864262   0.5126109416
        0.0079296852   0.0256277211  -0.0738923399  -0.0014122344  -0.0049483038
        0.0013144238   0.0002519292  -0.0002823674  -0.0002600580  -0.0002285120
       -0.0000080517  -0.0001802102   0.0000102252   0.0001209934   0.0000709021
       -0.0000203584   0.0000225883  -0.0000298768   0.0000206332  -0.0000337698
        0.0000090239   0.0003316234   0.0000966928   0.0003036949  -0.0002533032
       -0.0001929711   0.0003629103   0.0009168200   0.0006500272   0.0004812791
        0.0137901727   0.0017928177   0.0035543256  -0.0295358304  -0.0039677673
       -0.0104511413   0.0645555868  -0.0695102364  -0.1039532322  -0.0305392977
        0.0360409888  -0.2499305286  -0.0029269501  -0.0148003847   0.0031300123
        0.0065893103   0.0297658519  -0.0103560293  -0.0014850979  -0.0005803586
        0.0001802711   0.0003516269   0.0002417539   0.0001624324  -0.0007242122
       -0.0009458875   0.0004320928
       -0.0000489173   0.0002239861  -0.0000057313  -0.0005499711  -0.0014573713
        0.0001507696  -0.0045468498  -0.0012231709  -0.0010935977  -0.0115230097
       -0.0252053899   0.0043214670  -0.0694116486  -0.0269709297   0.0079296852
        0.4886475439  -0.0262411531  -0.0008202148  -0.1937780490  -0.0208634213
       -0.0303452381   0.0000089183   0.0002976434   0.0000495262   0.0000555429
       -0.0001625072  -0.0000562039  -0.0000296958  -0.0000016461  -0.0000766019
        0.0000269888   0.0000189293  -0.0000389987   0.0000634770  -0.0000108069
        0.0000686642  -0.0004809474  -0.0001043258  -0.0000804767  -0.0001961898
       -0.0000002139   0.0000059127  -0.0001352113  -0.0000144667  -0.0000098268
        0.0005348290  -0.0008361524  -0.0000447714   0.0005673708  -0.0003180927
        0.0005250384   0.0033299041   0.0158253754  -0.0026991382   0.0010203625
        0.0020430805  -0.0003084886  -0.1200324003   0.0821107841   0.0651632670
       -0.0497451961   0.0081522291  -0.0323822366  -0.0100264578  -0.0042514182
       -0.0016609821  -0.0248774222  -0.0002026032  -0.0022240739  -0.0088729710
       -0.0008083584  -0.0063677498
        0.0001904516  -0.0001079897  -0.0000270546  -0.0000825734   0.0000422114
        0.0000314642  -0.0006715433   0.0001849744  -0.0002284006  -0.0072542888
       -0.0088375662   0.0005608086  -0.0262266485  -0.1785881454   0.0256277211
       -0.0262411531   0.4766414848   0.0049363320  -0.0205485201  -0.0678329026
       -0.0057025257   0.0000989102  -0.0005047542   0.0000341884  -0.0002826162
        0.0003618006   0.0000635433  -0.0000733750   0.0000284980   0.0000291116
       -0.0000738866   0.0001249590   0.0000103904  -0.0001075877   0.0000417608
       -0.0000062900  -0.0000482802   0.0000927675  -0.0000974563  -0.0001601828
        0.0001062442   0.0000309163  -0.0000626287  -0.0000563604  -0.0002197949
        0.0008491175   0.0012878340   0.0000759986   0.0007668308   0.0007748862
        0.0001248821  -0.0025928232  -0.0262655222   0.0021853230  -0.0020470905
       -0.0097497991   0.0061304932   0.0824180752  -0.1309454244  -0.0692482060
        0.0079283361  -0.0524727560   0.0369677682  -0.0277457866  -0.0072370176
       -0.0058535939   0.0180870774   0.0022224763   0.0036031428   0.0038801858
        0.0006883406   0.0009712381
       -0.0000451065  -0.0000765845  -0.0000485822  -0.0002084767  -0.0002202266
        0.0001467799  -0.0011894331  -0.0003997393  -0.0001219650  -0.0012269627
       -0.0046197766   0.0012581582   0.0076874544   0.0256365345  -0.0738923399
       -0.0008202148   0.0049363320   0.5136206802  -0.0307046164  -0.0058484164
       -0.0741919154  -0.0002337369  -0.0000065358  -0.0001556701   0.0001028938
        0.0000721112   0.0004611512   0.0001166360  -0.0000829189   0.0000758088
        0.0000211021  -0.0000000507   0.0001971013  -0.0000795908   0.0000824756
        0.0000602807  -0.0001453904  -0.0000862817  -0.0001297766   0.0000235520
        0.0000745779  -0.0002634937  -0.0000108532  -0.0001605730  -0.0000857563
        0.0003101670   0.0001420965   0.0002759844  -0.0007016925  -0.0008456513
        0.0003769949  -0.0028727809  -0.0150999981   0.0032643526   0.0066948525
        0.0299187719  -0.0106117021   0.0657762046  -0.0692533661  -0.1041175387
       -0.0326134537   0.0369330629  -0.2506107146   0.0054075765   0.0009635454
        0.0013545932   0.0151351222   0.0022835489   0.0036476614  -0.0304232525
       -0.0043429380  -0.0105100921
       -0.0000338056   0.0000564545   0.0000142579  -0.0000741001  -0.0001206342
        0.0000279239  -0.0003500642  -0.0001545246  -0.0001326665  -0.0000877238
       -0.0016493402   0.0004083135  -0.0127626434  -0.0078095082  -0.0014122344
       -0.1937780490  -0.0205485201  -0.0307046164   0.4703376231  -0.0051004481
       -0.0091027501   0.0000572633   0.0000411400   0.0000415639   0.0001341321
       -0.0000861264   0.0000408305   0.0000196485  -0.0000222037  -0.0000000686
        0.0000116457  -0.0000376002   0.0000195911   0.0000338692   0.0000119165
        0.0000449621  -0.0000295219   0.0000131850  -0.0000107317  -0.0000571046
        0.0000315669   0.0000097040  -0.0000136686  -0.0000128355  -0.0000525347
        0.0001590478  -0.0001376108  -0.0001212824  -0.0000208581  -0.0000397000
        0.0002191543   0.0009279306   0.0009934942  -0.0001305458   0.0005810551
        0.0008165552  -0.0001895557  -0.0237402387  -0.0011787455  -0.0029870454
       -0.0092313610  -0.0012359598  -0.0050103273  -0.0574646429  -0.0527808313
        0.0123629663  -0.1247753760   0.0827112088   0.0714290017  -0.0498430574
        0.0062390675  -0.0347639103
        0.0000724326  -0.0000383638   0.0000162833  -0.0000941653  -0.0005102315
        0.0000835560  -0.0013102598  -0.0002234027  -0.0002558018  -0.0015883637
       -0.0047007055   0.0010870574  -0.0269615286  -0.0093471718  -0.0049483038
       -0.0208634213  -0.0678329026  -0.0058484164  -0.0051004481   0.5103952087
       -0.0022191885   0.0001596259   0.0001067502  -0.0000524233  -0.0001586522
       -0.0001228869  -0.0000442930   0.0000377699  -0.0000181183  -0.0000311643
        0.0000204106  -0.0000243216  -0.0000039870   0.0000193498  -0.0000633569
        0.0000535933  -0.0001218839  -0.0000964243   0.0000198863  -0.0000020110
        0.0000379154   0.0000352987   0.0000057373   0.0000439427  -0.0000266965
       -0.0000394690  -0.0001950943   0.0000153851   0.0000276558  -0.0001213879
        0.0000333401  -0.0009645935   0.0007640310   0.0000260115  -0.0004045257
        0.0007035686  -0.0006315942   0.0171125955   0.0026004896   0.0033134896
        0.0033960555   0.0012314926   0.0006772595  -0.0535514672  -0.2511794221
        0.0457985029   0.0836932474  -0.1299846199  -0.0727374368   0.0066159091
       -0.0514249890   0.0356396420
       -0.0000082425  -0.0000185102  -0.0001916568   0.0001196103   0.0001462434
       -0.0000481036   0.0001881282   0.0000651443   0.0003065914   0.0004127709
        0.0010059640   0.0000389332   0.0043713784   0.0005824840   0.0013144238
       -0.0303452381  -0.0057025257  -0.0741919154  -0.0091027501  -0.0022191885
        0.5059948222  -0.0000162455  -0.0000796922  -0.0003152582   0.0000488936
        0.0000678273   0.0001239676  -0.0000250766   0.0000426417  -0.0000112591
        0.0000017048   0.0000107988  -0.0000147606   0.0000042117  -0.0000417795
       -0.0000182650  -0.0000001197  -0.0000097761  -0.0000001772   0.0000233675
       -0.0000125734  -0.0000032239  -0.0000337750  -0.0000205511   0.0000141485
       -0.0000835667   0.0000237338  -0.0000476607   0.0001280102   0.0000406039
        0.0000927146  -0.0002181414  -0.0001432878   0.0002167857   0.0008830174
        0.0004445814   0.0006132533   0.0145560848   0.0015858213   0.0034281080
       -0.0298467249  -0.0043484102  -0.0099587127   0.0126055440   0.0460522703
       -0.0558644900   0.0721448151  -0.0729123668  -0.1087737732  -0.0358076562
        0.0354405473  -0.2627044921
        0.0015869749  -0.0026480975   0.0002596795  -0.0009794707   0.0003225288
        0.0004805151  -0.0003473530  -0.0001590288   0.0001102452  -0.0009462615
        0.0013309161  -0.0006592246   0.0001933156   0.0001271165   0.0002519292
        0.0000089183   0.0000989102  -0.0002337369   0.0000572633   0.0001596259
       -0.0000162455   0.0060861304  -0.0041284476   0.0004385861  -0.0044128262
        0.0036045074  -0.0007572140  -0.0004997037  -0.0001737243  -0.0000190232
        0.0000284295   0.0004651284   0.0000120912  -0.0000808292  -0.0002175601
       -0.0000525220   0.0004862364  -0.0001383893  -0.0001285632   0.0002085471
        0.0004232297  -0.0000196633   0.0002201165   0.0000629184  -0.0000571191
       -0.0005737459  -0.0007179688   0.0010799180  -0.0001070274  -0.0002423947
       -0.0004770133  -0.0003819678   0.0003941110   0.0000750016   0.0000559903
        0.0000960319  -0.0002077246  -0.0000051373   0.0004430628   0.0003985426
       -0.0000082125   0.0001585839  -0.0002249249  -0.0002555299   0.0001693604
       -0.0000511321  -0.0002219995   0.0003533378  -0.0000423452  -0.0001118576
        0.0002162420  -0.0001600567
       -0.0004957262  -0.0126295046   0.0022917591  -0.0011500301   0.0007323672
        0.0011199616   0.0000816101   0.0003110513  -0.0003299773   0.0020122971
       -0.0007394308   0.0009087532  -0.0001869040  -0.0004372442  -0.0002823674
        0.0002976434  -0.0005047542  -0.0000065358   0.0000411400   0.0001067502
       -0.0000796922  -0.0041284476  -0.0047031866   0.0024970569   0.0023324846
        0.0196191022  -0.0052454047  -0.0000738361   0.0001349832  -0.0010896681
        0.0010629454   0.0001860626   0.0000250888  -0.0000071151   0.0003761541
        0.0003797903   0.0002126096  -0.0005245790   0.0000381475   0.0000983837
       -0.0003077331   0.0000067115  -0.0001517582   0.0001768158   0.0002045574
       -0.0002743100  -0.0014190786  -0.0008169248  -0.0003390238  -0.0003554184
        0.0003318417   0.0003755885   0.0000237627   0.0000877111   0.0000580189
        0.0000808694   0.0000872460   0.0000645991  -0.0000596394   0.0001983093
        0.0000755173  -0.0002024493  -0.0002453783   0.0002216161   0.0001687721
       -0.0001118340  -0.0000957557  -0.0000239191   0.0000694719  -0.0000315471
       -0.0000097534  -0.0000386235
        0.0000835747   0.0031181710   0.0005822313   0.0002479740  -0.0000485279
       -0.0007296510  -0.0000126961  -0.0001820785   0.0001424111   0.0000703876
       -0.0000681343  -0.0000370330   0.0000318717  -0.0000244289  -0.0002600580
        0.0000495262   0.0000341884  -0.0001556701   0.0000415639  -0.0000524233
       -0.0003152582   0.0004385861   0.0024970569   0.0027805880  -0.0006594249
       -0.0052622140  -0.0033909497  -0.0001236996  -0.0003936812   0.0001843842
       -0.0001577920   0.0000997946  -0.0006000164   0.0002003794  -0.0000222467
        0.0005194435  -0.0000386487  -0.0000451790   0.0005787605  -0.0001115526
        0.0002074026   0.0005870950   0.0000405722  -0.0000405062   0.0005955520
        0.0003942845  -0.0002752775  -0.0008469397  -0.0002755492   0.0002032079
        0.0005328333  -0.0002383479   0.0001356983   0.0003259369   0.0001085765
        0.0000595972   0.0004643825   0.0000278464   0.0001902197  -0.0006431000
       -0.0000505966  -0.0002960713  -0.0000652226  -0.0000333596  -0.0000428504
       -0.0003257065  -0.0000359788   0.0000012089   0.0000478590   0.0000025028
        0.0002070741   0.0000281278
       -0.0429085651  -0.0284441743   0.0053099044   0.0035190083   0.0154275813
       -0.0032283211   0.0000028962   0.0006838922  -0.0000934206   0.0001820272
        0.0014669272   0.0009060684  -0.0001219545  -0.0004079238  -0.0002285120
        0.0000555429  -0.0002826162   0.0001028938   0.0001341321  -0.0001586522
        0.0000488936  -0.0044128262   0.0023324846  -0.0006594249   0.0473981007
        0.0324191296  -0.0070637167   0.0034692499   0.0038889904  -0.0009022089
       -0.0051202341  -0.0263994454   0.0041311605   0.0004383268   0.0002763437
       -0.0000895620  -0.0023773441   0.0026791370   0.0021785591  -0.0001893171
       -0.0002711054  -0.0001112109  -0.0004194875   0.0002181401  -0.0000690019
       -0.0005621469  -0.0018719293  -0.0010044389  -0.0001562626  -0.0002168381
        0.0003995934   0.0002555195  -0.0001915459   0.0000454788  -0.0000199213
       -0.0000503088   0.0000747372   0.0001721719  -0.0001999402  -0.0000659883
        0.0001790560  -0.0001602891   0.0000467712   0.0002729931  -0.0002028739
        0.0000618815   0.0001270868  -0.0003079895   0.0001159085   0.0000819481
       -0.0002269940   0.0000939559
       -0.0323055700  -0.2914509395   0.0533485180   0.0049239860  -0.0158467487
       -0.0033883713   0.0001917625   0.0001363620   0.0006282017  -0.0009157758
        0.0005401567   0.0000975320  -0.0003887494  -0.0000306927  -0.0000080517
       -0.0001625072   0.0003618006   0.0000721112  -0.0000861264  -0.0001228869
        0.0000678273   0.0036045074   0.0196191022  -0.0052622140   0.0324191296
        0.2973706217  -0.0524805585   0.0000196561  -0.0041640802   0.0080835734
       -0.0081662485  -0.0083480696   0.0007545023   0.0001150561   0.0007129937
        0.0001244671   0.0011776459   0.0000679847  -0.0015032581  -0.0003406802
        0.0000530278  -0.0000608257   0.0001041474  -0.0003808661  -0.0001850665
        0.0000355165   0.0012466802  -0.0005401469   0.0000546282   0.0004374925
        0.0001158103   0.0000170102  -0.0001232055  -0.0001861706   0.0000383501
       -0.0000531502   0.0000581367  -0.0001447074  -0.0001494686  -0.0001436196
       -0.0001791729   0.0001147305   0.0002731846  -0.0001684487  -0.0000137526
        0.0001194852   0.0000993809   0.0000287538  -0.0000756241   0.0000572097
       -0.0000058456   0.0000905570
        0.0055337091   0.0519176111  -0.0510259738  -0.0024700146  -0.0120156544
        0.0032056926   0.0004899186   0.0000788845  -0.0002063202  -0.0004808183
        0.0001120594   0.0002498850   0.0001361280  -0.0000360101  -0.0001802102
       -0.0000562039   0.0000635433   0.0004611512   0.0000408305  -0.0000442930
        0.0001239676  -0.0007572140  -0.0052454047  -0.0033909497  -0.0070637167
       -0.0524805585   0.0572994577   0.0028769595   0.0277102182  -0.0085807485
       -0.0010025752  -0.0064419287   0.0042582435   0.0000842617  -0.0009187164
       -0.0003992223   0.0026155744  -0.0024985792  -0.0017038721  -0.0000112975
        0.0000940433  -0.0004983329  -0.0000723579  -0.0000025728  -0.0007485992
       -0.0002228981  -0.0004343918   0.0011438123   0.0003745283   0.0001850985
       -0.0006959730  -0.0000364823   0.0001391746  -0.0002925982  -0.0000262785
       -0.0002525536  -0.0002321114   0.0000658219  -0.0001160100   0.0004756664
       -0.0000228087   0.0003220550   0.0001321588   0.0000071794   0.0000396851
        0.0004587797  -0.0000512555   0.0001125568   0.0000152929   0.0000490098
       -0.0002882564   0.0001308037
       -0.0517288609   0.0051893533  -0.0365896464   0.0030553729  -0.0024422457
        0.0184939123   0.0013567641  -0.0000921093   0.0011685214  -0.0001843413
       -0.0000162140   0.0000100607  -0.0000601806  -0.0000271995   0.0000102252
       -0.0000296958  -0.0000733750   0.0001166360   0.0000196485   0.0000377699
       -0.0000250766  -0.0004997037  -0.0000738361  -0.0001236996   0.0034692499
        0.0000196561   0.0028769595   0.0525908138  -0.0079829412   0.0428047029
       -0.0055695913   0.0031511334  -0.0300097474  -0.0023684917   0.0026744338
        0.0026004157   0.0003109580  -0.0002018072  -0.0000274170  -0.0000757951
       -0.0001272338  -0.0002604114  -0.0004392169   0.0003943614  -0.0009264963
        0.0000220184  -0.0004246675   0.0001605250   0.0000660072   0.0000458146
       -0.0002421561   0.0000355568  -0.0000202826  -0.0000061067  -0.0001058501
       -0.0000129452  -0.0000467347   0.0000339943  -0.0000197827  -0.0000174280
        0.0000579773   0.0000262890  -0.0000730539   0.0000546703   0.0000247961
        0.0000334913   0.0000138577  -0.0000260161   0.0000400846  -0.0000251616
       -0.0000229518   0.0000324397
        0.0060760547  -0.0492883168   0.0418285888  -0.0018381406   0.0023535464
       -0.0151605246   0.0000286793   0.0002538070   0.0002185882   0.0000822713
        0.0001593771  -0.0000509019  -0.0000923322  -0.0000391469   0.0001209934
       -0.0000016461   0.0000284980  -0.0000829189  -0.0000222037  -0.0000181183
        0.0000426417  -0.0001737243   0.0001349832  -0.0003936812   0.0038889904
       -0.0041640802   0.0277102182  -0.0079829412   0.0489761398  -0.0435455307
       -0.0022282722   0.0031703635  -0.0078955575   0.0023598854  -0.0012295617
       -0.0020840747   0.0000268577  -0.0000986030  -0.0010511321  -0.0000504470
       -0.0000236119  -0.0001439406   0.0001521584   0.0002783071   0.0002393719
       -0.0002939997  -0.0003579441   0.0002482780   0.0000121238  -0.0001127865
        0.0000126367   0.0001161077  -0.0000632196  -0.0000769576  -0.0000098040
        0.0000555829  -0.0000651983  -0.0000383110  -0.0000718380   0.0000674264
       -0.0000290402   0.0000146715   0.0000535878  -0.0000145074   0.0000323240
        0.0000280240   0.0000328809   0.0000029606  -0.0000157164  -0.0000006401
        0.0000066658  -0.0000042209
       -0.0405884794   0.0387978105  -0.3294617056   0.0029731928  -0.0021047543
       -0.0183413570  -0.0000888539   0.0002932338   0.0015851852  -0.0002773128
       -0.0001271529  -0.0001578333   0.0000154828  -0.0000730516   0.0000709021
       -0.0000766019   0.0000291116   0.0000758088  -0.0000000686  -0.0000311643
       -0.0000112591  -0.0000190232  -0.0010896681   0.0001843842  -0.0009022089
        0.0080835734  -0.0085807485   0.0428047029  -0.0435455307   0.3652185513
       -0.0059497654   0.0012182494  -0.0103076562   0.0024152016  -0.0026399522
       -0.0010253613  -0.0003313692   0.0005893477   0.0005587962  -0.0005517038
        0.0001034907   0.0001066990   0.0006281025   0.0000828150  -0.0000560325
        0.0001624463   0.0003899093   0.0000220542  -0.0000692224  -0.0000059332
       -0.0000149053  -0.0000960751   0.0000081820   0.0000028078  -0.0000290506
        0.0000062333   0.0000100329   0.0000204549   0.0000127418   0.0000089938
        0.0000204447   0.0000099361  -0.0000279695  -0.0000280498  -0.0000064726
        0.0000699058  -0.0000100265   0.0000042827   0.0000322173  -0.0000222170
       -0.0000052377   0.0000384896
       -0.2951144634  -0.0686675345  -0.0671232559  -0.0188140462  -0.0018515183
       -0.0018637295  -0.0024256869   0.0031582194   0.0027423327   0.0004923813
        0.0002796323   0.0000792440  -0.0000266392   0.0000683385  -0.0000203584
        0.0000269888  -0.0000738866   0.0000211021   0.0000116457   0.0000204106
        0.0000017048   0.0000284295   0.0010629454  -0.0001577920  -0.0051202341
       -0.0081662485  -0.0010025752  -0.0055695913  -0.0022282722  -0.0059497654
        0.3263655009   0.0775441597   0.0735403200   0.0001494823  -0.0002906811
       -0.0000616637   0.0006294670  -0.0003644062  -0.0003881490  -0.0009707117
       -0.0004439990  -0.0003044858   0.0003342913   0.0000270312   0.0004876532
       -0.0000839087   0.0000293722  -0.0000315168  -0.0000989109   0.0000228576
       -0.0000674576   0.0000586435  -0.0000607619  -0.0000193057   0.0000395201
       -0.0000106935   0.0000848635   0.0000135334   0.0000169699  -0.0000025337
        0.0000197581   0.0000005401  -0.0000160365   0.0000372324  -0.0000225361
        0.0000117700   0.0000125482  -0.0000299900   0.0000170515   0.0000047699
       -0.0000199490   0.0000225832
       -0.0720306374  -0.0632714681  -0.0196195634   0.0131486469   0.0036067098
        0.0034440513   0.0025442402  -0.0016915135  -0.0017995265   0.0000655951
        0.0000769464  -0.0000431063  -0.0001339715   0.0000596088   0.0000225883
        0.0000189293   0.0001249590  -0.0000000507  -0.0000376002  -0.0000243216
        0.0000107988   0.0004651284   0.0001860626   0.0000997946  -0.0263994454
       -0.0083480696  -0.0064419287   0.0031511334   0.0031703635   0.0012182494
        0.0775441597   0.0656301461   0.0229187424   0.0001171203   0.0002967548
       -0.0001173441   0.0012049030  -0.0001757980   0.0000333607   0.0009251271
        0.0001660062   0.0001113792  -0.0000711201  -0.0000710482   0.0000095025
       -0.0002825567   0.0001091837   0.0000650284  -0.0000884412  -0.0000166579
        0.0000234747   0.0000013760  -0.0000093277  -0.0000164541   0.0000539237
        0.0000200716   0.0000204167  -0.0000713451  -0.0000181873   0.0000094491
       -0.0000617663  -0.0000049398   0.0000223527  -0.0000597225   0.0000795842
        0.0000162196   0.0000017237   0.0000568130  -0.0000032556  -0.0000054004
        0.0000481220   0.0000158210
       -0.0639616929  -0.0176491969  -0.0642355014   0.0122608902   0.0038011640
        0.0037064167   0.0022411762  -0.0017906843  -0.0012867769  -0.0000901696
       -0.0000959458   0.0001760715   0.0000575742   0.0000375975  -0.0000298768
       -0.0000389987   0.0000103904   0.0001971013   0.0000195911  -0.0000039870
       -0.0000147606   0.0000120912   0.0000250888  -0.0006000164   0.0041311605
        0.0007545023   0.0042582435  -0.0300097474  -0.0078955575  -0.0103076562
        0.0735403200   0.0229187424   0.0675267943   0.0011002399  -0.0001155464
       -0.0002888987   0.0001378485  -0.0000690943   0.0003491742   0.0007467025
        0.0000652407   0.0004131937  -0.0001060991  -0.0000410388  -0.0000754838
       -0.0000278094   0.0000200975   0.0000220145   0.0000872571   0.0000129771
       -0.0001425252  -0.0000687861   0.0000043108   0.0000435632  -0.0000323137
       -0.0000135229   0.0000236768   0.0000077163   0.0000014954  -0.0000033728
        0.0000497634   0.0000166253  -0.0000338046  -0.0000084315   0.0000102657
        0.0001265706  -0.0000082047   0.0000058508   0.0000911605  -0.0000400779
       -0.0000097748   0.0000846927
       -0.0013788718  -0.0006458270   0.0222048907  -0.0432398031   0.0047034525
       -0.0291354471  -0.0081864673   0.0044315255  -0.0274054572   0.0009439011
        0.0010463777  -0.0004885152  -0.0000342707   0.0000357605   0.0000206332
        0.0000634770  -0.0001075877  -0.0000795908   0.0000338692   0.0000193498
        0.0000042117  -0.0000808292  -0.0000071151   0.0002003794   0.0004383268
        0.0001150561   0.0000842617  -0.0023684917   0.0023598854   0.0024152016
        0.0001494823   0.0001171203   0.0011002399   0.0560600658  -0.0073516660
        0.0273859019   0.0029240605  -0.0026306632   0.0056576788   0.0001989116
        0.0000292330  -0.0003254145  -0.0055543449  -0.0013805192  -0.0022884411
       -0.0000296023   0.0000105685   0.0000929650  -0.0002734254  -0.0005332511
        0.0005224029   0.0000147910  -0.0000191702  -0.0000945765   0.0001470760
        0.0000183156   0.0001608738   0.0000483485   0.0000163693   0.0000361293
       -0.0000225477  -0.0000480550   0.0000757845   0.0000682916  -0.0000687385
       -0.0000403916   0.0000061638  -0.0000554623  -0.0000703554   0.0000718886
       -0.0000549589  -0.0000333649
        0.0009945438   0.0013575633  -0.0193243585   0.0024067674  -0.0534434948
        0.0443761750  -0.0002972227   0.0020699988  -0.0050750086   0.0000788229
        0.0008535419  -0.0009569932  -0.0001023857  -0.0001487535  -0.0000337698
       -0.0000108069   0.0000417608   0.0000824756   0.0000119165  -0.0000633569
       -0.0000417795  -0.0002175601   0.0003761541  -0.0000222467   0.0002763437
        0.0007129937  -0.0009187164   0.0026744338  -0.0012295617  -0.0026399522
       -0.0002906811   0.0002967548  -0.0001155464  -0.0073516660   0.0597867289
       -0.0464196976   0.0027038733  -0.0107570610   0.0313954706   0.0003593525
        0.0000822516   0.0001786985  -0.0009960671   0.0004922073  -0.0005717394
        0.0000146203  -0.0001592695  -0.0001281682  -0.0003763067  -0.0001781246
        0.0002250458   0.0000591673   0.0000208653   0.0000531822   0.0000396110
       -0.0000188535   0.0001228862  -0.0000081806  -0.0000373556  -0.0001094611
       -0.0000077512  -0.0000856177  -0.0000575343   0.0000095349   0.0000174462
       -0.0000460687   0.0000209404  -0.0000133028   0.0000109014   0.0000087003
        0.0000264851   0.0000162050
        0.0030067283  -0.0004168974  -0.0206621778  -0.0239920775   0.0401870767
       -0.2616348946  -0.0066600946   0.0016475509  -0.0110448037   0.0009047327
        0.0000240548   0.0007205688   0.0001561630   0.0001963136   0.0000090239
        0.0000686642  -0.0000062900   0.0000602807   0.0000449621   0.0000535933
       -0.0000182650  -0.0000525220   0.0003797903   0.0005194435  -0.0000895620
        0.0001244671  -0.0003992223   0.0026004157  -0.0020840747  -0.0010253613
       -0.0000616637  -0.0001173441  -0.0002888987   0.0273859019  -0.0464196976
        0.3026883566  -0.0012062957   0.0066755585  -0.0094777930   0.0001590383
        0.0001250798   0.0001860875  -0.0021705324  -0.0000638985  -0.0000022927
        0.0000153367  -0.0000642154  -0.0002010034  -0.0002706666  -0.0002724614
        0.0003750819  -0.0000076660   0.0000078602  -0.0000687125   0.0001494009
        0.0000087842   0.0000152200   0.0000128590  -0.0000061977   0.0000690787
       -0.0000269190   0.0000574090   0.0000950181   0.0000180318  -0.0000004667
        0.0000956592  -0.0000160235   0.0000201066  -0.0000175425   0.0000317885
       -0.0000561018   0.0000071485
       -0.0009650892   0.0242953458   0.0003357001  -0.0476432522  -0.0452710670
        0.0064021421  -0.0111615578  -0.0270445094   0.0040434612  -0.0051213880
       -0.0004769449  -0.0022766929  -0.0002041658  -0.0015334483   0.0003316234
       -0.0004809474  -0.0000482802  -0.0001453904  -0.0000295219  -0.0001218839
       -0.0000001197   0.0004862364   0.0002126096  -0.0000386487  -0.0023773441
        0.0011776459   0.0026155744   0.0003109580   0.0000268577  -0.0003313692
        0.0006294670   0.0012049030   0.0001378485   0.0029240605   0.0027038733
       -0.0012062957   0.0629378056   0.0446917710  -0.0098654227   0.0000180546
       -0.0004113582   0.0001275058   0.0006550644  -0.0001431341   0.0002652670
       -0.0000999009   0.0003154891   0.0000864196  -0.0000185471   0.0003784053
       -0.0002300937   0.0000499912  -0.0000036733  -0.0000488373   0.0000610558
       -0.0000216223  -0.0000161812   0.0000268209   0.0000833307   0.0000196831
        0.0000034995   0.0000922290  -0.0000373387  -0.0000350822  -0.0000728823
       -0.0000402130  -0.0000016983  -0.0000045649  -0.0000698490   0.0000354808
       -0.0000290916  -0.0000587730
        0.0035218993  -0.0244048056  -0.0015362895  -0.0403681260  -0.2533689400
        0.0329029534  -0.0057610463  -0.0085532686   0.0014125790  -0.0022142889
        0.0005373077  -0.0006874017  -0.0000326795  -0.0006060669   0.0000966928
       -0.0001043258   0.0000927675  -0.0000862817   0.0000131850  -0.0000964243
       -0.0000097761  -0.0001383893  -0.0005245790  -0.0000451790   0.0026791370
        0.0000679847  -0.0024985792  -0.0002018072  -0.0000986030   0.0005893477
       -0.0003644062  -0.0001757980  -0.0000690943  -0.0026306632  -0.0107570610
        0.0066755585   0.0446917710   0.2964163973  -0.0367728661   0.0003492392
        0.0006339598   0.0003433537   0.0004017044   0.0003079148  -0.0000194588
        0.0000670180   0.0003594912   0.0000730260   0.0001086865   0.0001282862
       -0.0002637332  -0.0000085571   0.0000001386   0.0000834583   0.0000014096
        0.0000442360   0.0000125623  -0.0000030230   0.0000317241  -0.0000660675
        0.0000314576  -0.0000538643  -0.0000710331  -0.0000194227  -0.0000216793
       -0.0000581689  -0.0000067438  -0.0000058734   0.0000267110  -0.0000120289
        0.0000467556  -0.0000323136
        0.0007105026  -0.0194535568   0.0011476859   0.0050655843   0.0359568495
       -0.0516648580  -0.0025785526  -0.0076949683   0.0022164136  -0.0010472506
       -0.0000023446   0.0001386821  -0.0001205007  -0.0002840064   0.0003036949
       -0.0000804767  -0.0000974563  -0.0001297766  -0.0000107317   0.0000198863
       -0.0000001772  -0.0001285632   0.0000381475   0.0005787605   0.0021785591
       -0.0015032581  -0.0017038721  -0.0000274170  -0.0010511321   0.0005587962
       -0.0003881490   0.0000333607   0.0003491742   0.0056576788   0.0313954706
       -0.0094777930  -0.0098654227  -0.0367728661   0.0572018506   0.0006223587
        0.0000585937   0.0002502820  -0.0000443192  -0.0004505607   0.0000834040
        0.0000613883  -0.0000555570  -0.0001450058  -0.0001123690  -0.0001287380
        0.0002452946   0.0000253556  -0.0000473297  -0.0000226355   0.0000668116
        0.0000166793  -0.0000339543   0.0000047599   0.0000179313   0.0000496740
       -0.0000131488   0.0000307328   0.0000452719   0.0000060764   0.0000035128
        0.0000272541   0.0000083385  -0.0000151197  -0.0000132844   0.0000094875
       -0.0000142709  -0.0000048817
       -0.0069370226  -0.0005891253  -0.0013218692  -0.0194080103   0.0158503905
        0.0128398925  -0.1306888848   0.0870646073   0.0636095681   0.0040334291
       -0.0020158169  -0.0027768693   0.0014713464  -0.0010713467  -0.0002533032
       -0.0001961898  -0.0001601828   0.0000235520  -0.0000571046  -0.0000020110
        0.0000233675   0.0002085471   0.0000983837  -0.0001115526  -0.0001893171
       -0.0003406802  -0.0000112975  -0.0000757951  -0.0000504470  -0.0005517038
       -0.0009707117   0.0009251271   0.0007467025   0.0001989116   0.0003593525
        0.0001590383   0.0000180546   0.0003492392   0.0006223587   0.1508040820
       -0.0997247873  -0.0747000558   0.0017241805   0.0002549570   0.0014764397
        0.0001764112  -0.0013007114   0.0000852824   0.0001422234   0.0001387348
       -0.0002005140  -0.0001243002   0.0000610336   0.0002696172  -0.0000879199
        0.0000794843   0.0000088065  -0.0000545627   0.0000718471   0.0000218289
        0.0000323289   0.0000373857  -0.0000181713   0.0000010876   0.0000008515
        0.0000089482  -0.0000063832  -0.0000337736   0.0000285484  -0.0000144006
       -0.0000025123   0.0000213859
       -0.0016921015   0.0010490253   0.0003232352  -0.0008890635   0.0013049928
        0.0011155293   0.0897163118  -0.1274139531  -0.0652894539   0.0152463753
       -0.0275619279  -0.0128861579   0.0012198173   0.0007033806  -0.0001929711
       -0.0000002139   0.0001062442   0.0000745779   0.0000315669   0.0000379154
       -0.0000125734   0.0004232297  -0.0003077331   0.0002074026  -0.0002711054
        0.0000530278   0.0000940433  -0.0001272338  -0.0000236119   0.0001034907
       -0.0004439990   0.0001660062   0.0000652407   0.0000292330   0.0000822516
        0.0001250798  -0.0004113582   0.0006339598   0.0000585937  -0.0997247873
        0.1535183206   0.0753345307  -0.0004465721   0.0022013950  -0.0006990378
       -0.0020193360  -0.0055755159   0.0016578692   0.0003453044   0.0009019479
       -0.0004637818  -0.0011673473   0.0000899993   0.0003595722  -0.0000385745
       -0.0001455939  -0.0001307850   0.0000785095   0.0002612355   0.0001235742
        0.0000897571   0.0000351691  -0.0000348820   0.0000988422  -0.0000001422
        0.0000399062  -0.0000898718  -0.0000272463   0.0000338812   0.0000426174
       -0.0000891467  -0.0000068841
       -0.0019748764   0.0003785604   0.0008698856  -0.0037041583   0.0035994008
        0.0025523420   0.0642974221  -0.0628449777  -0.0929282291  -0.0033759154
        0.0023411854   0.0038329696  -0.0001733989   0.0000333412   0.0003629103
        0.0000059127   0.0000309163  -0.0002634937   0.0000097040   0.0000352987
       -0.0000032239  -0.0000196633   0.0000067115   0.0005870950  -0.0001112109
       -0.0000608257  -0.0004983329  -0.0002604114  -0.0001439406   0.0001066990
       -0.0003044858   0.0001113792   0.0004131937  -0.0003254145   0.0001786985
        0.0001860875   0.0001275058   0.0003433537   0.0002502820  -0.0747000558
        0.0753345307   0.1065118439   0.0209452760  -0.0208070408  -0.0229378581
        0.0001794936   0.0011166240   0.0008756138  -0.0004424179   0.0004870056
        0.0005470732  -0.0002583263  -0.0001451282   0.0001876353   0.0000983471
       -0.0001569797  -0.0005061257   0.0000230383   0.0000925820   0.0000553652
       -0.0000377168   0.0001099119   0.0000397537   0.0000055574  -0.0000000248
       -0.0000553593  -0.0000282612  -0.0000087859  -0.0000596928   0.0000240559
       -0.0000317965  -0.0001264343
        0.0018478232  -0.0005018291  -0.0010494052  -0.0098077491   0.0030717906
       -0.0310494556  -0.0468544174   0.0052846230  -0.0229433431   0.0009391312
       -0.0020011785   0.0070167829   0.0008812567  -0.0002559721   0.0009168200
       -0.0001352113  -0.0000626287  -0.0000108532  -0.0000136686   0.0000057373
       -0.0000337750   0.0002201165  -0.0001517582   0.0000405722  -0.0004194875
        0.0001041474  -0.0000723579  -0.0004392169   0.0001521584   0.0006281025
        0.0003342913  -0.0000711201  -0.0001060991  -0.0055543449  -0.0009960671
       -0.0021705324   0.0006550644   0.0004017044  -0.0000443192   0.0017241805
       -0.0004465721   0.0209452760   0.0567946881  -0.0033267791   0.0287157020
        0.0001460286   0.0005012340  -0.0003864083   0.0000350095  -0.0016569268
        0.0001076885  -0.0000795864   0.0001060491   0.0000819131  -0.0002947733
       -0.0003055178  -0.0004246833   0.0000316336   0.0000630538  -0.0000134656
        0.0000191375   0.0001119766  -0.0001395171   0.0000122422   0.0000059637
        0.0000003368  -0.0000118711   0.0000025198   0.0000144855  -0.0000302768
       -0.0000346086  -0.0000234643
       -0.0000603299   0.0002922101   0.0006874138  -0.0004395793   0.0006926728
       -0.0059805573   0.0049378493  -0.0476820781   0.0317452923   0.0007101427
       -0.0091506870   0.0294949821   0.0008584336   0.0005043409   0.0006500272
       -0.0000144667  -0.0000563604  -0.0001605730  -0.0000128355   0.0000439427
       -0.0000205511   0.0000629184   0.0001768158  -0.0000405062   0.0002181401
       -0.0003808661  -0.0000025728   0.0003943614   0.0002783071   0.0000828150
        0.0000270312  -0.0000710482  -0.0000410388  -0.0013805192   0.0004922073
       -0.0000638985  -0.0001431341   0.0003079148  -0.0004505607   0.0002549570
        0.0022013950  -0.0208070408  -0.0033267791   0.0568942513  -0.0371128506
        0.0001110840   0.0010972233   0.0005772859  -0.0018815089  -0.0055749515
        0.0022378495   0.0000289381  -0.0001182478  -0.0001306017  -0.0004937636
       -0.0000417830  -0.0005293327   0.0000323677   0.0000196738   0.0000738900
        0.0000858973   0.0001177912  -0.0001358655   0.0000508199   0.0000048024
       -0.0000110801   0.0000258165  -0.0000324519  -0.0000002771  -0.0000458411
       -0.0000150746  -0.0000622487
        0.0010897391   0.0002408826   0.0018612492  -0.0051551683   0.0002449380
       -0.0132007196  -0.0244445005   0.0298935743  -0.2572173510   0.0003698883
        0.0067407436  -0.0107812657  -0.0001624204  -0.0004474493   0.0004812791
       -0.0000098268  -0.0002197949  -0.0000857563  -0.0000525347  -0.0000266965
        0.0000141485  -0.0000571191   0.0002045574   0.0005955520  -0.0000690019
       -0.0001850665  -0.0007485992  -0.0009264963   0.0002393719  -0.0000560325
        0.0004876532   0.0000095025  -0.0000754838  -0.0022884411  -0.0005717394
       -0.0000022927   0.0002652670  -0.0000194588   0.0000834040   0.0014764397
       -0.0006990378  -0.0229378581   0.0287157020  -0.0371128506   0.3007118276
       -0.0000810581  -0.0006674484   0.0006415164   0.0004099839   0.0024133186
        0.0003046036   0.0000687297  -0.0000628717  -0.0003263091   0.0004718190
        0.0002197736   0.0005615326  -0.0000365018  -0.0000183333   0.0000463691
       -0.0001084414  -0.0001329874   0.0001465821  -0.0000291027  -0.0000252460
       -0.0000126109   0.0000133842  -0.0000209575  -0.0000609485   0.0000520071
        0.0000032757   0.0000571632
       -0.0016004479  -0.0014252724   0.0002813597   0.0002630499  -0.0002072945
       -0.0000884785   0.0041419722  -0.0038757026  -0.0030911461  -0.1169088814
        0.0855454278   0.0652525501  -0.0233526026   0.0167907275   0.0137901727
        0.0005348290   0.0008491175   0.0003101670   0.0001590478  -0.0000394690
       -0.0000835667  -0.0005737459  -0.0002743100   0.0003942845  -0.0005621469
        0.0000355165  -0.0002228981   0.0000220184  -0.0002939997   0.0001624463
       -0.0000839087  -0.0002825567  -0.0000278094  -0.0000296023   0.0000146203
        0.0000153367  -0.0000999009   0.0000670180   0.0000613883   0.0001764112
       -0.0020193360   0.0001794936   0.0001460286   0.0001110840  -0.0000810581
        0.1399825524  -0.0926906143  -0.0758411858   0.0026254342  -0.0009199243
       -0.0000019921  -0.0061143967  -0.0006326165  -0.0013848743   0.0010588144
        0.0003144576   0.0005799812  -0.0001874557  -0.0009848456  -0.0002923956
       -0.0000624703  -0.0000661801   0.0000733177   0.0001552584  -0.0000022963
        0.0000106964   0.0002749122  -0.0000466535  -0.0000507502   0.0000352306
        0.0000331022   0.0000549607
        0.0000793412  -0.0000982928   0.0002971503   0.0002681204   0.0000777471
       -0.0004190712   0.0142276331  -0.0252292778  -0.0133084448   0.0850350484
       -0.1392423445  -0.0730691491   0.0002094851   0.0024234273   0.0017928177
       -0.0008361524   0.0012878340   0.0001420965  -0.0001376108  -0.0001950943
        0.0000237338  -0.0007179688  -0.0014190786  -0.0002752775  -0.0018719293
        0.0012466802  -0.0004343918  -0.0004246675  -0.0003579441   0.0003899093
        0.0000293722   0.0001091837   0.0000200975   0.0000105685  -0.0001592695
       -0.0000642154   0.0003154891   0.0003594912  -0.0000555570  -0.0013007114
       -0.0055755159   0.0011166240   0.0005012340   0.0010972233  -0.0006674484
       -0.0926906143   0.1622199096   0.0845028210  -0.0010374107   0.0033922115
        0.0001258706  -0.0013190183   0.0003345784  -0.0000565353  -0.0000136748
        0.0000760479   0.0000378072  -0.0003011919  -0.0002650373  -0.0001648836
        0.0000294853  -0.0000204165   0.0000530063  -0.0001127819  -0.0000552130
        0.0000255711   0.0000305610  -0.0000399710  -0.0000237406   0.0000273939
        0.0000331214   0.0000112094
        0.0002820494   0.0005066902  -0.0001531439   0.0002414373  -0.0004269941
       -0.0000401925  -0.0034297955   0.0036410048   0.0031319826   0.0641444964
       -0.0727326568  -0.1031332421  -0.0024114510   0.0031950193   0.0035543256
       -0.0000447714   0.0000759986   0.0002759844  -0.0001212824   0.0000153851
       -0.0000476607   0.0010799180  -0.0008169248  -0.0008469397  -0.0010044389
       -0.0005401469   0.0011438123   0.0001605250   0.0002482780   0.0000220542
       -0.0000315168   0.0000650284   0.0000220145   0.0000929650  -0.0001281682
       -0.0002010034   0.0000864196   0.0000730260  -0.0001450058   0.0000852824
        0.0016578692   0.0008756138  -0.0003864083   0.0005772859   0.0006415164
       -0.0758411858   0.0845028210   0.1172225501   0.0188109269  -0.0206994647
       -0.0238028671  -0.0013589599   0.0001188749   0.0008673546  -0.0004507262
        0.0004554476   0.0005494190   0.0000811404   0.0002434005   0.0003584297
        0.0001611466  -0.0000751210  -0.0003907891   0.0000104620   0.0000445696
        0.0000404348  -0.0000816400   0.0000039409   0.0000108966  -0.0000745929
       -0.0000051633   0.0000444558
       -0.0001920313   0.0000685661  -0.0000263010   0.0007363775  -0.0005441585
        0.0012696807   0.0002135358  -0.0024652215   0.0069548249  -0.0485081458
        0.0076699961  -0.0308968915  -0.0086275378   0.0029314689  -0.0295358304
        0.0005673708   0.0007668308  -0.0007016925  -0.0000208581   0.0000276558
        0.0001280102  -0.0001070274  -0.0003390238  -0.0002755492  -0.0001562626
        0.0000546282   0.0003745283   0.0000660072   0.0000121238  -0.0000692224
       -0.0000989109  -0.0000884412   0.0000872571  -0.0002734254  -0.0003763067
       -0.0002706666  -0.0000185471   0.0001086865  -0.0001123690   0.0001422234
        0.0003453044  -0.0004424179   0.0000350095  -0.0018815089   0.0004099839
        0.0026254342  -0.0010374107   0.0188109269   0.0584849206  -0.0040327241
        0.0365860016   0.0011603100   0.0001343117  -0.0004760182  -0.0059064322
       -0.0009418404  -0.0024639188  -0.0000604749  -0.0000039849   0.0001319465
       -0.0002795258  -0.0005076358   0.0004423483   0.0000660348   0.0000091860
        0.0000255302   0.0000185671   0.0000422773  -0.0000799543   0.0001333883
        0.0000472208   0.0001297933
        0.0001399024  -0.0001700568  -0.0002954980   0.0002903385   0.0007750564
        0.0006564195   0.0016182013  -0.0097229981   0.0297520368   0.0073019778
       -0.0524009638   0.0370891811  -0.0006658944   0.0010780393  -0.0039677673
       -0.0003180927   0.0007748862  -0.0008456513  -0.0000397000  -0.0001213879
        0.0000406039  -0.0002423947  -0.0003554184   0.0002032079  -0.0002168381
        0.0004374925   0.0001850985   0.0000458146  -0.0001127865  -0.0000059332
        0.0000228576  -0.0000166579   0.0000129771  -0.0005332511  -0.0001781246
       -0.0002724614   0.0003784053   0.0001282862  -0.0001287380   0.0001387348
        0.0009019479   0.0004870056  -0.0016569268  -0.0055749515   0.0024133186
       -0.0009199243   0.0033922115  -0.0206994647  -0.0040327241   0.0611049357
       -0.0451268449   0.0002608045   0.0000530452   0.0004162879  -0.0012377117
        0.0002960176  -0.0000722239   0.0000471193  -0.0000829096  -0.0002024650
       -0.0004435962  -0.0002456287   0.0002697799  -0.0000514980  -0.0000140306
       -0.0000229378   0.0000542688   0.0000387720   0.0000112331   0.0000601274
        0.0000152240   0.0001028356
        0.0001012526  -0.0001393460   0.0001093399  -0.0002616339  -0.0005526995
        0.0005904049   0.0000557983   0.0051483538  -0.0105429705  -0.0293260179
        0.0377739824  -0.2564059198  -0.0058421449   0.0007075940  -0.0104511413
        0.0005250384   0.0001248821   0.0003769949   0.0002191543   0.0000333401
        0.0000927146  -0.0004770133   0.0003318417   0.0005328333   0.0003995934
        0.0001158103  -0.0006959730  -0.0002421561   0.0000126367  -0.0000149053
       -0.0000674576   0.0000234747  -0.0001425252   0.0005224029   0.0002250458
        0.0003750819  -0.0002300937  -0.0002637332   0.0002452946  -0.0002005140
       -0.0004637818   0.0005470732   0.0001076885   0.0022378495   0.0003046036
       -0.0000019921   0.0001258706  -0.0238028671   0.0365860016  -0.0451268449
        0.2974738292   0.0005467037   0.0001116474   0.0007289806  -0.0023986028
        0.0000003630   0.0002806182  -0.0000027573  -0.0000930753  -0.0003867027
       -0.0002488774  -0.0004188257   0.0005699846   0.0000493678  -0.0000386238
        0.0000331515   0.0000530227   0.0000225515   0.0000659854   0.0001332368
        0.0001016867   0.0001161143
        0.0000779593  -0.0002488478  -0.0001373241   0.0000671202   0.0002675485
        0.0000774372   0.0006004910   0.0012180148   0.0002809201  -0.0260538904
        0.0181120964   0.0150993226  -0.1168243576   0.0800808493   0.0645555868
        0.0033299041  -0.0025928232  -0.0028727809   0.0009279306  -0.0009645935
       -0.0002181414  -0.0003819678   0.0003755885  -0.0002383479   0.0002555195
        0.0000170102  -0.0000364823   0.0000355568   0.0001161077  -0.0000960751
        0.0000586435   0.0000013760  -0.0000687861   0.0000147910   0.0000591673
       -0.0000076660   0.0000499912  -0.0000085571   0.0000253556  -0.0001243002
       -0.0011673473  -0.0002583263  -0.0000795864   0.0000289381   0.0000687297
       -0.0061143967  -0.0013190183  -0.0013589599   0.0011603100   0.0002608045
        0.0005467037   0.1407012432  -0.0925549802  -0.0759381613   0.0022037873
       -0.0005222344   0.0005374861   0.0001200258  -0.0012955760   0.0000099137
        0.0000778448   0.0001835316  -0.0001872135  -0.0000666228  -0.0000225893
        0.0000458902   0.0000265360  -0.0001001039   0.0001343625  -0.0000625323
        0.0000756381   0.0000365569
        0.0000549751   0.0000452091  -0.0000073213   0.0000376362  -0.0000266920
       -0.0001450825  -0.0011554906   0.0010756719   0.0001645910  -0.0002973049
        0.0015541831   0.0015651466   0.0801326782  -0.1278961864  -0.0695102364
        0.0158253754  -0.0262655222  -0.0150999981   0.0009934942   0.0007640310
       -0.0001432878   0.0003941110   0.0000237627   0.0001356983  -0.0001915459
       -0.0001232055   0.0001391746  -0.0000202826  -0.0000632196   0.0000081820
       -0.0000607619  -0.0000093277   0.0000043108  -0.0000191702   0.0000208653
        0.0000078602  -0.0000036733   0.0000001386  -0.0000473297   0.0000610336
        0.0000899993  -0.0001451282   0.0001060491  -0.0001182478  -0.0000628717
       -0.0006326165   0.0003345784   0.0001188749   0.0001343117   0.0000530452
        0.0001116474  -0.0925549802   0.1529092649   0.0817806306  -0.0007856076
        0.0025429247  -0.0001861322  -0.0016013365  -0.0065328307   0.0014419290
        0.0003766446   0.0011228654  -0.0005125130   0.0001693540   0.0004633811
        0.0000884392  -0.0009706473   0.0001635528   0.0003344553   0.0000077540
       -0.0001282415  -0.0000410388
       -0.0001437173   0.0001173678   0.0001459297   0.0001189181  -0.0001379733
       -0.0000088808  -0.0001690855   0.0002020105   0.0001946639  -0.0028547883
        0.0034202161   0.0035977195   0.0639248398  -0.0685165709  -0.1039532322
       -0.0026991382   0.0021853230   0.0032643526  -0.0001305458   0.0000260115
        0.0002167857   0.0000750016   0.0000877111   0.0003259369   0.0000454788
       -0.0001861706  -0.0002925982  -0.0000061067  -0.0000769576   0.0000028078
       -0.0000193057  -0.0000164541   0.0000435632  -0.0000945765   0.0000531822
       -0.0000687125  -0.0000488373   0.0000834583  -0.0000226355   0.0002696172
        0.0003595722   0.0001876353   0.0000819131  -0.0001306017  -0.0003263091
       -0.0013848743  -0.0000565353   0.0008673546  -0.0004760182   0.0004162879
        0.0007289806  -0.0759381613   0.0817806306   0.1193130757   0.0200725107
       -0.0213071444  -0.0257733034   0.0000103517   0.0012201474   0.0009989909
       -0.0003852104   0.0004928251   0.0006925176  -0.0000354962   0.0001600656
       -0.0000716829  -0.0003333656  -0.0000729222   0.0002433801   0.0001205964
       -0.0001034795  -0.0003063391
        0.0000554543   0.0000028194   0.0000383837  -0.0000697644   0.0001292880
        0.0000783495   0.0006370639   0.0007765661  -0.0007804585  -0.0094577327
        0.0034249772  -0.0306593558  -0.0492200414   0.0077489543  -0.0305392977
        0.0010203625  -0.0020470905   0.0066948525   0.0005810551  -0.0004045257
        0.0008830174   0.0000559903   0.0000580189   0.0001085765  -0.0000199213
        0.0000383501  -0.0000262785  -0.0001058501  -0.0000098040  -0.0000290506
        0.0000395201   0.0000539237  -0.0000323137   0.0001470760   0.0000396110
        0.0001494009   0.0000610558   0.0000014096   0.0000668116  -0.0000879199
       -0.0000385745   0.0000983471  -0.0002947733  -0.0004937636   0.0004718190
        0.0010588144  -0.0000136748  -0.0004507262  -0.0059064322  -0.0012377117
       -0.0023986028   0.0022037873  -0.0007856076   0.0200725107   0.0594119137
       -0.0058669226   0.0367013378   0.0000906985   0.0004256703  -0.0003937147
        0.0000114676  -0.0016593544   0.0002360321  -0.0000112907   0.0000948921
       -0.0001021549  -0.0000559567   0.0000526201   0.0000921633  -0.0001445770
       -0.0002900714  -0.0002796485
        0.0000888252   0.0000015459   0.0000957281  -0.0000409272  -0.0000617887
        0.0001631486  -0.0004078796   0.0006024700  -0.0008683666  -0.0012032113
        0.0006039083  -0.0038511930   0.0077338586  -0.0506580825   0.0360409888
        0.0020430805  -0.0097497991   0.0299187719   0.0008165552   0.0007035686
        0.0004445814   0.0000960319   0.0000808694   0.0000595972  -0.0000503088
       -0.0000531502  -0.0002525536  -0.0000129452   0.0000555829   0.0000062333
       -0.0000106935   0.0000200716  -0.0000135229   0.0000183156  -0.0000188535
        0.0000087842  -0.0000216223   0.0000442360   0.0000166793   0.0000794843
       -0.0001455939  -0.0001569797  -0.0003055178  -0.0000417830   0.0002197736
        0.0003144576   0.0000760479   0.0004554476  -0.0009418404   0.0002960176
        0.0000003630  -0.0005222344   0.0025429247  -0.0213071444  -0.0058669226
        0.0605502204  -0.0430702688   0.0001349578   0.0010632164   0.0005269254
       -0.0017248656  -0.0059461311   0.0023208602   0.0002293656   0.0002121080
       -0.0001474590   0.0000006516  -0.0001113771  -0.0001036421  -0.0004466153
       -0.0000662284  -0.0005067525
        0.0000668264  -0.0000401669   0.0001507503   0.0002364580   0.0000078829
        0.0001529711   0.0005593711   0.0002210709   0.0004830007  -0.0058900612
        0.0010965116  -0.0111372850  -0.0300163515   0.0351596224  -0.2499305286
       -0.0003084886   0.0061304932  -0.0106117021  -0.0001895557  -0.0006315942
        0.0006132533  -0.0002077246   0.0000872460   0.0004643825   0.0000747372
        0.0000581367  -0.0002321114  -0.0000467347  -0.0000651983   0.0000100329
        0.0000848635   0.0000204167   0.0000236768   0.0001608738   0.0001228862
        0.0000152200  -0.0000161812   0.0000125623  -0.0000339543   0.0000088065
       -0.0001307850  -0.0005061257  -0.0004246833  -0.0005293327   0.0005615326
        0.0005799812   0.0000378072   0.0005494190  -0.0024639188  -0.0000722239
        0.0002806182   0.0005374861  -0.0001861322  -0.0257733034   0.0367013378
       -0.0430702688   0.2934468535  -0.0001549622  -0.0005125933   0.0006811418
        0.0003037736   0.0024621430   0.0004153936  -0.0001201284  -0.0003358905
        0.0001175224   0.0000371847  -0.0000049255  -0.0003282865   0.0004870904
        0.0001623322   0.0005875280
       -0.0000753532   0.0000497145  -0.0000080613  -0.0000821080  -0.0000464338
       -0.0000185700  -0.0000708051  -0.0001642822   0.0000157814   0.0009603619
       -0.0008618593  -0.0001561239   0.0032628158  -0.0027966497  -0.0029269501
       -0.1200324003   0.0824180752   0.0657762046  -0.0237402387   0.0171125955
        0.0145560848  -0.0000051373   0.0000645991   0.0000278464   0.0001721719
       -0.0001447074   0.0000658219   0.0000339943  -0.0000383110   0.0000204549
        0.0000135334  -0.0000713451   0.0000077163   0.0000483485  -0.0000081806
        0.0000128590   0.0000268209  -0.0000030230   0.0000047599  -0.0000545627
        0.0000785095   0.0000230383   0.0000316336   0.0000323677  -0.0000365018
       -0.0001874557  -0.0003011919   0.0000811404  -0.0000604749   0.0000471193
       -0.0000027573   0.0001200258  -0.0016013365   0.0000103517   0.0000906985
        0.0001349578  -0.0001549622   0.1420291796  -0.0931030471  -0.0767849063
        0.0025339695  -0.0007868640   0.0001522453   0.0005902021   0.0003567038
        0.0003242589  -0.0066195160  -0.0007171792  -0.0014960376   0.0010142962
        0.0003497683   0.0005063070
       -0.0000062971   0.0000968356   0.0000728506   0.0000928329  -0.0000476370
       -0.0000167924  -0.0000759928   0.0002222735   0.0000756950   0.0009199567
        0.0004639072  -0.0002075203   0.0152149016  -0.0253675486  -0.0148003847
        0.0821107841  -0.1309454244  -0.0692533661  -0.0011787455   0.0026004896
        0.0015858213   0.0004430628  -0.0000596394   0.0001902197  -0.0001999402
       -0.0001494686  -0.0001160100  -0.0000197827  -0.0000718380   0.0000127418
        0.0000169699  -0.0000181873   0.0000014954   0.0000163693  -0.0000373556
       -0.0000061977   0.0000833307   0.0000317241   0.0000179313   0.0000718471
        0.0002612355   0.0000925820   0.0000630538   0.0000196738  -0.0000183333
       -0.0009848456  -0.0002650373   0.0002434005  -0.0000039849  -0.0000829096
       -0.0000930753  -0.0012955760  -0.0065328307   0.0012201474   0.0004256703
        0.0010632164  -0.0005125933  -0.0931030471   0.1545507703   0.0812207466
       -0.0009534912   0.0029175987   0.0000366959  -0.0004545888   0.0005568518
        0.0001654949  -0.0011751190   0.0007764164  -0.0000272356  -0.0000073684
        0.0000168838   0.0001156860
       -0.0000362123   0.0001197181  -0.0002489715   0.0000419193   0.0000812689
       -0.0001350261  -0.0000170565   0.0000274549  -0.0000265106  -0.0000971908
        0.0000712766   0.0002770251  -0.0028261616   0.0025472797   0.0031300123
        0.0651632670  -0.0692482060  -0.1041175387  -0.0029870454   0.0033134896
        0.0034281080   0.0003985426   0.0001983093  -0.0006431000  -0.0000659883
       -0.0001436196   0.0004756664  -0.0000174280   0.0000674264   0.0000089938
       -0.0000025337   0.0000094491  -0.0000033728   0.0000361293  -0.0001094611
        0.0000690787   0.0000196831  -0.0000660675   0.0000496740   0.0000218289
        0.0001235742   0.0000553652  -0.0000134656   0.0000738900   0.0000463691
       -0.0002923956  -0.0001648836   0.0003584297   0.0001319465  -0.0002024650
       -0.0003867027   0.0000099137   0.0014419290   0.0009989909  -0.0003937147
        0.0005269254   0.0006811418  -0.0767849063   0.0812207466   0.1192057395
        0.0193890589  -0.0207574829  -0.0247853144   0.0002485117   0.0002056067
        0.0000104647  -0.0014631140   0.0002280768   0.0009022675  -0.0004635881
        0.0004357643   0.0006492101
       -0.0000977807   0.0000712202   0.0000375774   0.0000206890  -0.0000631084
        0.0000322752  -0.0001130770  -0.0000265171  -0.0000209987   0.0006343762
       -0.0003876291   0.0008658391   0.0008131559  -0.0019768317   0.0065893103
       -0.0497451961   0.0079283361  -0.0326134537  -0.0092313610   0.0033960555
       -0.0298467249  -0.0000082125   0.0000755173  -0.0000505966   0.0001790560
       -0.0001791729  -0.0000228087   0.0000579773  -0.0000290402   0.0000204447
        0.0000197581  -0.0000617663   0.0000497634  -0.0000225477  -0.0000077512
       -0.0000269190   0.0000034995   0.0000314576  -0.0000131488   0.0000323289
        0.0000897571  -0.0000377168   0.0000191375   0.0000858973  -0.0001084414
       -0.0000624703   0.0000294853   0.0001611466  -0.0002795258  -0.0004435962
       -0.0002488774   0.0000778448   0.0003766446  -0.0003852104   0.0000114676
       -0.0017248656   0.0003037736   0.0025339695  -0.0009534912   0.0193890589
        0.0595551138  -0.0057956919   0.0390405122   0.0007086104   0.0003259739
       -0.0001682414   0.0010501099   0.0001269804  -0.0004778097  -0.0061569233
       -0.0008878636  -0.0024687539
        0.0000765821  -0.0000944934  -0.0001510513  -0.0000068963   0.0001389741
       -0.0001066470   0.0000584946  -0.0000276890  -0.0001141939   0.0007330384
        0.0004812811   0.0006935910   0.0019578854  -0.0098502771   0.0297658519
        0.0081522291  -0.0524727560   0.0369330629  -0.0012359598   0.0012314926
       -0.0043484102   0.0001585839  -0.0002024493  -0.0002960713  -0.0001602891
        0.0001147305   0.0003220550   0.0000262890   0.0000146715   0.0000099361
        0.0000005401  -0.0000049398   0.0000166253  -0.0000480550  -0.0000856177
        0.0000574090   0.0000922290  -0.0000538643   0.0000307328   0.0000373857
        0.0000351691   0.0001099119   0.0001119766   0.0001177912  -0.0001329874
       -0.0000661801  -0.0000204165  -0.0000751210  -0.0005076358  -0.0002456287
       -0.0004188257   0.0001835316   0.0011228654   0.0004928251  -0.0016593544
       -0.0059461311   0.0024621430  -0.0007868640   0.0029175987  -0.0207574829
       -0.0057956919   0.0620271356  -0.0440378457  -0.0001940099   0.0002143091
       -0.0005383775   0.0002147185   0.0000287985   0.0003990781  -0.0013425477
        0.0005594456  -0.0003162082
        0.0000172120  -0.0001179439  -0.0001416850  -0.0000357364   0.0000703806
       -0.0000548111  -0.0000220631  -0.0003060461   0.0001275449  -0.0001710532
       -0.0005352628   0.0004964176  -0.0001901402   0.0056676968  -0.0103560293
       -0.0323822366   0.0369677682  -0.2506107146  -0.0050103273   0.0006772595
       -0.0099587127  -0.0002249249  -0.0002453783  -0.0000652226   0.0000467712
        0.0002731846   0.0001321588  -0.0000730539   0.0000535878  -0.0000279695
       -0.0000160365   0.0000223527  -0.0000338046   0.0000757845  -0.0000575343
        0.0000950181  -0.0000373387  -0.0000710331   0.0000452719  -0.0000181713
       -0.0000348820   0.0000397537  -0.0001395171  -0.0001358655   0.0001465821
        0.0000733177   0.0000530063  -0.0003907891   0.0004423483   0.0002697799
        0.0005699846  -0.0001872135  -0.0005125130   0.0006925176   0.0002360321
        0.0023208602   0.0004153936   0.0001522453   0.0000366959  -0.0247853144
        0.0390405122  -0.0440378457   0.2921664458   0.0002648050  -0.0002181543
        0.0002262053   0.0005328953   0.0001842893   0.0007029098  -0.0023741109
       -0.0003244030   0.0005688492
       -0.0001639319   0.0000745983   0.0000002128  -0.0000771464  -0.0001634838
        0.0000023639  -0.0004013111  -0.0001284562  -0.0000992363  -0.0003098877
       -0.0014143219   0.0003119295  -0.0056906314  -0.0010743894  -0.0014850979
       -0.0100264578  -0.0277457866   0.0054075765  -0.0574646429  -0.0535514672
        0.0126055440  -0.0002555299   0.0002216161  -0.0000333596   0.0002729931
       -0.0001684487   0.0000071794   0.0000546703  -0.0000145074  -0.0000280498
        0.0000372324  -0.0000597225  -0.0000084315   0.0000682916   0.0000095349
        0.0000180318  -0.0000350822  -0.0000194227   0.0000060764   0.0000010876
        0.0000988422   0.0000055574   0.0000122422   0.0000508199  -0.0000291027
        0.0001552584  -0.0001127819   0.0000104620   0.0000660348  -0.0000514980
        0.0000493678  -0.0000666228   0.0001693540  -0.0000354962  -0.0000112907
        0.0002293656  -0.0001201284   0.0005902021  -0.0004545888   0.0002485117
        0.0007086104  -0.0001940099   0.0002648050   0.0668310410   0.0622137553
       -0.0134531200   0.0039211235   0.0187144476  -0.0031418373   0.0017837475
        0.0033705512  -0.0005037587
        0.0000273406   0.0000231390   0.0000030794   0.0001021460  -0.0000498464
       -0.0000229486  -0.0001217321   0.0001093295  -0.0000626989  -0.0001833834
       -0.0004319866   0.0001722645  -0.0019919020   0.0004331373  -0.0005803586
       -0.0042514182  -0.0072370176   0.0009635454  -0.0527808313  -0.2511794221
        0.0460522703   0.0001693604   0.0001687721  -0.0000428504  -0.0002028739
       -0.0000137526   0.0000396851   0.0000247961   0.0000323240  -0.0000064726
       -0.0000225361   0.0000795842   0.0000102657  -0.0000687385   0.0000174462
       -0.0000004667  -0.0000728823  -0.0000216793   0.0000035128   0.0000008515
       -0.0000001422  -0.0000000248   0.0000059637   0.0000048024  -0.0000252460
       -0.0000022963  -0.0000552130   0.0000445696   0.0000091860  -0.0000140306
       -0.0000386238  -0.0000225893   0.0004633811   0.0001600656   0.0000948921
        0.0002121080  -0.0003358905   0.0003567038   0.0005568518   0.0002056067
        0.0003259739   0.0002143091  -0.0002181543   0.0622137553   0.2910750789
       -0.0542087711  -0.0023530499  -0.0256905955   0.0033793222  -0.0012567362
       -0.0086965778   0.0045083190
       -0.0000029139  -0.0000477844  -0.0001742633   0.0000262190   0.0000955698
       -0.0000648197  -0.0001319140  -0.0001378943   0.0000186897  -0.0001084770
       -0.0002033330   0.0003031304  -0.0011735135  -0.0003080534   0.0001802711
       -0.0016609821  -0.0058535939   0.0013545932   0.0123629663   0.0457985029
       -0.0558644900  -0.0000511321  -0.0001118340  -0.0003257065   0.0000618815
        0.0001194852   0.0004587797   0.0000334913   0.0000280240   0.0000699058
        0.0000117700   0.0000162196   0.0001265706  -0.0000403916  -0.0000460687
        0.0000956592  -0.0000402130  -0.0000581689   0.0000272541   0.0000089482
        0.0000399062  -0.0000553593   0.0000003368  -0.0000110801  -0.0000126109
        0.0000106964   0.0000255711   0.0000404348   0.0000255302  -0.0000229378
        0.0000331515   0.0000458902   0.0000884392  -0.0000716829  -0.0001021549
       -0.0001474590   0.0001175224   0.0003242589   0.0001654949   0.0000104647
       -0.0001682414  -0.0005383775   0.0002262053  -0.0134531200  -0.0542087711
        0.0613609078  -0.0025068125  -0.0178878991   0.0034540518   0.0065278774
        0.0332060423  -0.0113086594
       -0.0000257136  -0.0000688366  -0.0000121816   0.0000030420   0.0000686883
        0.0000379189   0.0000643828  -0.0000111005   0.0000119285   0.0002191102
        0.0000025301  -0.0000834708   0.0006421242   0.0012348556   0.0003516269
       -0.0248774222   0.0180870774   0.0151351222  -0.1247753760   0.0836932474
        0.0721448151  -0.0002219995  -0.0000957557  -0.0000359788   0.0001270868
        0.0000993809  -0.0000512555   0.0000138577   0.0000328809  -0.0000100265
        0.0000125482   0.0000017237  -0.0000082047   0.0000061638   0.0000209404
       -0.0000160235  -0.0000016983  -0.0000067438   0.0000083385  -0.0000063832
       -0.0000898718  -0.0000282612  -0.0000118711   0.0000258165   0.0000133842
        0.0002749122   0.0000305610  -0.0000816400   0.0000185671   0.0000542688
        0.0000530227   0.0000265360  -0.0009706473  -0.0003333656  -0.0000559567
        0.0000006516   0.0000371847  -0.0066195160  -0.0011751190  -0.0014631140
        0.0010501099   0.0002147185   0.0005328953   0.0039211235  -0.0023530499
       -0.0025068125   0.1478832532  -0.0976131974  -0.0836838317   0.0023331189
       -0.0011830192  -0.0000120706
        0.0001600620  -0.0000264106  -0.0000383928   0.0000443239   0.0000288062
       -0.0000483558  -0.0000057134  -0.0000264127  -0.0000127425  -0.0002384374
       -0.0001360898  -0.0000142093  -0.0008657432   0.0010854620   0.0002417539
       -0.0002026032   0.0022224763   0.0022835489   0.0827112088  -0.1299846199
       -0.0729123668   0.0003533378  -0.0000239191   0.0000012089  -0.0003079895
        0.0000287538   0.0001125568  -0.0000260161   0.0000029606   0.0000042827
       -0.0000299900   0.0000568130   0.0000058508  -0.0000554623  -0.0000133028
        0.0000201066  -0.0000045649  -0.0000058734  -0.0000151197  -0.0000337736
       -0.0000272463  -0.0000087859   0.0000025198  -0.0000324519  -0.0000209575
       -0.0000466535  -0.0000399710   0.0000039409   0.0000422773   0.0000387720
        0.0000225515  -0.0001001039   0.0001635528  -0.0000729222   0.0000526201
       -0.0001113771  -0.0000049255  -0.0007171792   0.0007764164   0.0002280768
        0.0001269804   0.0000287985   0.0001842893   0.0187144476  -0.0256905955
       -0.0178878991  -0.0976131974   0.1491151514   0.0866276279  -0.0019603501
        0.0025703072   0.0013008819
       -0.0000507398   0.0000468079  -0.0000149661   0.0001297300  -0.0000380299
        0.0000143381  -0.0001041431  -0.0000169072   0.0000714275  -0.0000804935
        0.0000099574  -0.0001423210  -0.0000169668   0.0000538063   0.0001624324
       -0.0022240739   0.0036031428   0.0036476614   0.0714290017  -0.0727374368
       -0.1087737732  -0.0000423452   0.0000694719   0.0000478590   0.0001159085
       -0.0000756241   0.0000152929   0.0000400846  -0.0000157164   0.0000322173
        0.0000170515  -0.0000032556   0.0000911605  -0.0000703554   0.0000109014
       -0.0000175425  -0.0000698490   0.0000267110  -0.0000132844   0.0000285484
        0.0000338812  -0.0000596928   0.0000144855  -0.0000002771  -0.0000609485
       -0.0000507502  -0.0000237406   0.0000108966  -0.0000799543   0.0000112331
        0.0000659854   0.0001343625   0.0003344553   0.0002433801   0.0000921633
       -0.0001036421  -0.0003282865  -0.0014960376  -0.0000272356   0.0009022675
       -0.0004778097   0.0003990781   0.0007029098  -0.0031418373   0.0033793222
        0.0034540518  -0.0836838317   0.0866276279   0.1238275235   0.0195878515
       -0.0215645308  -0.0238785888
       -0.0000473764  -0.0000045700  -0.0000172335  -0.0000597323   0.0000693841
       -0.0000412980   0.0000812933  -0.0000602071   0.0000057039   0.0000429706
        0.0000834673   0.0001491864   0.0007483094   0.0008778468  -0.0007242122
       -0.0088729710   0.0038801858  -0.0304232525  -0.0498430574   0.0066159091
       -0.0358076562  -0.0001118576  -0.0000315471   0.0000025028   0.0000819481
        0.0000572097   0.0000490098  -0.0000251616  -0.0000006401  -0.0000222170
        0.0000047699  -0.0000054004  -0.0000400779   0.0000718886   0.0000087003
        0.0000317885   0.0000354808  -0.0000120289   0.0000094875  -0.0000144006
        0.0000426174   0.0000240559  -0.0000302768  -0.0000458411   0.0000520071
        0.0000352306   0.0000273939  -0.0000745929   0.0001333883   0.0000601274
        0.0001332368  -0.0000625323   0.0000077540   0.0001205964  -0.0001445770
       -0.0004466153   0.0004870904   0.0010142962  -0.0000073684  -0.0004635881
       -0.0061569233  -0.0013425477  -0.0023741109   0.0017837475  -0.0012567362
        0.0065278774   0.0023331189  -0.0019603501   0.0195878515   0.0590024241
       -0.0065567434   0.0428078447
        0.0001295097  -0.0000204286   0.0001174341   0.0000796215  -0.0000683940
        0.0000991168  -0.0000300301   0.0000877877   0.0000387910  -0.0001124339
       -0.0001542511  -0.0000885766  -0.0002811352   0.0007127818  -0.0009458875
       -0.0008083584   0.0006883406  -0.0043429380   0.0062390675  -0.0514249890
        0.0354405473   0.0002162420  -0.0000097534   0.0002070741  -0.0002269940
       -0.0000058456  -0.0002882564  -0.0000229518   0.0000066658  -0.0000052377
       -0.0000199490   0.0000481220  -0.0000097748  -0.0000549589   0.0000264851
       -0.0000561018  -0.0000290916   0.0000467556  -0.0000142709  -0.0000025123
       -0.0000891467  -0.0000317965  -0.0000346086  -0.0000150746   0.0000032757
        0.0000331022   0.0000331214  -0.0000051633   0.0000472208   0.0000152240
        0.0001016867   0.0000756381  -0.0001282415  -0.0001034795  -0.0002900714
       -0.0000662284   0.0001623322   0.0003497683   0.0000168838   0.0004357643
       -0.0008878636   0.0005594456  -0.0003244030   0.0033705512  -0.0086965778
        0.0332060423  -0.0011830192   0.0025703072  -0.0215645308  -0.0065567434
        0.0558670102  -0.0420316476
       -0.0000359950  -0.0000422656  -0.0000484838   0.0001331369   0.0000516381
       -0.0000281390  -0.0000364193   0.0000269295   0.0000281116   0.0002564267
        0.0000761667   0.0000436022   0.0006485739   0.0001550741   0.0004320928
       -0.0063677498   0.0009712381  -0.0105100921  -0.0347639103   0.0356396420
       -0.2627044921  -0.0001600567  -0.0000386235   0.0000281278   0.0000939559
        0.0000905570   0.0001308037   0.0000324397  -0.0000042209   0.0000384896
        0.0000225832   0.0000158210   0.0000846927  -0.0000333649   0.0000162050
        0.0000071485  -0.0000587730  -0.0000323136  -0.0000048817   0.0000213859
       -0.0000068841  -0.0001264343  -0.0000234643  -0.0000622487   0.0000571632
        0.0000549607   0.0000112094   0.0000444558   0.0001297933   0.0001028356
        0.0001161143   0.0000365569  -0.0000410388  -0.0003063391  -0.0002796485
       -0.0005067525   0.0005875280   0.0005063070   0.0001156860   0.0006492101
       -0.0024687539  -0.0003162082   0.0005688492  -0.0005037587   0.0045083190
       -0.0113086594  -0.0000120706   0.0013008819  -0.0238785888   0.0428078447
       -0.0420316476   0.3060997207
