$coord
          5.166838260964          0.008176127032          1.230226748784     n 
          3.615406743479         -0.012450719254         -1.132382687608     c 
          0.836737334102         -0.005748354153         -0.609798326935     c 
         -0.477942087496          2.269658954733         -0.331722870329     c 
         -3.054572027339          2.275805603589          0.189198769426     c 
         -4.350528625890          0.006522445806          0.451368078628     c 
         -3.064275169345         -2.269237621246          0.197313738311     c 
         -0.487675131203         -2.274638547582         -0.323794540604     c 
          4.781031780164         -1.549272910556          2.333224519890     h 
          4.787120372860          1.589043461543          2.301835409178     h 
          7.077181991721          0.000248414492          0.843433895856     h 
          4.104460645380         -1.673495354279         -2.268873388475     h 
          4.106361795290          1.627230649518         -2.298827811686     h 
          0.520234467369          4.032049760415         -0.534052177526     h 
         -4.050524052564          4.043849991589          0.386351651619     h 
         -6.350474460297          0.011650709443          0.850655291386     h 
         -4.066994296391         -4.032519777588          0.400240886579     h 
          0.502104220805         -4.042187792990         -0.522218195090     h 
$end
