           1           2  0.98071868125651274     
           2           3  0.98449711151267072     
           3           4   1.0097314713566405     
           4           5   1.3548466943451747     
           5           6  0.99332839064770162     
           5           7   1.3449971398215299     
           7           8  0.98421040976687713     
           7           9   1.3415799644784074     
           9          10  0.98430484536844176     
           9          11   1.3422526938366053     
          11          12  0.98413808145329251     
           4          13   1.3556106513076367     
          11          13   1.3442269268784428     
          13          14  0.99306117012268436     
           1          15  0.88059612987425528     
           1          16  0.88431126275768179     
           1          17  0.88424919028199866     
           2          18  0.96359978466662777     
           2          19  0.96359089642941076     
           3          20  0.95591396752731339     
           3          21  0.95451158208874787     
