$hessian                                                                        
        0.5781228472   0.0030526823   0.0085702834  -0.0724073653   0.0034564898
       -0.0006269409   0.0011001661  -0.0129261848  -0.0001282609  -0.0012031060
        0.0002928795   0.0012095748  -0.0003554286  -0.0002220419   0.0002486079
       -0.0000087804  -0.0001040403  -0.0002378594   0.0005349056  -0.0008968924
        0.0009744918  -0.0000016801  -0.0000565354  -0.0000329680   0.0001716911
       -0.0000724157  -0.0000817679  -0.0000776693   0.0000093218   0.0000020737
       -0.0001891799   0.0000989369   0.0002211178   0.0001208090  -0.0000336947
        0.0001658219  -0.0043350630  -0.0032069147  -0.0020333797  -0.0024648509
       -0.0017483165   0.0080711640  -0.0935463203  -0.0539804564  -0.0913172538
       -0.1040965683  -0.0308929038   0.1053867329  -0.2999595905   0.0860561522
       -0.0271670461  -0.0012646613   0.0300566136  -0.0053023797   0.0005980884
       -0.0177145625   0.0037212451  -0.0000621099   0.0004354575   0.0002447360
       -0.0006353548  -0.0016670172  -0.0019359966  -0.0000546568  -0.0001036025
       -0.0000533527   0.0000140196   0.0001471854  -0.0001426838   0.0000513046
       -0.0000172975  -0.0000261378  -0.0000028515   0.0000409308   0.0001313163
       -0.0000485948  -0.0000037734   0.0001388618
        0.0030526823   0.4756113681   0.0138248742   0.0027145117  -0.1765014348
        0.0261400517  -0.0046460892  -0.0262144734  -0.0053447143   0.0018643047
       -0.0000016263   0.0006456743   0.0001542366   0.0000653920   0.0004286624
       -0.0001120532   0.0000087901   0.0002931723  -0.0004398720  -0.0001077438
       -0.0003149522  -0.0000070942   0.0000919226   0.0000554007   0.0000431331
        0.0000818795  -0.0002058214  -0.0000764100   0.0002246725  -0.0001844099
       -0.0000840622   0.0001389072   0.0001018138   0.0000806861  -0.0001796455
        0.0000398722   0.0000711329   0.0001888603   0.0001051942  -0.0023314890
        0.0007631122   0.0046886674  -0.0529237537  -0.1090414329  -0.1023261884
       -0.0303159988  -0.0533635786   0.0482408574   0.0842519637  -0.0719092346
        0.0069912521   0.0035123524  -0.0194831187   0.0029629626  -0.0021850437
       -0.0193740216   0.0063068022   0.0000010163   0.0008617879   0.0012647038
       -0.0025569815  -0.0016209199  -0.0038986981  -0.0000021016  -0.0002798783
        0.0002685982  -0.0001088851  -0.0002800080   0.0001257735   0.0000281580
        0.0001403280  -0.0000751806   0.0000091885   0.0002072579  -0.0000924010
        0.0000064677  -0.0000271618  -0.0000419671
        0.0085702834   0.0138248742   0.5674923663  -0.0004421801   0.0184047484
       -0.0744282572  -0.0009759773  -0.0247428986   0.0024633507   0.0003716439
       -0.0006049050  -0.0001137586   0.0005015267  -0.0001105057   0.0003803443
        0.0000410547   0.0002372333   0.0004640184  -0.0003362047   0.0001544908
       -0.0003777596   0.0001592044  -0.0001477500   0.0000778599  -0.0001658399
       -0.0000018839   0.0000032419   0.0000031023  -0.0000701356   0.0001401812
        0.0000716341  -0.0000719204  -0.0000139586   0.0000037230   0.0000650836
        0.0000272121  -0.0005438242  -0.0001031681   0.0004234957   0.0067148975
        0.0027451138  -0.0119225665  -0.0871483125  -0.0998582495  -0.2115507219
        0.1079541400   0.0510560770  -0.2180435934  -0.0329169038   0.0090140121
       -0.0472832533  -0.0004170240   0.0050569061  -0.0002771060   0.0005302766
        0.0285593984  -0.0054817910  -0.0000307486  -0.0002905945   0.0013685196
       -0.0020229522  -0.0032967234  -0.0036089845   0.0000121523   0.0000546822
        0.0000742308  -0.0000145146   0.0000628671   0.0000698357   0.0000203085
        0.0000049105   0.0000536501   0.0000216142   0.0000151516   0.0000299671
        0.0000389204   0.0000431857   0.0000334768
       -0.0724073653   0.0027145117  -0.0004421801   0.5282173646  -0.0194912476
       -0.0121794183  -0.0829960222  -0.0200783040  -0.0368583248  -0.0179782708
       -0.0118701516  -0.0253070847  -0.0049879239   0.0008933343  -0.0003467029
       -0.0006659843   0.0003844199  -0.0013031399   0.0002717628  -0.0001486324
       -0.0001298330  -0.0000410767  -0.0000335710  -0.0000248838   0.0000349717
       -0.0000679639  -0.0000135763  -0.0000501572   0.0000153064   0.0000642005
       -0.0000096771  -0.0000482583   0.0000780153   0.0000801465  -0.0000555047
        0.0001051607   0.0001447468  -0.0004364905  -0.0011217183  -0.0004644768
        0.0000104082   0.0001775679   0.0001982187  -0.0105913328   0.0017256528
        0.0014322895  -0.0118838388   0.0007625728   0.0001055470   0.0266043198
       -0.0039156124  -0.2468381832   0.0609478793  -0.0300047848  -0.1096966870
       -0.0221543349   0.0982263942   0.0058852839   0.0061460735   0.0103084305
        0.0002377335  -0.0008645002  -0.0001287686  -0.0000799121  -0.0000271299
        0.0000276911  -0.0003855526   0.0001269448   0.0000545930  -0.0000021541
        0.0000156296   0.0000847263   0.0000084175  -0.0000379643   0.0000629064
       -0.0000130392  -0.0000696023   0.0000981163
        0.0034564898  -0.1765014348   0.0184047484  -0.0194912476   0.4195310218
       -0.0232905388  -0.0196099840  -0.0820646975  -0.0439452836  -0.0033769508
        0.0032460489   0.0048497249   0.0017093379  -0.0005731348   0.0003824231
        0.0004767689   0.0000938558  -0.0000267543   0.0002485607  -0.0003833173
        0.0004294737  -0.0000641405  -0.0000324833  -0.0000648024  -0.0000755081
        0.0000664059   0.0000652206   0.0000775194   0.0001441614   0.0000253941
        0.0000534397  -0.0000839493  -0.0001560583  -0.0001135280  -0.0001036498
        0.0000441189  -0.0005140955  -0.0002518541  -0.0002167844   0.0011077554
       -0.0003898701  -0.0021769604  -0.0012911874  -0.0144835974  -0.0007025041
       -0.0044849866  -0.0089747384   0.0085271590   0.0075521944  -0.0129497733
        0.0030695928   0.0671130402  -0.0610804224   0.0116569944  -0.0262645237
       -0.0501975877   0.0424188460   0.0022719881   0.0019648927   0.0019206822
       -0.0088781528  -0.0168494444  -0.0210008116  -0.0000716651  -0.0001450292
       -0.0000728972   0.0001280304  -0.0000757421   0.0000212755   0.0000108861
        0.0001002220  -0.0000858945   0.0000303129   0.0000630461  -0.0000730410
       -0.0000003536  -0.0000689284  -0.0000033231
       -0.0006269409   0.0261400517  -0.0744282572  -0.0121794183  -0.0232905388
        0.4998324523  -0.0359372223  -0.0433723645  -0.1502760958  -0.0103818055
       -0.0019945658  -0.0076563085  -0.0017238347  -0.0002728536   0.0002163984
       -0.0004201164  -0.0002165009  -0.0005532403   0.0006230845  -0.0001799930
       -0.0002972872  -0.0000307015   0.0000046285   0.0000434059  -0.0000418999
        0.0000832424  -0.0000661960   0.0000078986   0.0000645968   0.0000693952
        0.0000362591  -0.0000539821  -0.0001364482  -0.0000181373  -0.0000433097
        0.0000054616   0.0010791905   0.0003473803   0.0010421744  -0.0001659488
       -0.0002948571  -0.0004200383   0.0007894741  -0.0196836856   0.0032059189
       -0.0005694811   0.0204491965  -0.0016452478  -0.0008014271   0.0040584799
       -0.0000325497  -0.0307039123   0.0114773208  -0.0498768878   0.0981859907
        0.0389347339  -0.1944359982  -0.0086115009  -0.0129869640  -0.0265482188
        0.0015345484   0.0008041641   0.0019312107   0.0000362180  -0.0000199755
        0.0001651672  -0.0000988755  -0.0000461877   0.0000132054  -0.0000041471
        0.0000511372  -0.0000611959   0.0000103826   0.0000588923  -0.0000613947
        0.0000123233  -0.0000180462  -0.0000294254
        0.0011001661  -0.0046460892  -0.0009759773  -0.0829960222  -0.0196099840
       -0.0359372223   0.4753702062  -0.0025416120  -0.0125770299  -0.2046025110
        0.0428624224  -0.0308360392  -0.0207207928   0.0027327786  -0.0098629880
        0.0015550515  -0.0003676598  -0.0018464788  -0.0026343689   0.0014908750
        0.0003931065   0.0001743710   0.0003328551  -0.0006538338  -0.0002944191
        0.0001631774   0.0000770495  -0.0000617578   0.0000450851  -0.0000502682
       -0.0001400271   0.0001301854   0.0000325601  -0.0000413915   0.0000796693
        0.0000083773  -0.0133251750   0.0044175203   0.0024434021  -0.0002804449
       -0.0005794611   0.0004677119   0.0003440019   0.0001069267   0.0001941837
        0.0001474672   0.0002716625  -0.0003605598  -0.0001074901   0.0003225667
        0.0006760507  -0.0131848147  -0.0116226026  -0.0228877370   0.0060672642
        0.0057691384   0.0107374077  -0.1086132543  -0.0263404747   0.0998051858
       -0.0376995238   0.0064901340   0.0003396445   0.0003550110   0.0001472714
        0.0007231887  -0.0004713175   0.0003634863   0.0001013831   0.0000924378
       -0.0000636300  -0.0000900926  -0.0000138860   0.0000357083   0.0000390661
       -0.0000187801   0.0000100504   0.0000399091
       -0.0129261848  -0.0262144734  -0.0247428986  -0.0200783040  -0.0820646975
       -0.0433723645  -0.0025416120   0.4832573591  -0.0089363835   0.0429055074
       -0.0621762672   0.0035767281  -0.0034553373   0.0006449119   0.0013467743
       -0.0001477886   0.0050836194  -0.0031351591   0.0021697232  -0.0003083452
       -0.0010148050   0.0003372889   0.0008780200  -0.0000504353   0.0000475277
       -0.0002081049   0.0000262584   0.0001081859   0.0001206809   0.0000608912
        0.0001011638  -0.0001486341  -0.0000697559   0.0000894048   0.0001440198
       -0.0001005507   0.0070300848  -0.0044049299   0.0013023141  -0.0002525894
       -0.0000263988  -0.0000200399   0.0002839666  -0.0065070056   0.0005068627
        0.0004912722   0.0007692199  -0.0001446057  -0.0007731188   0.0006206624
       -0.0002098455   0.0009971049   0.0030558323   0.0038379509   0.0018780953
        0.0020733959   0.0002362190  -0.0266082417  -0.0522407886   0.0379071057
        0.0112695750  -0.2613298584   0.0324253258  -0.0006333961  -0.0010671880
        0.0005804412  -0.0001979171   0.0002765365  -0.0001376675  -0.0000632612
       -0.0000223293   0.0000934685   0.0000014389  -0.0000407575  -0.0000110418
       -0.0000325885  -0.0001644798   0.0000452134
       -0.0001282609  -0.0053447143   0.0024633507  -0.0368583248  -0.0439452836
       -0.1502760958  -0.0125770299  -0.0089363835   0.4888206395  -0.0280932533
        0.0046054829  -0.0641307660  -0.0235203639   0.0065203621  -0.0067806771
       -0.0029635882  -0.0024052480  -0.0029314135   0.0011135667  -0.0017394035
       -0.0021990319   0.0001149104  -0.0002994837   0.0005340338  -0.0000070010
        0.0000862165  -0.0000469113  -0.0000681704   0.0000339804   0.0001193910
        0.0000976347   0.0000103164  -0.0000063449   0.0001453235  -0.0001606177
       -0.0000887195   0.0133473394  -0.0033931048   0.0015327789  -0.0001411810
        0.0001563337   0.0000887257   0.0002750376   0.0008859567   0.0009403414
        0.0004594247   0.0001036307   0.0011516451   0.0001561982   0.0000081940
        0.0004751922  -0.0045016512  -0.0026885174  -0.0051723763  -0.0081946345
       -0.0132398429  -0.0268092838   0.1037673488   0.0392374853  -0.1932775220
       -0.0011227225   0.0293637092  -0.0449899343  -0.0002526346   0.0008297688
        0.0004011885  -0.0010758629   0.0003300157   0.0000848175  -0.0000342211
        0.0000200771   0.0001073520  -0.0000012534  -0.0000669006   0.0000071906
        0.0000633698   0.0000279705  -0.0000175704
       -0.0012031060   0.0018643047   0.0003716439  -0.0179782708  -0.0033769508
       -0.0103818055  -0.2046025110   0.0429055074  -0.0280932533   0.5478892396
       -0.0852645382   0.1690693596  -0.1376462392  -0.0316783020  -0.1561475993
       -0.0440827480   0.0085361283  -0.0196829175  -0.0170562813   0.0031217709
       -0.0070809744  -0.0057144282   0.0015378994  -0.0005545579   0.0010292344
       -0.0010872705  -0.0018733707  -0.0010082527   0.0001339504  -0.0005231407
       -0.0001184656   0.0002612735   0.0005364694   0.0005004742   0.0002117072
        0.0007523294  -0.0865667055   0.0391317256   0.0444570302   0.0001926273
        0.0008941040  -0.0001536937   0.0004451450   0.0004895915   0.0001925665
       -0.0001212483  -0.0006123112  -0.0003364984   0.0025841679   0.0006617890
        0.0000782214  -0.0008339670  -0.0009099040  -0.0017023095   0.0014520498
        0.0003980561   0.0012988274  -0.0253734408   0.0061291424   0.0033382886
       -0.0121742697   0.0116655755  -0.0038652461   0.0052430959   0.0021116191
        0.0099300632  -0.0047768258   0.0027621787   0.0004343308  -0.0000656963
        0.0000680843   0.0000256264  -0.0000188648  -0.0000134590  -0.0000893132
        0.0000052869   0.0000583278  -0.0000000766
        0.0002928795  -0.0000016263  -0.0006049050  -0.0118701516   0.0032460489
       -0.0019945658   0.0428624224  -0.0621762672   0.0046054829  -0.0852645382
        0.1734271537   0.1082382004  -0.0104811792  -0.0594918834  -0.0598927575
       -0.0112374173   0.0093372057   0.0070096843   0.0074501339  -0.0028769818
       -0.0061993824   0.0006324006   0.0000100708  -0.0007649174  -0.0000185241
       -0.0000014430   0.0001885844   0.0001786503  -0.0000343162   0.0003143561
        0.0003871179  -0.0002591248  -0.0003572384  -0.0003793554   0.0002569526
       -0.0001606445   0.0473012107  -0.0521186110  -0.0381303733   0.0001006348
       -0.0003056793  -0.0000438192  -0.0002230426  -0.0000406083   0.0002012076
       -0.0002063610   0.0002556974   0.0003223438  -0.0018549988  -0.0007112026
        0.0000201373  -0.0013056739  -0.0008169793  -0.0023798962  -0.0002766567
       -0.0000735002   0.0000048923  -0.0015968892   0.0028556741  -0.0015709308
        0.0288039766  -0.0096608289   0.0045102368  -0.0051923266  -0.0028033450
       -0.0120661417   0.0018165711   0.0020294678  -0.0014261396   0.0000752463
       -0.0000676674   0.0000492060   0.0000287769  -0.0000799213   0.0001026305
       -0.0000229066   0.0001017149   0.0000247492
        0.0012095748   0.0006456743  -0.0001137586  -0.0253070847   0.0048497249
       -0.0076563085  -0.0308360392   0.0035767281  -0.0641307660   0.1690693596
        0.1082382004   0.5014471203  -0.1066054866  -0.0762086733  -0.3151239697
       -0.0645449813   0.0213512982   0.0035318364   0.0047362392  -0.0086403721
       -0.0166547806  -0.0032810949   0.0000979945  -0.0020720884   0.0006612850
       -0.0006112680  -0.0010528543   0.0000512533   0.0002688014   0.0005688809
        0.0009263601  -0.0005942555  -0.0008273870  -0.0007702898   0.0003231247
        0.0004174999   0.0595927279  -0.0424254605  -0.0783410615   0.0000418441
        0.0001305779  -0.0008022381  -0.0000693223   0.0001017975   0.0001476576
       -0.0005112437  -0.0004148548   0.0007258685  -0.0017459983  -0.0010205021
        0.0000190138  -0.0024262033  -0.0025878978  -0.0035373329  -0.0004170449
        0.0004135048   0.0002527107   0.0186815216  -0.0054294864   0.0036829277
       -0.0076426278   0.0044390471   0.0010432548  -0.0090559158  -0.0058314053
       -0.0218379238  -0.0018649559  -0.0007191845   0.0000034029   0.0001346274
        0.0000027692   0.0001354319   0.0000952427   0.0000074293   0.0000486655
       -0.0001217471   0.0000366881   0.0001261985
       -0.0003554286   0.0001542366   0.0005015267  -0.0049879239   0.0017093379
       -0.0017238347  -0.0207207928  -0.0034553373  -0.0235203639  -0.1376462392
       -0.0104811792  -0.1066054866   0.5402193150  -0.1275129654   0.0350060561
       -0.2430445917   0.0500070208  -0.0329312855  -0.0329426678   0.0354852523
        0.0587190254   0.0087028534  -0.0011065194  -0.0013327961  -0.0027980977
        0.0021994649   0.0028835083   0.0012713630  -0.0003591637   0.0005896377
       -0.0011030064   0.0003111646  -0.0001683862  -0.0001721272  -0.0003831181
       -0.0010003214  -0.0016327812  -0.0050070941  -0.0152935507   0.0000315880
       -0.0000805694   0.0001538882   0.0001525815   0.0001502033   0.0001954417
        0.0001971364   0.0002369508  -0.0002911406   0.0009010444  -0.0001318569
       -0.0002414892  -0.0004735624  -0.0006595345  -0.0009850434  -0.0000513376
       -0.0001456621   0.0002997695   0.0008315929  -0.0000735180  -0.0021631151
        0.0005367698  -0.0015662989  -0.0010849208  -0.0931141339   0.0563085448
        0.0893678467  -0.0133980628   0.0044200919   0.0000185709  -0.0002795944
       -0.0000499802  -0.0001990908  -0.0001571194   0.0000145260  -0.0000471136
        0.0000332226   0.0000160035  -0.0001473329
       -0.0002220419   0.0000653920  -0.0001105057   0.0008933343  -0.0005731348
       -0.0002728536   0.0027327786   0.0006449119   0.0065203621  -0.0316783020
       -0.0594918834  -0.0762086733  -0.1275129654   0.2342221547   0.2083699533
        0.0715313805  -0.0738038617  -0.0014169032   0.0176713588  -0.0095999122
       -0.0174891458   0.0007778120   0.0046242126  -0.0038381623   0.0010867731
       -0.0002122755  -0.0007989276  -0.0003763184  -0.0006026879   0.0000661826
        0.0000583277   0.0001942497   0.0003011682   0.0000882035  -0.0001793112
       -0.0000536019   0.0105381208  -0.0079275852  -0.0203439473   0.0000139968
       -0.0002859836  -0.0001780432   0.0000630397  -0.0000621095  -0.0000156534
       -0.0001575229   0.0001107257   0.0003802612   0.0001798270  -0.0002043747
       -0.0000787038   0.0001674116   0.0001569056   0.0002827022   0.0000500026
       -0.0001501738  -0.0001713231   0.0005127525   0.0003918743   0.0004417512
        0.0009724686   0.0000971084  -0.0001476696   0.0560662122  -0.0888224449
       -0.0957787982  -0.0035610278   0.0012026979   0.0001246783  -0.0000365342
       -0.0000138183   0.0003173060   0.0000524188  -0.0000596468   0.0001045808
        0.0000884934   0.0002789708  -0.0000060339
        0.0002486079   0.0004286624   0.0003803443  -0.0003467029   0.0003824231
        0.0002163984  -0.0098629880   0.0013467743  -0.0067806771  -0.1561475993
       -0.0598927575  -0.3151239697   0.0350060561   0.2083699533   0.6495334836
        0.0204703929  -0.0190265958  -0.0798223032   0.0148766501  -0.0033832307
        0.0074530907   0.0033674212  -0.0052965847  -0.0039760856   0.0000420631
        0.0001416234   0.0008667031   0.0006024614   0.0001531563  -0.0000973735
       -0.0006849367   0.0004043976   0.0006306723   0.0001632092  -0.0004045069
       -0.0009584614   0.0205192796  -0.0322862115  -0.0580863762   0.0003079290
        0.0002717864  -0.0001785042   0.0002048318  -0.0000262223   0.0000608559
       -0.0002496383  -0.0003757424  -0.0001112315   0.0005349851  -0.0006065977
       -0.0008429674   0.0001080129   0.0000297312  -0.0001253193   0.0001371538
       -0.0001450940  -0.0000860607   0.0013348315  -0.0004676353   0.0000333150
        0.0009459897  -0.0013489767   0.0002401700   0.0881356085  -0.0950980870
       -0.1943744938  -0.0196195770   0.0065786251   0.0003833981  -0.0002059536
        0.0002905660   0.0004639805   0.0000841431   0.0000471748   0.0001317473
        0.0000277689  -0.0000866314   0.0001696643
       -0.0000087804  -0.0001120532   0.0000410547  -0.0006659843   0.0004767689
       -0.0004201164   0.0015550515  -0.0001477886  -0.0029635882  -0.0440827480
       -0.0112374173  -0.0645449813  -0.2430445917   0.0715313805   0.0204703929
        0.5526128350  -0.1089890530   0.0907203051  -0.0880863248   0.0371125478
        0.0515600320  -0.0233874373   0.0186609244   0.0287979725  -0.0006167084
       -0.0010304109  -0.0044485031  -0.0027108439   0.0009722348  -0.0000419603
        0.0008953167  -0.0000376528   0.0007394139   0.0008719220   0.0008848635
        0.0029817413  -0.0064058092   0.0044268896   0.0032908578   0.0000676279
        0.0000406254   0.0002052076  -0.0000178144   0.0001407910   0.0000435214
        0.0000898131   0.0002078882  -0.0000527140  -0.0005256778   0.0004629485
        0.0000054927  -0.0000809487  -0.0001941921  -0.0000547186  -0.0001171118
        0.0000548333   0.0002932325  -0.0001148777  -0.0000413884   0.0002071234
       -0.0009830048   0.0008585873   0.0000826529  -0.0099340160   0.0030315992
       -0.0001847359  -0.1348870900  -0.0169840177  -0.1266215507   0.0000397848
       -0.0001142630  -0.0000954080  -0.0003752362   0.0000212821  -0.0000753698
       -0.0000873453   0.0000040723   0.0000646457
       -0.0001040403   0.0000087901   0.0002372333   0.0003844199   0.0000938558
       -0.0002165009  -0.0003676598   0.0050836194  -0.0024052480   0.0085361283
        0.0093372057   0.0213512982   0.0500070208  -0.0738038617  -0.0190265958
       -0.1089890530   0.2179877421   0.1865837648   0.0499392725  -0.1045601299
       -0.1201813284   0.0168210430  -0.0126263516  -0.0137343052  -0.0009884060
        0.0033492264   0.0031625858   0.0021802143  -0.0004124764   0.0003084304
       -0.0009017508  -0.0001653348  -0.0008315966  -0.0014764551   0.0000938039
       -0.0013294024  -0.0101207743  -0.0040625755  -0.0244803657  -0.0000804112
       -0.0000814222  -0.0000043481   0.0000472891   0.0001373858  -0.0000159238
        0.0000147129   0.0003049110   0.0000660811   0.0003506403  -0.0000166804
       -0.0001935600  -0.0000022333   0.0000690724   0.0001601721   0.0000660536
       -0.0000840871   0.0000066856   0.0004349563  -0.0001575927  -0.0005289731
       -0.0002408164   0.0000192131  -0.0001690254   0.0111029409  -0.0036277663
        0.0005520794  -0.0164269721  -0.0364101016  -0.0294235099  -0.0001586847
       -0.0001549295   0.0000224395   0.0000147157  -0.0002294897   0.0000924621
       -0.0000421507  -0.0000920263  -0.0000025492
       -0.0002378594   0.0002931723   0.0004640184  -0.0013031399  -0.0000267543
       -0.0005532403  -0.0018464788  -0.0031351591  -0.0029314135  -0.0196829175
        0.0070096843   0.0035318364  -0.0329312855  -0.0014169032  -0.0798223032
        0.0907203051   0.1865837648   0.6408552760   0.0832242355  -0.1309529959
       -0.2951495904   0.0239018416  -0.0119243646  -0.0120132508  -0.0043907328
        0.0031904941   0.0057948816   0.0029721539  -0.0006570500   0.0009364011
       -0.0016224579  -0.0000217967  -0.0014360529  -0.0028210489   0.0004887529
       -0.0008310906  -0.0315828089  -0.0137288465  -0.0550834283   0.0001772476
        0.0001010494   0.0003877130   0.0001103748   0.0001669723   0.0000446755
        0.0000204265  -0.0001037179  -0.0004924344   0.0005109283   0.0004348177
       -0.0005345656  -0.0003379711  -0.0002048159  -0.0000609476   0.0001592896
       -0.0000659691   0.0004135974   0.0002008950  -0.0000159460   0.0000882715
        0.0008069918  -0.0005525090   0.0002116820   0.0194902958  -0.0059074257
        0.0010767609  -0.1250965619  -0.0297955403  -0.2044938549  -0.0002150132
        0.0001032176  -0.0002117871  -0.0001230224   0.0001259881  -0.0001070966
       -0.0001036873   0.0000118808  -0.0000840576
        0.0005349056  -0.0004398720  -0.0003362047   0.0002717628   0.0002485607
        0.0006230845  -0.0026343689   0.0021697232   0.0011135667  -0.0170562813
        0.0074501339   0.0047362392  -0.0329426678   0.0176713588   0.0148766501
       -0.0880863248   0.0499392725   0.0832242355   0.4879721886  -0.1585201041
       -0.0700470486  -0.1991911381   0.0606397720   0.0204948870  -0.0232071253
        0.0163663609   0.0233993061   0.0081151277   0.0009117453   0.0034708400
       -0.0050318949   0.0005503429  -0.0038902301  -0.0239047946   0.0034831852
       -0.0092906333  -0.1015275823   0.0053720374  -0.0519746689   0.0001362161
       -0.0002263933  -0.0001984951  -0.0002670521  -0.0000490199   0.0001340010
       -0.0003154024   0.0001420730   0.0005314355  -0.0015604837  -0.0001449187
        0.0003386592   0.0001716722  -0.0000786684   0.0000783310  -0.0001725300
       -0.0000037660  -0.0000487988  -0.0002599259   0.0002471073  -0.0005667217
       -0.0008500060  -0.0001323089  -0.0002200231  -0.0047067367   0.0019624468
       -0.0015179516   0.0041496332  -0.0069521753  -0.0136649343   0.0005450088
       -0.0011328001  -0.0012012700  -0.0001216687   0.0000770614  -0.0002644654
       -0.0000605315   0.0004488454   0.0002002100
       -0.0008968924  -0.0001077438   0.0001544908  -0.0001486324  -0.0003833173
       -0.0001799930   0.0014908750  -0.0003083452  -0.0017394035   0.0031217709
       -0.0028769818  -0.0086403721   0.0354852523  -0.0095999122  -0.0033832307
        0.0371125478  -0.1045601299  -0.1309529959  -0.1585201041   0.2170153510
        0.1819662769   0.0601720240  -0.0651655199  -0.0132988710   0.0187207448
       -0.0128922687  -0.0117759781  -0.0011337325   0.0045464549  -0.0055192856
        0.0016707805   0.0007535069   0.0002791826   0.0022005847  -0.0003308883
        0.0049203646  -0.0044759580  -0.0262986400  -0.0075448394  -0.0000089039
        0.0000809919   0.0001966141  -0.0000317856  -0.0001089396   0.0001329409
        0.0000993032  -0.0000079478  -0.0000789586   0.0012656186   0.0003196978
        0.0000108113  -0.0000717699  -0.0001774407  -0.0000715149  -0.0000057020
       -0.0001991587   0.0000041280   0.0002593760  -0.0001917835   0.0001640300
       -0.0002415677   0.0002488339  -0.0001217668   0.0030702083   0.0021751357
       -0.0008923906   0.0005414555  -0.0019840728  -0.0042600475  -0.0004082485
       -0.0009256165   0.0008150229   0.0006131898   0.0001810054   0.0000012885
        0.0001195655   0.0007977292  -0.0001855031
        0.0009744918  -0.0003149522  -0.0003777596  -0.0001298330   0.0004294737
       -0.0002972872   0.0003931065  -0.0010148050  -0.0021990319  -0.0070809744
       -0.0061993824  -0.0166547806   0.0587190254  -0.0174891458   0.0074530907
        0.0515600320  -0.1201813284  -0.2951495904  -0.0700470486   0.1819662769
        0.4823897562   0.0195377746  -0.0132786178  -0.0565679624   0.0292156554
       -0.0136681359  -0.0119393833  -0.0014385728  -0.0038678829  -0.0043768514
       -0.0009442164  -0.0006943941  -0.0014737051  -0.0128389146   0.0061156495
        0.0030373981  -0.0717560661   0.0001071218  -0.0825226272   0.0000118147
       -0.0000501219  -0.0003627534  -0.0000892433   0.0000076153  -0.0000796299
       -0.0003477821  -0.0000276094   0.0001671972  -0.0017345919  -0.0000353131
        0.0001033942  -0.0000379150  -0.0001519868  -0.0000685002  -0.0002106155
        0.0000082673   0.0000636133  -0.0000957178  -0.0001227674  -0.0000041429
       -0.0005153611   0.0004911466  -0.0002138054   0.0008729965  -0.0015600135
        0.0001666232   0.0048812709  -0.0102495092  -0.0215537339   0.0005150259
        0.0002391948  -0.0003088906   0.0010726707  -0.0004882278   0.0001698590
       -0.0004870118   0.0000294476   0.0005995035
       -0.0000016801  -0.0000070942   0.0001592044  -0.0000410767  -0.0000641405
       -0.0000307015   0.0001743710   0.0003372889   0.0001149104  -0.0057144282
        0.0006324006  -0.0032810949   0.0087028534   0.0007778120   0.0033674212
       -0.0233874373   0.0168210430   0.0239018416  -0.1991911381   0.0601720240
        0.0195377746   0.4877803363  -0.1578282671  -0.0687297867  -0.0884666625
        0.0494599723   0.0829536142  -0.0322052905   0.0169920568   0.0139600043
       -0.0212743557   0.0096171808   0.0048669208  -0.1014553967   0.0043516953
       -0.0514658708  -0.0236845210   0.0029884275  -0.0101400852  -0.0001237725
       -0.0000031054  -0.0000142682   0.0000558878   0.0000170150  -0.0001768380
       -0.0000453615  -0.0000304331  -0.0002047888   0.0000593014   0.0001252989
       -0.0002068764  -0.0000758436  -0.0000329157  -0.0000383275   0.0001009856
       -0.0000518590  -0.0000483572  -0.0000999372   0.0000328515   0.0001715193
       -0.0001622956   0.0001941861   0.0000813558  -0.0001074174   0.0000969952
       -0.0001440624   0.0005861206  -0.0010368031  -0.0008993175   0.0040681819
       -0.0070592387  -0.0141459938  -0.0048136854   0.0020687751  -0.0016066347
       -0.0006777380   0.0014288337   0.0020184370
       -0.0000565354   0.0000919226  -0.0001477500  -0.0000335710  -0.0000324833
        0.0000046285   0.0003328551   0.0008780200  -0.0002994837   0.0015378994
        0.0000100708   0.0000979945  -0.0011065194   0.0046242126  -0.0052965847
        0.0186609244  -0.0126263516  -0.0119243646   0.0606397720  -0.0651655199
       -0.0132786178  -0.1578282671   0.2178135039   0.1808117612   0.0363137704
       -0.1040484703  -0.1300995579   0.0351501231  -0.0101767354  -0.0025887540
        0.0043383748  -0.0031511631  -0.0087799972  -0.0045016190  -0.0277014638
       -0.0072327363   0.0017290625  -0.0001828298   0.0051925730  -0.0000264865
        0.0000012211  -0.0001915757  -0.0000380793   0.0001602228  -0.0000812826
        0.0000284370  -0.0000075015  -0.0000228265  -0.0000060315   0.0001252958
       -0.0000046553   0.0000543386   0.0001306447   0.0000477005  -0.0000113851
        0.0001554702   0.0000831224   0.0003323805  -0.0000953995   0.0000915185
       -0.0002262833   0.0000232002   0.0000468311   0.0005478086   0.0000630650
        0.0000681064  -0.0003935198  -0.0010280473   0.0007716000   0.0007004911
       -0.0020895560  -0.0042197127   0.0029824335   0.0021901481  -0.0008844801
        0.0008796264   0.0000385237  -0.0021634568
       -0.0000329680   0.0000554007   0.0000778599  -0.0000248838  -0.0000648024
        0.0000434059  -0.0006538338  -0.0000504353   0.0005340338  -0.0005545579
       -0.0007649174  -0.0020720884  -0.0013327961  -0.0038381623  -0.0039760856
        0.0287979725  -0.0137343052  -0.0120132508   0.0204948870  -0.0132988710
       -0.0565679624  -0.0687297867   0.1808117612   0.4863348638   0.0504914195
       -0.1194703793  -0.2953798382   0.0586730475  -0.0172493205   0.0073009746
       -0.0082626489  -0.0043948490  -0.0158715961  -0.0728742294  -0.0001369572
       -0.0863450842  -0.0140354080   0.0061813182   0.0025305118   0.0001885876
        0.0001124684   0.0000219502  -0.0000593941   0.0000046305   0.0000335363
       -0.0002243399  -0.0000510562   0.0000355129  -0.0000079185   0.0001277235
        0.0000044462  -0.0000591710  -0.0000470148   0.0001119605   0.0000622884
       -0.0000609998   0.0001209783  -0.0002250680   0.0000334774  -0.0000404783
        0.0002326527  -0.0001271878   0.0000451046   0.0010430711  -0.0003620713
        0.0001665666   0.0006167457   0.0002940726  -0.0003617724   0.0052671007
       -0.0106829058  -0.0223087732   0.0006052434  -0.0015918859   0.0000306556
        0.0006039880  -0.0016947313  -0.0024554317
        0.0001716911   0.0000431331  -0.0001658399   0.0000349717  -0.0000755081
       -0.0000418999  -0.0002944191   0.0000475277  -0.0000070010   0.0010292344
       -0.0000185241   0.0006612850  -0.0027980977   0.0010867731   0.0000420631
       -0.0006167084  -0.0009884060  -0.0043907328  -0.0232071253   0.0187207448
        0.0292156554  -0.0884666625   0.0363137704   0.0504914195   0.5514149876
       -0.1111319847   0.0904022851  -0.2418898380   0.0719063097   0.0210710988
       -0.0443032597  -0.0107332622  -0.0653789434  -0.0067270993   0.0055931646
        0.0046754763   0.0007995742   0.0009988537   0.0030798106   0.0001017861
        0.0000219298  -0.0001600349  -0.0000498139  -0.0000337075  -0.0000058914
       -0.0000976442  -0.0001269378   0.0000885675  -0.0000831299  -0.0000085558
        0.0000410485   0.0000085862  -0.0000204064  -0.0000359678   0.0000080465
        0.0000253106  -0.0000098618   0.0000243684  -0.0000455852  -0.0000621965
        0.0000405444  -0.0001106759   0.0000181836  -0.0004305708   0.0000317647
       -0.0000161044   0.0000420102  -0.0001263565  -0.0000662281  -0.1341794555
       -0.0155504244  -0.1254825364  -0.0100967322   0.0030455371  -0.0002773853
       -0.0004352444   0.0011355154  -0.0036862699
       -0.0000724157   0.0000818795  -0.0000018839  -0.0000679639   0.0000664059
        0.0000832424   0.0001631774  -0.0002081049   0.0000862165  -0.0010872705
       -0.0000014430  -0.0006112680   0.0021994649  -0.0002122755   0.0001416234
       -0.0010304109   0.0033492264   0.0031904941   0.0163663609  -0.0128922687
       -0.0136681359   0.0494599723  -0.1040484703  -0.1194703793  -0.1111319847
        0.2168744824   0.1850149673   0.0502958436  -0.0746054530  -0.0188099664
        0.0079715008   0.0089283413   0.0215267254  -0.0093445186  -0.0031993720
       -0.0250486474  -0.0013911919   0.0001052447  -0.0012465620  -0.0001065849
       -0.0000012662   0.0000520236   0.0000336381  -0.0000275015  -0.0000273329
        0.0001341767  -0.0002845426  -0.0002263396   0.0001266271  -0.0000441663
       -0.0000637450   0.0000006841  -0.0000385249  -0.0000074272   0.0000155656
        0.0000445243   0.0000224141  -0.0000398256  -0.0000963159   0.0000299321
       -0.0000913317   0.0000432389   0.0000556016   0.0000283691  -0.0002303253
        0.0001060128  -0.0001883094  -0.0001359506   0.0000453174  -0.0149590817
       -0.0352929311  -0.0287099825   0.0111355356  -0.0039167234   0.0006548301
        0.0015799732   0.0057422918  -0.0031177307
       -0.0000817679  -0.0002058214   0.0000032419  -0.0000135763   0.0000652206
       -0.0000661960   0.0000770495   0.0000262584  -0.0000469113  -0.0018733707
        0.0001885844  -0.0010528543   0.0028835083  -0.0007989276   0.0008667031
       -0.0044485031   0.0031625858   0.0057948816   0.0233993061  -0.0117759781
       -0.0119393833   0.0829536142  -0.1300995579  -0.2953798382   0.0904022851
        0.1850149673   0.6403878446  -0.0324714661  -0.0011148050  -0.0796202916
       -0.0189098435   0.0061166179   0.0024041288  -0.0322230184  -0.0128631410
       -0.0545806505  -0.0025474010   0.0004926429  -0.0006265218  -0.0000414430
       -0.0001002391   0.0001451829  -0.0000157784   0.0000129950   0.0000325644
        0.0000232751   0.0002066806  -0.0001793876   0.0001208156   0.0000590376
        0.0000667424   0.0000127676  -0.0000160563  -0.0000890512   0.0000359758
       -0.0000598963   0.0000083994  -0.0000427261   0.0000333134  -0.0000896284
       -0.0001254537   0.0000835695  -0.0002020391  -0.0001207563   0.0001265400
       -0.0001042331  -0.0002710022   0.0001084934  -0.0001989928  -0.1239469926
       -0.0292021527  -0.2032370540   0.0198399744  -0.0060275086   0.0009289818
       -0.0026154727  -0.0034334228  -0.0032256378
       -0.0000776693  -0.0000764100   0.0000031023  -0.0000501572   0.0000775194
        0.0000078986  -0.0000617578   0.0001081859  -0.0000681704  -0.0010082527
        0.0001786503   0.0000512533   0.0012713630  -0.0003763184   0.0006024614
       -0.0027108439   0.0021802143   0.0029721539   0.0081151277  -0.0011337325
       -0.0014385728  -0.0322052905   0.0351501231   0.0586730475  -0.2418898380
        0.0502958436  -0.0324714661   0.5306119104  -0.1241149439   0.0399323408
       -0.1421814946  -0.0112532969  -0.1150522391  -0.0001199581  -0.0054089407
       -0.0169356803   0.0000717905  -0.0004429656  -0.0008789334  -0.0001188428
       -0.0000777304   0.0000409572   0.0000417324   0.0000120368  -0.0000710349
        0.0000692378   0.0000200477  -0.0002121631   0.0001879881   0.0000971693
        0.0000146860  -0.0000038692  -0.0000151484  -0.0000750058   0.0000638033
       -0.0000245770  -0.0000514324  -0.0000236454   0.0000172001  -0.0000479235
       -0.0000903499   0.0000921200  -0.0000868228  -0.0001205057   0.0000133500
       -0.0000512164  -0.0003460391   0.0000156917  -0.0001402974  -0.0135116855
        0.0044177271   0.0002738209  -0.0932759594   0.0560291507   0.0882191533
       -0.0126367939  -0.0057809662  -0.0232099167
        0.0000093218   0.0002246725  -0.0000701356   0.0000153064   0.0001441614
        0.0000645968   0.0000450851   0.0001206809   0.0000339804   0.0001339504
       -0.0000343162   0.0002688014  -0.0003591637  -0.0006026879   0.0001531563
        0.0009722348  -0.0004124764  -0.0006570500   0.0009117453   0.0045464549
       -0.0038678829   0.0169920568  -0.0101767354  -0.0172493205   0.0719063097
       -0.0746054530  -0.0011148050  -0.1241149439   0.2332090876   0.2109614690
       -0.0312779851  -0.0587082865  -0.0810392457   0.0108015266  -0.0070599642
       -0.0200812556   0.0000996786  -0.0001613172  -0.0001220509  -0.0000835128
        0.0001821250  -0.0000590217  -0.0000474354   0.0001114822  -0.0000510670
        0.0000249201  -0.0002411943  -0.0001372304  -0.0000408912   0.0000579160
       -0.0000919603   0.0000474835   0.0001166554   0.0000081994   0.0000530543
        0.0001759007   0.0000272513   0.0000428343  -0.0000192821   0.0000153766
        0.0000274317   0.0000634864   0.0001083981   0.0000547277  -0.0001720911
        0.0001463095  -0.0000692375  -0.0001413166   0.0003255965  -0.0038164890
        0.0008760161   0.0001461134   0.0554416983  -0.0874217719  -0.0940898664
        0.0022302934  -0.0000717463   0.0063716431
        0.0000020737  -0.0001844099   0.0001401812   0.0000642005   0.0000253941
        0.0000693952  -0.0000502682   0.0000608912   0.0001193910  -0.0005231407
        0.0003143561   0.0005688809   0.0005896377   0.0000661826  -0.0000973735
       -0.0000419603   0.0003084304   0.0009364011   0.0034708400  -0.0055192856
       -0.0043768514   0.0139600043  -0.0025887540   0.0073009746   0.0210710988
       -0.0188099664  -0.0796202916   0.0399323408   0.2109614690   0.6646871130
       -0.1649610621  -0.0645134893  -0.3325116177   0.0232379089  -0.0333988038
       -0.0592222815   0.0001716992  -0.0004591458  -0.0011615101   0.0000944838
       -0.0002174088   0.0002789788  -0.0000358828   0.0000405331   0.0000705148
       -0.0000601951   0.0002371206  -0.0001316468   0.0001181572   0.0000877496
        0.0000490656  -0.0000757577   0.0000061753   0.0000590192  -0.0000143394
       -0.0000341387   0.0000630170  -0.0000011264   0.0000236464   0.0000375925
       -0.0000596416   0.0000415862  -0.0000607416   0.0001127112   0.0000524917
        0.0000378135  -0.0002878541   0.0003183118   0.0003599358  -0.0201863881
        0.0069325041   0.0000985050   0.0867887952  -0.0935774538  -0.1925652372
       -0.0033163350  -0.0001739863  -0.0051292279
       -0.0001891799  -0.0000840622   0.0000716341  -0.0000096771   0.0000534397
        0.0000362591  -0.0001400271   0.0001011638   0.0000976347  -0.0001184656
        0.0003871179   0.0009263601  -0.0011030064   0.0000583277  -0.0006849367
        0.0008953167  -0.0009017508  -0.0016224579  -0.0050318949   0.0016707805
       -0.0009442164  -0.0212743557   0.0043383748  -0.0082626489  -0.0443032597
        0.0079715008  -0.0189098435  -0.1421814946  -0.0312779851  -0.1649610621
        0.5955276496  -0.0965038841   0.1886022308  -0.0935739868   0.0435499234
        0.0516607955   0.0004398649   0.0000892389   0.0005894388  -0.0002324345
       -0.0001287429   0.0001518869  -0.0000001871   0.0000415059  -0.0000515142
        0.0001597899   0.0000848232  -0.0001860714   0.0001000631   0.0001565276
        0.0000291327  -0.0000392485  -0.0000116496  -0.0000173334   0.0000533263
       -0.0000116730   0.0000327372  -0.0000348210   0.0000386284  -0.0000653727
       -0.0000458729   0.0000255216  -0.0000579013  -0.0000189968  -0.0000043550
       -0.0000041349  -0.0000789693   0.0000191100  -0.0000344941  -0.0049491944
        0.0028864530   0.0005317550   0.0053697175   0.0022600104   0.0102736869
       -0.2892206559   0.0651916550  -0.0572015642
        0.0000989369   0.0001389072  -0.0000719204  -0.0000482583  -0.0000839493
       -0.0000539821   0.0001301854  -0.0001486341   0.0000103164   0.0002612735
       -0.0002591248  -0.0005942555   0.0003111646   0.0001942497   0.0004043976
       -0.0000376528  -0.0001653348  -0.0000217967   0.0005503429   0.0007535069
       -0.0006943941   0.0096171808  -0.0031511631  -0.0043948490  -0.0107332622
        0.0089283413   0.0061166179  -0.0112532969  -0.0587082865  -0.0645134893
       -0.0965038841   0.1518028199   0.1108067343   0.0484581511  -0.0575932604
       -0.0422083856  -0.0003543771   0.0002142691  -0.0000849039   0.0000407059
        0.0002107909  -0.0001882061  -0.0000614085   0.0000454198  -0.0000168202
       -0.0000615152  -0.0001698769   0.0001431302  -0.0000982687  -0.0000763975
       -0.0000445888   0.0000589659   0.0000706582   0.0000351720   0.0000235328
        0.0000697837   0.0000072258   0.0000310393  -0.0000173009   0.0000536515
        0.0001059892  -0.0000502328   0.0000953887   0.0000542983  -0.0000120255
        0.0000631152   0.0001191250  -0.0000544373   0.0000781922   0.0018148899
        0.0019694148  -0.0015219893  -0.0055112145  -0.0032079757  -0.0120419862
        0.0629873569  -0.0407001620   0.0086376255
        0.0002211178   0.0001018138  -0.0000139586   0.0000780153  -0.0001560583
       -0.0001364482   0.0000325601  -0.0000697559  -0.0000063449   0.0005364694
       -0.0003572384  -0.0008273870  -0.0001683862   0.0003011682   0.0006306723
        0.0007394139  -0.0008315966  -0.0014360529  -0.0038902301   0.0002791826
       -0.0014737051   0.0048669208  -0.0087799972  -0.0158715961  -0.0653789434
        0.0215267254   0.0024041288  -0.1150522391  -0.0810392457  -0.3325116177
        0.1886022308   0.1108067343   0.5056624715   0.0634857415  -0.0460293912
       -0.0867246303  -0.0005282037   0.0002339397   0.0004850448   0.0003840820
        0.0001105436  -0.0001076475  -0.0000946808   0.0000259987   0.0000080642
       -0.0003957971  -0.0000209857   0.0000886523  -0.0001337613  -0.0000858766
       -0.0000531033  -0.0000234301   0.0000357893   0.0001086455  -0.0000380246
        0.0000137785   0.0000803385  -0.0000056090  -0.0000218700   0.0000727580
        0.0001568197  -0.0001159755   0.0001232952   0.0001021047   0.0000044312
        0.0001090004   0.0002381277  -0.0000114437   0.0001193814  -0.0021664337
       -0.0006250195  -0.0001637900  -0.0091200366  -0.0056110555  -0.0216971156
       -0.0624478284   0.0103154045  -0.0488690559
        0.0001208090   0.0000806861   0.0000037230   0.0000801465  -0.0001135280
       -0.0000181373  -0.0000413915   0.0000894048   0.0001453235   0.0005004742
       -0.0003793554  -0.0007702898  -0.0001721272   0.0000882035   0.0001632092
        0.0008719220  -0.0014764551  -0.0028210489  -0.0239047946   0.0022005847
       -0.0128389146  -0.1014553967  -0.0045016190  -0.0728742294  -0.0067270993
       -0.0093445186  -0.0322230184  -0.0001199581   0.0108015266   0.0232379089
       -0.0935739868   0.0484581511   0.0634857415   0.2366578875  -0.0591262450
        0.0210138395  -0.0012125012   0.0010400636   0.0011689623   0.0001881914
        0.0001272671  -0.0000310493   0.0000257630   0.0000058349   0.0000685893
       -0.0000046946  -0.0000367393   0.0002005080  -0.0001330002  -0.0000410027
       -0.0000703460   0.0000587184   0.0000453948   0.0000648180  -0.0000187368
        0.0000248190   0.0000429590   0.0000696116  -0.0000195637   0.0000517380
        0.0000640851  -0.0000784741   0.0000703907   0.0002059130  -0.0000277486
        0.0000338140  -0.0003207787   0.0006134012   0.0012029128  -0.0001426073
        0.0014396594  -0.0018633092   0.0002132876   0.0020168648  -0.0007251256
       -0.0112297364   0.0081133878   0.0132810304
       -0.0000336947  -0.0001796455   0.0000650836  -0.0000555047  -0.0001036498
       -0.0000433097   0.0000796693   0.0001440198  -0.0001606177   0.0002117072
        0.0002569526   0.0003231247  -0.0003831181  -0.0001793112  -0.0004045069
        0.0008848635   0.0000938039   0.0004887529   0.0034831852  -0.0003308883
        0.0061156495   0.0043516953  -0.0277014638  -0.0001369572   0.0055931646
       -0.0031993720  -0.0128631410  -0.0054089407  -0.0070599642  -0.0333988038
        0.0435499234  -0.0575932604  -0.0460293912  -0.0591262450   0.0906782704
        0.0963915642   0.0010892592  -0.0001089778  -0.0002589980  -0.0001364191
       -0.0001083813   0.0000631727  -0.0000514500   0.0000017165  -0.0000002018
        0.0001055660   0.0001487061   0.0000814249  -0.0000506275  -0.0000092554
        0.0000665189   0.0000061331  -0.0000132625  -0.0000094506  -0.0000058804
       -0.0000635158  -0.0000209506   0.0000728740   0.0000366443  -0.0000220770
       -0.0000580630  -0.0000111434  -0.0001010776   0.0000174988   0.0000828554
       -0.0001091341   0.0004450318  -0.0001840787  -0.0005458940   0.0026908074
        0.0042343377  -0.0031980105   0.0007456851   0.0053015623  -0.0038450506
        0.0019828791  -0.0041326989  -0.0024477189
        0.0001658219   0.0000398722   0.0000272121   0.0001051607   0.0000441189
        0.0000054616   0.0000083773  -0.0001005507  -0.0000887195   0.0007523294
       -0.0001606445   0.0004174999  -0.0010003214  -0.0000536019  -0.0009584614
        0.0029817413  -0.0013294024  -0.0008310906  -0.0092906333   0.0049203646
        0.0030373981  -0.0514658708  -0.0072327363  -0.0863450842   0.0046754763
       -0.0250486474  -0.0545806505  -0.0169356803  -0.0200812556  -0.0592222815
        0.0516607955  -0.0422083856  -0.0867246303   0.0210138395   0.0963915642
        0.2888811018   0.0013240792  -0.0002078554   0.0006275130   0.0001721439
       -0.0000591544   0.0001256077  -0.0000607815  -0.0000062573  -0.0000374382
       -0.0001749040  -0.0000307076  -0.0001737916  -0.0001186911  -0.0000284589
       -0.0000885820  -0.0000337986   0.0000205440  -0.0000345236  -0.0000249063
        0.0000537507  -0.0000382051   0.0000528272  -0.0000086173  -0.0000041635
        0.0000667821  -0.0000105880   0.0000139775   0.0001281969  -0.0001331060
       -0.0000362224   0.0007074602  -0.0004001711  -0.0001616735   0.0012784378
       -0.0042446833  -0.0030479815  -0.0038314521  -0.0028262363  -0.0030550426
       -0.0021564296   0.0027008453   0.0022927702
       -0.0043350630   0.0000711329  -0.0005438242   0.0001447468  -0.0005140955
        0.0010791905  -0.0133251750   0.0070300848   0.0133473394  -0.0865667055
        0.0473012107   0.0595927279  -0.0016327812   0.0105381208   0.0205192796
       -0.0064058092  -0.0101207743  -0.0315828089  -0.1015275823  -0.0044759580
       -0.0717560661  -0.0236845210   0.0017290625  -0.0140354080   0.0007995742
       -0.0013911919  -0.0025474010   0.0000717905   0.0000996786   0.0001716992
        0.0004398649  -0.0003543771  -0.0005282037  -0.0012125012   0.0010892592
        0.0013240792   0.2396778135  -0.0558432635   0.0265618829   0.0003408436
        0.0001067469  -0.0003543849  -0.0001952678   0.0001213846   0.0003498781
       -0.0003966398  -0.0000370068  -0.0001056858   0.0015114857  -0.0019312344
       -0.0003318853   0.0005853110   0.0003256775   0.0000891182  -0.0006257129
        0.0003045877  -0.0009693371  -0.0029381972   0.0017254903  -0.0005349155
       -0.0008923441  -0.0000895322   0.0008395506  -0.0002596458   0.0021712403
       -0.0007910370   0.0002865626   0.0013282974  -0.0016617204  -0.0001331272
        0.0006350025   0.0014779096   0.0002574195   0.0000286793   0.0001070754
        0.0000156612   0.0001517777   0.0002829475
       -0.0032069147   0.0001888603  -0.0001031681  -0.0004364905  -0.0002518541
        0.0003473803   0.0044175203  -0.0044049299  -0.0033931048   0.0391317256
       -0.0521186110  -0.0424254605  -0.0050070941  -0.0079275852  -0.0322862115
        0.0044268896  -0.0040625755  -0.0137288465   0.0053720374  -0.0262986400
        0.0001071218   0.0029884275  -0.0001828298   0.0061813182   0.0009988537
        0.0001052447   0.0004926429  -0.0004429656  -0.0001613172  -0.0004591458
        0.0000892389   0.0002142691   0.0002339397   0.0010400636  -0.0001089778
       -0.0002078554  -0.0558432635   0.0864737279   0.0927199037  -0.0003474274
       -0.0000528362   0.0005238201  -0.0000434051   0.0002543672  -0.0000735034
        0.0004968933   0.0000878403  -0.0010733715   0.0018903741   0.0000125260
        0.0007185387  -0.0002175652  -0.0000191440  -0.0001712569   0.0001067637
       -0.0000059807   0.0002868339  -0.0006333841  -0.0004992382   0.0002056727
        0.0013072930  -0.0003270448   0.0002221940   0.0007711135   0.0048990304
       -0.0037321282   0.0027003297   0.0042312614  -0.0033725679   0.0003449484
       -0.0002221635  -0.0007070680  -0.0000128082   0.0001274180  -0.0001161548
        0.0001088460   0.0000491827  -0.0001895229
       -0.0020333797   0.0001051942   0.0004234957  -0.0011217183  -0.0002167844
        0.0010421744   0.0024434021   0.0013023141   0.0015327789   0.0444570302
       -0.0381303733  -0.0783410615  -0.0152935507  -0.0203439473  -0.0580863762
        0.0032908578  -0.0244803657  -0.0550834283  -0.0519746689  -0.0075448394
       -0.0825226272  -0.0101400852   0.0051925730   0.0025305118   0.0030798106
       -0.0012465620  -0.0006265218  -0.0008789334  -0.0001220509  -0.0011615101
        0.0005894388  -0.0000849039   0.0004850448   0.0011689623  -0.0002589980
        0.0006275130   0.0265618829   0.0927199037   0.2759182956  -0.0004528989
        0.0000573111   0.0007277700  -0.0000619768  -0.0001036897  -0.0000176205
        0.0008087226   0.0001743811  -0.0007282799   0.0021280339   0.0007569746
        0.0008051636  -0.0001275511  -0.0001254650  -0.0004644041  -0.0001797110
        0.0003343870  -0.0001557241  -0.0000352961  -0.0003631025  -0.0000907832
       -0.0008193898   0.0005560693  -0.0007543745  -0.0037913332  -0.0030830291
       -0.0028083690   0.0014419879  -0.0043629493  -0.0028683572   0.0006693114
       -0.0004277223  -0.0003084846   0.0001285377  -0.0001342438  -0.0000197267
        0.0001425148  -0.0001700815  -0.0000550987
       -0.0024648509  -0.0023314890   0.0067148975  -0.0004644768   0.0011077554
       -0.0001659488  -0.0002804449  -0.0002525894  -0.0001411810   0.0001926273
        0.0001006348   0.0000418441   0.0000315880   0.0000139968   0.0003079290
        0.0000676279  -0.0000804112   0.0001772476   0.0001362161  -0.0000089039
        0.0000118147  -0.0001237725  -0.0000264865   0.0001885876   0.0001017861
       -0.0001065849  -0.0000414430  -0.0001188428  -0.0000835128   0.0000944838
       -0.0002324345   0.0000407059   0.0003840820   0.0001881914  -0.0001364191
        0.0001721439   0.0003408436  -0.0003474274  -0.0004528989   0.0027708050
       -0.0013651060   0.0048008860  -0.0007309247  -0.0001700849  -0.0002146944
        0.0002740701   0.0029973588  -0.0116712907   0.0008774456   0.0000274418
       -0.0007333123   0.0001251435   0.0000572092  -0.0000083423   0.0000254165
       -0.0002143745   0.0000825098  -0.0004897727   0.0009372420  -0.0001213819
       -0.0001008484  -0.0001424708   0.0000484063  -0.0000662010   0.0001042498
        0.0000490663  -0.0001247616  -0.0000316851   0.0000304375   0.0000852601
       -0.0000080178   0.0000117309   0.0000242867  -0.0000032431   0.0002015559
       -0.0000439772  -0.0000777879   0.0002328705
       -0.0017483165   0.0007631122   0.0027451138   0.0000104082  -0.0003898701
       -0.0002948571  -0.0005794611  -0.0000263988   0.0001563337   0.0008941040
       -0.0003056793   0.0001305779  -0.0000805694  -0.0002859836   0.0002717864
        0.0000406254  -0.0000814222   0.0001010494  -0.0002263933   0.0000809919
       -0.0000501219  -0.0000031054   0.0000012211   0.0001124684   0.0000219298
       -0.0000012662  -0.0001002391  -0.0000777304   0.0001821250  -0.0002174088
       -0.0001287429   0.0002107909   0.0001105436   0.0001272671  -0.0001083813
       -0.0000591544   0.0001067469  -0.0000528362   0.0000573111  -0.0013651060
        0.0035729078   0.0016478643  -0.0000434406  -0.0003691906  -0.0001149497
        0.0026941776  -0.0043977932  -0.0050426286   0.0001525628  -0.0005717798
       -0.0000794410  -0.0001075287   0.0003957632  -0.0003374739  -0.0001252989
        0.0003913311   0.0003851505   0.0005241567   0.0007851185   0.0001192014
       -0.0000971597   0.0000372017   0.0003247127  -0.0000099400  -0.0003066854
        0.0004355613  -0.0001345645  -0.0003591112   0.0001479899   0.0000702307
        0.0002824402  -0.0001341725   0.0000500169   0.0004146482  -0.0001804736
        0.0000351313   0.0001387461  -0.0001347437
        0.0080711640   0.0046886674  -0.0119225665   0.0001775679  -0.0021769604
       -0.0004200383   0.0004677119  -0.0000200399   0.0000887257  -0.0001536937
       -0.0000438192  -0.0008022381   0.0001538882  -0.0001780432  -0.0001785042
        0.0002052076  -0.0000043481   0.0003877130  -0.0001984951   0.0001966141
       -0.0003627534  -0.0000142682  -0.0001915757   0.0000219502  -0.0001600349
        0.0000520236   0.0001451829   0.0000409572  -0.0000590217   0.0002789788
        0.0001518869  -0.0001882061  -0.0001076475  -0.0000310493   0.0000631727
        0.0001256077  -0.0003543849   0.0005238201   0.0007277700   0.0048008860
        0.0016478643  -0.0048372277   0.0003031046   0.0007845430   0.0005385433
       -0.0121371631  -0.0054650405   0.0169814826  -0.0018171710   0.0000965251
       -0.0006298260   0.0001176494  -0.0002303640   0.0002964032   0.0001789803
        0.0007341813  -0.0002585928  -0.0001218887  -0.0004746712  -0.0006823649
        0.0001576533   0.0000823785   0.0000684228  -0.0000435094   0.0000096948
        0.0001434038   0.0000118385  -0.0001243365   0.0002182032   0.0000460744
        0.0001216987   0.0000717618   0.0000859371   0.0001086587   0.0000201432
        0.0000611508   0.0000465843   0.0000874668
       -0.0935463203  -0.0529237537  -0.0871483125   0.0001982187  -0.0012911874
        0.0007894741   0.0003440019   0.0002839666   0.0002750376   0.0004451450
       -0.0002230426  -0.0000693223   0.0001525815   0.0000630397   0.0002048318
       -0.0000178144   0.0000472891   0.0001103748  -0.0002670521  -0.0000317856
       -0.0000892433   0.0000558878  -0.0000380793  -0.0000593941  -0.0000498139
        0.0000336381  -0.0000157784   0.0000417324  -0.0000474354  -0.0000358828
       -0.0000001871  -0.0000614085  -0.0000946808   0.0000257630  -0.0000514500
       -0.0000607815  -0.0001952678  -0.0000434051  -0.0000619768  -0.0007309247
       -0.0000434406   0.0003031046   0.0996151907   0.0597625062   0.1020331367
        0.0083808163   0.0059952734   0.0081353568  -0.0150344321  -0.0124292867
       -0.0244572194   0.0003910201   0.0011078087   0.0003879394   0.0000290367
       -0.0002610545  -0.0001160988   0.0000306927   0.0000671026   0.0000715184
        0.0001363397   0.0002108377  -0.0000160628   0.0000508027   0.0000429227
        0.0000613589   0.0000545766   0.0000150583   0.0000092005  -0.0000505699
       -0.0000442278  -0.0000121240  -0.0000458043  -0.0000695306  -0.0000708315
       -0.0000136194  -0.0000703554  -0.0000736246
       -0.0539804564  -0.1090414329  -0.0998582495  -0.0105913328  -0.0144835974
       -0.0196836856   0.0001069267  -0.0065070056   0.0008859567   0.0004895915
       -0.0000406083   0.0001017975   0.0001502033  -0.0000621095  -0.0000262223
        0.0001407910   0.0001373858   0.0001669723  -0.0000490199  -0.0001089396
        0.0000076153   0.0000170150   0.0001602228   0.0000046305  -0.0000337075
       -0.0000275015   0.0000129950   0.0000120368   0.0001114822   0.0000405331
        0.0000415059   0.0000454198   0.0000259987   0.0000058349   0.0000017165
       -0.0000062573   0.0001213846   0.0002543672  -0.0001036897  -0.0001700849
       -0.0003691906   0.0007845430   0.0597625062   0.1190961908   0.1133031274
        0.0031206680   0.0054113148   0.0007452882   0.0018818706   0.0061266429
        0.0054333379   0.0000476211  -0.0001396679  -0.0005452505  -0.0004107007
       -0.0000775117  -0.0002694246  -0.0000054989   0.0000956609   0.0003046591
       -0.0007013682  -0.0006936431  -0.0014509813   0.0000069720   0.0001558593
       -0.0000519469   0.0000238524   0.0001686909  -0.0000234365  -0.0000210167
       -0.0000907067   0.0000606770   0.0000110544  -0.0001089548   0.0000765111
        0.0000233516  -0.0000140841   0.0000645012
       -0.0913172538  -0.1023261884  -0.2115507219   0.0017256528  -0.0007025041
        0.0032059189   0.0001941837   0.0005068627   0.0009403414   0.0001925665
        0.0002012076   0.0001476576   0.0001954417  -0.0000156534   0.0000608559
        0.0000435214  -0.0000159238   0.0000446755   0.0001340010   0.0001329409
       -0.0000796299  -0.0001768380  -0.0000812826   0.0000335363  -0.0000058914
       -0.0000273329   0.0000325644  -0.0000710349  -0.0000510670   0.0000705148
       -0.0000515142  -0.0000168202   0.0000080642   0.0000685893  -0.0000002018
       -0.0000374382   0.0003498781  -0.0000735034  -0.0000176205  -0.0002146944
       -0.0001149497   0.0005385433   0.1020331367   0.1133031274   0.2305735185
       -0.0079360869  -0.0102187918  -0.0219586017  -0.0053086108  -0.0021314526
       -0.0033368718  -0.0000045474   0.0004741804   0.0004150748   0.0003787803
        0.0010984089   0.0003467368  -0.0001158164  -0.0000605304   0.0002660361
       -0.0001023087   0.0001623567   0.0002518962  -0.0000591644  -0.0001166502
        0.0000863113  -0.0000371571  -0.0001361760   0.0000735416   0.0000007584
        0.0000790897  -0.0000345279   0.0000391629   0.0000889438  -0.0000566133
        0.0000452455   0.0000419102  -0.0000237622
       -0.1040965683  -0.0303159988   0.1079541400   0.0014322895  -0.0044849866
       -0.0005694811   0.0001474672   0.0004912722   0.0004594247  -0.0001212483
       -0.0002063610  -0.0005112437   0.0001971364  -0.0001575229  -0.0002496383
        0.0000898131   0.0000147129   0.0000204265  -0.0003154024   0.0000993032
       -0.0003477821  -0.0000453615   0.0000284370  -0.0002243399  -0.0000976442
        0.0001341767   0.0000232751   0.0000692378   0.0000249201  -0.0000601951
        0.0001597899  -0.0000615152  -0.0003957971  -0.0000046946   0.0001055660
       -0.0001749040  -0.0003966398   0.0004968933   0.0008087226   0.0002740701
        0.0026941776  -0.0121371631   0.0083808163   0.0031206680  -0.0079360869
        0.1106048042   0.0300429865  -0.1070243157  -0.0183847546  -0.0038969608
        0.0219286855   0.0002286233   0.0007004284  -0.0006124888   0.0008340152
        0.0010113450  -0.0001852723   0.0005922848  -0.0002925820  -0.0001476538
        0.0002221960   0.0002241801  -0.0001221941   0.0001142552   0.0000919241
        0.0000155679   0.0001713293   0.0000764381  -0.0000056222  -0.0000904482
        0.0000049747  -0.0000284844  -0.0000287184  -0.0000130948  -0.0002234774
        0.0000633521   0.0000666179  -0.0002541024
       -0.0308929038  -0.0533635786   0.0510560770  -0.0118838388  -0.0089747384
        0.0204491965   0.0002716625   0.0007692199   0.0001036307  -0.0006123112
        0.0002556974  -0.0004148548   0.0002369508   0.0001107257  -0.0003757424
        0.0002078882   0.0003049110  -0.0001037179   0.0001420730  -0.0000079478
       -0.0000276094  -0.0000304331  -0.0000075015  -0.0000510562  -0.0001269378
       -0.0002845426   0.0002066806   0.0000200477  -0.0002411943   0.0002371206
        0.0000848232  -0.0001698769  -0.0000209857  -0.0000367393   0.0001487061
       -0.0000307076  -0.0000370068   0.0000878403   0.0001743811   0.0029973588
       -0.0043977932  -0.0054650405   0.0059952734   0.0054113148  -0.0102187918
        0.0300429865   0.0613202369  -0.0488357615   0.0031062873   0.0048286090
       -0.0062631902  -0.0000549988  -0.0001972174   0.0004039888   0.0000909554
       -0.0054873245   0.0009345879   0.0001466222  -0.0003218858  -0.0012144055
        0.0002528617   0.0002821677  -0.0005359792   0.0000741343   0.0004671811
       -0.0003655495   0.0001432225   0.0004223452  -0.0001652230  -0.0000854513
       -0.0003962083   0.0001790488  -0.0000558166  -0.0004784003   0.0002204651
        0.0000032900  -0.0000807454   0.0001234380
        0.1053867329   0.0482408574  -0.2180435934   0.0007625728   0.0085271590
       -0.0016452478  -0.0003605598  -0.0001446057   0.0011516451  -0.0003364984
        0.0003223438   0.0007258685  -0.0002911406   0.0003802612  -0.0001112315
       -0.0000527140   0.0000660811  -0.0004924344   0.0005314355  -0.0000789586
        0.0001671972  -0.0002047888  -0.0000228265   0.0000355129   0.0000885675
       -0.0002263396  -0.0001793876  -0.0002121631  -0.0001372304  -0.0001316468
       -0.0001860714   0.0001431302   0.0000886523   0.0002005080   0.0000814249
       -0.0001737916  -0.0001056858  -0.0010733715  -0.0007282799  -0.0116712907
       -0.0050426286   0.0169814826   0.0081353568   0.0007452882  -0.0219586017
       -0.1070243157  -0.0488357615   0.2186711000   0.0062052072  -0.0012855057
        0.0046612429   0.0000101289   0.0001543973   0.0004342990  -0.0004090683
       -0.0009649314   0.0010975796   0.0000304226  -0.0004105628   0.0002791454
       -0.0004356114  -0.0003940725  -0.0001293452   0.0000397234  -0.0000606439
       -0.0001369208  -0.0000124508   0.0000682204  -0.0002131166  -0.0000541539
       -0.0000904125  -0.0001279518  -0.0000614696  -0.0000459342  -0.0000634122
        0.0000273268   0.0000846217  -0.0001587643
       -0.2999595905   0.0842519637  -0.0329169038   0.0001055470   0.0075521944
       -0.0008014271  -0.0001074901  -0.0007731188   0.0001561982   0.0025841679
       -0.0018549988  -0.0017459983   0.0009010444   0.0001798270   0.0005349851
       -0.0005256778   0.0003506403   0.0005109283  -0.0015604837   0.0012656186
       -0.0017345919   0.0000593014  -0.0000060315  -0.0000079185  -0.0000831299
        0.0001266271   0.0001208156   0.0001879881  -0.0000408912   0.0001181572
        0.0001000631  -0.0000982687  -0.0001337613  -0.0001330002  -0.0000506275
       -0.0001186911   0.0015114857   0.0018903741   0.0021280339   0.0008774456
        0.0001525628  -0.0018171710  -0.0150344321   0.0018818706  -0.0053086108
       -0.0183847546   0.0031062873   0.0062052072   0.3283347650  -0.0967694533
        0.0343769135   0.0010769457  -0.0000301506  -0.0002457175   0.0006942320
       -0.0008461467   0.0004623893  -0.0002430917   0.0001664600   0.0000411742
       -0.0002578385  -0.0002386245  -0.0001850207  -0.0000015446   0.0000748226
        0.0001225502  -0.0001007531  -0.0002357627   0.0002035670  -0.0000441298
        0.0000318857   0.0001082580   0.0000075912  -0.0000493356  -0.0000474651
       -0.0000046605  -0.0000377244  -0.0000259006
        0.0860561522  -0.0719092346   0.0090140121   0.0266043198  -0.0129497733
        0.0040584799   0.0003225667   0.0006206624   0.0000081940   0.0006617890
       -0.0007112026  -0.0010205021  -0.0001318569  -0.0002043747  -0.0006065977
        0.0004629485  -0.0000166804   0.0004348177  -0.0001449187   0.0003196978
       -0.0000353131   0.0001252989   0.0001252958   0.0001277235  -0.0000085558
       -0.0000441663   0.0000590376   0.0000971693   0.0000579160   0.0000877496
        0.0001565276  -0.0000763975  -0.0000858766  -0.0000410027  -0.0000092554
       -0.0000284589  -0.0019312344   0.0000125260   0.0007569746   0.0000274418
       -0.0005717798   0.0000965251  -0.0124292867   0.0061266429  -0.0021314526
       -0.0038969608   0.0048286090  -0.0012855057  -0.0967694533   0.0799681107
       -0.0105762963   0.0001261312  -0.0063535766   0.0010751355   0.0003459868
        0.0005113937  -0.0000573569   0.0001853483  -0.0001366302  -0.0001090011
        0.0000635475   0.0003067204  -0.0000566698   0.0000254056   0.0000979869
        0.0000158051   0.0000356581   0.0000431112   0.0001415030  -0.0000317840
        0.0000581634   0.0001014658   0.0000491037  -0.0000600331  -0.0000059525
        0.0000396586  -0.0000337318   0.0000215599
       -0.0271670461   0.0069912521  -0.0472832533  -0.0039156124   0.0030695928
       -0.0000325497   0.0006760507  -0.0002098455   0.0004751922   0.0000782214
        0.0000201373   0.0000190138  -0.0002414892  -0.0000787038  -0.0008429674
        0.0000054927  -0.0001935600  -0.0005345656   0.0003386592   0.0000108113
        0.0001033942  -0.0002068764  -0.0000046553   0.0000044462   0.0000410485
       -0.0000637450   0.0000667424   0.0000146860  -0.0000919603   0.0000490656
        0.0000291327  -0.0000445888  -0.0000531033  -0.0000703460   0.0000665189
       -0.0000885820  -0.0003318853   0.0007185387   0.0008051636  -0.0007333123
       -0.0000794410  -0.0006298260  -0.0244572194   0.0054333379  -0.0033368718
        0.0219286855  -0.0062631902   0.0046612429   0.0343769135  -0.0105762963
        0.0463471425  -0.0000437674   0.0010975060   0.0006145339  -0.0005291388
        0.0005995565   0.0000508657   0.0002236355  -0.0003079454  -0.0001654307
       -0.0000903362  -0.0000224470  -0.0000933590  -0.0000249365  -0.0000653229
       -0.0000228598   0.0000458633  -0.0001147123  -0.0000093462   0.0000069394
        0.0000470150  -0.0000189130   0.0000234634   0.0000225510  -0.0000409021
        0.0000231742   0.0000395962  -0.0000442728
       -0.0012646613   0.0035123524  -0.0004170240  -0.2468381832   0.0671130402
       -0.0307039123  -0.0131848147   0.0009971049  -0.0045016512  -0.0008339670
       -0.0013056739  -0.0024262033  -0.0004735624   0.0001674116   0.0001080129
       -0.0000809487  -0.0000022333  -0.0003379711   0.0001716722  -0.0000717699
       -0.0000379150  -0.0000758436   0.0000543386  -0.0000591710   0.0000085862
        0.0000006841   0.0000127676  -0.0000038692   0.0000474835  -0.0000757577
       -0.0000392485   0.0000589659  -0.0000234301   0.0000587184   0.0000061331
       -0.0000337986   0.0005853110  -0.0002175652  -0.0001275511   0.0001251435
       -0.0001075287   0.0001176494   0.0003910201   0.0000476211  -0.0000045474
        0.0002286233  -0.0000549988   0.0000101289   0.0010769457   0.0001261312
       -0.0000437674   0.2818893226  -0.0751404724   0.0363294465  -0.0223326088
        0.0046658141   0.0019857753   0.0005860803   0.0002444315   0.0002925109
        0.0000825221  -0.0002227566   0.0001097722  -0.0000250747   0.0000150422
       -0.0000065909  -0.0000334391   0.0000250920  -0.0000358020  -0.0000061880
       -0.0000155016  -0.0000421037  -0.0000152088   0.0000228214  -0.0000361970
        0.0000036728   0.0000340326  -0.0000526699
        0.0300566136  -0.0194831187   0.0050569061   0.0609478793  -0.0610804224
        0.0114773208  -0.0116226026   0.0030558323  -0.0026885174  -0.0009099040
       -0.0008169793  -0.0025878978  -0.0006595345   0.0001569056   0.0000297312
       -0.0001941921   0.0000690724  -0.0002048159  -0.0000786684  -0.0001774407
       -0.0001519868  -0.0000329157   0.0001306447  -0.0000470148  -0.0000204064
       -0.0000385249  -0.0000160563  -0.0000151484   0.0001166554   0.0000061753
       -0.0000116496   0.0000706582   0.0000357893   0.0000453948  -0.0000132625
        0.0000205440   0.0003256775  -0.0000191440  -0.0001254650   0.0000572092
        0.0003957632  -0.0002303640   0.0011078087  -0.0001396679   0.0004741804
        0.0007004284  -0.0001972174   0.0001543973  -0.0000301506  -0.0063535766
        0.0010975060  -0.0751404724   0.0800338256  -0.0116516238  -0.0037291915
        0.0038042407  -0.0005087158  -0.0000448973   0.0003075486   0.0002736675
       -0.0006606246   0.0001072628  -0.0004478059  -0.0000259078   0.0000971512
       -0.0000393215  -0.0000652071   0.0001336582  -0.0000523701  -0.0000083980
       -0.0000935088   0.0000195298  -0.0000029170  -0.0000652428   0.0000605334
        0.0000117766  -0.0000011128   0.0000456741
       -0.0053023797   0.0029629626  -0.0002771060  -0.0300047848   0.0116569944
       -0.0498768878  -0.0228877370   0.0038379509  -0.0051723763  -0.0017023095
       -0.0023798962  -0.0035373329  -0.0009850434   0.0002827022  -0.0001253193
       -0.0000547186   0.0001601721  -0.0000609476   0.0000783310  -0.0000715149
       -0.0000685002  -0.0000383275   0.0000477005   0.0001119605  -0.0000359678
       -0.0000074272  -0.0000890512  -0.0000750058   0.0000081994   0.0000590192
       -0.0000173334   0.0000351720   0.0001086455   0.0000648180  -0.0000094506
       -0.0000345236   0.0000891182  -0.0001712569  -0.0004644041  -0.0000083423
       -0.0003374739   0.0002964032   0.0003879394  -0.0005452505   0.0004150748
       -0.0006124888   0.0004039888   0.0004342990  -0.0002457175   0.0010751355
        0.0006145339   0.0363294465  -0.0116516238   0.0552542700   0.0257695427
       -0.0059349109   0.0016077527  -0.0006591264   0.0003549641   0.0002039419
       -0.0000421189   0.0001992498   0.0004500417  -0.0000204999   0.0000725077
        0.0000214240  -0.0000778987   0.0000963775   0.0000179622  -0.0000049963
       -0.0000307795   0.0000175395   0.0000151599  -0.0000425490   0.0000477796
        0.0000404408  -0.0000119443   0.0000458013
        0.0005980884  -0.0021850437   0.0005302766  -0.1096966870  -0.0262645237
        0.0981859907   0.0060672642   0.0018780953  -0.0081946345   0.0014520498
       -0.0002766567  -0.0004170449  -0.0000513376   0.0000500026   0.0001371538
       -0.0001171118   0.0000660536   0.0001592896  -0.0001725300  -0.0000057020
       -0.0002106155   0.0001009856  -0.0000113851   0.0000622884   0.0000080465
        0.0000155656   0.0000359758   0.0000638033   0.0000530543  -0.0000143394
        0.0000533263   0.0000235328  -0.0000380246  -0.0000187368  -0.0000058804
       -0.0000249063  -0.0006257129   0.0001067637  -0.0001797110   0.0000254165
       -0.0001252989   0.0001789803   0.0000290367  -0.0004107007   0.0003787803
        0.0008340152   0.0000909554  -0.0004090683   0.0006942320   0.0003459868
       -0.0005291388  -0.0223326088  -0.0037291915   0.0257695427   0.1229791522
        0.0307224333  -0.1136647043  -0.0000700873  -0.0007991542  -0.0019289768
        0.0002004707   0.0003154864   0.0001174812  -0.0000217227   0.0000449142
        0.0000457888  -0.0000077160   0.0000334752   0.0000272582  -0.0000091517
        0.0000223293   0.0000216087   0.0000120562   0.0000158737  -0.0000203730
        0.0000054589   0.0000290147  -0.0000188778
       -0.0177145625  -0.0193740216   0.0285593984  -0.0221543349  -0.0501975877
        0.0389347339   0.0057691384   0.0020733959  -0.0132398429   0.0003980561
       -0.0000735002   0.0004135048  -0.0001456621  -0.0001501738  -0.0001450940
        0.0000548333  -0.0000840871  -0.0000659691  -0.0000037660  -0.0001991587
        0.0000082673  -0.0000518590   0.0001554702  -0.0000609998   0.0000253106
        0.0000445243  -0.0000598963  -0.0000245770   0.0001759007  -0.0000341387
       -0.0000116730   0.0000697837   0.0000137785   0.0000248190  -0.0000635158
        0.0000537507   0.0003045877  -0.0000059807   0.0003343870  -0.0002143745
        0.0003913311   0.0007341813  -0.0002610545  -0.0000775117   0.0010984089
        0.0010113450  -0.0054873245  -0.0009649314  -0.0008461467   0.0005113937
        0.0005995565   0.0046658141   0.0038042407  -0.0059349109   0.0307224333
        0.0690953756  -0.0471789147  -0.0016227591  -0.0008066048  -0.0026892112
        0.0000466732   0.0001839292  -0.0004345912   0.0000127067   0.0000354738
        0.0000199971   0.0000020096   0.0000403704  -0.0000274940   0.0000072140
       -0.0000170474  -0.0000021372   0.0000043270  -0.0000110620   0.0000279378
        0.0000015012  -0.0000336133   0.0000402292
        0.0037212451   0.0063068022  -0.0054817910   0.0982263942   0.0424188460
       -0.1944359982   0.0107374077   0.0002362190  -0.0268092838   0.0012988274
        0.0000048923   0.0002527107   0.0002997695  -0.0001713231  -0.0000860607
        0.0002932325   0.0000066856   0.0004135974  -0.0000487988   0.0000041280
        0.0000636133  -0.0000483572   0.0000831224   0.0001209783  -0.0000098618
        0.0000224141   0.0000083994  -0.0000514324   0.0000272513   0.0000630170
        0.0000327372   0.0000072258   0.0000803385   0.0000429590  -0.0000209506
       -0.0000382051  -0.0009693371   0.0002868339  -0.0001557241   0.0000825098
        0.0003851505  -0.0002585928  -0.0001160988  -0.0002694246   0.0003467368
       -0.0001852723   0.0009345879   0.0010975796   0.0004623893  -0.0000573569
        0.0000508657   0.0019857753  -0.0005087158   0.0016077527  -0.1136647043
       -0.0471789147   0.2264146654  -0.0024139742  -0.0028525480  -0.0039611743
        0.0001929197   0.0001903371   0.0003536549   0.0000350274   0.0001323850
        0.0001130598   0.0000175885   0.0000920060   0.0000672174  -0.0000142070
       -0.0000076354   0.0000793942   0.0000410818  -0.0000526091   0.0000382779
        0.0000521794  -0.0000194091   0.0000549709
       -0.0000621099   0.0000010163  -0.0000307486   0.0058852839   0.0022719881
       -0.0086115009  -0.1086132543  -0.0266082417   0.1037673488  -0.0253734408
       -0.0015968892   0.0186815216   0.0008315929   0.0005127525   0.0013348315
       -0.0001148777   0.0004349563   0.0002008950  -0.0002599259   0.0002593760
       -0.0000957178  -0.0000999372   0.0003323805  -0.0002250680   0.0000243684
       -0.0000398256  -0.0000427261  -0.0000236454   0.0000428343  -0.0000011264
       -0.0000348210   0.0000310393  -0.0000056090   0.0000696116   0.0000728740
        0.0000528272  -0.0029381972  -0.0006333841  -0.0000352961  -0.0004897727
        0.0005241567  -0.0001218887   0.0000306927  -0.0000054989  -0.0001158164
        0.0005922848   0.0001466222   0.0000304226  -0.0002430917   0.0001853483
        0.0002236355   0.0005860803  -0.0000448973  -0.0006591264  -0.0000700873
       -0.0016227591  -0.0024139742   0.1293511566   0.0281554513  -0.1136074614
        0.0011188630  -0.0020827665   0.0023175474  -0.0003348838  -0.0003429716
       -0.0006330284   0.0001238849  -0.0000032089   0.0000109304   0.0000056091
       -0.0000256866  -0.0000399045   0.0000204122   0.0000211674   0.0000020169
        0.0000182045   0.0000141661   0.0000170156
        0.0004354575   0.0008617879  -0.0002905945   0.0061460735   0.0019648927
       -0.0129869640  -0.0263404747  -0.0522407886   0.0392374853   0.0061291424
        0.0028556741  -0.0054294864  -0.0000735180   0.0003918743  -0.0004676353
       -0.0000413884  -0.0001575927  -0.0000159460   0.0002471073  -0.0001917835
       -0.0001227674   0.0000328515  -0.0000953995   0.0000334774  -0.0000455852
       -0.0000963159   0.0000333134   0.0000172001  -0.0000192821   0.0000236464
        0.0000386284  -0.0000173009  -0.0000218700  -0.0000195637   0.0000366443
       -0.0000086173   0.0017254903  -0.0004992382  -0.0003631025   0.0009372420
        0.0007851185  -0.0004746712   0.0000671026   0.0000956609  -0.0000605304
       -0.0002925820  -0.0003218858  -0.0004105628   0.0001664600  -0.0001366302
       -0.0003079454   0.0002444315   0.0003075486   0.0003549641  -0.0007991542
       -0.0008066048  -0.0028525480   0.0281554513   0.0590177070  -0.0427085603
       -0.0164896611  -0.0118798646   0.0271942152  -0.0002740109   0.0000878964
       -0.0003402170   0.0000094511  -0.0000197025  -0.0000033673  -0.0000007730
        0.0000058281   0.0000155288   0.0000055174   0.0000225284  -0.0000068193
        0.0000191044   0.0000492281  -0.0000204256
        0.0002447360   0.0012647038   0.0013685196   0.0103084305   0.0019206822
       -0.0265482188   0.0998051858   0.0379071057  -0.1932775220   0.0033382886
       -0.0015709308   0.0036829277  -0.0021631151   0.0004417512   0.0000333150
        0.0002071234  -0.0005289731   0.0000882715  -0.0005667217   0.0001640300
       -0.0000041429   0.0001715193   0.0000915185  -0.0000404783  -0.0000621965
        0.0000299321  -0.0000896284  -0.0000479235   0.0000153766   0.0000375925
       -0.0000653727   0.0000536515   0.0000727580   0.0000517380  -0.0000220770
       -0.0000041635  -0.0005349155   0.0002056727  -0.0000907832  -0.0001213819
        0.0001192014  -0.0006823649   0.0000715184   0.0003046591   0.0002660361
       -0.0001476538  -0.0012144055   0.0002791454   0.0000411742  -0.0001090011
       -0.0001654307   0.0002925109   0.0002736675   0.0002039419  -0.0019289768
       -0.0026892112  -0.0039611743  -0.1136074614  -0.0427085603   0.2254176058
        0.0050431166   0.0058360930  -0.0064641708  -0.0002821968   0.0002224467
       -0.0001670475  -0.0000616800   0.0000768290  -0.0000151324   0.0000089843
       -0.0000353043  -0.0000151968  -0.0000073354  -0.0000328990   0.0000401789
        0.0000126051  -0.0000159587   0.0000351619
       -0.0006353548  -0.0025569815  -0.0020229522   0.0002377335  -0.0088781528
        0.0015345484  -0.0376995238   0.0112695750  -0.0011227225  -0.0121742697
        0.0288039766  -0.0076426278   0.0005367698   0.0009724686   0.0009459897
       -0.0009830048  -0.0002408164   0.0008069918  -0.0008500060  -0.0002415677
       -0.0005153611  -0.0001622956  -0.0002262833   0.0002326527   0.0000405444
       -0.0000913317  -0.0001254537  -0.0000903499   0.0000274317  -0.0000596416
       -0.0000458729   0.0001059892   0.0001568197   0.0000640851  -0.0000580630
        0.0000667821  -0.0008923441   0.0013072930  -0.0008193898  -0.0001008484
       -0.0000971597   0.0001576533   0.0001363397  -0.0007013682  -0.0001023087
        0.0002221960   0.0002528617  -0.0004356114  -0.0002578385   0.0000635475
       -0.0000903362   0.0000825221  -0.0006606246  -0.0000421189   0.0002004707
        0.0000466732   0.0001929197   0.0011188630  -0.0164896611   0.0050431166
        0.0510899642  -0.0128034092   0.0037869458   0.0000801641   0.0001283879
       -0.0000957058   0.0000070180  -0.0000195484   0.0000890227   0.0000332960
        0.0000033646  -0.0000040378   0.0000177304   0.0000280398   0.0000386870
        0.0000240116   0.0000553589   0.0000261379
       -0.0016670172  -0.0016209199  -0.0032967234  -0.0008645002  -0.0168494444
        0.0008041641   0.0064901340  -0.2613298584   0.0293637092   0.0116655755
       -0.0096608289   0.0044390471  -0.0015662989   0.0000971084  -0.0013489767
        0.0008585873   0.0000192131  -0.0005525090  -0.0001323089   0.0002488339
        0.0004911466   0.0001941861   0.0000232002  -0.0001271878  -0.0001106759
        0.0000432389   0.0000835695   0.0000921200   0.0000634864   0.0000415862
        0.0000255216  -0.0000502328  -0.0001159755  -0.0000784741  -0.0000111434
       -0.0000105880  -0.0000895322  -0.0003270448   0.0005560693  -0.0001424708
        0.0000372017   0.0000823785   0.0002108377  -0.0006936431   0.0001623567
        0.0002241801   0.0002821677  -0.0003940725  -0.0002386245   0.0003067204
       -0.0000224470  -0.0002227566   0.0001072628   0.0001992498   0.0003154864
        0.0001839292   0.0001903371  -0.0020827665  -0.0118798646   0.0058360930
       -0.0128034092   0.3012401526  -0.0366060417  -0.0000132468  -0.0002099352
        0.0003180428  -0.0000563235  -0.0000435571  -0.0000140223   0.0000072395
        0.0000177104  -0.0000361629   0.0000010676   0.0000354911  -0.0000347016
       -0.0000165307  -0.0000292441  -0.0000083416
       -0.0019359966  -0.0038986981  -0.0036089845  -0.0001287686  -0.0210008116
        0.0019312107   0.0003396445   0.0324253258  -0.0449899343  -0.0038652461
        0.0045102368   0.0010432548  -0.0010849208  -0.0001476696   0.0002401700
        0.0000826529  -0.0001690254   0.0002116820  -0.0002200231  -0.0001217668
       -0.0002138054   0.0000813558   0.0000468311   0.0000451046   0.0000181836
        0.0000556016  -0.0002020391  -0.0000868228   0.0001083981  -0.0000607416
       -0.0000579013   0.0000953887   0.0001232952   0.0000703907  -0.0001010776
        0.0000139775   0.0008395506   0.0002221940  -0.0007543745   0.0000484063
        0.0003247127   0.0000684228  -0.0000160628  -0.0014509813   0.0002518962
       -0.0001221941  -0.0005359792  -0.0001293452  -0.0001850207  -0.0000566698
       -0.0000933590   0.0001097722  -0.0004478059   0.0004500417   0.0001174812
       -0.0004345912   0.0003536549   0.0023175474   0.0271942152  -0.0064641708
        0.0037869458  -0.0366060417   0.0521105636  -0.0001441862   0.0000618895
       -0.0003809769   0.0000336163   0.0000559077  -0.0000117437   0.0000007994
       -0.0000282908  -0.0000000685  -0.0000139634  -0.0000372627   0.0000354284
        0.0000147597  -0.0000640298   0.0000308411
       -0.0000546568  -0.0000021016   0.0000121523  -0.0000799121  -0.0000716651
        0.0000362180   0.0003550110  -0.0006333961  -0.0002526346   0.0052430959
       -0.0051923266  -0.0090559158  -0.0931141339   0.0560662122   0.0881356085
       -0.0099340160   0.0111029409   0.0194902958  -0.0047067367   0.0030702083
        0.0008729965  -0.0001074174   0.0005478086   0.0010430711  -0.0004305708
        0.0000283691  -0.0001207563  -0.0001205057   0.0000547277   0.0001127112
       -0.0000189968   0.0000542983   0.0001021047   0.0002059130   0.0000174988
        0.0001281969  -0.0002596458   0.0007711135  -0.0037913332  -0.0000662010
       -0.0000099400  -0.0000435094   0.0000508027   0.0000069720  -0.0000591644
        0.0001142552   0.0000741343   0.0000397234  -0.0000015446   0.0000254056
       -0.0000249365  -0.0000250747  -0.0000259078  -0.0000204999  -0.0000217227
        0.0000127067   0.0000350274  -0.0003348838  -0.0002740109  -0.0002821968
        0.0000801641  -0.0000132468  -0.0001441862   0.1028363647  -0.0654712137
       -0.0966820587   0.0003651537  -0.0002250659   0.0004202693  -0.0000011011
        0.0000081391  -0.0000035704  -0.0000099496   0.0000410008   0.0000245006
        0.0000363093   0.0000373389   0.0000278867
       -0.0001036025  -0.0002798783   0.0000546822  -0.0000271299  -0.0001450292
       -0.0000199755   0.0001472714  -0.0010671880   0.0008297688   0.0021116191
       -0.0028033450  -0.0058314053   0.0563085448  -0.0888224449  -0.0950980870
        0.0030315992  -0.0036277663  -0.0059074257   0.0019624468   0.0021751357
       -0.0015600135   0.0000969952   0.0000630650  -0.0003620713   0.0000317647
       -0.0002303253   0.0001265400   0.0000133500  -0.0001720911   0.0000524917
       -0.0000043550  -0.0000120255   0.0000044312  -0.0000277486   0.0000828554
       -0.0001331060   0.0021712403   0.0048990304  -0.0030830291   0.0001042498
       -0.0003066854   0.0000096948   0.0000429227   0.0001558593  -0.0001166502
        0.0000919241   0.0004671811  -0.0000606439   0.0000748226   0.0000979869
       -0.0000653229   0.0000150422   0.0000971512   0.0000725077   0.0000449142
        0.0000354738   0.0001323850  -0.0003429716   0.0000878964   0.0002224467
        0.0001283879  -0.0002099352   0.0000618895  -0.0654712137   0.0898850261
        0.1104123245  -0.0004533806  -0.0005824005   0.0003064494   0.0000087818
        0.0000521778   0.0000324399   0.0000257729   0.0000602593  -0.0000380821
        0.0000187522   0.0001000164  -0.0000422389
       -0.0000533527   0.0002685982   0.0000742308   0.0000276911  -0.0000728972
        0.0001651672   0.0007231887   0.0005804412   0.0004011885   0.0099300632
       -0.0120661417  -0.0218379238   0.0893678467  -0.0957787982  -0.1943744938
       -0.0001847359   0.0005520794   0.0010767609  -0.0015179516  -0.0008923906
        0.0001666232  -0.0001440624   0.0000681064   0.0001665666  -0.0000161044
        0.0001060128  -0.0001042331  -0.0000512164   0.0001463095   0.0000378135
       -0.0000041349   0.0000631152   0.0001090004   0.0000338140  -0.0001091341
       -0.0000362224  -0.0007910370  -0.0037321282  -0.0028083690   0.0000490663
        0.0004355613   0.0001434038   0.0000613589  -0.0000519469   0.0000863113
        0.0000155679  -0.0003655495  -0.0001369208   0.0001225502   0.0000158051
       -0.0000228598  -0.0000065909  -0.0000393215   0.0000214240   0.0000457888
        0.0000199971   0.0001130598  -0.0006330284  -0.0003402170  -0.0001670475
       -0.0000957058   0.0003180428  -0.0003809769  -0.0966820587   0.1104123245
        0.2168661493  -0.0001962503   0.0005321335   0.0002389066  -0.0000096909
        0.0000200361   0.0000953397   0.0000069338  -0.0000407595   0.0000364391
        0.0000020506  -0.0000492784   0.0000706623
        0.0000140196  -0.0001088851  -0.0000145146  -0.0003855526   0.0001280304
       -0.0000988755  -0.0004713175  -0.0001979171  -0.0010758629  -0.0047768258
        0.0018165711  -0.0018649559  -0.0133980628  -0.0035610278  -0.0196195770
       -0.1348870900  -0.0164269721  -0.1250965619   0.0041496332   0.0005414555
        0.0048812709   0.0005861206  -0.0003935198   0.0006167457   0.0000420102
       -0.0001883094  -0.0002710022  -0.0003460391  -0.0000692375  -0.0002878541
       -0.0000789693   0.0001191250   0.0002381277  -0.0003207787   0.0004450318
        0.0007074602   0.0002865626   0.0027003297   0.0014419879  -0.0001247616
       -0.0001345645   0.0000118385   0.0000545766   0.0000238524  -0.0000371571
        0.0001713293   0.0001432225  -0.0000124508  -0.0001007531   0.0000356581
        0.0000458633  -0.0000334391  -0.0000652071  -0.0000778987  -0.0000077160
        0.0000020096   0.0000175885   0.0001238849   0.0000094511  -0.0000616800
        0.0000070180  -0.0000563235   0.0000336163   0.0003651537  -0.0004533806
       -0.0001962503   0.1490951091   0.0156661350   0.1408061584  -0.0000115012
        0.0000400696  -0.0000546042  -0.0000104443   0.0000092329  -0.0000109234
        0.0000578332  -0.0000248304  -0.0000204886
        0.0001471854  -0.0002800080   0.0000628671   0.0001269448  -0.0000757421
       -0.0000461877   0.0003634863   0.0002765365   0.0003300157   0.0027621787
        0.0020294678  -0.0007191845   0.0044200919   0.0012026979   0.0065786251
       -0.0169840177  -0.0364101016  -0.0297955403  -0.0069521753  -0.0019840728
       -0.0102495092  -0.0010368031  -0.0010280473   0.0002940726  -0.0001263565
       -0.0001359506   0.0001084934   0.0000156917  -0.0001413166   0.0003183118
        0.0000191100  -0.0000544373  -0.0000114437   0.0006134012  -0.0001840787
       -0.0004001711   0.0013282974   0.0042312614  -0.0043629493  -0.0000316851
       -0.0003591112  -0.0001243365   0.0000150583   0.0001686909  -0.0001361760
        0.0000764381   0.0004223452   0.0000682204  -0.0002357627   0.0000431112
       -0.0001147123   0.0000250920   0.0001336582   0.0000963775   0.0000334752
        0.0000403704   0.0000920060  -0.0000032089  -0.0000197025   0.0000768290
       -0.0000195484  -0.0000435571   0.0000559077  -0.0002250659  -0.0005824005
        0.0005321335   0.0156661350   0.0324344585   0.0372822258   0.0000484721
        0.0001736838   0.0000257174   0.0000034495   0.0000631491   0.0000117422
       -0.0000498840   0.0000790953   0.0000266652
       -0.0001426838   0.0001257735   0.0000698357   0.0000545930   0.0000212755
        0.0000132054   0.0001013831  -0.0001376675   0.0000848175   0.0004343308
       -0.0014261396   0.0000034029   0.0000185709   0.0001246783   0.0003833981
       -0.1266215507  -0.0294235099  -0.2044938549  -0.0136649343  -0.0042600475
       -0.0215537339  -0.0008993175   0.0007716000  -0.0003617724  -0.0000662281
        0.0000453174  -0.0001989928  -0.0001402974   0.0003255965   0.0003599358
       -0.0000344941   0.0000781922   0.0001193814   0.0012029128  -0.0005458940
       -0.0001616735  -0.0016617204  -0.0033725679  -0.0028683572   0.0000304375
        0.0001479899   0.0002182032   0.0000092005  -0.0000234365   0.0000735416
       -0.0000056222  -0.0001652230  -0.0002131166   0.0002035670   0.0001415030
       -0.0000093462  -0.0000358020  -0.0000523701   0.0000179622   0.0000272582
       -0.0000274940   0.0000672174   0.0000109304  -0.0000033673  -0.0000151324
        0.0000890227  -0.0000140223  -0.0000117437   0.0004202693   0.0003064494
        0.0002389066   0.1408061584   0.0372822258   0.2278248794  -0.0000395249
        0.0000173524   0.0001877199  -0.0000233510   0.0000163596   0.0000877789
       -0.0000731082   0.0000474260   0.0001375376
        0.0000513046   0.0000281580   0.0000203085  -0.0000021541   0.0000108861
       -0.0000041471   0.0000924378  -0.0000632612  -0.0000342211  -0.0000656963
        0.0000752463   0.0001346274  -0.0002795944  -0.0000365342  -0.0002059536
        0.0000397848  -0.0001586847  -0.0002150132   0.0005450088  -0.0004082485
        0.0005150259   0.0040681819   0.0007004911   0.0052671007  -0.1341794555
       -0.0149590817  -0.1239469926  -0.0135116855  -0.0038164890  -0.0201863881
       -0.0049491944   0.0018148899  -0.0021664337  -0.0001426073   0.0026908074
        0.0012784378  -0.0001331272   0.0003449484   0.0006693114   0.0000852601
        0.0000702307   0.0000460744  -0.0000505699  -0.0000210167   0.0000007584
       -0.0000904482  -0.0000854513  -0.0000541539  -0.0000441298  -0.0000317840
        0.0000069394  -0.0000061880  -0.0000083980  -0.0000049963  -0.0000091517
        0.0000072140  -0.0000142070   0.0000056091  -0.0000007730   0.0000089843
        0.0000332960   0.0000072395   0.0000007994  -0.0000011011   0.0000087818
       -0.0000096909  -0.0000115012   0.0000484721  -0.0000395249   0.1486884022
        0.0144500493   0.1403067671   0.0003951943  -0.0004748922  -0.0001520910
       -0.0005278751  -0.0001928001  -0.0012213214
       -0.0000172975   0.0001403280   0.0000049105   0.0000156296   0.0001002220
        0.0000511372  -0.0000636300  -0.0000223293   0.0000200771   0.0000680843
       -0.0000676674   0.0000027692  -0.0000499802  -0.0000138183   0.0002905660
       -0.0001142630  -0.0001549295   0.0001032176  -0.0011328001  -0.0009256165
        0.0002391948  -0.0070592387  -0.0020895560  -0.0106829058  -0.0155504244
       -0.0352929311  -0.0292021527   0.0044177271   0.0008760161   0.0069325041
        0.0028864530   0.0019694148  -0.0006250195   0.0014396594   0.0042343377
       -0.0042446833   0.0006350025  -0.0002221635  -0.0004277223  -0.0000080178
        0.0002824402   0.0001216987  -0.0000442278  -0.0000907067   0.0000790897
        0.0000049747  -0.0003962083  -0.0000904125   0.0000318857   0.0000581634
        0.0000470150  -0.0000155016  -0.0000935088  -0.0000307795   0.0000223293
       -0.0000170474  -0.0000076354  -0.0000256866   0.0000058281  -0.0000353043
        0.0000033646   0.0000177104  -0.0000282908   0.0000081391   0.0000521778
        0.0000200361   0.0000400696   0.0001736838   0.0000173524   0.0144500493
        0.0316905935   0.0366297005  -0.0002666847  -0.0005686384   0.0005081008
        0.0003243846   0.0003542053   0.0003075365
       -0.0000261378  -0.0000751806   0.0000536501   0.0000847263  -0.0000858945
       -0.0000611959  -0.0000900926   0.0000934685   0.0001073520   0.0000256264
        0.0000492060   0.0001354319  -0.0001990908   0.0003173060   0.0004639805
       -0.0000954080   0.0000224395  -0.0002117871  -0.0012012700   0.0008150229
       -0.0003088906  -0.0141459938  -0.0042197127  -0.0223087732  -0.1254825364
       -0.0287099825  -0.2032370540   0.0002738209   0.0001461134   0.0000985050
        0.0005317550  -0.0015219893  -0.0001637900  -0.0018633092  -0.0031980105
       -0.0030479815   0.0014779096  -0.0007070680  -0.0003084846   0.0000117309
       -0.0001341725   0.0000717618  -0.0000121240   0.0000606770  -0.0000345279
       -0.0000284844   0.0001790488  -0.0001279518   0.0001082580   0.0001014658
       -0.0000189130  -0.0000421037   0.0000195298   0.0000175395   0.0000216087
       -0.0000021372   0.0000793942  -0.0000399045   0.0000155288  -0.0000151968
       -0.0000040378  -0.0000361629  -0.0000000685  -0.0000035704   0.0000324399
        0.0000953397  -0.0000546042   0.0000257174   0.0001877199   0.1403067671
        0.0366297005   0.2281772869   0.0003761998   0.0003198444   0.0002608216
        0.0000702649  -0.0001371979   0.0000958319
       -0.0000028515   0.0000091885   0.0000216142   0.0000084175   0.0000303129
        0.0000103826  -0.0000138860   0.0000014389  -0.0000012534  -0.0000188648
        0.0000287769   0.0000952427  -0.0001571194   0.0000524188   0.0000841431
       -0.0003752362   0.0000147157  -0.0001230224  -0.0001216687   0.0006131898
        0.0010726707  -0.0048136854   0.0029824335   0.0006052434  -0.0100967322
        0.0111355356   0.0198399744  -0.0932759594   0.0554416983   0.0867887952
        0.0053697175  -0.0055112145  -0.0091200366   0.0002132876   0.0007456851
       -0.0038314521   0.0002574195  -0.0000128082   0.0001285377   0.0000242867
        0.0000500169   0.0000859371  -0.0000458043   0.0000110544   0.0000391629
       -0.0000287184  -0.0000558166  -0.0000614696   0.0000075912   0.0000491037
        0.0000234634  -0.0000152088  -0.0000029170   0.0000151599   0.0000120562
        0.0000043270   0.0000410818   0.0000204122   0.0000055174  -0.0000073354
        0.0000177304   0.0000010676  -0.0000139634  -0.0000099496   0.0000257729
        0.0000069338  -0.0000104443   0.0000034495  -0.0000233510   0.0003951943
       -0.0002666847   0.0003761998   0.1023378843  -0.0646011891  -0.0959249729
        0.0003221317  -0.0007550733  -0.0001276859
        0.0000409308   0.0002072579   0.0000151516  -0.0000379643   0.0000630461
        0.0000588923   0.0000357083  -0.0000407575  -0.0000669006  -0.0000134590
       -0.0000799213   0.0000074293   0.0000145260  -0.0000596468   0.0000471748
        0.0000212821  -0.0002294897   0.0001259881   0.0000770614   0.0001810054
       -0.0004882278   0.0020687751   0.0021901481  -0.0015918859   0.0030455371
       -0.0039167234  -0.0060275086   0.0560291507  -0.0874217719  -0.0935774538
        0.0022600104  -0.0032079757  -0.0056110555   0.0020168648   0.0053015623
       -0.0028262363   0.0000286793   0.0001274180  -0.0001342438  -0.0000032431
        0.0004146482   0.0001086587  -0.0000695306  -0.0001089548   0.0000889438
       -0.0000130948  -0.0004784003  -0.0000459342  -0.0000493356  -0.0000600331
        0.0000225510   0.0000228214  -0.0000652428  -0.0000425490   0.0000158737
       -0.0000110620  -0.0000526091   0.0000211674   0.0000225284  -0.0000328990
        0.0000280398   0.0000354911  -0.0000372627   0.0000410008   0.0000602593
       -0.0000407595   0.0000092329   0.0000631491   0.0000163596  -0.0004748922
       -0.0005686384   0.0003198444  -0.0646011891   0.0889187994   0.1089138553
       -0.0005139534  -0.0013366956   0.0008506768
        0.0001313163  -0.0000924010   0.0000299671   0.0000629064  -0.0000730410
       -0.0000613947   0.0000390661  -0.0000110418   0.0000071906  -0.0000893132
        0.0001026305   0.0000486655  -0.0000471136   0.0001045808   0.0001317473
       -0.0000753698   0.0000924621  -0.0001070966  -0.0002644654   0.0000012885
        0.0001698590  -0.0016066347  -0.0008844801   0.0000306556  -0.0002773853
        0.0006548301   0.0009289818   0.0882191533  -0.0940898664  -0.1925652372
        0.0102736869  -0.0120419862  -0.0216971156  -0.0007251256  -0.0038450506
       -0.0030550426   0.0001070754  -0.0001161548  -0.0000197267   0.0002015559
       -0.0001804736   0.0000201432  -0.0000708315   0.0000765111  -0.0000566133
       -0.0002234774   0.0002204651  -0.0000634122  -0.0000474651  -0.0000059525
       -0.0000409021  -0.0000361970   0.0000605334   0.0000477796  -0.0000203730
        0.0000279378   0.0000382779   0.0000020169  -0.0000068193   0.0000401789
        0.0000386870  -0.0000347016   0.0000354284   0.0000245006  -0.0000380821
        0.0000364391  -0.0000109234   0.0000117422   0.0000877789  -0.0001520910
        0.0005081008   0.0002608216  -0.0959249729   0.1089138553   0.2156087896
        0.0004717741   0.0006451133   0.0001438370
       -0.0000485948   0.0000064677   0.0000389204  -0.0000130392  -0.0000003536
        0.0000123233  -0.0000187801  -0.0000325885   0.0000633698   0.0000052869
       -0.0000229066  -0.0001217471   0.0000332226   0.0000884934   0.0000277689
       -0.0000873453  -0.0000421507  -0.0001036873  -0.0000605315   0.0001195655
       -0.0004870118  -0.0006777380   0.0008796264   0.0006039880  -0.0004352444
        0.0015799732  -0.0026154727  -0.0126367939   0.0022302934  -0.0033163350
       -0.2892206559   0.0629873569  -0.0624478284  -0.0112297364   0.0019828791
       -0.0021564296   0.0000156612   0.0001088460   0.0001425148  -0.0000439772
        0.0000351313   0.0000611508  -0.0000136194   0.0000233516   0.0000452455
        0.0000633521   0.0000032900   0.0000273268  -0.0000046605   0.0000396586
        0.0000231742   0.0000036728   0.0000117766   0.0000404408   0.0000054589
        0.0000015012   0.0000521794   0.0000182045   0.0000191044   0.0000126051
        0.0000240116  -0.0000165307   0.0000147597   0.0000363093   0.0000187522
        0.0000020506   0.0000578332  -0.0000498840  -0.0000731082  -0.0005278751
        0.0003243846   0.0000702649   0.0003221317  -0.0005139534   0.0004717741
        0.3144334471  -0.0697820845   0.0696117627
       -0.0000037734  -0.0000271618   0.0000431857  -0.0000696023  -0.0000689284
       -0.0000180462   0.0000100504  -0.0001644798   0.0000279705   0.0000583278
        0.0001017149   0.0000366881   0.0000160035   0.0002789708  -0.0000866314
        0.0000040723  -0.0000920263   0.0000118808   0.0004488454   0.0007977292
        0.0000294476   0.0014288337   0.0000385237  -0.0016947313   0.0011355154
        0.0057422918  -0.0034334228  -0.0057809662  -0.0000717463  -0.0001739863
        0.0651916550  -0.0407001620   0.0103154045   0.0081133878  -0.0041326989
        0.0027008453   0.0001517777   0.0000491827  -0.0001700815  -0.0000777879
        0.0001387461   0.0000465843  -0.0000703554  -0.0000140841   0.0000419102
        0.0000666179  -0.0000807454   0.0000846217  -0.0000377244  -0.0000337318
        0.0000395962   0.0000340326  -0.0000011128  -0.0000119443   0.0000290147
       -0.0000336133  -0.0000194091   0.0000141661   0.0000492281  -0.0000159587
        0.0000553589  -0.0000292441  -0.0000640298   0.0000373389   0.0001000164
       -0.0000492784  -0.0000248304   0.0000790953   0.0000474260  -0.0001928001
        0.0003542053  -0.0001371979  -0.0007550733  -0.0013366956   0.0006451133
       -0.0697820845   0.0390567265  -0.0081959566
        0.0001388618  -0.0000419671   0.0000334768   0.0000981163  -0.0000033231
       -0.0000294254   0.0000399091   0.0000452134  -0.0000175704  -0.0000000766
        0.0000247492   0.0001261985  -0.0001473329  -0.0000060339   0.0001696643
        0.0000646457  -0.0000025492  -0.0000840576   0.0002002100  -0.0001855031
        0.0005995035   0.0020184370  -0.0021634568  -0.0024554317  -0.0036862699
       -0.0031177307  -0.0032256378  -0.0232099167   0.0063716431  -0.0051292279
       -0.0572015642   0.0086376255  -0.0488690559   0.0132810304  -0.0024477189
        0.0022927702   0.0002829475  -0.0001895229  -0.0000550987   0.0002328705
       -0.0001347437   0.0000874668  -0.0000736246   0.0000645012  -0.0000237622
       -0.0002541024   0.0001234380  -0.0001587643  -0.0000259006   0.0000215599
       -0.0000442728  -0.0000526699   0.0000456741   0.0000458013  -0.0000188778
        0.0000402292   0.0000549709   0.0000170156  -0.0000204256   0.0000351619
        0.0000261379  -0.0000083416   0.0000308411   0.0000278867  -0.0000422389
        0.0000706623  -0.0000204886   0.0000266652   0.0001375376  -0.0012213214
        0.0003075365   0.0000958319  -0.0001276859   0.0008506768   0.0001438370
        0.0696117627  -0.0081959566   0.0561685803
