           1           2  0.96611461034972046     
           2           3   1.0130078665572031     
           3           4   1.0063460153390353     
           4           5  0.99837416378692012     
           5           6  0.98907561311780290     
           1           7  0.89641927338996297     
           1           8  0.89323191581403405     
           1           9  0.84955978636336049     
           2          10  0.96588567575715301     
           2          11  0.96894771683546421     
           3          12  0.96900017828257079     
           3          13  0.96897024106884599     
           4          14  0.97156464882189120     
           4          15  0.97386557368159032     
           5          16  0.97594336196126630     
           5          17  0.96816671961100931     
           6          18  0.85579723237909611     
