           1           2  0.94954193801724485     
           2           3  0.99236181365118481     
           3           4  0.99359746943611760     
           4           5   1.0114746083553177     
           5           6   1.4832727138493951     
           6           7   1.3352011098456766     
           5           8  0.11042897366536247     
           7           8   1.5460611546570071     
           8           9   1.2771352263815374     
           9          10   1.2785834913344754     
          10          11   1.5538247637089713     
          11          12   1.3286239480143929     
          10          13  0.12020577340319327     
          12          13   1.5461785744171539     
           5          14   1.2210504046520341     
           9          14   1.2587010768115752     
          13          14   1.2935539762615864     
           1          16  0.83576591465716055     
           1          17  0.91883542633842374     
           1          18  0.91957924693561166     
           2          19  0.97026389882248321     
           2          20  0.95940119492652176     
           3          21  0.95344074237448795     
           3          22  0.96825295727042782     
           6          23  0.94845819470165693     
           7          24  0.96831892476068204     
           8          25  0.96895449265447497     
          10          26  0.96902983753308525     
          11          27  0.97096720722125618     
          12          28  0.97123111749584667     
          13          29  0.96780684352535851     
