           1           2  0.95079791931338353     
           2           3   1.0116592019236217     
           3           4   1.0017458529819292     
           4           5   1.0020193714729928     
           5           6  0.99130839767294465     
           6           7  0.94592228435354309     
           7           8  0.97129660137659102     
           8           9   1.0066076027644550     
           9          10   1.8363283150776348     
          10          11   1.1163055328888987     
           7          12   1.0083780832726763     
           9          12  0.12043324091876834     
          11          12   1.8306756530565105     
           6          13   1.1052255224523191     
           8          14  0.98044888530251562     
          13          14   1.3174509496453015     
          14          15   1.4495181290201504     
          15          16   1.4157757890013576     
          14          17  0.10470436141279726     
          16          17   1.4379610060799128     
          13          18   1.3608843103665709     
          17          18   1.4408765501174774     
           1          20  0.86129000901490693     
           1          21  0.92523223788247810     
           1          22  0.85682203852704686     
           2          23  0.96752973673215570     
           2          24  0.97061750689781556     
           3          25  0.96597140525763847     
           3          26  0.97001690525561390     
           4          27  0.97435237473754754     
           4          28  0.96815587219389643     
           5          29  0.97018108198197250     
           5          30  0.96754345708379608     
           7          31  0.95886735703531578     
           8          32  0.94283370057750804     
           9          33  0.96627647773230352     
          10          34  0.96339703183118375     
          11          35  0.95686718080655397     
          12          36  0.96510619062063630     
          15          37  0.96909817463918868     
          16          38  0.97134809993784244     
          17          39  0.97094924021758067     
          18          40  0.96488517060458312     
