$hessian                                                                        
        0.5218231948   0.0099257380  -0.0455081963  -0.0867936166  -0.0022787119
       -0.0498705378  -0.0428876213   0.0041463541  -0.0228063914   0.0054452730
        0.0048837317  -0.0028517314  -0.0020106037   0.0042843941   0.0030966477
       -0.0014970328  -0.0026035053   0.0005529908  -0.0000417569  -0.0033285066
       -0.0013584397  -0.0172178827   0.0057711217   0.0040471452  -0.0444678362
       -0.0123972895  -0.0054839037  -0.0897222061  -0.0717292750   0.0744719980
       -0.2441581846   0.0642028960   0.0470249487   0.0048521467   0.0004907101
        0.0046471435  -0.0032921796  -0.0018565159  -0.0065368525   0.0000512738
        0.0001846392  -0.0002464708  -0.0001898569   0.0002068087   0.0004942034
        0.0001068889   0.0000974106   0.0003274463
        0.0099257380   0.5803357165  -0.0013268290  -0.0020436233  -0.0700152754
        0.0012221984   0.0101305606   0.0010787283   0.0065375588  -0.0016386183
       -0.0008467041   0.0011460055   0.0008172560  -0.0008793345  -0.0001786804
        0.0001791337   0.0008097800  -0.0002336999   0.0006622506   0.0006773387
        0.0000490406   0.0054627494  -0.0005364743  -0.0011668121  -0.0076823492
       -0.2851327987  -0.1091704703  -0.0759099867  -0.1637535522   0.1235303132
        0.0649602233  -0.0610103127  -0.0146116887   0.0104410533  -0.0009575375
        0.0179297964  -0.0154025981  -0.0004184161  -0.0235109472  -0.0000040813
        0.0001085450   0.0002919647   0.0000034354   0.0002270428   0.0000696818
        0.0000988567   0.0003132541  -0.0005774319
       -0.0455081963  -0.0013268290   0.5012664874  -0.0431841069  -0.0000499547
       -0.1455853944  -0.0143301482   0.0019313828   0.0063508197   0.0041746660
        0.0018135540  -0.0013225037  -0.0009393974   0.0023659002   0.0008037829
       -0.0012370270  -0.0015637973   0.0004246736   0.0009288502  -0.0011708938
        0.0000443808   0.0016294867  -0.0005015350   0.0007726334  -0.0035896054
       -0.1061306354  -0.0957928665   0.0758124404   0.1196504913  -0.1730605237
        0.0515887482  -0.0158447740  -0.0509626830  -0.0141410396   0.0033263443
       -0.0256938805  -0.0113417152  -0.0026494365  -0.0174022375   0.0000384235
        0.0000750164  -0.0002497926  -0.0000230816   0.0000631160   0.0001362342
        0.0001217028   0.0000120507   0.0002708699
       -0.0867936166  -0.0020436233  -0.0431841069   0.4427468991   0.0186727879
       -0.0575958288  -0.1884366273   0.0428619283   0.0370812447  -0.0389221440
        0.0005871009   0.0097436344  -0.0002694908  -0.0082491360  -0.0005559522
        0.0008679553   0.0035422362   0.0002699131  -0.0066321311   0.0098643736
        0.0018100796   0.0018656472  -0.0007963160  -0.0004310169  -0.0013447971
       -0.0032068714  -0.0024152188   0.0069249386   0.0024629574   0.0063861822
       -0.0130955537   0.0015629733  -0.0142832454  -0.0761842000  -0.0590120494
        0.0630174931  -0.0401338173  -0.0076824946   0.0007802521   0.0005760091
        0.0008923823  -0.0007247991  -0.0009277685   0.0007082239  -0.0001594041
       -0.0002413030  -0.0001644733   0.0002607729
       -0.0022787119  -0.0700152754  -0.0000499547   0.0186727879   0.5252207774
        0.0086313447   0.0450688672  -0.0780940353  -0.0113049061  -0.0103363591
        0.0062807106   0.0015089219  -0.0044911686   0.0006206228  -0.0005213227
        0.0003008332  -0.0055998781  -0.0003616495   0.0205233456  -0.0101993048
       -0.0047565516  -0.0001496527  -0.0003558267  -0.0000156958  -0.0142216518
        0.0014905444  -0.0207354235   0.0101675871  -0.0001666920   0.0141934835
        0.0030525077   0.0005395894   0.0050034356  -0.0624685100  -0.1368426263
        0.0917646972  -0.0035319126  -0.2343286833  -0.0840945100  -0.0007291917
        0.0006304123   0.0001817141  -0.0006597639   0.0004062943   0.0000060812
        0.0010809936   0.0004133705   0.0005503357
       -0.0498705378   0.0012221984  -0.1455853944  -0.0575958288   0.0086313447
        0.4595851197   0.0537035120  -0.0117935665  -0.0633241113   0.0000105205
       -0.0036111357  -0.0023510333   0.0035829540  -0.0033578588   0.0059440806
        0.0017497904   0.0012842096   0.0009918104   0.0021451980  -0.0001343052
       -0.0035063576   0.0030437274  -0.0009695335  -0.0011396864  -0.0083720783
       -0.0040407881  -0.0127498881  -0.0102871429   0.0034545934  -0.0196138888
       -0.0050393341   0.0020944379   0.0058091627   0.0662782924   0.0960637957
       -0.1411674278   0.0007213014  -0.0883531727  -0.0826403052  -0.0006944184
       -0.0001544665  -0.0014837360   0.0003391610  -0.0002972481   0.0002944812
        0.0002848832  -0.0000385046   0.0009371743
       -0.0428876213   0.0101305606  -0.0143301482  -0.1884366273   0.0450688672
        0.0537035120   0.6675429255   0.0796985231  -0.1055244591  -0.2730043693
       -0.1854445235   0.0337411282  -0.0644030079   0.0251008212   0.0160348716
       -0.0243480661  -0.0047418830   0.0054868633  -0.0390924257   0.0225633020
        0.0046627207  -0.0024803058   0.0008679748   0.0005946224   0.0008808400
       -0.0002036164  -0.0005898396   0.0013037542  -0.0003925613  -0.0007732993
       -0.0001529026  -0.0007532544  -0.0056050385  -0.0223109899   0.0021768000
        0.0073491910  -0.0052745650   0.0066461812   0.0021608150  -0.0005776574
       -0.0014523168   0.0007016396  -0.0036682687   0.0033021417   0.0017598971
       -0.0030907128  -0.0025670162   0.0006275237
        0.0041463541   0.0010787283   0.0019313828   0.0428619283  -0.0780940353
       -0.0117935665   0.0796985231   0.4487588967   0.0082844243  -0.1411535274
       -0.1988469821   0.0162062329  -0.0256997170   0.0297588698   0.0079985514
        0.0082963404  -0.0192212841  -0.0036432909   0.0457757899  -0.1570692247
       -0.0181358981  -0.0003733492  -0.0004465802   0.0000402335  -0.0011491659
        0.0013011513  -0.0001661589   0.0007998271   0.0004419320   0.0005419901
        0.0007217295   0.0008763390   0.0002369294  -0.0159397050   0.0061925402
        0.0049155789   0.0249764197  -0.0119606704  -0.0091056850  -0.0227039493
       -0.0203404578   0.0033118124   0.0009458418  -0.0015611125  -0.0005258415
       -0.0012033400  -0.0008681104  -0.0000966948
       -0.0228063914   0.0065375588   0.0063508197   0.0370812447  -0.0113049061
       -0.0633241113  -0.1055244591   0.0082844243   0.1263404000   0.0383417571
        0.0261305229  -0.0410185959   0.0118915202  -0.0036195692  -0.0008070339
        0.0060542221  -0.0005873700   0.0011845116   0.0071285826  -0.0148189472
       -0.0272863828   0.0001269627  -0.0000756489   0.0001329281   0.0000028030
        0.0006995204   0.0007784312  -0.0002318992  -0.0001453414   0.0013187706
       -0.0016099145  -0.0000068873  -0.0029206164   0.0188698581  -0.0044659510
       -0.0035239420   0.0101616478  -0.0046856176  -0.0016577716  -0.0016742686
       -0.0013435266   0.0004994128   0.0013508226  -0.0009866684   0.0026594875
        0.0008375119   0.0003884073   0.0012736926
        0.0054452730  -0.0016386183   0.0041746660  -0.0389221440  -0.0103363591
        0.0000105205  -0.2730043693  -0.1411535274   0.0383417571   0.5742393166
        0.0645279461  -0.0918970815  -0.2046464175   0.0394987495   0.0347037596
        0.0121737362   0.0659792492   0.0031409376  -0.0131410597  -0.0409331555
       -0.0002729866   0.0028029206  -0.0007986481  -0.0005505632  -0.0009117072
       -0.0001349470   0.0000727531  -0.0005454987   0.0003654021   0.0004478336
       -0.0024965784   0.0009721031   0.0009635701  -0.0021311774   0.0003889245
        0.0015541239   0.0008433325  -0.0008076161  -0.0003228487  -0.0419264832
        0.0125500612   0.0033144471  -0.0183403830   0.0114950459   0.0047375878
        0.0005612394   0.0000253899   0.0015815236
        0.0048837317  -0.0008467041   0.0018135540   0.0005871009   0.0062807106
       -0.0036111357  -0.1854445235  -0.1988469821   0.0261305229   0.0645279461
        0.7204250293   0.0320656861   0.0988584644  -0.1246600939  -0.0258952898
        0.0149761246  -0.0454041840  -0.0069034908  -0.0001382496  -0.0592250875
       -0.0046723563   0.0012672698  -0.0006284848  -0.0001353699  -0.0004881036
       -0.0004322947  -0.0002297402  -0.0005424404   0.0004680718  -0.0000063502
       -0.0012337575   0.0000964782   0.0007909845   0.0018630717  -0.0005297856
       -0.0001349137   0.0014134872   0.0008681633   0.0005768022   0.0112197915
       -0.2992148659  -0.0217213342  -0.0103886505   0.0069962498   0.0028443299
       -0.0013612627  -0.0053462205  -0.0009118987
       -0.0028517314   0.0011460055  -0.0013225037   0.0097436344   0.0015089219
       -0.0023510333   0.0337411282   0.0162062329  -0.0410185959  -0.0918970815
        0.0320656861   0.1302819770   0.0389760941  -0.0133162034  -0.0619118754
       -0.0009788607  -0.0175303048   0.0014784867   0.0033704248   0.0040762779
        0.0034750991  -0.0006183747   0.0002518479  -0.0000759026   0.0001759992
        0.0001118462  -0.0003457561   0.0004384456   0.0001727193  -0.0000633192
        0.0002595637  -0.0001167638  -0.0008606385   0.0025031578  -0.0003104737
       -0.0007579107  -0.0004274533   0.0005138486  -0.0001553058   0.0032086101
       -0.0219647546  -0.0327781457   0.0029233761  -0.0018135108  -0.0010186225
        0.0014330676  -0.0010013750   0.0074240466
       -0.0020106037   0.0008172560  -0.0009393974  -0.0002694908  -0.0044911686
        0.0035829540  -0.0644030079  -0.0256997170   0.0118915202  -0.2046464175
        0.0988584644   0.0389760941   0.6195706599   0.0991596893  -0.0990124367
       -0.0809176680  -0.0737830596   0.0035251898  -0.0271534133  -0.0113853493
        0.0058527752  -0.0008761782   0.0007368249   0.0001581835   0.0002065147
        0.0001267525   0.0003271398   0.0000422696  -0.0000346193  -0.0000424047
        0.0009041205  -0.0001350793  -0.0004420165  -0.0015316202   0.0003921143
       -0.0001580066   0.0002547977  -0.0002026268  -0.0002546428   0.0005629244
       -0.0002935109  -0.0002773530  -0.2427394398  -0.1037900340   0.0363605110
        0.0030065526   0.0197240634   0.0004518901
        0.0042843941  -0.0008793345   0.0023659002  -0.0082491360   0.0006206228
       -0.0033578588   0.0251008212   0.0297588698  -0.0036195692   0.0394987495
       -0.1246600939  -0.0133162034   0.0991596893   0.6808211518   0.0230191929
       -0.0208016962  -0.4197798960  -0.0245950640  -0.0574737031  -0.0411534637
        0.0076723276   0.0019244311   0.0000191649  -0.0003712402  -0.0003391612
       -0.0005385955   0.0002680566  -0.0004818732   0.0000715841   0.0000149659
       -0.0021384928   0.0002129602   0.0007900997   0.0007817182  -0.0001989251
        0.0006292038   0.0002406310   0.0002205305   0.0002075024   0.0218492273
       -0.0115675393  -0.0052145842  -0.1019553226  -0.0944022163   0.0164421767
       -0.0014002766  -0.0185448197  -0.0009349061
        0.0030966477  -0.0001786804   0.0008037829  -0.0005559522  -0.0005213227
        0.0059440806   0.0160348716   0.0079985514  -0.0008070339   0.0347037596
       -0.0258952898  -0.0619118754  -0.0990124367   0.0230191929   0.1321497313
        0.0073734221  -0.0140606116  -0.0399811320   0.0022753071  -0.0012432861
        0.0036123996   0.0004679805  -0.0001184871   0.0004226514  -0.0001199279
        0.0001662305  -0.0002984224   0.0000282190   0.0004283618  -0.0000487937
       -0.0004554453   0.0001747587   0.0000969972  -0.0008662560  -0.0003673503
       -0.0000462924   0.0001914794  -0.0000957838   0.0004678705   0.0013810143
       -0.0008717687  -0.0003046631   0.0365449365   0.0169594781  -0.0376883892
       -0.0010876199  -0.0053939928  -0.0024109113
       -0.0014970328   0.0001791337  -0.0012370270   0.0008679553   0.0003008332
        0.0017497904  -0.0243480661   0.0082963404   0.0060542221   0.0121737362
        0.0149761246  -0.0009788607  -0.0809176680  -0.0208016962   0.0073734221
        0.4490360732  -0.0913496026  -0.0844819008  -0.1645586981  -0.0205277573
        0.0280516383   0.0002159430   0.0000570601  -0.0000479441  -0.0003712689
        0.0005724479   0.0002063116  -0.0002288881   0.0002045677   0.0003363241
        0.0001596498  -0.0000406255  -0.0000286969  -0.0006354605   0.0005880627
       -0.0003363427  -0.0005367398  -0.0003911956  -0.0000524513  -0.0035705417
        0.0007082596   0.0013826280  -0.0045719786  -0.0248224921  -0.0009358372
       -0.1812170150   0.1320505396   0.0429447242
       -0.0026035053   0.0008097800  -0.0015637973   0.0035422362  -0.0055998781
        0.0012842096  -0.0047418830  -0.0192212841  -0.0005873700   0.0659792492
       -0.0454041840  -0.0175303048  -0.0737830596  -0.4197798960  -0.0140606116
       -0.0913496026   0.7087110547   0.0673719400  -0.0345570275  -0.0391714021
        0.0069389616  -0.0007907349   0.0005979844   0.0001981605   0.0000354828
        0.0002306158   0.0000039203   0.0002184833  -0.0001451624  -0.0001454613
        0.0009328695  -0.0006464652  -0.0004207956  -0.0008840547   0.0000987321
       -0.0002069739   0.0005569717  -0.0004157701  -0.0002397188   0.0039165972
       -0.0020594421  -0.0012838378  -0.0038391994  -0.0148402565  -0.0002275223
        0.1373671769  -0.1631644264  -0.0395307987
        0.0005529908  -0.0002336999   0.0004246736   0.0002699131  -0.0003616495
        0.0009918104   0.0054868633  -0.0036432909   0.0011845116   0.0031409376
       -0.0069034908   0.0014784867   0.0035251898  -0.0245950640  -0.0399811320
       -0.0844819008   0.0673719400   0.1010800204   0.0254834218   0.0033014910
       -0.0313384868  -0.0000686496  -0.0000681108   0.0005227089   0.0001717704
       -0.0000763929  -0.0001775528   0.0000680434   0.0000674205  -0.0000760921
        0.0000333646   0.0001280981  -0.0004730117   0.0000071937  -0.0002358557
        0.0000198378   0.0001073709  -0.0000544476   0.0000501168   0.0016615410
       -0.0005262805   0.0028105167   0.0005985352   0.0040795979  -0.0000622381
        0.0434434146  -0.0382502651  -0.0364541695
       -0.0000417569   0.0006622506   0.0009288502  -0.0066321311   0.0205233456
        0.0021451980  -0.0390924257   0.0457757899   0.0071285826  -0.0131410597
       -0.0001382496   0.0033704248  -0.0271534133  -0.0574737031   0.0022753071
       -0.1645586981  -0.0345570275   0.0254834218   0.2689887513   0.0326733336
       -0.0467271007  -0.0003378201  -0.0000222466   0.0000610987   0.0002193985
       -0.0001438094  -0.0003866422   0.0001665078  -0.0002682631   0.0000668060
        0.0001423640  -0.0005899211  -0.0002058214   0.0003650783   0.0002514641
       -0.0001337317  -0.0031176421   0.0013048912   0.0006683179  -0.0024332553
       -0.0003009157   0.0019295436   0.0004915851  -0.0029880748   0.0012587943
       -0.0138654828  -0.0047088641   0.0021369510
       -0.0033285066   0.0006773387  -0.0011708938   0.0098643736  -0.0101993048
       -0.0001343052   0.0225633020  -0.1570692247  -0.0148189472  -0.0409331555
       -0.0592250875   0.0040762779  -0.0113853493  -0.0411534637  -0.0012432861
       -0.0205277573  -0.0391714021   0.0033014910   0.0326733336   0.3094239547
        0.0136772975  -0.0016050687   0.0007641520   0.0002296102   0.0010959371
       -0.0000157690   0.0000875091   0.0005519349  -0.0007197478  -0.0000707562
        0.0013797857  -0.0007155197  -0.0007272892  -0.0003511279   0.0005646301
       -0.0000440048   0.0009999027  -0.0006390802  -0.0001716940  -0.0037232362
       -0.0023116581  -0.0000349259   0.0004390986  -0.0042162192  -0.0009584737
        0.0122865333   0.0040064015  -0.0019976095
       -0.0013584397   0.0000490406   0.0000443808   0.0018100796  -0.0047565516
       -0.0035063576   0.0046627207  -0.0181358981  -0.0272863828  -0.0002729866
       -0.0046723563   0.0034750991   0.0058527752   0.0076723276   0.0036123996
        0.0280516383   0.0069389616  -0.0313384868  -0.0467271007   0.0136772975
        0.0446664506  -0.0000831895  -0.0000783314   0.0000954361   0.0001360449
       -0.0000979357   0.0001619261  -0.0000780259  -0.0001000573  -0.0001966956
       -0.0000919567   0.0002038151  -0.0005141412  -0.0001792396  -0.0001529900
        0.0002540570   0.0019377079  -0.0009760625   0.0001555597   0.0016901385
       -0.0005803651   0.0062698073   0.0014751859  -0.0003531127   0.0069623328
        0.0031746477   0.0013622185  -0.0028553850
       -0.0172178827   0.0054627494   0.0016294867   0.0018656472  -0.0001496527
        0.0030437274  -0.0024803058  -0.0003733492   0.0001269627   0.0028029206
        0.0012672698  -0.0006183747  -0.0008761782   0.0019244311   0.0004679805
        0.0002159430  -0.0007907349  -0.0000686496  -0.0003378201  -0.0016050687
       -0.0000831895  -0.0077781696   0.0038397366   0.0028918750   0.0000058357
       -0.0011162607  -0.0005999130   0.0006044904   0.0004289224  -0.0009840552
        0.0226608908  -0.0090029543  -0.0066120809   0.0002205068  -0.0003673985
        0.0001566662   0.0004511587   0.0000734354   0.0002506476   0.0000230664
        0.0001231273   0.0001053385  -0.0001008005   0.0001282176   0.0001812628
       -0.0000593027   0.0001575295   0.0001123156
        0.0057711217  -0.0005364743  -0.0005015350  -0.0007963160  -0.0003558267
       -0.0009695335   0.0008679748  -0.0004465802  -0.0000756489  -0.0007986481
       -0.0006284848   0.0002518479   0.0007368249   0.0000191649  -0.0001184871
        0.0000570601   0.0005979844  -0.0000681108  -0.0000222466   0.0007641520
       -0.0000783314   0.0038397366   0.0031262239  -0.0009036442  -0.0005683526
        0.0001771796   0.0003096034   0.0001206341  -0.0006362404   0.0000851441
       -0.0089207904  -0.0029449164   0.0020443071  -0.0002467209  -0.0001604734
       -0.0002591425  -0.0000229183  -0.0002740434   0.0001706168  -0.0002163317
        0.0001405198   0.0002126169  -0.0000339585   0.0005540068   0.0000922944
        0.0002329310   0.0006038082  -0.0001919972
        0.0040471452  -0.0011668121   0.0007726334  -0.0004310169  -0.0000156958
       -0.0011396864   0.0005946224   0.0000402335   0.0001329281  -0.0005505632
       -0.0001353699  -0.0000759026   0.0001581835  -0.0003712402   0.0004226514
       -0.0000479441   0.0001981605   0.0005227089   0.0000610987   0.0002296102
        0.0000954361   0.0028918750  -0.0009036442   0.0035409756  -0.0001531212
        0.0004012343  -0.0004392967  -0.0004424186  -0.0002181800  -0.0002633702
       -0.0063473085   0.0019888051  -0.0043027082   0.0000187259  -0.0002439329
       -0.0000110353   0.0001031174   0.0002396010  -0.0002304789  -0.0000300934
        0.0000165252  -0.0000184600   0.0000542203  -0.0000184563   0.0004274188
        0.0000734775  -0.0000408384   0.0005661860
       -0.0444678362  -0.0076823492  -0.0035896054  -0.0013447971  -0.0142216518
       -0.0083720783   0.0008808400  -0.0011491659   0.0000028030  -0.0009117072
       -0.0004881036   0.0001759992   0.0002065147  -0.0003391612  -0.0001199279
       -0.0003712689   0.0000354828   0.0001717704   0.0002193985   0.0010959371
        0.0001360449   0.0000058357  -0.0005683526  -0.0001531212   0.0426776879
        0.0129870586   0.0076718062   0.0012017246  -0.0131552735  -0.0034673261
        0.0023355213   0.0231180769   0.0105412947   0.0006585997   0.0002244301
        0.0004801385  -0.0013295074   0.0000852374  -0.0031450000   0.0000677447
        0.0000791616  -0.0000930965   0.0000505830   0.0000070300  -0.0001494249
        0.0001206665  -0.0000283565  -0.0000902766
       -0.0123972895  -0.2851327987  -0.1061306354  -0.0032068714   0.0014905444
       -0.0040407881  -0.0002036164   0.0013011513   0.0006995204  -0.0001349470
       -0.0004322947   0.0001118462   0.0001267525  -0.0005385955   0.0001662305
        0.0005724479   0.0002306158  -0.0000763929  -0.0001438094  -0.0000157690
       -0.0000979357  -0.0011162607   0.0001771796   0.0004012343   0.0129870586
        0.3137561500   0.1199291500  -0.0026981678  -0.0234116361  -0.0057616435
        0.0055003436  -0.0094639536  -0.0056434379   0.0003774218   0.0008748622
        0.0009269365   0.0004217901   0.0014692805  -0.0001040776   0.0000150761
       -0.0000724041  -0.0002457400   0.0000169972  -0.0001217818  -0.0001617428
       -0.0001169257  -0.0001105502   0.0000274760
       -0.0054839037  -0.1091704703  -0.0957928665  -0.0024152188  -0.0207354235
       -0.0127498881  -0.0005898396  -0.0001661589   0.0007784312   0.0000727531
       -0.0002297402  -0.0003457561   0.0003271398   0.0002680566  -0.0002984224
        0.0002063116   0.0000039203  -0.0001775528  -0.0003866422   0.0000875091
        0.0001619261  -0.0005999130   0.0003096034  -0.0004392967   0.0076718062
        0.1199291500   0.1037296556   0.0015443279   0.0180918722   0.0096428357
        0.0029072986  -0.0077073427  -0.0004549936  -0.0001412146  -0.0008322349
       -0.0001759397  -0.0033556208  -0.0000859991  -0.0041057525   0.0000651535
        0.0000631093   0.0001546759   0.0000717239   0.0000761782   0.0001202079
        0.0001058381   0.0000979704  -0.0000472640
       -0.0897222061  -0.0759099867   0.0758124404   0.0069249386   0.0101675871
       -0.0102871429   0.0013037542   0.0007998271  -0.0002318992  -0.0005454987
       -0.0005424404   0.0004384456   0.0000422696  -0.0004818732   0.0000282190
       -0.0002288881   0.0002184833   0.0000680434   0.0001665078   0.0005519349
       -0.0000780259   0.0006044904   0.0001206341  -0.0004424186   0.0012017246
       -0.0026981678   0.0015443279   0.0926312155   0.0833994310  -0.0813374139
       -0.0114302734  -0.0158955186   0.0182673995  -0.0012909633   0.0004993406
       -0.0031889478   0.0004616459   0.0000403629  -0.0000887006  -0.0001379687
       -0.0002208462  -0.0002414993   0.0000114965  -0.0000031322  -0.0001673844
        0.0000077552  -0.0000456361  -0.0000954432
       -0.0717292750  -0.1637535522   0.1196504913   0.0024629574  -0.0001666920
        0.0034545934  -0.0003925613   0.0004419320  -0.0001453414   0.0003654021
        0.0004680718   0.0001727193  -0.0000346193   0.0000715841   0.0004283618
        0.0002045677  -0.0001451624   0.0000674205  -0.0002682631  -0.0007197478
       -0.0001000573   0.0004289224  -0.0006362404  -0.0002181800  -0.0131552735
       -0.0234116361   0.0180918722   0.0833994310   0.1785108447  -0.1366213054
       -0.0009539022   0.0071889970  -0.0029753122   0.0001472069   0.0015033719
        0.0001154864  -0.0001334381   0.0009356290  -0.0013168470  -0.0001415695
       -0.0000884669  -0.0004130174  -0.0000718096  -0.0001016968  -0.0001920596
       -0.0001277757  -0.0000972358   0.0000011755
        0.0744719980   0.1235303132  -0.1730605237   0.0063861822   0.0141934835
       -0.0196138888  -0.0007732993   0.0005419901   0.0013187706   0.0004478336
       -0.0000063502  -0.0000633192  -0.0000424047   0.0000149659  -0.0000487937
        0.0003363241  -0.0001454613  -0.0000760921   0.0000668060  -0.0000707562
       -0.0001966956  -0.0009840552   0.0000851441  -0.0002633702  -0.0034673261
       -0.0057616435   0.0096428357  -0.0813374139  -0.1366213054   0.1901304008
        0.0079907262   0.0040811205  -0.0031880702  -0.0033263370   0.0000836325
       -0.0043296887   0.0003299421   0.0003788658   0.0000088018  -0.0002067513
       -0.0002116783  -0.0000886582   0.0000703200  -0.0000398325  -0.0001273235
        0.0000374555  -0.0000524883  -0.0000443851
       -0.2441581846   0.0649602233   0.0515887482  -0.0130955537   0.0030525077
       -0.0050393341  -0.0001529026   0.0007217295  -0.0016099145  -0.0024965784
       -0.0012337575   0.0002595637   0.0009041205  -0.0021384928  -0.0004554453
        0.0001596498   0.0009328695   0.0000333646   0.0001423640   0.0013797857
       -0.0000919567   0.0226608908  -0.0089207904  -0.0063473085   0.0023355213
        0.0055003436   0.0029072986  -0.0114302734  -0.0009539022   0.0079907262
        0.2443451229  -0.0630069690  -0.0480502548   0.0005304834   0.0000407650
       -0.0000779213   0.0002397769  -0.0000361894  -0.0004941840  -0.0001244392
       -0.0000236345  -0.0002144855   0.0001446009  -0.0000841638  -0.0002474365
       -0.0000045987  -0.0001903248  -0.0001514602
        0.0642028960  -0.0610103127  -0.0158447740   0.0015629733   0.0005395894
        0.0020944379  -0.0007532544   0.0008763390  -0.0000068873   0.0009721031
        0.0000964782  -0.0001167638  -0.0001350793   0.0002129602   0.0001747587
       -0.0000406255  -0.0006464652   0.0001280981  -0.0005899211  -0.0007155197
        0.0002038151  -0.0090029543  -0.0029449164   0.0019888051   0.0231180769
       -0.0094639536  -0.0077073427  -0.0158955186   0.0071889970   0.0040811205
       -0.0630069690   0.0658370391   0.0153343510   0.0004786417   0.0006838904
        0.0005262380  -0.0006508119   0.0006508583  -0.0005403289   0.0001892521
       -0.0002436884  -0.0003920278  -0.0000272810  -0.0005768981  -0.0002167794
       -0.0004215279  -0.0004843975   0.0002932797
        0.0470249487  -0.0146116887  -0.0509626830  -0.0142832454   0.0050034356
        0.0058091627  -0.0056050385   0.0002369294  -0.0029206164   0.0009635701
        0.0007909845  -0.0008606385  -0.0004420165   0.0007900997   0.0000969972
       -0.0000286969  -0.0004207956  -0.0004730117  -0.0002058214  -0.0007272892
       -0.0005141412  -0.0066120809   0.0020443071  -0.0043027082   0.0105412947
       -0.0056434379  -0.0004549936   0.0182673995  -0.0029753122  -0.0031880702
       -0.0480502548   0.0153343510   0.0588019054  -0.0007080138   0.0005457190
       -0.0001627463  -0.0008499362  -0.0004325745   0.0001790179   0.0000673369
       -0.0000178116  -0.0000833916  -0.0000378947   0.0000396756  -0.0003838187
       -0.0000415508   0.0000434078  -0.0005802639
        0.0048521467   0.0104410533  -0.0141410396  -0.0761842000  -0.0624685100
        0.0662782924  -0.0223109899  -0.0159397050   0.0188698581  -0.0021311774
        0.0018630717   0.0025031578  -0.0015316202   0.0007817182  -0.0008662560
       -0.0006354605  -0.0008840547   0.0000071937   0.0003650783  -0.0003511279
       -0.0001792396   0.0002205068  -0.0002467209   0.0000187259   0.0006585997
        0.0003774218  -0.0001412146  -0.0012909633   0.0001472069  -0.0033263370
        0.0005304834   0.0004786417  -0.0007080138   0.0961544141   0.0679767906
       -0.0698678837   0.0010916442  -0.0027921900   0.0012346940   0.0001521439
        0.0002816529   0.0001527962  -0.0001611607   0.0002822274   0.0000634138
        0.0002205549   0.0000525241   0.0001018524
        0.0004907101  -0.0009575375   0.0033263443  -0.0590120494  -0.1368426263
        0.0960637957   0.0021768000   0.0061925402  -0.0044659510   0.0003889245
       -0.0005297856  -0.0003104737   0.0003921143  -0.0001989251  -0.0003673503
        0.0005880627   0.0000987321  -0.0002358557   0.0002514641   0.0005646301
       -0.0001529900  -0.0003673985  -0.0001604734  -0.0002439329   0.0002244301
        0.0008748622  -0.0008322349   0.0004993406   0.0015033719   0.0000836325
        0.0000407650   0.0006838904   0.0005457190   0.0679767906   0.1530213231
       -0.1108062122  -0.0139754250  -0.0241687208   0.0168084674   0.0002445233
        0.0000334457   0.0003818543   0.0001335457  -0.0001212950   0.0002325532
       -0.0000525980   0.0000065680  -0.0000273656
        0.0046471435   0.0179297964  -0.0256938805   0.0630174931   0.0917646972
       -0.1411674278   0.0073491910   0.0049155789  -0.0035239420   0.0015541239
       -0.0001349137  -0.0007579107  -0.0001580066   0.0006292038  -0.0000462924
       -0.0003363427  -0.0002069739   0.0000198378  -0.0001337317  -0.0000440048
        0.0002540570   0.0001566662  -0.0002591425  -0.0000110353   0.0004801385
        0.0009269365  -0.0001759397  -0.0031889478   0.0001154864  -0.0043296887
       -0.0000779213   0.0005262380  -0.0001627463  -0.0698678837  -0.1108062122
        0.1679659040  -0.0034002833  -0.0052179963   0.0075853293   0.0000411017
       -0.0000088965  -0.0000268343   0.0000252806  -0.0000931499  -0.0000275956
       -0.0001080213  -0.0000366472   0.0000981653
       -0.0032921796  -0.0154025981  -0.0113417152  -0.0401338173  -0.0035319126
        0.0007213014  -0.0052745650   0.0249764197   0.0101616478   0.0008433325
        0.0014134872  -0.0004274533   0.0002547977   0.0002406310   0.0001914794
       -0.0005367398   0.0005569717   0.0001073709  -0.0031176421   0.0009999027
        0.0019377079   0.0004511587  -0.0000229183   0.0001031174  -0.0013295074
        0.0004217901  -0.0033556208   0.0004616459  -0.0001334381   0.0003299421
        0.0002397769  -0.0006508119  -0.0008499362   0.0010916442  -0.0139754250
       -0.0034002833   0.0510742764   0.0056968108   0.0055455267  -0.0005752841
       -0.0005147738   0.0003242971   0.0000817423  -0.0000134232   0.0001077361
       -0.0002386393  -0.0000607120  -0.0001551180
       -0.0018565159  -0.0004184161  -0.0026494365  -0.0076824946  -0.2343286833
       -0.0883531727   0.0066461812  -0.0119606704  -0.0046856176  -0.0008076161
        0.0008681633   0.0005138486  -0.0002026268   0.0002205305  -0.0000957838
       -0.0003911956  -0.0004157701  -0.0000544476   0.0013048912  -0.0006390802
       -0.0009760625   0.0000734354  -0.0002740434   0.0002396010   0.0000852374
        0.0014692805  -0.0000859991   0.0000403629   0.0009356290   0.0003788658
       -0.0000361894   0.0006508583  -0.0004325745  -0.0027921900  -0.0241687208
       -0.0052179963   0.0056968108   0.2675021421   0.1010089274  -0.0000444866
        0.0003087235   0.0001825248  -0.0001039240   0.0000892752   0.0002225761
        0.0000703201   0.0001607820   0.0000047468
       -0.0065368525  -0.0235109472  -0.0174022375   0.0007802521  -0.0840945100
       -0.0826403052   0.0021608150  -0.0091056850  -0.0016577716  -0.0003228487
        0.0005768022  -0.0001553058  -0.0002546428   0.0002075024   0.0004678705
       -0.0000524513  -0.0002397188   0.0000501168   0.0006683179  -0.0001716940
        0.0001555597   0.0002506476   0.0001706168  -0.0002304789  -0.0031450000
       -0.0001040776  -0.0041057525  -0.0000887006  -0.0013168470   0.0000088018
       -0.0004941840  -0.0005403289   0.0001790179   0.0012346940   0.0168084674
        0.0075853293   0.0055455267   0.1010089274   0.0980232465   0.0003572601
        0.0002553302  -0.0000555899  -0.0000810215   0.0000276160  -0.0000886761
       -0.0000218120   0.0000285460  -0.0001338252
        0.0000512738  -0.0000040813   0.0000384235   0.0005760091  -0.0007291917
       -0.0006944184  -0.0005776574  -0.0227039493  -0.0016742686  -0.0419264832
        0.0112197915   0.0032086101   0.0005629244   0.0218492273   0.0013810143
       -0.0035705417   0.0039165972   0.0016615410  -0.0024332553  -0.0037232362
        0.0016901385   0.0000230664  -0.0002163317  -0.0000300934   0.0000677447
        0.0000150761   0.0000651535  -0.0001379687  -0.0001415695  -0.0002067513
       -0.0001244392   0.0001892521   0.0000673369   0.0001521439   0.0002445233
        0.0000411017  -0.0005752841  -0.0000444866   0.0003572601   0.0473460829
       -0.0115092751  -0.0058295372   0.0003835303   0.0003641543  -0.0002291132
        0.0001828541   0.0012734997   0.0001536026
        0.0001846392   0.0001085450   0.0000750164   0.0008923823   0.0006304123
       -0.0001544665  -0.0014523168  -0.0203404578  -0.0013435266   0.0125500612
       -0.2992148659  -0.0219647546  -0.0002935109  -0.0115675393  -0.0008717687
        0.0007082596  -0.0020594421  -0.0005262805  -0.0003009157  -0.0023116581
       -0.0005803651   0.0001231273   0.0001405198   0.0000165252   0.0000791616
       -0.0000724041   0.0000631093  -0.0002208462  -0.0000884669  -0.0002116783
       -0.0000236345  -0.0002436884  -0.0000178116   0.0002816529   0.0000334457
       -0.0000088965  -0.0005147738   0.0003087235   0.0002553302  -0.0115092751
        0.3347477888   0.0250760162  -0.0003418406   0.0004036929   0.0001762253
       -0.0001621706  -0.0004746054   0.0000173259
       -0.0002464708   0.0002919647  -0.0002497926  -0.0007247991   0.0001817141
       -0.0014837360   0.0007016396   0.0033118124   0.0004994128   0.0033144471
       -0.0217213342  -0.0327781457  -0.0002773530  -0.0052145842  -0.0003046631
        0.0013826280  -0.0012838378   0.0028105167   0.0019295436  -0.0000349259
        0.0062698073   0.0001053385   0.0002126169  -0.0000184600  -0.0000930965
       -0.0002457400   0.0001546759  -0.0002414993  -0.0004130174  -0.0000886582
       -0.0002144855  -0.0003920278  -0.0000833916   0.0001527962   0.0003818543
       -0.0000268343   0.0003242971   0.0001825248  -0.0000555899  -0.0058295372
        0.0250760162   0.0260347110  -0.0002876574  -0.0000041203  -0.0008755390
        0.0000042086  -0.0003289158   0.0001956867
       -0.0001898569   0.0000034354  -0.0000230816  -0.0009277685  -0.0006597639
        0.0003391610  -0.0036682687   0.0009458418   0.0013508226  -0.0183403830
       -0.0103886505   0.0029233761  -0.2427394398  -0.1019553226   0.0365449365
       -0.0045719786  -0.0038391994   0.0005985352   0.0004915851   0.0004390986
        0.0014751859  -0.0001008005  -0.0000339585   0.0000542203   0.0000505830
        0.0000169972   0.0000717239   0.0000114965  -0.0000718096   0.0000703200
        0.0001446009  -0.0000272810  -0.0000378947  -0.0001611607   0.0001335457
        0.0000252806   0.0000817423  -0.0001039240  -0.0000810215   0.0003835303
       -0.0003418406  -0.0002876574   0.2690734043   0.1154979490  -0.0425697860
        0.0004627141   0.0003848824  -0.0004541208
        0.0002068087   0.0002270428   0.0000631160   0.0007082239   0.0004062943
       -0.0002972481   0.0033021417  -0.0015611125  -0.0009866684   0.0114950459
        0.0069962498  -0.0018135108  -0.1037900340  -0.0944022163   0.0169594781
       -0.0248224921  -0.0148402565   0.0040795979  -0.0029880748  -0.0042162192
       -0.0003531127   0.0001282176   0.0005540068  -0.0000184563   0.0000070300
       -0.0001217818   0.0000761782  -0.0000031322  -0.0001016968  -0.0000398325
       -0.0000841638  -0.0005768981   0.0000396756   0.0002822274  -0.0001212950
       -0.0000931499  -0.0000134232   0.0000892752   0.0000276160   0.0003641543
        0.0004036929  -0.0000041203   0.1154979490   0.1070039765  -0.0178622961
       -0.0002904784   0.0002609378   0.0002227333
        0.0004942034   0.0000696818   0.0001362342  -0.0001594041   0.0000060812
        0.0002944812   0.0017598971  -0.0005258415   0.0026594875   0.0047375878
        0.0028443299  -0.0010186225   0.0363605110   0.0164421767  -0.0376883892
       -0.0009358372  -0.0002275223  -0.0000622381   0.0012587943  -0.0009584737
        0.0069623328   0.0001812628   0.0000922944   0.0004274188  -0.0001494249
       -0.0001617428   0.0001202079  -0.0001673844  -0.0001920596  -0.0001273235
       -0.0002474365  -0.0002167794  -0.0003838187   0.0000634138   0.0002325532
       -0.0000275956   0.0001077361   0.0002225761  -0.0000886761  -0.0002291132
        0.0001762253  -0.0008755390  -0.0425697860  -0.0178622961   0.0314254260
       -0.0005050199   0.0000587967  -0.0017533856
        0.0001068889   0.0000988567   0.0001217028  -0.0002413030   0.0010809936
        0.0002848832  -0.0030907128  -0.0012033400   0.0008375119   0.0005612394
       -0.0013612627   0.0014330676   0.0030065526  -0.0014002766  -0.0010876199
       -0.1812170150   0.1373671769   0.0434434146  -0.0138654828   0.0122865333
        0.0031746477  -0.0000593027   0.0002329310   0.0000734775   0.0001206665
       -0.0001169257   0.0001058381   0.0000077552  -0.0001277757   0.0000374555
       -0.0000045987  -0.0004215279  -0.0000415508   0.0002205549  -0.0000525980
       -0.0001080213  -0.0002386393   0.0000703201  -0.0000218120   0.0001828541
       -0.0001621706   0.0000042086   0.0004627141  -0.0002904784  -0.0005050199
        0.1940478286  -0.1460004562  -0.0477521835
        0.0000974106   0.0003132541   0.0000120507  -0.0001644733   0.0004133705
       -0.0000385046  -0.0025670162  -0.0008681104   0.0003884073   0.0000253899
       -0.0053462205  -0.0010013750   0.0197240634  -0.0185448197  -0.0053939928
        0.1320505396  -0.1631644264  -0.0382502651  -0.0047088641   0.0040064015
        0.0013622185   0.0001575295   0.0006038082  -0.0000408384  -0.0000283565
       -0.0001105502   0.0000979704  -0.0000456361  -0.0000972358  -0.0000524883
       -0.0001903248  -0.0004843975   0.0000434078   0.0000525241   0.0000065680
       -0.0000366472  -0.0000607120   0.0001607820   0.0000285460   0.0012734997
       -0.0004746054  -0.0003289158   0.0003848824   0.0002609378   0.0000587967
       -0.1460004562   0.1833252439   0.0431516297
        0.0003274463  -0.0005774319   0.0002708699   0.0002607729   0.0005503357
        0.0009371743   0.0006275237  -0.0000966948   0.0012736926   0.0015815236
       -0.0009118987   0.0074240466   0.0004518901  -0.0009349061  -0.0024109113
        0.0429447242  -0.0395307987  -0.0364541695   0.0021369510  -0.0019976095
       -0.0028553850   0.0001123156  -0.0001919972   0.0005661860  -0.0000902766
        0.0000274760  -0.0000472640  -0.0000954432   0.0000011755  -0.0000443851
       -0.0001514602   0.0002932797  -0.0005802639   0.0001018524  -0.0000273656
        0.0000981653  -0.0001551180   0.0000047468  -0.0001338252   0.0001536026
        0.0000173259   0.0001956867  -0.0004541208   0.0002227333  -0.0017533856
       -0.0477521835   0.0431516297   0.0335137682
