           1           2  0.95412862749736593     
           2           3  0.99709054695549804     
           3           4   1.0140814900360262     
           4           5   1.3600415782335116     
           5           6  0.99174034396405020     
           5           7   1.3433350982789067     
           7           8   1.0103087569004396     
           7           9   1.3405445247755015     
           9          10   1.0189459980271829     
           9          11   1.3361129488851702     
          11          12   1.0161900202834440     
           4          13   1.3643654857586003     
          11          13   1.3452578161202364     
          13          14  0.97459288655927112     
           1          16  0.90606405206339291     
           1          17  0.91694708604244246     
           1          18  0.84318686846070579     
           2          19  0.96405999182271551     
           2          20  0.96933005021914842     
           3          21  0.95786589650709220     
           3          22  0.96513102649236504     
