           1           2  0.95888047119913122     
           2           3  0.99714884544272298     
           3           4  0.96574081351733565     
           1           6  0.91531107462669326     
           1           7  0.83771995724722748     
           1           8  0.91614665720421362     
           2           9  0.96248787260328061     
           2          10  0.96790254967329903     
           3          11  0.96422581606424074     
           3          12  0.95728993594281309     
