           1           2   1.0055505994046756     
           2           3  0.99008398982375556     
           3           4   1.0108542323351146     
           4           5   1.4183927675619459     
           5           6   1.4364898687270091     
           6           7   1.3781655450046395     
           7           8   1.0583478549788667     
           8           9  0.98640044381542258     
           5          10  0.10826448919894581     
           7          10   1.3466374935641447     
           4          11   1.3914520777316115     
           6          11  0.10250538302025540     
          10          11   1.4746827514717640     
           1          13  0.95855122230941503     
           1          14  0.94962728095181748     
           1          15  0.23171750211199593     
          12          15  0.65282501178350483     
           2          16  0.97265961216417240     
           2          17  0.97422029631226625     
           3          18  0.96918237127101536     
           3          19  0.96915950420039776     
           5          20  0.96655688527299466     
           6          21  0.96617611403066728     
           9          22  0.97979457462814967     
           9          23  0.97670027155129135     
           9          24  0.97664367878051417     
          10          25  0.96835774337051994     
          11          26  0.96892101847152667     
