   -0.12915684
   -0.01666025
   -0.08896007
   -0.00483934
   -0.04627862
   -0.04224585
   -0.05139504
   -0.03523525
    0.06619697
   -0.08073486
   -0.08588901
    0.06975658
   -0.03624246
   -0.02781795
   -0.03558527
   -0.03521609
   -0.04274104
   -0.93267476
    0.24837090
    0.31974816
    0.25941276
    0.09257361
    0.07785906
    0.10149527
    0.07174895
    0.02824232
    0.03002199
    0.10368478
    0.05443956
    0.04454662
    0.03910658
    0.03092163
    0.02306220
    0.03048476
