           1           2  0.94231104006702382     
           2           3  0.99495998525248497     
           3           4   1.0059853034575024     
           4           5   1.4055565680149757     
           5           6   1.4579326799136989     
           4           7   1.3993634545681817     
           6           7  0.10299557204211666     
           5           8  0.10455885299004898     
           7           8   1.4608362887910837     
           6           9   1.3489536817061900     
           8           9   1.3503097475089993     
           9          10   1.0986732169624516     
          10          11   1.7922721404967228     
          11          12   1.1006976637150572     
          12          13   1.3525636580310687     
          13          14   1.4595414304165193     
          14          15   1.4276341537892585     
          13          16  0.10567989744118596     
          15          16   1.4310375673215341     
          12          17   1.3500543801303315     
          14          17  0.10485292716732512     
          16          17   1.4555588815660176     
           1          19  0.92329374104444140     
           1          20  0.84876474489499310     
           1          21  0.91212087004695230     
           2          22  0.96915488531691818     
           2          23  0.97156872219593260     
           3          24  0.96199487390182181     
           3          25  0.96126214474629024     
           5          26  0.96771717501401588     
           6          27  0.96937415971909457     
           7          28  0.94563322330834398     
           8          29  0.96798872521273260     
          13          30  0.96949087534337330     
          14          31  0.96913203309669038     
          15          32  0.97154588779032236     
          16          33  0.96995814858078333     
          17          34  0.96933447939696826     
