$hessian                                                                        
        0.5721639931  -0.0171913548   0.0000710381  -0.0738049585  -0.0124322585
       -0.0036497520  -0.0025296802  -0.0127438332  -0.0093384689  -0.0008717458
       -0.0003231924  -0.0019805764  -0.0004832003  -0.0009619967  -0.0012314318
        0.0001684236  -0.0002570990  -0.0001391582  -0.0000391826  -0.0001813078
        0.0001557922   0.0001942674   0.0000656573   0.0000321497  -0.0000374720
       -0.0001745263   0.0001009562  -0.0000737560  -0.0000986277   0.0000800567
       -0.0000737109   0.0000937127   0.0001164557   0.0000813380  -0.0000268127
        0.0001392997   0.0005497657   0.0003467322  -0.0001033914   0.0001390343
       -0.0040134561   0.0049653175  -0.1251378153   0.0127058550  -0.1256319789
       -0.1019417472  -0.0747262564   0.0789014825  -0.2669561772   0.1057099442
        0.0569960029   0.0034651110   0.0244475609   0.0102065764  -0.0030509479
       -0.0201377715  -0.0074394415  -0.0000191689   0.0002400771   0.0004784271
       -0.0010293538   0.0000092900  -0.0031946277  -0.0005866894  -0.0003509128
        0.0001699960  -0.0000635720   0.0000391602  -0.0000210739  -0.0000042554
       -0.0000151867   0.0000350054  -0.0000543157   0.0000020048   0.0001020566
       -0.0000041840  -0.0000254019   0.0001792878
       -0.0171913548   0.4907486148  -0.0372517805  -0.0122435457  -0.1606466035
       -0.0310642198  -0.0052701300  -0.0019523843  -0.0084478499   0.0013437644
       -0.0011898915   0.0008677963  -0.0000808198   0.0004650761   0.0007903344
       -0.0003145977   0.0003998212  -0.0001717568   0.0000609650  -0.0002118101
        0.0000215810  -0.0000293905   0.0001009063   0.0000240843  -0.0000763856
       -0.0000995274  -0.0001233520  -0.0000706141   0.0000722239  -0.0001630860
        0.0000036740   0.0000981003   0.0000655945   0.0001439301   0.0000864710
        0.0002188999   0.0007826396   0.0003067835   0.0000958500  -0.0022167778
       -0.0050228711   0.0081122630   0.0114100382  -0.0479541688   0.0168699522
       -0.0757039081  -0.1328738220   0.0981176251   0.1071939033  -0.0948563965
       -0.0288654738  -0.0007654070  -0.0210104873  -0.0099555927  -0.0063270635
       -0.0279831426  -0.0088501784   0.0002285115   0.0003769480   0.0008266956
       -0.0004252970   0.0012968008  -0.0004786898  -0.0004364189  -0.0003684346
       -0.0002727661  -0.0000632450   0.0000371269  -0.0002171850   0.0000170955
       -0.0000223532  -0.0002024654   0.0000059754   0.0000664574  -0.0001287957
        0.0000244585   0.0001365626   0.0001825155
        0.0000710381  -0.0372517805   0.5532355704  -0.0047793041  -0.0396580034
       -0.0820674633  -0.0091980850  -0.0269196844  -0.0182862273   0.0009030434
       -0.0007055779   0.0003514590  -0.0002528983  -0.0000164444  -0.0004228742
        0.0000554931  -0.0001859753  -0.0001659147  -0.0001535382   0.0000176361
       -0.0000050860   0.0002247156   0.0000538741   0.0000077220   0.0000237513
       -0.0001116494  -0.0000368199   0.0000240894  -0.0000344492   0.0000667082
       -0.0000258333   0.0000893812   0.0000634974  -0.0000411146  -0.0000132804
        0.0000712124  -0.0002625876  -0.0000590260   0.0001359745   0.0023827283
        0.0062640516  -0.0059855200  -0.1214981031   0.0177320459  -0.2391108624
        0.0821221136   0.1014354368  -0.1471536168   0.0515994986  -0.0254051725
       -0.0590543401   0.0001986282  -0.0075803313  -0.0033119154   0.0018085592
        0.0127380051   0.0066949163  -0.0001875087  -0.0006283555   0.0014139308
       -0.0029098276   0.0003176308  -0.0059838361  -0.0000609461  -0.0000659257
       -0.0002482524  -0.0000288110  -0.0000327495  -0.0001229269   0.0000085213
       -0.0000137483  -0.0001135160  -0.0000160864   0.0000145792  -0.0000428925
       -0.0000075365   0.0000195130   0.0000710729
       -0.0738049585  -0.0122435457  -0.0047793041   0.5157638785  -0.0211532232
       -0.0353456707  -0.0782592769   0.0043370136  -0.0431577422  -0.0217404591
        0.0124591205  -0.0227364090  -0.0000765411  -0.0026640250  -0.0008950949
       -0.0014788839   0.0002050656   0.0013463260  -0.0000627520   0.0012398484
        0.0000667218  -0.0000626238   0.0001925121   0.0003157764   0.0000428924
       -0.0001811252   0.0000736452  -0.0001456205  -0.0002222146   0.0000060064
       -0.0001042130   0.0000721939   0.0000287953   0.0000429550  -0.0000661094
        0.0000432380  -0.0001758990   0.0003186870  -0.0008336954  -0.0002395756
       -0.0001118824  -0.0001432000  -0.0019067053  -0.0122832903  -0.0057844928
       -0.0012748170  -0.0114917821  -0.0048839001   0.0052074821   0.0214663814
        0.0102684685  -0.2190985970   0.0906925385   0.0157804864  -0.1267314200
       -0.0678664703   0.0835075047   0.0068373745  -0.0013704470   0.0139187988
       -0.0025965249  -0.0009988538  -0.0069441010  -0.0000312680  -0.0000085158
       -0.0001123265  -0.0000855273  -0.0000274719   0.0001219042  -0.0000316985
       -0.0000951715   0.0000267396  -0.0000290779  -0.0000977523   0.0000386717
        0.0000418566  -0.0001014803   0.0000728538
       -0.0124322585  -0.1606466035  -0.0396580034  -0.0211532232   0.4629542143
       -0.0420781842   0.0064169660  -0.0605915900   0.0198125641   0.0104288773
       -0.0037975081   0.0138953908   0.0011103590   0.0000470246  -0.0008146645
        0.0005030618  -0.0008491837  -0.0012387439  -0.0000490289  -0.0005811654
        0.0000509063   0.0001230882  -0.0001421396  -0.0000019775  -0.0000546687
        0.0000329783  -0.0001323062   0.0000312263   0.0000793169  -0.0000711089
        0.0000929040  -0.0001330629   0.0000265957  -0.0001275727   0.0000315440
        0.0001260550  -0.0011338680   0.0000516383   0.0007086502   0.0003580094
        0.0008341164  -0.0019019294  -0.0013550198   0.0012568136  -0.0022659502
       -0.0062336280  -0.0187848368  -0.0018107857   0.0034231427  -0.0156863359
       -0.0061178111   0.0964512946  -0.0943892724  -0.0055336153  -0.0718766289
       -0.1067494037   0.0755270674   0.0047917701  -0.0016411033   0.0140291674
       -0.0098519286  -0.0010306144  -0.0228785873   0.0003831574  -0.0000963118
        0.0004164020   0.0001072970  -0.0001381508  -0.0000701703  -0.0000110739
       -0.0000392581  -0.0000515463   0.0000264566  -0.0000214711  -0.0000358213
        0.0000312887   0.0000303649   0.0000684067
       -0.0036497520  -0.0310642198  -0.0820674633  -0.0353456707  -0.0420781842
        0.4489599366  -0.0338093356   0.0151736269  -0.1613241804  -0.0148295635
        0.0090160797  -0.0001583516   0.0006380448  -0.0026065421  -0.0005079081
       -0.0007371961  -0.0002963537   0.0003114007   0.0004230563   0.0003821640
       -0.0002088756  -0.0002326255   0.0000028779   0.0000684340   0.0000665143
       -0.0000312797  -0.0002088999  -0.0000344892  -0.0000376382  -0.0001042924
        0.0000393053   0.0000063696   0.0000266259  -0.0000493660   0.0000941566
        0.0001673766   0.0007994395  -0.0000334904  -0.0001251190  -0.0000257176
        0.0001473951  -0.0014648184  -0.0035761143  -0.0199978984  -0.0105907411
       -0.0001391110   0.0100434167   0.0104830897   0.0017208722  -0.0069617126
       -0.0019839042   0.0194936499  -0.0064363685  -0.0428253565   0.0802260091
        0.0723653178  -0.1208877188  -0.0069018810   0.0038178959  -0.0253758487
       -0.0042876942  -0.0015119307  -0.0118458605   0.0001160588   0.0001212942
       -0.0001772294   0.0000779261  -0.0001266498  -0.0000552673  -0.0000110087
       -0.0000556907  -0.0001513734   0.0000231198  -0.0000034288  -0.0000966028
        0.0000055293   0.0000707932   0.0001429480
       -0.0025296802  -0.0052701300  -0.0091980850  -0.0782592769   0.0064169660
       -0.0338093356   0.4762110533   0.0148741959  -0.0306941177  -0.1736396092
        0.0769717011   0.0037771236  -0.0060041328   0.0100754561   0.0004590144
        0.0031404500   0.0005749586   0.0010264015  -0.0034875500  -0.0023094692
        0.0011447486  -0.0001789755   0.0007687080  -0.0002070431  -0.0005400388
        0.0001640542   0.0000064197  -0.0000782079   0.0003507599  -0.0001251941
        0.0001453221  -0.0002001735  -0.0000811030   0.0001023133  -0.0000531481
       -0.0001064244  -0.0214327616   0.0076283644   0.0021098651  -0.0002785109
       -0.0004327187   0.0002152490   0.0000523465  -0.0010992431  -0.0005456983
        0.0003244260   0.0003640807  -0.0001537862  -0.0001768286  -0.0001302558
        0.0004892901  -0.0129691242   0.0045109393  -0.0234754970   0.0072623883
       -0.0021007367   0.0133710725  -0.1368440148  -0.0639773514   0.0927388942
       -0.0512122526  -0.0463852938  -0.0160490718   0.0005856494  -0.0007397837
       -0.0006288903  -0.0001084274   0.0000184788  -0.0000636721  -0.0000156280
       -0.0000383491  -0.0000344741  -0.0000256992   0.0000063029  -0.0000704610
       -0.0000432305   0.0000116874  -0.0000952251
       -0.0127438332  -0.0019523843  -0.0269196844   0.0043370136  -0.0605915900
        0.0151736269   0.0148741959   0.5136439855   0.0038388572   0.0742754900
       -0.1118287825  -0.0005570800   0.0256310766  -0.0201031699  -0.0007024937
        0.0005517806  -0.0047823582   0.0029420584  -0.0012024682  -0.0017576254
        0.0007318449  -0.0004438640   0.0004871570  -0.0001231894   0.0000324669
       -0.0002446915   0.0001838560  -0.0000981623   0.0000481329   0.0000654049
        0.0000037053   0.0000436167  -0.0000479865   0.0002084094   0.0000516925
       -0.0002190109  -0.0057009436   0.0056578853  -0.0010021120  -0.0002624249
       -0.0002235464   0.0002176069  -0.0007012417  -0.0050027110  -0.0033517901
        0.0002587165   0.0010545799  -0.0001315083  -0.0006565584   0.0004300436
       -0.0000590264   0.0059891660  -0.0010077077   0.0110241304   0.0052461323
       -0.0013316361   0.0137703467  -0.0656266384  -0.0871276247   0.0607556029
       -0.0458097338  -0.2258390126  -0.0754218918   0.0005072713   0.0006443031
       -0.0003127098   0.0013808245  -0.0003192959   0.0000443421  -0.0000350482
        0.0000848593   0.0001272909  -0.0000275913   0.0000017178   0.0000779729
        0.0000122589  -0.0000358374  -0.0001044576
       -0.0093384689  -0.0084478499  -0.0182862273  -0.0431577422   0.0198125641
       -0.1613241804  -0.0306941177   0.0038388572   0.4604737952   0.0119753192
       -0.0065088051  -0.0503815476  -0.0040422260   0.0040256902  -0.0017555850
        0.0017264615   0.0021739232   0.0060651809   0.0009123167   0.0002500366
        0.0007996789   0.0005270021  -0.0001709101   0.0010705572   0.0000454040
        0.0001637282   0.0000659928   0.0000626585  -0.0000695081  -0.0003978409
        0.0000368434  -0.0000818451   0.0000205225  -0.0001313826  -0.0000347525
        0.0000313835   0.0046350572  -0.0029497640  -0.0026052424  -0.0001827080
       -0.0000674276   0.0000479028  -0.0000655753  -0.0024944068  -0.0007007400
        0.0006410942   0.0000488999   0.0009395850  -0.0003025140   0.0001044305
        0.0002675488  -0.0031711881   0.0014309133  -0.0019495054  -0.0064935006
        0.0044625221  -0.0243110471   0.0947787457   0.0616934913  -0.1332820793
       -0.0173273908  -0.0772074388  -0.0737318315  -0.0003296616  -0.0001110382
       -0.0013891836  -0.0001417952   0.0001141304   0.0002878880  -0.0000002371
        0.0000111451  -0.0000349042   0.0000126382  -0.0000180135  -0.0000517416
        0.0000249671   0.0000314276   0.0001316209
       -0.0008717458   0.0013437644   0.0009030434  -0.0217404591   0.0104288773
       -0.0148295635  -0.1736396092   0.0742754900   0.0119753192   0.4673011740
       -0.1163179429  -0.0303591997  -0.0712004843   0.0383982979  -0.0014010664
       -0.0055568424   0.0232047087  -0.0038833890  -0.0202517378   0.0075765005
        0.0027018533  -0.0025629253   0.0030616270   0.0000053950   0.0009902305
       -0.0013707311   0.0000763749  -0.0012285404  -0.0013325880   0.0005371808
       -0.0013671567   0.0020355648  -0.0001480015   0.0007763570   0.0000983406
       -0.0001094688  -0.1448631041  -0.0353936401   0.0248960491   0.0004182436
        0.0006731400   0.0000539219   0.0002593184   0.0002842190   0.0003128577
       -0.0005350160  -0.0004227877  -0.0005655873   0.0013778069   0.0000831843
       -0.0001394235  -0.0012549294   0.0006866070  -0.0025739908   0.0012022863
       -0.0002799746   0.0010286436  -0.0246286338   0.0097273506   0.0052565579
        0.0014490324   0.0033530949   0.0007500958   0.0002792535  -0.0206021186
        0.0042947542  -0.0044148611   0.0007582900   0.0011616320   0.0000360046
       -0.0002230371   0.0000236392  -0.0000379954  -0.0000269884   0.0000302165
        0.0000643336  -0.0000192486   0.0000021558
       -0.0003231924  -0.0011898915  -0.0007055779   0.0124591205  -0.0037975081
        0.0090160797   0.0769717011  -0.1118287825  -0.0065088051  -0.1163179429
        0.6415493840  -0.0868927411  -0.0128756666  -0.3912720533   0.0724991536
        0.0716987367  -0.0325065724  -0.0053231922  -0.0064209951  -0.0171543186
        0.0044463725   0.0047728718  -0.0049502775   0.0004303307   0.0004024795
        0.0009171927  -0.0001873379   0.0000109752  -0.0005921906   0.0001377441
       -0.0011788771   0.0011774429  -0.0000085690  -0.0002158166  -0.0014822249
        0.0002867150  -0.0510782780  -0.0455235666   0.0121119908   0.0020398068
       -0.0000630247   0.0000152881  -0.0002815939   0.0000964004  -0.0002829716
       -0.0004499654   0.0007062856  -0.0006573744  -0.0012291105   0.0010287582
       -0.0014366578   0.0006632242   0.0004683581   0.0008893861   0.0000086199
       -0.0002642334   0.0000749451  -0.0054428653   0.0064421971   0.0004937980
        0.0265284440  -0.0219989330  -0.0024425773  -0.0031590834  -0.0188090724
        0.0037395798   0.0033610201  -0.0011710282   0.0003792495  -0.0000917043
        0.0002208083  -0.0000359771   0.0000907520   0.0000190789  -0.0000146830
        0.0000573397  -0.0000222284  -0.0000241688
       -0.0019805764   0.0008677963   0.0003514590  -0.0227364090   0.0138953908
       -0.0001583516   0.0037771236  -0.0005570800  -0.0503815476  -0.0303591997
       -0.0868927411   0.1239696531   0.0085429903   0.0611207170  -0.0500456128
       -0.0126560769   0.0030327653   0.0040079649   0.0045315548   0.0029224469
        0.0003979836  -0.0003106110   0.0006726069   0.0008559464  -0.0002085215
        0.0000756166   0.0001372875   0.0001531802   0.0002347384  -0.0001261246
        0.0004342661  -0.0004758774   0.0000077949  -0.0000935654   0.0002214993
       -0.0001563836   0.0304140803   0.0097576179  -0.0289906727  -0.0004377442
       -0.0000883468   0.0003649615  -0.0002040582   0.0003229116   0.0004590067
        0.0002963111   0.0001412169  -0.0002954541   0.0013532341  -0.0002924646
        0.0009183869  -0.0031292731   0.0004649577  -0.0046912163  -0.0003643303
       -0.0001789096   0.0005450360   0.0140724420  -0.0079596568  -0.0005564486
        0.0078599696  -0.0051579307   0.0010679458   0.0005178456   0.0070696027
       -0.0008922338   0.0005355384   0.0007792888   0.0030178102   0.0000265082
        0.0000361980   0.0001323735  -0.0000131933   0.0000160610   0.0000850951
       -0.0000214850  -0.0000284249  -0.0000246593
       -0.0004832003  -0.0000808198  -0.0002528983  -0.0000765411   0.0011103590
        0.0006380448  -0.0060041328   0.0256310766  -0.0040422260  -0.0712004843
       -0.0128756666   0.0085429903   0.6166678970   0.0599930900  -0.0915549738
       -0.2373273954   0.0904308202   0.0131921744  -0.0651104157  -0.0389076118
        0.0187804586   0.0049345328  -0.0056170600   0.0012319137  -0.0012443686
        0.0016814890  -0.0000925097   0.0007953402   0.0005774032  -0.0001795843
       -0.0008438618   0.0001347452   0.0001514675  -0.0008900389  -0.0006835100
        0.0004046877  -0.0197646056  -0.0079183154   0.0050645816  -0.0026206451
       -0.0012902126   0.0002409395  -0.0000523256   0.0001332687   0.0001175496
       -0.0000406216   0.0003462908  -0.0000910114   0.0003168277  -0.0002125212
        0.0001054058  -0.0001053045  -0.0003358130  -0.0002438631  -0.0001894914
       -0.0001727626   0.0000874889   0.0007454970   0.0010179214  -0.0010682737
       -0.0026673182   0.0022545982   0.0000329991  -0.2107722555  -0.1176918103
        0.0486750982  -0.0038559414   0.0017415424   0.0003520699  -0.0000732097
        0.0003061385  -0.0000528917   0.0000001405   0.0001756164  -0.0000139031
       -0.0001380775   0.0002517438  -0.0000257346
       -0.0009619967   0.0004650761  -0.0000164444  -0.0026640250   0.0000470246
       -0.0026065421   0.0100754561  -0.0201031699   0.0040256902   0.0383982979
       -0.3912720533   0.0611207170   0.0599930900   0.6735068621  -0.1159446696
        0.0330749085  -0.1072959093   0.0053933343   0.0119572302   0.0282364007
       -0.0068494362  -0.0087543200  -0.0003378380   0.0027068356   0.0014496676
       -0.0024810888   0.0001605737  -0.0005268140   0.0006730007   0.0001439072
        0.0013357969  -0.0009253653  -0.0000577157  -0.0002069754   0.0013886830
       -0.0001709748  -0.0498990396  -0.0517369557   0.0194926412  -0.0014702623
       -0.0005230610   0.0001121917  -0.0000377284  -0.0000407363   0.0000233670
        0.0001503904   0.0001804996   0.0001238596   0.0017054022   0.0000010437
        0.0012938258  -0.0004833236   0.0000692537  -0.0001442881   0.0000047519
       -0.0001673672   0.0000800617  -0.0016070316   0.0005961217   0.0002252131
        0.0012779536  -0.0010473699  -0.0001436021  -0.1159953947  -0.1208320494
        0.0336551656   0.0232699077  -0.0089204931  -0.0023975393  -0.0000913676
        0.0001353035  -0.0000776196   0.0000914145   0.0001416952  -0.0000508697
       -0.0000859885   0.0002424926  -0.0000976822
       -0.0012314318   0.0007903344  -0.0004228742  -0.0008950949  -0.0008146645
       -0.0005079081   0.0004590144  -0.0007024937  -0.0017555850  -0.0014010664
        0.0724991536  -0.0500456128  -0.0915549738  -0.1159446696   0.1427315653
        0.0246807375  -0.0038287393  -0.0532125017   0.0086786371   0.0012260036
        0.0011527609   0.0020218763   0.0020664509   0.0050998686  -0.0001327459
        0.0001572123  -0.0001178042   0.0000820021  -0.0000573277   0.0004488378
       -0.0001530273   0.0000633480  -0.0001224779   0.0002616166  -0.0000903454
        0.0003405414   0.0123877934   0.0119824193   0.0005100160  -0.0002877002
        0.0001312841   0.0012250607   0.0000500066  -0.0000488342   0.0000555593
        0.0006825223   0.0000613582   0.0000914140   0.0005838224  -0.0008760911
        0.0007388541  -0.0000498282  -0.0000468827  -0.0000983798   0.0000350695
       -0.0000188671  -0.0001673272  -0.0002025792  -0.0003602741   0.0001443049
        0.0013730942  -0.0014196033   0.0000101518   0.0485356163   0.0340484878
       -0.0462635978  -0.0038930371   0.0014299490   0.0002341631   0.0000226923
       -0.0000341619   0.0001266574  -0.0000257088  -0.0000334519   0.0001601920
       -0.0000273074  -0.0001795947  -0.0003558787
        0.0001684236  -0.0003145977   0.0000554931  -0.0014788839   0.0005030618
       -0.0007371961   0.0031404500   0.0005517806   0.0017264615  -0.0055568424
        0.0716987367  -0.0126560769  -0.2373273954   0.0330749085   0.0246807375
        0.5612477552   0.0015295185  -0.0760105712  -0.1986347802  -0.1236890785
        0.0501506804  -0.0472976493  -0.0106441149   0.0099349437   0.0045722896
       -0.0069075338   0.0005561921  -0.0020669145  -0.0015216968   0.0006620100
        0.0007557986  -0.0002480161  -0.0000588566  -0.0013282590   0.0040704566
       -0.0004809013  -0.0048228204  -0.0314918047   0.0080582913   0.0001487105
        0.0001044112   0.0000123700   0.0000732214  -0.0000674822   0.0001174741
       -0.0000116347   0.0001606578   0.0000678043  -0.0003290922   0.0003349111
       -0.0003109220  -0.0001358771  -0.0000097522  -0.0002525034  -0.0001112895
       -0.0000906972   0.0001318158   0.0000016456   0.0000607319  -0.0000831311
       -0.0010308908   0.0006167566  -0.0003931637  -0.0170705019   0.0076049507
        0.0012791100  -0.0520760268   0.0547400987  -0.0066367271  -0.0007521095
       -0.0002018176   0.0001876344   0.0000433904  -0.0000167160  -0.0000024745
       -0.0001207172   0.0001523271   0.0000015055
       -0.0002570990   0.0003998212  -0.0001859753   0.0002050656  -0.0008491837
       -0.0002963537   0.0005749586  -0.0047823582   0.0021739232   0.0232047087
       -0.0325065724   0.0030327653   0.0904308202  -0.1072959093  -0.0038287393
        0.0015295185   0.7008582459  -0.1143000557  -0.1585033419  -0.2214062637
        0.0611524134  -0.0143438016   0.0080853871   0.0007479282   0.0042548919
       -0.0033395469   0.0000008326  -0.0015367202  -0.0012585665   0.0004985150
        0.0008955555   0.0005530950  -0.0002827757   0.0025331275   0.0014542536
       -0.0006138226   0.0086272929  -0.0597688541   0.0110086469  -0.0009711887
       -0.0001381905  -0.0000336450  -0.0000244909   0.0000775917   0.0000280020
        0.0003149961   0.0001340735   0.0001979155   0.0003685748  -0.0002485166
        0.0004829869   0.0001116001   0.0001827453   0.0001076870  -0.0000422779
        0.0000373174  -0.0003379403  -0.0002123477   0.0001840313   0.0000682205
        0.0004947317  -0.0002836921   0.0000857830  -0.0119298577   0.0065404833
        0.0006088324   0.0528622865  -0.2859588222   0.0397882133   0.0012087188
       -0.0002751598  -0.0000892360   0.0000667756  -0.0001898385   0.0000113837
        0.0001375029  -0.0002055710  -0.0000255055
       -0.0001391582  -0.0001717568  -0.0001659147   0.0013463260  -0.0012387439
        0.0003114007   0.0010264015   0.0029420584   0.0060651809  -0.0038833890
       -0.0053231922   0.0040079649   0.0131921744   0.0053933343  -0.0532125017
       -0.0760105712  -0.1143000557   0.1398077194   0.0573118626   0.0562213207
       -0.0592300621   0.0103204280   0.0001269918  -0.0027120598  -0.0015875342
        0.0018181422   0.0000751259   0.0005689085   0.0004001374  -0.0004266941
       -0.0003287372  -0.0000161244   0.0000479589  -0.0000192992  -0.0007836477
        0.0009973409   0.0002097328   0.0171536029   0.0002414725   0.0000689380
       -0.0000498872   0.0001681810  -0.0000873651  -0.0000246402   0.0000108281
       -0.0000061385   0.0000908975   0.0001649978  -0.0000449278  -0.0001525177
        0.0000471711   0.0002111160  -0.0000221041   0.0004033112   0.0000155891
       -0.0000129379   0.0000384883  -0.0000037290  -0.0001493384   0.0001773616
       -0.0007487643   0.0009225606  -0.0000304188   0.0049118774  -0.0023888846
       -0.0005676050  -0.0062303063   0.0394452786  -0.0362457503  -0.0000830240
        0.0001154407   0.0001089430  -0.0000277618   0.0000181158  -0.0000447838
        0.0000173514  -0.0000140503  -0.0000376559
       -0.0000391826   0.0000609650  -0.0001535382  -0.0000627520  -0.0000490289
        0.0004230563  -0.0034875500  -0.0012024682   0.0009123167  -0.0202517378
       -0.0064209951   0.0045315548  -0.0651104157   0.0119572302   0.0086786371
       -0.1986347802  -0.1585033419   0.0573118626   0.6124995438   0.0699574351
       -0.1007983928  -0.2151365190   0.0200572311   0.0258320155  -0.0344992370
        0.0292191793  -0.0000237952   0.0079843174   0.0060001914  -0.0016573383
       -0.0046633227  -0.0046607190   0.0020086464  -0.0217625047  -0.0099308487
        0.0053037408  -0.0552302045   0.0378489152  -0.0019570883  -0.0003769452
       -0.0003493263  -0.0000140755  -0.0000215430   0.0000204875   0.0000374501
        0.0002823230   0.0002296288   0.0000588619  -0.0003349338   0.0000308923
        0.0003152148   0.0000958573  -0.0000312138  -0.0001274062  -0.0000683279
       -0.0000096409  -0.0001242527  -0.0004797747   0.0006194648  -0.0002224337
       -0.0001670498  -0.0004360651   0.0000551423  -0.0040591246   0.0034083244
        0.0006640227   0.0034297863   0.0024245635  -0.0010611036   0.0004779098
       -0.0008225624  -0.0002142163  -0.0001756527  -0.0000216148   0.0001041632
       -0.0002081797   0.0006033165   0.0001169557
       -0.0001813078  -0.0002118101   0.0000176361   0.0012398484  -0.0005811654
        0.0003821640  -0.0023094692  -0.0017576254   0.0002500366   0.0075765005
       -0.0171543186   0.0029224469  -0.0389076118   0.0282364007   0.0012260036
       -0.1236890785  -0.2214062637   0.0562213207   0.0699574351   0.4413064020
       -0.0788683287   0.0359999943  -0.0624215817  -0.0016122526   0.0258436003
       -0.0062969166  -0.0033699145   0.0027945975  -0.0045865854   0.0016224022
       -0.0031812544  -0.0017574549   0.0012397087  -0.0178574945   0.0005533307
        0.0024586538   0.0581135878  -0.1320617293   0.0096984215   0.0000808829
       -0.0001539829  -0.0000930981   0.0000350505   0.0000986659  -0.0000552460
       -0.0000005450   0.0000134372   0.0000075230   0.0002250823   0.0001981479
       -0.0001912626   0.0001733091   0.0000450992   0.0003155538   0.0001521493
       -0.0000073756   0.0000481191  -0.0003240729  -0.0002660365   0.0001738343
        0.0007890192  -0.0003630463   0.0001692070   0.0007139541  -0.0005838959
        0.0007358393  -0.0175797485  -0.0213621453   0.0068513096  -0.0001399506
       -0.0000466616  -0.0002524247   0.0009868064   0.0000429561  -0.0000862152
       -0.0005112845   0.0005241556   0.0001885624
        0.0001557922   0.0000215810  -0.0000050860   0.0000667218   0.0000509063
       -0.0002088756   0.0011447486   0.0007318449   0.0007996789   0.0027018533
        0.0044463725   0.0003979836   0.0187804586  -0.0068494362   0.0011527609
        0.0501506804   0.0611524134  -0.0592300621  -0.1007983928  -0.0788683287
        0.1244508250   0.0233990949   0.0008651454  -0.0435819871   0.0003442638
       -0.0038403322  -0.0004988993  -0.0009325070   0.0010642480   0.0054344625
        0.0016614549   0.0014446790   0.0008555041   0.0068119836   0.0009804228
       -0.0038560216  -0.0068827033   0.0149121886  -0.0271084790   0.0000999374
        0.0000698039  -0.0001077388   0.0000073961  -0.0000041250  -0.0000295550
       -0.0001075765  -0.0000579640  -0.0000655895  -0.0000412668  -0.0000010238
       -0.0001167321   0.0000059075  -0.0000179120  -0.0000037311   0.0000120724
        0.0000102926   0.0000198036   0.0000589162  -0.0000076001   0.0000146985
       -0.0002522269   0.0001404790  -0.0000437660   0.0009658153   0.0001692177
        0.0029654267   0.0027065511   0.0035954522  -0.0015084085  -0.0002938965
       -0.0001385718  -0.0013136557  -0.0000976150   0.0000916788   0.0004497371
        0.0003325369   0.0000385679   0.0011377065
        0.0001942674  -0.0000293905   0.0002247156  -0.0000626238   0.0001230882
       -0.0002326255  -0.0001789755  -0.0004438640   0.0005270021  -0.0025629253
        0.0047728718  -0.0003106110   0.0049345328  -0.0087543200   0.0020218763
       -0.0472976493  -0.0143438016   0.0103204280  -0.2151365190   0.0359999943
        0.0233990949   0.5532935796  -0.1309766810  -0.0522516927  -0.1231849579
        0.1331792884  -0.0129174898  -0.0476258398   0.0133033999   0.0058918696
       -0.0229851013   0.0081595462   0.0026512917  -0.0865086493  -0.0464945242
        0.0198046771  -0.0112960444   0.0143983000  -0.0014858193   0.0000678819
        0.0000139261   0.0000021565  -0.0000384636   0.0000086413  -0.0000962119
       -0.0000846816  -0.0000710954  -0.0000724889  -0.0001534104   0.0000327683
       -0.0001339484  -0.0000499356   0.0000306098   0.0000164116   0.0000639067
        0.0000620391   0.0000017024  -0.0002233577  -0.0000473187   0.0000338362
        0.0001298790   0.0000957379  -0.0000325396  -0.0005820758   0.0001355754
        0.0001153771   0.0006377817   0.0004173368  -0.0004113419   0.0055453941
       -0.0108362267   0.0012114888  -0.0054338616  -0.0014151836   0.0017949529
       -0.0014621513   0.0026792824  -0.0000721116
        0.0000656573   0.0001009063   0.0000538741   0.0001925121  -0.0001421396
        0.0000028779   0.0007687080   0.0004871570  -0.0001709101   0.0030616270
       -0.0049502775   0.0006726069  -0.0056170600  -0.0003378380   0.0020664509
       -0.0106441149   0.0080853871   0.0001269918   0.0200572311  -0.0624215817
        0.0008651454  -0.1309766810   0.5119117736  -0.0627268529   0.1001540899
       -0.3116903600   0.0387242777   0.0634600505   0.0092943998  -0.0125609578
       -0.0054925962  -0.0184760189   0.0051219274  -0.0685525260  -0.0942969244
        0.0255571601   0.0223924076  -0.0110132583  -0.0018016210   0.0000010813
        0.0000932253  -0.0000119730  -0.0000329255   0.0000357520  -0.0000432223
        0.0000381071  -0.0000655787  -0.0000045387  -0.0001089811  -0.0000444684
       -0.0000455612   0.0000455806   0.0000485454   0.0000389062  -0.0000376818
        0.0000628017  -0.0001190377   0.0001655905  -0.0000074348   0.0000293129
       -0.0000192604   0.0001005679   0.0000620547  -0.0007026368   0.0002980996
        0.0001262319  -0.0002462273  -0.0002822723  -0.0001950872   0.0094039977
       -0.0236395865   0.0030938249   0.0012932957  -0.0003129022   0.0005357095
        0.0013307543  -0.0028379745   0.0006024097
        0.0000321497   0.0000240843   0.0000077220   0.0003157764  -0.0000019775
        0.0000684340  -0.0002070431  -0.0001231894   0.0010705572   0.0000053950
        0.0004303307   0.0008559464   0.0012319137   0.0027068356   0.0050998686
        0.0099349437   0.0007479282  -0.0027120598   0.0258320155  -0.0016122526
       -0.0435819871  -0.0522516927  -0.0627268529   0.1148072513  -0.0058393282
        0.0325786799  -0.0450789455  -0.0044962019  -0.0038611750   0.0037654335
        0.0053670450   0.0028929283   0.0003590034   0.0245647503   0.0219588076
       -0.0349689678  -0.0027754872  -0.0008978973  -0.0016933048   0.0000454913
       -0.0000273021   0.0000358303  -0.0000321757   0.0000412521   0.0000555923
       -0.0000672480   0.0000302255  -0.0000565868   0.0000121234   0.0000699712
        0.0000343785   0.0000142764  -0.0000244633   0.0000978355   0.0000231055
       -0.0000111840   0.0000559351  -0.0002303697   0.0001729753  -0.0000152062
        0.0000511755  -0.0000352000   0.0000379607   0.0002996609  -0.0000473626
        0.0002707519  -0.0003144801  -0.0002965230  -0.0013769967  -0.0029654462
        0.0066372326  -0.0012402755   0.0012488013   0.0009873502   0.0029013917
        0.0002008494   0.0003867782   0.0012004375
       -0.0000374720  -0.0000763856   0.0000237513   0.0000428924  -0.0000546687
        0.0000665143  -0.0005400388   0.0000324669   0.0000454040   0.0009902305
        0.0004024795  -0.0002085215  -0.0012443686   0.0014496676  -0.0001327459
        0.0045722896   0.0042548919  -0.0015875342  -0.0344992370   0.0258436003
        0.0003442638  -0.1231849579   0.1001540899  -0.0058393282   0.5633631795
        0.0091829169  -0.0811854659  -0.2547713973   0.0247643975   0.0302014108
       -0.0326469763  -0.0713891137   0.0208458907  -0.0041297279   0.0156048974
       -0.0019998624  -0.0030312092  -0.0025756892   0.0011919641   0.0000668365
       -0.0000889058  -0.0000029100   0.0000019968  -0.0000066670  -0.0000111627
        0.0000575863  -0.0000157876  -0.0000432437   0.0000618332   0.0000337267
       -0.0000030151  -0.0000105677  -0.0000543663   0.0000275353   0.0000144882
       -0.0000416993   0.0000513956  -0.0000574161  -0.0000042554   0.0000086668
        0.0000054744  -0.0001301124  -0.0000098087  -0.0000737708  -0.0000640445
        0.0000180091  -0.0009803310   0.0005180539   0.0000532914  -0.0994197291
       -0.1046987578   0.0338321480  -0.0143707403  -0.0008068330   0.0025400885
       -0.0001788675  -0.0022339022   0.0017732645
       -0.0001745263  -0.0000995274  -0.0001116494  -0.0001811252   0.0000329783
       -0.0000312797   0.0001640542  -0.0002446915   0.0001637282  -0.0013707311
        0.0009171927   0.0000756166   0.0016814890  -0.0024810888   0.0001572123
       -0.0069075338  -0.0033395469   0.0018181422   0.0292191793  -0.0062969166
       -0.0038403322   0.1331792884  -0.3116903600   0.0325786799   0.0091829169
        0.6932862223  -0.1223667672  -0.0339879722  -0.0827163392   0.0126799647
       -0.0209129435   0.0006055573   0.0040817102  -0.0251768851  -0.0613813930
        0.0177685526  -0.0007218146   0.0032122805  -0.0004498902  -0.0003043453
       -0.0001628500  -0.0000003856   0.0000383394  -0.0000012499   0.0000586352
        0.0001993627   0.0000388613   0.0000404965   0.0000819653   0.0000022771
        0.0000923573  -0.0000097456  -0.0000616863  -0.0000219795  -0.0000049401
       -0.0000728519   0.0000628714  -0.0000153316  -0.0000041927  -0.0000481521
       -0.0000585806  -0.0000449365  -0.0000374014   0.0001399696   0.0001155599
       -0.0000496185  -0.0009438884   0.0000543351   0.0001619088  -0.1030884389
       -0.2266190756   0.0586360678   0.0209731703   0.0013774304  -0.0040419490
       -0.0010009327  -0.0044259885   0.0026234611
        0.0001009562  -0.0001233520  -0.0000368199   0.0000736452  -0.0001323062
       -0.0002088999   0.0000064197   0.0001838560   0.0000659928   0.0000763749
       -0.0001873379   0.0001372875  -0.0000925097   0.0001605737  -0.0001178042
        0.0005561921   0.0000008326   0.0000751259  -0.0000237952  -0.0033699145
       -0.0004988993  -0.0129174898   0.0387242777  -0.0450789455  -0.0811854659
       -0.1223667672   0.1443349429   0.0423123084   0.0025267584  -0.0576707700
        0.0105011382   0.0126999385  -0.0014440466   0.0063470100   0.0105868951
        0.0006420496   0.0009395937  -0.0000388906   0.0007666020   0.0000979858
       -0.0000317796  -0.0000066308  -0.0000250094  -0.0000390397  -0.0000538121
       -0.0001014348   0.0001024119   0.0000352909  -0.0000233056  -0.0000600887
       -0.0000628396   0.0000119516  -0.0000051423  -0.0000687067   0.0000110394
       -0.0000515490  -0.0001083405  -0.0000122015   0.0000271194  -0.0000377384
        0.0000123441   0.0000419661  -0.0001343622  -0.0000275756   0.0000426636
        0.0000539895   0.0003658874  -0.0000305990   0.0001292041   0.0334095152
        0.0588039629  -0.0471135827  -0.0019305692  -0.0002637971  -0.0001683802
        0.0015169947   0.0027993080   0.0065700932
       -0.0000737560  -0.0000706141   0.0000240894  -0.0001456205   0.0000312263
       -0.0000344892  -0.0000782079  -0.0000981623   0.0000626585  -0.0012285404
        0.0000109752   0.0001531802   0.0007953402  -0.0005268140   0.0000820021
       -0.0020669145  -0.0015367202   0.0005689085   0.0079843174   0.0027945975
       -0.0009325070  -0.0476258398   0.0634600505  -0.0044962019  -0.2547713973
       -0.0339879722   0.0423123084   0.5643705897  -0.0518411986  -0.0682356705
       -0.1073833101  -0.0716841573   0.0268862990  -0.0042471588  -0.0066421720
        0.0030106313  -0.0001600928   0.0012936858  -0.0002410965  -0.0001141848
       -0.0001446830   0.0000777678  -0.0000226439  -0.0000602033   0.0000201559
        0.0000986675  -0.0000477523  -0.0000029424   0.0000538529  -0.0000190771
        0.0000992784  -0.0000623413  -0.0000494452  -0.0000112748  -0.0000076194
       -0.0000426442   0.0000203796  -0.0000222484  -0.0000316481   0.0000059780
       -0.0000016663  -0.0000131116  -0.0000059499   0.0000941688   0.0000095301
       -0.0000020065  -0.0001314376  -0.0001338537   0.0000300678  -0.0110543966
       -0.0002579034   0.0018441555  -0.1353382953   0.1244171273  -0.0075129290
       -0.0088612648  -0.0248290601   0.0062772073
       -0.0000986277   0.0000722239  -0.0000344492  -0.0002222146   0.0000793169
       -0.0000376382   0.0003507599   0.0000481329  -0.0000695081  -0.0013325880
       -0.0005921906   0.0002347384   0.0005774032   0.0006730007  -0.0000573277
       -0.0015216968  -0.0012585665   0.0004001374   0.0060001914  -0.0045865854
        0.0010642480   0.0133033999   0.0092943998  -0.0038611750   0.0247643975
       -0.0827163392   0.0025267584  -0.0518411986   0.7210619833  -0.1167254544
       -0.1257890520  -0.3670770056   0.0892943267   0.0371763235  -0.0653082758
        0.0079193017   0.0007573902   0.0008666719  -0.0002111841  -0.0003002905
        0.0001394935   0.0000937832  -0.0000002151  -0.0000207653   0.0000404015
        0.0001447420  -0.0000547289   0.0000232096   0.0000994338  -0.0001157717
        0.0000835046   0.0000583112   0.0000617376  -0.0000889049   0.0000444901
        0.0000156837  -0.0001286419   0.0001313127   0.0000930378  -0.0000199748
       -0.0000329501   0.0001997093  -0.0000136493   0.0001238575   0.0002214062
       -0.0000074087   0.0001730133   0.0001567743  -0.0000234770  -0.0223430081
       -0.0005611352   0.0038917673   0.1229545646  -0.2047903051   0.0143803707
       -0.0031777490  -0.0059019024   0.0013262459
        0.0000800567  -0.0001630860   0.0000667082   0.0000060064  -0.0000711089
       -0.0001042924  -0.0001251941   0.0000654049  -0.0003978409   0.0005371808
        0.0001377441  -0.0001261246  -0.0001795843   0.0001439072   0.0004488378
        0.0006620100   0.0004985150  -0.0004266941  -0.0016573383   0.0016224022
        0.0054344625   0.0058918696  -0.0125609578   0.0037654335   0.0302014108
        0.0126799647  -0.0576707700  -0.0682356705  -0.1167254544   0.1427398846
        0.0379596918   0.0801428285  -0.0589613143  -0.0059618775   0.0153561010
        0.0020988211  -0.0000678384  -0.0002546823   0.0004576510   0.0002062324
        0.0000600033   0.0002680473  -0.0001444183  -0.0001274550   0.0000879998
       -0.0002036692   0.0000404927   0.0001351307  -0.0001358166  -0.0000972210
        0.0000172117  -0.0000249874  -0.0000315635  -0.0000443720  -0.0000357289
       -0.0001076011  -0.0000860787   0.0000976952   0.0000858687   0.0000244141
        0.0001131533   0.0000081139  -0.0001771098  -0.0000193108   0.0000593539
        0.0001427023  -0.0000081880   0.0000462606   0.0000542157   0.0064269991
        0.0001070592  -0.0014208323  -0.0072242239   0.0140543306  -0.0328732502
        0.0018415398   0.0050307797  -0.0034528405
       -0.0000737109   0.0000036740  -0.0000258333  -0.0001042130   0.0000929040
        0.0000393053   0.0001453221   0.0000037053   0.0000368434  -0.0013671567
       -0.0011788771   0.0004342661  -0.0008438618   0.0013357969  -0.0001530273
        0.0007557986   0.0008955555  -0.0003287372  -0.0046633227  -0.0031812544
        0.0016614549  -0.0229851013  -0.0054925962   0.0053670450  -0.0326469763
       -0.0209129435   0.0105011382  -0.1073833101  -0.1257890520   0.0379596918
        0.5794566290   0.1328778588  -0.1143340631  -0.1224843057   0.0667502895
        0.0033799666   0.0005106630  -0.0005942921  -0.0000860101  -0.0004028906
       -0.0001428987   0.0000787970  -0.0000284924   0.0000063185  -0.0000003905
        0.0001271682   0.0000619527  -0.0000220851  -0.0000142986  -0.0000235373
        0.0002085375  -0.0000788352  -0.0000004313  -0.0000687065   0.0000167054
       -0.0000125648  -0.0000222212   0.0000188731   0.0000538421  -0.0000530887
       -0.0000736982   0.0000968870  -0.0000098192   0.0001536048   0.0002265112
       -0.0000560904   0.0001332733   0.0003456072  -0.0000581999  -0.0053232722
        0.0010639037   0.0012029778   0.0048342510   0.0153040942  -0.0040190728
       -0.2876788427  -0.0617904532   0.0583673218
        0.0000937127   0.0000981003   0.0000893812   0.0000721939  -0.0001330629
        0.0000063696  -0.0002001735   0.0000436167  -0.0000818451   0.0020355648
        0.0011774429  -0.0004758774   0.0001347452  -0.0009253653   0.0000633480
       -0.0002480161   0.0005530950  -0.0000161244  -0.0046607190  -0.0017574549
        0.0014446790   0.0081595462  -0.0184760189   0.0028929283  -0.0713891137
        0.0006055573   0.0126999385  -0.0716841573  -0.3670770056   0.0801428285
        0.1328778588   0.5551119332  -0.1213296474   0.0804542056  -0.0901947083
       -0.0005082198  -0.0004835333  -0.0011888739   0.0004370373   0.0002273074
        0.0003150083   0.0000500369  -0.0000271788   0.0000030425  -0.0000293638
       -0.0000034019  -0.0002275417  -0.0000734675  -0.0001435614  -0.0000257965
       -0.0001714545   0.0001108155   0.0000182054   0.0000325045   0.0000089243
        0.0000412580   0.0000068170   0.0000274651  -0.0000127922   0.0000234565
        0.0000649741  -0.0000839225  -0.0000104219  -0.0002841488  -0.0001534915
        0.0000502191   0.0000692075   0.0000497738  -0.0000320347  -0.0018306776
       -0.0003960893   0.0010788826  -0.0059447025  -0.0237666037   0.0058132194
       -0.0674371372  -0.0535983061   0.0178968102
        0.0001164557   0.0000655945   0.0000634974   0.0000287953   0.0000265957
        0.0000266259  -0.0000811030  -0.0000479865   0.0000205225  -0.0001480015
       -0.0000085690   0.0000077949   0.0001514675  -0.0000577157  -0.0001224779
       -0.0000588566  -0.0002827757   0.0000479589   0.0020086464   0.0012397087
        0.0008555041   0.0026512917   0.0051219274   0.0003590034   0.0208458907
        0.0040817102  -0.0014440466   0.0268862990   0.0892943267  -0.0589613143
       -0.1143340631  -0.1213296474   0.1185531911   0.0002849364   0.0020658360
       -0.0248494470   0.0000290084   0.0003537294  -0.0000091176   0.0001693424
        0.0001049538   0.0002240620  -0.0000951830  -0.0000729768   0.0000585543
       -0.0002058137  -0.0001245575  -0.0001728493  -0.0000388637  -0.0000449788
       -0.0000149494  -0.0000162933  -0.0000174819  -0.0000285424   0.0000027504
       -0.0000121710  -0.0000082722   0.0000491729   0.0000352173  -0.0000051518
        0.0000690054   0.0000446660  -0.0000304001   0.0000224105  -0.0000132193
       -0.0000280085  -0.0000456942  -0.0000652818   0.0000280429   0.0018316976
        0.0005598790   0.0027505618   0.0003431439   0.0021681231  -0.0006968337
        0.0595335581   0.0169150939  -0.0366239085
        0.0000813380   0.0001439301  -0.0000411146   0.0000429550  -0.0001275727
       -0.0000493660   0.0001023133   0.0002084094  -0.0001313826   0.0007763570
       -0.0002158166  -0.0000935654  -0.0008900389  -0.0002069754   0.0002616166
       -0.0013282590   0.0025331275  -0.0000192992  -0.0217625047  -0.0178574945
        0.0068119836  -0.0865086493  -0.0685525260   0.0245647503  -0.0041297279
       -0.0251768851   0.0063470100  -0.0042471588   0.0371763235  -0.0059618775
       -0.1224843057   0.0804542056   0.0002849364   0.2545157494  -0.0217797876
       -0.0337782811  -0.0002037236  -0.0009770750   0.0003933005   0.0002915924
        0.0002410025  -0.0000962454   0.0000217189  -0.0000011494   0.0000316551
       -0.0001340850  -0.0000884870   0.0000491022   0.0000568392  -0.0000642778
       -0.0001109082   0.0001208888   0.0000319879   0.0000593936  -0.0000326674
        0.0000334264  -0.0000408989   0.0001469604  -0.0000542801   0.0000220052
        0.0000089707   0.0000060618   0.0000485455  -0.0003508206   0.0002085253
       -0.0000099399   0.0001241322   0.0000590119  -0.0000848901  -0.0006926111
       -0.0004108466   0.0013701879   0.0002438556   0.0010353219   0.0010016534
       -0.0137691190   0.0133818401  -0.0008283714
       -0.0000268127   0.0000864710  -0.0000132804  -0.0000661094   0.0000315440
        0.0000941566  -0.0000531481   0.0000516925  -0.0000347525   0.0000983406
       -0.0014822249   0.0002214993  -0.0006835100   0.0013886830  -0.0000903454
        0.0040704566   0.0014542536  -0.0007836477  -0.0099308487   0.0005533307
        0.0009804228  -0.0464945242  -0.0942969244   0.0219588076   0.0156048974
       -0.0613813930   0.0105868951  -0.0066421720  -0.0653082758   0.0153561010
        0.0667502895  -0.0901947083   0.0020658360  -0.0217797876   0.3132883736
       -0.0535932345   0.0012924044   0.0011499828  -0.0003591035  -0.0001787305
        0.0000850513   0.0000100671  -0.0000125717   0.0000100682   0.0000066478
        0.0000717291  -0.0001451848  -0.0000559924  -0.0000047028  -0.0000309051
        0.0000449809   0.0000289581  -0.0000282322   0.0000076157   0.0000362423
        0.0000338791   0.0000127214   0.0000659997  -0.0000144513  -0.0000142682
       -0.0000065558  -0.0000121354   0.0000351557   0.0002121174  -0.0000336276
       -0.0000666095   0.0001534745  -0.0001695977  -0.0000204397   0.0033034603
       -0.0038562416   0.0015317655  -0.0023044209  -0.0041179363   0.0026735053
       -0.0035044754   0.0029385086  -0.0005545041
        0.0001392997   0.0002188999   0.0000712124   0.0000432380   0.0001260550
        0.0001673766  -0.0001064244  -0.0002190109   0.0000313835  -0.0001094688
        0.0002867150  -0.0001563836   0.0004046877  -0.0001709748   0.0003405414
       -0.0004809013  -0.0006138226   0.0009973409   0.0053037408   0.0024586538
       -0.0038560216   0.0198046771   0.0255571601  -0.0349689678  -0.0019998624
        0.0177685526   0.0006420496   0.0030106313   0.0079193017   0.0020988211
        0.0033799666  -0.0005082198  -0.0248494470  -0.0337782811  -0.0535932345
        0.0494695420  -0.0002411795   0.0000212620   0.0004732711   0.0001087118
        0.0001124953   0.0001283289  -0.0000507973   0.0000116734  -0.0000078819
       -0.0001563091  -0.0002203225  -0.0003696448  -0.0000416964   0.0000350685
       -0.0000504584  -0.0000347550   0.0000102666  -0.0000202050   0.0000318548
        0.0000817461   0.0000740262  -0.0000199430  -0.0000205385  -0.0000196192
        0.0000328968   0.0000057071   0.0000917998  -0.0000179381  -0.0001422759
       -0.0001647205  -0.0000838692  -0.0000596610  -0.0001477877   0.0005924647
        0.0022156670   0.0060278111   0.0016673241   0.0021464302   0.0064115981
        0.0026019321  -0.0034275940  -0.0024139653
        0.0005497657   0.0007826396  -0.0002625876  -0.0001758990  -0.0011338680
        0.0007994395  -0.0214327616  -0.0057009436   0.0046350572  -0.1448631041
       -0.0510782780   0.0304140803  -0.0197646056  -0.0498990396   0.0123877934
       -0.0048228204   0.0086272929   0.0002097328  -0.0552302045   0.0581135878
       -0.0068827033  -0.0112960444   0.0223924076  -0.0027754872  -0.0030312092
       -0.0007218146   0.0009395937  -0.0001600928   0.0007573902  -0.0000678384
        0.0005106630  -0.0004835333   0.0000290084  -0.0002037236   0.0012924044
       -0.0002411795   0.2626647186   0.0173053004  -0.0411221401  -0.0011251638
        0.0004133201  -0.0005754476   0.0000756973   0.0000492576   0.0002191818
       -0.0004603573  -0.0005739775   0.0007671621  -0.0006102718  -0.0007373510
       -0.0005843276   0.0005356811   0.0001755677   0.0000714927   0.0001342629
        0.0002641461  -0.0002015721  -0.0025873361   0.0017686981  -0.0002646833
        0.0006556294  -0.0001387174  -0.0002417212   0.0024029062  -0.0007494524
        0.0011558564  -0.0014387244  -0.0000049065   0.0013691434   0.0000059805
       -0.0001826524   0.0000667996  -0.0004422122  -0.0002686192   0.0001254674
        0.0001092263  -0.0002688591   0.0000298792
        0.0003467322   0.0003067835  -0.0000590260   0.0003186870   0.0000516383
       -0.0000334904   0.0076283644   0.0056578853  -0.0029497640  -0.0353936401
       -0.0455235666   0.0097576179  -0.0079183154  -0.0517369557   0.0119824193
       -0.0314918047  -0.0597688541   0.0171536029   0.0378489152  -0.1320617293
        0.0149121886   0.0143983000  -0.0110132583  -0.0008978973  -0.0025756892
        0.0032122805  -0.0000388906   0.0012936858   0.0008666719  -0.0002546823
       -0.0005942921  -0.0011888739   0.0003537294  -0.0009770750   0.0011499828
        0.0000212620   0.0173053004   0.2974364548  -0.0536505083  -0.0011231533
        0.0001436387  -0.0004126202   0.0000164712  -0.0001069752  -0.0000197412
       -0.0003188082  -0.0007003347   0.0004169136  -0.0005910605  -0.0003760353
       -0.0003083282   0.0000301802  -0.0002329686   0.0003149121   0.0000106382
        0.0001606352   0.0001336160   0.0019629946  -0.0012034125  -0.0000250974
        0.0004182310   0.0005183173  -0.0000871778   0.0032238481  -0.0033865631
        0.0015818200  -0.0034265854  -0.0025805420   0.0022231282  -0.0001871481
       -0.0000591855  -0.0000550863  -0.0000500007   0.0001942189  -0.0000756835
       -0.0001547756   0.0002407476   0.0000167835
       -0.0001033914   0.0000958500   0.0001359745  -0.0008336954   0.0007086502
       -0.0001251190   0.0021098651  -0.0010021120  -0.0026052424   0.0248960491
        0.0121119908  -0.0289906727   0.0050645816   0.0194926412   0.0005100160
        0.0080582913   0.0110086469   0.0002414725  -0.0019570883   0.0096984215
       -0.0271084790  -0.0014858193  -0.0018016210  -0.0016933048   0.0011919641
       -0.0004498902   0.0007666020  -0.0002410965  -0.0002111841   0.0004576510
       -0.0000860101   0.0004370373  -0.0000091176   0.0003933005  -0.0003591035
        0.0004732711  -0.0411221401  -0.0536505083   0.0461243541   0.0005440775
        0.0000107122   0.0000060253   0.0001109251   0.0001594366  -0.0000862262
        0.0000257280   0.0000416976  -0.0006318657   0.0002222272   0.0004590384
       -0.0001165795  -0.0002367265   0.0000485125  -0.0001666282   0.0001738463
        0.0000244329   0.0002463495   0.0012766390  -0.0005570402   0.0003043256
       -0.0001153542   0.0000811196   0.0003893990  -0.0000221705   0.0018537169
        0.0061101391   0.0020544174   0.0017354651   0.0058935518   0.0000120382
       -0.0000308089  -0.0002107225   0.0000661368   0.0000129786  -0.0000957896
        0.0000034048   0.0000819198   0.0001806155
        0.0001390343  -0.0022167778   0.0023827283  -0.0002395756   0.0003580094
       -0.0000257176  -0.0002785109  -0.0002624249  -0.0001827080   0.0004182436
        0.0020398068  -0.0004377442  -0.0026206451  -0.0014702623  -0.0002877002
        0.0001487105  -0.0009711887   0.0000689380  -0.0003769452   0.0000808829
        0.0000999374   0.0000678819   0.0000010813   0.0000454913   0.0000668365
       -0.0003043453   0.0000979858  -0.0001141848  -0.0003002905   0.0002062324
       -0.0004028906   0.0002273074   0.0001693424   0.0002915924  -0.0001787305
        0.0001087118  -0.0011251638  -0.0011231533   0.0005440775   0.0070040678
       -0.0000512507   0.0008879390  -0.0005653256  -0.0000945528   0.0000838492
       -0.0035739616   0.0035299816  -0.0039651597   0.0000916640   0.0003340716
       -0.0009238580   0.0002196959  -0.0000454566   0.0001213160   0.0000479111
        0.0000246455  -0.0000633999  -0.0006666700   0.0006291966   0.0001868215
       -0.0000395265  -0.0001890954   0.0000609594   0.0017802395   0.0004295440
        0.0004226860  -0.0000867089  -0.0000537888   0.0000085036  -0.0000415826
       -0.0001409838   0.0000495179  -0.0001190850  -0.0000973692   0.0001341815
       -0.0000251013  -0.0001548564   0.0002070686
       -0.0040134561  -0.0050228711   0.0062640516  -0.0001118824   0.0008341164
        0.0001473951  -0.0004327187  -0.0002235464  -0.0000674276   0.0006731400
       -0.0000630247  -0.0000883468  -0.0012902126  -0.0005230610   0.0001312841
        0.0001044112  -0.0001381905  -0.0000498872  -0.0003493263  -0.0001539829
        0.0000698039   0.0000139261   0.0000932253  -0.0000273021  -0.0000889058
       -0.0001628500  -0.0000317796  -0.0001446830   0.0001394935   0.0000600033
       -0.0001428987   0.0003150083   0.0001049538   0.0002410025   0.0000850513
        0.0001124953   0.0004133201   0.0001436387   0.0000107122  -0.0000512507
        0.0006942248   0.0047275838  -0.0002708202  -0.0002028082  -0.0005361286
        0.0053755397   0.0056202862  -0.0118712002   0.0007498325  -0.0005759546
       -0.0002711959  -0.0001358491   0.0004930639   0.0000281798  -0.0002330648
       -0.0001395048   0.0005220180   0.0001703870   0.0008123923   0.0009397062
       -0.0001961098  -0.0003273809   0.0004023904  -0.0001460739  -0.0021396907
        0.0001020163  -0.0002420090   0.0001126019  -0.0002961901   0.0000613583
       -0.0000297737  -0.0002949097   0.0000135358   0.0001451036  -0.0001970414
        0.0000328079   0.0002144332   0.0001088154
        0.0049653175   0.0081122630  -0.0059855200  -0.0001432000  -0.0019019294
       -0.0014648184   0.0002152490   0.0002176069   0.0000479028   0.0000539219
        0.0000152881   0.0003649615   0.0002409395   0.0001121917   0.0012250607
        0.0000123700  -0.0000336450   0.0001681810  -0.0000140755  -0.0000930981
       -0.0001077388   0.0000021565  -0.0000119730   0.0000358303  -0.0000029100
       -0.0000003856  -0.0000066308   0.0000777678   0.0000937832   0.0002680473
        0.0000787970   0.0000500369   0.0002240620  -0.0000962454   0.0000100671
        0.0001283289  -0.0005754476  -0.0004126202   0.0000060253   0.0008879390
        0.0047275838  -0.0022682214   0.0005839577   0.0002525380   0.0004970423
       -0.0062685193  -0.0123515910   0.0092085634  -0.0012382839   0.0002347463
       -0.0001191176   0.0000159379   0.0000184333   0.0002819198   0.0001930090
        0.0006789568   0.0005104069  -0.0000480937   0.0002043291  -0.0005170327
        0.0000248355  -0.0000706829   0.0003157130   0.0009802868   0.0003270746
       -0.0020913730   0.0000293543  -0.0001708130  -0.0004019244  -0.0000202833
       -0.0000903260  -0.0003254418   0.0000199796  -0.0000007987  -0.0001454238
        0.0000252398   0.0000829644   0.0001511973
       -0.1251378153   0.0114100382  -0.1214981031  -0.0019067053  -0.0013550198
       -0.0035761143   0.0000523465  -0.0007012417  -0.0000655753   0.0002593184
       -0.0002815939  -0.0002040582  -0.0000523256  -0.0000377284   0.0000500066
        0.0000732214  -0.0000244909  -0.0000873651  -0.0000215430   0.0000350505
        0.0000073961  -0.0000384636  -0.0000329255  -0.0000321757   0.0000019968
        0.0000383394  -0.0000250094  -0.0000226439  -0.0000002151  -0.0001444183
       -0.0000284924  -0.0000271788  -0.0000951830   0.0000217189  -0.0000125717
       -0.0000507973   0.0000756973   0.0000164712   0.0001109251  -0.0005653256
       -0.0002708202   0.0005839577   0.1356175234  -0.0149902985   0.1401719217
        0.0092515304   0.0002308321   0.0079704866  -0.0183228462   0.0051304850
       -0.0235270382   0.0006664522   0.0008316915   0.0008555405  -0.0001630531
       -0.0001585760  -0.0002136024   0.0000139305   0.0000015204   0.0001541036
        0.0001052930   0.0002288738  -0.0001625852   0.0000948752   0.0000226574
       -0.0000299000   0.0000046263  -0.0000215930  -0.0000012134   0.0000053764
       -0.0000018937  -0.0000066318   0.0000086031  -0.0000186971  -0.0000725912
        0.0000067042  -0.0000111153  -0.0001119760
        0.0127058550  -0.0479541688   0.0177320459  -0.0122832903   0.0012568136
       -0.0199978984  -0.0010992431  -0.0050027110  -0.0024944068   0.0002842190
        0.0000964004   0.0003229116   0.0001332687  -0.0000407363  -0.0000488342
       -0.0000674822   0.0000775917  -0.0000246402   0.0000204875   0.0000986659
       -0.0000041250   0.0000086413   0.0000357520   0.0000412521  -0.0000066670
       -0.0000012499  -0.0000390397  -0.0000602033  -0.0000207653  -0.0001274550
        0.0000063185   0.0000030425  -0.0000729768  -0.0000011494   0.0000100682
        0.0000116734   0.0000492576  -0.0001069752   0.0001594366  -0.0000945528
       -0.0002028082   0.0002525380  -0.0149902985   0.0503751975  -0.0180662157
        0.0082556071   0.0004165995   0.0141839470   0.0080382974   0.0007165463
        0.0105624737  -0.0001105322   0.0001202921  -0.0009594561  -0.0005918678
       -0.0004954173  -0.0005655661   0.0000350133   0.0000759595   0.0000562604
       -0.0005187163   0.0002662747  -0.0015119576   0.0001634925   0.0001527705
        0.0000989665   0.0000496844   0.0000508215   0.0001882963   0.0000249965
        0.0000418543   0.0001738267   0.0000224805   0.0000287483   0.0001219735
        0.0000263837   0.0000014334   0.0000069699
       -0.1256319789   0.0168699522  -0.2391108624  -0.0057844928  -0.0022659502
       -0.0105907411  -0.0005456983  -0.0033517901  -0.0007007400   0.0003128577
       -0.0002829716   0.0004590067   0.0001175496   0.0000233670   0.0000555593
        0.0001174741   0.0000280020   0.0000108281   0.0000374501  -0.0000552460
       -0.0000295550  -0.0000962119  -0.0000432223   0.0000555923  -0.0000111627
        0.0000586352  -0.0000538121   0.0000201559   0.0000404015   0.0000879998
       -0.0000003905  -0.0000293638   0.0000585543   0.0000316551   0.0000066478
       -0.0000078819   0.0002191818  -0.0000197412  -0.0000862262   0.0000838492
       -0.0005361286   0.0004970423   0.1401719217  -0.0180662157   0.2627789696
       -0.0085240466   0.0058060336  -0.0187343226   0.0000167750   0.0010090241
        0.0049885932  -0.0000156380   0.0003006135   0.0003066378   0.0002176519
        0.0005335029   0.0003555423  -0.0001581352  -0.0001402619   0.0003087129
       -0.0004334327   0.0002197261  -0.0006459714  -0.0001531190  -0.0000785189
       -0.0000289945   0.0000003880  -0.0000248463  -0.0000140918  -0.0000143998
       -0.0000103401  -0.0000239123   0.0000111148  -0.0000052695   0.0000191575
        0.0000106813   0.0000139602   0.0000449149
       -0.1019417472  -0.0757039081   0.0821221136  -0.0012748170  -0.0062336280
       -0.0001391110   0.0003244260   0.0002587165   0.0006410942  -0.0005350160
       -0.0004499654   0.0002963111  -0.0000406216   0.0001503904   0.0006825223
       -0.0000116347   0.0003149961  -0.0000061385   0.0002823230  -0.0000005450
       -0.0001075765  -0.0000846816   0.0000381071  -0.0000672480   0.0000575863
        0.0001993627  -0.0001014348   0.0000986675   0.0001447420  -0.0002036692
        0.0001271682  -0.0000034019  -0.0002058137  -0.0001340850   0.0000717291
       -0.0001563091  -0.0004603573  -0.0003188082   0.0000257280  -0.0035739616
        0.0053755397  -0.0062685193   0.0092515304   0.0082556071  -0.0085240466
        0.1114559493   0.0789399475  -0.0848837009  -0.0160982441  -0.0126003379
        0.0186646572   0.0001197173   0.0007542485  -0.0000522489   0.0007669197
       -0.0006165031  -0.0001268790   0.0004344755  -0.0001133636  -0.0002945939
        0.0002121955   0.0002753932  -0.0000028071   0.0006887275   0.0009706033
       -0.0008039427   0.0001774354  -0.0000193198  -0.0000068877   0.0000627321
        0.0000926379  -0.0000551265   0.0000915698   0.0000961846  -0.0001654387
        0.0000037426   0.0001215753  -0.0002609343
       -0.0747262564  -0.1328738220   0.1014354368  -0.0114917821  -0.0187848368
        0.0100434167   0.0003640807   0.0010545799   0.0000488999  -0.0004227877
        0.0007062856   0.0001412169   0.0003462908   0.0001804996   0.0000613582
        0.0001606578   0.0001340735   0.0000908975   0.0002296288   0.0000134372
       -0.0000579640  -0.0000710954  -0.0000655787   0.0000302255  -0.0000157876
        0.0000388613   0.0001024119  -0.0000477523  -0.0000547289   0.0000404927
        0.0000619527  -0.0002275417  -0.0001245575  -0.0000884870  -0.0001451848
       -0.0002203225  -0.0005739775  -0.0007003347   0.0000416976   0.0035299816
        0.0056202862  -0.0123515910   0.0002308321   0.0004165995   0.0058060336
        0.0789399475   0.1374161565  -0.0963663610   0.0024649255   0.0098706583
       -0.0062091740  -0.0001029025  -0.0005196893  -0.0000708765  -0.0002968758
       -0.0038378023  -0.0020969821   0.0000757724   0.0005918678  -0.0010726968
        0.0004505173   0.0005540880  -0.0002231222   0.0008644932   0.0008992531
        0.0002332344   0.0001165220   0.0000279716   0.0003411668  -0.0000323404
        0.0000038147   0.0003407355  -0.0000003739  -0.0001155106   0.0002256987
        0.0000348161  -0.0002034033  -0.0001892753
        0.0789014825   0.0981176251  -0.1471536168  -0.0048839001  -0.0018107857
        0.0104830897  -0.0001537862  -0.0001315083   0.0009395850  -0.0005655873
       -0.0006573744  -0.0002954541  -0.0000910114   0.0001238596   0.0000914140
        0.0000678043   0.0001979155   0.0001649978   0.0000588619   0.0000075230
       -0.0000655895  -0.0000724889  -0.0000045387  -0.0000565868  -0.0000432437
        0.0000404965   0.0000352909  -0.0000029424   0.0000232096   0.0001351307
       -0.0000220851  -0.0000734675  -0.0001728493   0.0000491022  -0.0000559924
       -0.0003696448   0.0007671621   0.0004169136  -0.0006318657  -0.0039651597
       -0.0118712002   0.0092085634   0.0079704866   0.0141839470  -0.0187343226
       -0.0848837009  -0.0963663610   0.1499812367   0.0087544887   0.0020818288
       -0.0024295862  -0.0000473847  -0.0003947189   0.0002540096  -0.0009486551
       -0.0039228587  -0.0009348482   0.0002492865  -0.0003127285  -0.0005153775
       -0.0001836695   0.0001025752  -0.0005165771  -0.0008937631   0.0001910643
        0.0002545281  -0.0000114188   0.0001690519   0.0003099252   0.0000037861
        0.0000674068   0.0002047737  -0.0000224610  -0.0000089279   0.0000982777
       -0.0000312030  -0.0001129549  -0.0002845038
       -0.2669561772   0.1071939033   0.0515994986   0.0052074821   0.0034231427
        0.0017208722  -0.0001768286  -0.0006565584  -0.0003025140   0.0013778069
       -0.0012291105   0.0013532341   0.0003168277   0.0017054022   0.0005838224
       -0.0003290922   0.0003685748  -0.0000449278  -0.0003349338   0.0002250823
       -0.0000412668  -0.0001534104  -0.0001089811   0.0000121234   0.0000618332
        0.0000819653  -0.0000233056   0.0000538529   0.0000994338  -0.0001358166
       -0.0000142986  -0.0001435614  -0.0000388637   0.0000568392  -0.0000047028
       -0.0000416964  -0.0006102718  -0.0005910605   0.0002222272   0.0000916640
        0.0007498325  -0.0012382839  -0.0183228462   0.0080382974   0.0000167750
       -0.0160982441   0.0024649255   0.0087544887   0.2941149438  -0.1195682798
       -0.0611576549   0.0008989769  -0.0008013124  -0.0007763758   0.0007892808
       -0.0012021485  -0.0001157702  -0.0001379799   0.0001308495   0.0000455833
       -0.0001235458  -0.0000621010  -0.0002615176   0.0003092843  -0.0000545109
        0.0000239813  -0.0000120323  -0.0000189722  -0.0000333169  -0.0000221157
        0.0000187517  -0.0000060659   0.0000090740  -0.0000390153  -0.0000445846
        0.0000039106  -0.0000198461  -0.0000706455
        0.1057099442  -0.0948563965  -0.0254051725   0.0214663814  -0.0156863359
       -0.0069617126  -0.0001302558   0.0004300436   0.0001044305   0.0000831843
        0.0010287582  -0.0002924646  -0.0002125212   0.0000010437  -0.0008760911
        0.0003349111  -0.0002485166  -0.0001525177   0.0000308923   0.0001981479
       -0.0000010238   0.0000327683  -0.0000444684   0.0000699712   0.0000337267
        0.0000022771  -0.0000600887  -0.0000190771  -0.0001157717  -0.0000972210
       -0.0000235373  -0.0000257965  -0.0000449788  -0.0000642778  -0.0000309051
        0.0000350685  -0.0007373510  -0.0003760353   0.0004590384   0.0003340716
       -0.0005759546   0.0002347463   0.0051304850   0.0007165463   0.0010090241
       -0.0126003379   0.0098706583   0.0020818288  -0.1195682798   0.1046239196
        0.0319692841  -0.0008383761  -0.0052546821  -0.0027365372   0.0007027662
        0.0001878844  -0.0002041033   0.0000394390   0.0000392381   0.0000173522
        0.0001815436   0.0002549674   0.0000916599   0.0000079752   0.0000715220
        0.0003721492   0.0000530417  -0.0000965556   0.0001600358   0.0000106923
       -0.0000208123   0.0001327541   0.0000108824  -0.0000378020   0.0000810305
        0.0000313086  -0.0000549739   0.0000135382
        0.0569960029  -0.0288654738  -0.0590543401   0.0102684685  -0.0061178111
       -0.0019839042   0.0004892901  -0.0000590264   0.0002675488  -0.0001394235
       -0.0014366578   0.0009183869   0.0001054058   0.0012938258   0.0007388541
       -0.0003109220   0.0004829869   0.0000471711   0.0003152148  -0.0001912626
       -0.0001167321  -0.0001339484  -0.0000455612   0.0000343785  -0.0000030151
        0.0000923573  -0.0000628396   0.0000992784   0.0000835046   0.0000172117
        0.0002085375  -0.0001714545  -0.0000149494  -0.0001109082   0.0000449809
       -0.0000504584  -0.0005843276  -0.0003083282  -0.0001165795  -0.0009238580
       -0.0002711959  -0.0001191176  -0.0235270382   0.0105624737   0.0049885932
        0.0186646572  -0.0062091740  -0.0024295862  -0.0611576549   0.0319692841
        0.0574772535  -0.0006460339  -0.0022893023  -0.0004080129  -0.0002103517
        0.0009164545   0.0006138309   0.0001625078  -0.0001749804  -0.0001898688
       -0.0000477623   0.0002349459   0.0000163729   0.0003510056   0.0004968353
       -0.0004644456   0.0000940804  -0.0000363214  -0.0000110681  -0.0000182313
        0.0000187129  -0.0000312175   0.0000369389  -0.0000200053  -0.0000293795
        0.0000220872   0.0000001932  -0.0000371020
        0.0034651110  -0.0007654070   0.0001986282  -0.2190985970   0.0964512946
        0.0194936499  -0.0129691242   0.0059891660  -0.0031711881  -0.0012549294
        0.0006632242  -0.0031292731  -0.0001053045  -0.0004833236  -0.0000498282
       -0.0001358771   0.0001116001   0.0002111160   0.0000958573   0.0001733091
        0.0000059075  -0.0000499356   0.0000455806   0.0000142764  -0.0000105677
       -0.0000097456   0.0000119516  -0.0000623413   0.0000583112  -0.0000249874
       -0.0000788352   0.0001108155  -0.0000162933   0.0001208888   0.0000289581
       -0.0000347550   0.0005356811   0.0000301802  -0.0002367265   0.0002196959
       -0.0001358491   0.0000159379   0.0006664522  -0.0001105322  -0.0000156380
        0.0001197173  -0.0001029025  -0.0000473847   0.0008989769  -0.0008383761
       -0.0006460339   0.2499520655  -0.1084538826  -0.0183402945  -0.0229417548
        0.0074039365   0.0053598246   0.0007813021  -0.0001081533   0.0005236159
       -0.0001430210  -0.0001898574  -0.0001142731  -0.0000822743  -0.0000500718
       -0.0000053646   0.0000028841   0.0000308045   0.0000349069   0.0000362913
        0.0000099952   0.0000026008   0.0000200355   0.0000674011  -0.0000165593
        0.0000176029   0.0000735244  -0.0000238160
        0.0244475609  -0.0210104873  -0.0075803313   0.0906925385  -0.0943892724
       -0.0064363685   0.0045109393  -0.0010077077   0.0014309133   0.0006866070
        0.0004683581   0.0004649577  -0.0003358130   0.0000692537  -0.0000468827
       -0.0000097522   0.0001827453  -0.0000221041  -0.0000312138   0.0000450992
       -0.0000179120   0.0000306098   0.0000485454  -0.0000244633  -0.0000543663
       -0.0000616863  -0.0000051423  -0.0000494452   0.0000617376  -0.0000315635
       -0.0000004313   0.0000182054  -0.0000174819   0.0000319879  -0.0000282322
        0.0000102666   0.0001755677  -0.0002329686   0.0000485125  -0.0000454566
        0.0004930639   0.0000184333   0.0008316915   0.0001202921   0.0003006135
        0.0007542485  -0.0005196893  -0.0003947189  -0.0008013124  -0.0052546821
       -0.0022893023  -0.1084538826   0.1129624732   0.0125680736  -0.0124930844
        0.0076358360   0.0022499867   0.0002268396   0.0000172927  -0.0000156595
       -0.0002115112   0.0002672880  -0.0003071638   0.0000577036   0.0000309678
        0.0000010244  -0.0000013535   0.0000463211   0.0000310765   0.0000138599
       -0.0000006483   0.0000333215   0.0000070838   0.0000204241   0.0000275796
        0.0000203847   0.0000174707   0.0000043350
        0.0102065764  -0.0099555927  -0.0033119154   0.0157804864  -0.0055336153
       -0.0428253565  -0.0234754970   0.0110241304  -0.0019495054  -0.0025739908
        0.0008893861  -0.0046912163  -0.0002438631  -0.0001442881  -0.0000983798
       -0.0002525034   0.0001076870   0.0004033112  -0.0001274062   0.0003155538
       -0.0000037311   0.0000164116   0.0000389062   0.0000978355   0.0000275353
       -0.0000219795  -0.0000687067  -0.0000112748  -0.0000889049  -0.0000443720
       -0.0000687065   0.0000325045  -0.0000285424   0.0000593936   0.0000076157
       -0.0000202050   0.0000714927   0.0003149121  -0.0001666282   0.0001213160
        0.0000281798   0.0002819198   0.0008555405  -0.0009594561   0.0003066378
       -0.0000522489  -0.0000708765   0.0002540096  -0.0007763758  -0.0027365372
       -0.0004080129  -0.0183402945   0.0125680736   0.0529012739   0.0198382789
       -0.0063329628  -0.0017142613  -0.0006996189   0.0004273376   0.0006115694
       -0.0001515596   0.0001245582   0.0001007631  -0.0001468458  -0.0000849676
        0.0000149511  -0.0000448822   0.0000477864   0.0001496217   0.0000052440
        0.0000255228   0.0000911367  -0.0000100679   0.0000032167   0.0000869180
       -0.0000071400  -0.0000261904   0.0000308851
       -0.0030509479  -0.0063270635   0.0018085592  -0.1267314200  -0.0718766289
        0.0802260091   0.0072623883   0.0052461323  -0.0064935006   0.0012022863
        0.0000086199  -0.0003643303  -0.0001894914   0.0000047519   0.0000350695
       -0.0001112895  -0.0000422779   0.0000155891  -0.0000683279   0.0001521493
        0.0000120724   0.0000639067  -0.0000376818   0.0000231055   0.0000144882
       -0.0000049401   0.0000110394  -0.0000076194   0.0000444901  -0.0000357289
        0.0000167054   0.0000089243   0.0000027504  -0.0000326674   0.0000362423
        0.0000318548   0.0001342629   0.0000106382   0.0001738463   0.0000479111
       -0.0002330648   0.0001930090  -0.0001630531  -0.0005918678   0.0002176519
        0.0007669197  -0.0002968758  -0.0009486551   0.0007892808   0.0007027662
       -0.0002103517  -0.0229417548  -0.0124930844   0.0198382789   0.1426467701
        0.0849551773  -0.0924918895  -0.0001091861   0.0004457406  -0.0021655504
        0.0004450823   0.0002641015   0.0001379319  -0.0000587059  -0.0000388173
       -0.0000414155   0.0000005616  -0.0000235373  -0.0000024227   0.0000209298
        0.0000121131   0.0000095890   0.0000262021   0.0000315653   0.0000043849
        0.0000267680   0.0000424272   0.0000131034
       -0.0201377715  -0.0279831426   0.0127380051  -0.0678664703  -0.1067494037
        0.0723653178  -0.0021007367  -0.0013316361   0.0044625221  -0.0002799746
       -0.0002642334  -0.0001789096  -0.0001727626  -0.0001673672  -0.0000188671
       -0.0000906972   0.0000373174  -0.0000129379  -0.0000096409  -0.0000073756
        0.0000102926   0.0000620391   0.0000628017  -0.0000111840  -0.0000416993
       -0.0000728519  -0.0000515490  -0.0000426442   0.0000156837  -0.0001076011
       -0.0000125648   0.0000412580  -0.0000121710   0.0000334264   0.0000338791
        0.0000817461   0.0002641461   0.0001606352   0.0000244329   0.0000246455
       -0.0001395048   0.0006789568  -0.0001585760  -0.0004954173   0.0005335029
       -0.0006165031  -0.0038378023  -0.0039228587  -0.0012021485   0.0001878844
        0.0009164545   0.0074039365   0.0076358360  -0.0063329628   0.0849551773
        0.1314734645  -0.0810328292   0.0001624833   0.0008221785   0.0005854609
       -0.0000955841   0.0004910044  -0.0007375700  -0.0000777710  -0.0000267119
       -0.0000742226  -0.0000130393   0.0000356503   0.0000124004   0.0000155782
        0.0000042717   0.0000066763  -0.0000016858   0.0000327118   0.0000112722
       -0.0000011623   0.0000408700   0.0000666227
       -0.0074394415  -0.0088501784   0.0066949163   0.0835075047   0.0755270674
       -0.1208877188   0.0133710725   0.0137703467  -0.0243110471   0.0010286436
        0.0000749451   0.0005450360   0.0000874889   0.0000800617  -0.0001673272
        0.0001318158  -0.0003379403   0.0000384883  -0.0001242527   0.0000481191
        0.0000198036   0.0000017024  -0.0001190377   0.0000559351   0.0000513956
        0.0000628714  -0.0001083405   0.0000203796  -0.0001286419  -0.0000860787
       -0.0000222212   0.0000068170  -0.0000082722  -0.0000408989   0.0000127214
        0.0000740262  -0.0002015721   0.0001336160   0.0002463495  -0.0000633999
        0.0005220180   0.0005104069  -0.0002136024  -0.0005655661   0.0003555423
       -0.0001268790  -0.0020969821  -0.0009348482  -0.0001157702  -0.0002041033
        0.0006138309   0.0053598246   0.0022499867  -0.0017142613  -0.0924918895
       -0.0810328292   0.1437286534  -0.0030314186   0.0008094651  -0.0053429956
        0.0002451045   0.0002624715   0.0003829760   0.0000458945  -0.0001707975
       -0.0000000059  -0.0000213170  -0.0000411552   0.0000873810   0.0000011916
        0.0000158782   0.0000658748   0.0000161601  -0.0000136344   0.0000686544
        0.0000244844  -0.0000155191   0.0000730206
       -0.0000191689   0.0002285115  -0.0001875087   0.0068373745   0.0047917701
       -0.0069018810  -0.1368440148  -0.0656266384   0.0947787457  -0.0246286338
       -0.0054428653   0.0140724420   0.0007454970  -0.0016070316  -0.0002025792
        0.0000016456  -0.0002123477  -0.0000037290  -0.0004797747  -0.0003240729
        0.0000589162  -0.0002233577   0.0001655905  -0.0002303697  -0.0000574161
       -0.0000153316  -0.0000122015  -0.0000222484   0.0001313127   0.0000976952
        0.0000188731   0.0000274651   0.0000491729   0.0001469604   0.0000659997
       -0.0000199430  -0.0025873361   0.0019629946   0.0012766390  -0.0006666700
        0.0001703870  -0.0000480937   0.0000139305   0.0000350133  -0.0001581352
        0.0004344755   0.0000757724   0.0002492865  -0.0001379799   0.0000394390
        0.0001625078   0.0007813021   0.0002268396  -0.0006996189  -0.0001091861
        0.0001624833  -0.0030314186   0.1616203371   0.0716224568  -0.1044239670
       -0.0051945227  -0.0072640411   0.0050300141   0.0001801946   0.0007190336
        0.0001013469   0.0001474819  -0.0000584049  -0.0000222791   0.0000078079
        0.0000143242   0.0000030918   0.0000185804   0.0000498112   0.0000300704
        0.0000158485   0.0000615287   0.0000317958
        0.0002400771   0.0003769480  -0.0006283555  -0.0013704470  -0.0016411033
        0.0038178959  -0.0639773514  -0.0871276247   0.0616934913   0.0097273506
        0.0064421971  -0.0079596568   0.0010179214   0.0005961217  -0.0003602741
        0.0000607319   0.0001840313  -0.0001493384   0.0006194648  -0.0002660365
       -0.0000076001  -0.0000473187  -0.0000074348   0.0001729753  -0.0000042554
       -0.0000041927   0.0000271194  -0.0000316481   0.0000930378   0.0000858687
        0.0000538421  -0.0000127922   0.0000352173  -0.0000542801  -0.0000144513
       -0.0000205385   0.0017686981  -0.0012034125  -0.0005570402   0.0006291966
        0.0008123923   0.0002043291   0.0000015204   0.0000759595  -0.0001402619
       -0.0001133636   0.0005918678  -0.0003127285   0.0001308495   0.0000392381
       -0.0001749804  -0.0001081533   0.0000172927   0.0004273376   0.0004457406
        0.0008221785   0.0008094651   0.0716224568   0.0984903073  -0.0733822781
       -0.0212960506  -0.0177221685   0.0166247766   0.0005988146  -0.0005577380
        0.0000153958   0.0000179890  -0.0000012812  -0.0000626815   0.0000087388
       -0.0000314863  -0.0000776500   0.0000255345   0.0000100483  -0.0000580007
        0.0000339415   0.0000381018  -0.0000224873
        0.0004784271   0.0008266956   0.0014139308   0.0139187988   0.0140291674
       -0.0253758487   0.0927388942   0.0607556029  -0.1332820793   0.0052565579
        0.0004937980  -0.0005564486  -0.0010682737   0.0002252131   0.0001443049
       -0.0000831311   0.0000682205   0.0001773616  -0.0002224337   0.0001738343
        0.0000146985   0.0000338362   0.0000293129  -0.0000152062   0.0000086668
       -0.0000481521  -0.0000377384   0.0000059780  -0.0000199748   0.0000244141
       -0.0000530887   0.0000234565  -0.0000051518   0.0000220052  -0.0000142682
       -0.0000196192  -0.0002646833  -0.0000250974   0.0003043256   0.0001868215
        0.0009397062  -0.0005170327   0.0001541036   0.0000562604   0.0003087129
       -0.0002945939  -0.0010726968  -0.0005153775   0.0000455833   0.0000173522
       -0.0001898688   0.0005236159  -0.0000156595   0.0006115694  -0.0021655504
        0.0005854609  -0.0053429956  -0.1044239670  -0.0733822781   0.1559805754
       -0.0047100787  -0.0034104085   0.0064833477   0.0000041348  -0.0002896504
        0.0001958952  -0.0000614420   0.0000504876   0.0000732174   0.0000026468
        0.0000149998   0.0000504473  -0.0000144115   0.0000052253   0.0000588895
       -0.0000184160  -0.0000166078   0.0000156766
       -0.0010293538  -0.0004252970  -0.0029098276  -0.0025965249  -0.0098519286
       -0.0042876942  -0.0512122526  -0.0458097338  -0.0173273908   0.0014490324
        0.0265284440   0.0078599696  -0.0026673182   0.0012779536   0.0013730942
       -0.0010308908   0.0004947317  -0.0007487643  -0.0001670498   0.0007890192
       -0.0002522269   0.0001298790  -0.0000192604   0.0000511755   0.0000054744
       -0.0000585806   0.0000123441  -0.0000016663  -0.0000329501   0.0001131533
       -0.0000736982   0.0000649741   0.0000690054   0.0000089707  -0.0000065558
        0.0000328968   0.0006556294   0.0004182310  -0.0001153542  -0.0000395265
       -0.0001961098   0.0000248355   0.0001052930  -0.0005187163  -0.0004334327
        0.0002121955   0.0004505173  -0.0001836695  -0.0001235458   0.0001815436
       -0.0000477623  -0.0001430210  -0.0002115112  -0.0001515596   0.0004450823
       -0.0000955841   0.0002451045  -0.0051945227  -0.0212960506  -0.0047100787
        0.0616266695   0.0483572280   0.0213749696  -0.0001181489  -0.0000001816
       -0.0000562489  -0.0003100570   0.0000087660  -0.0000457199   0.0000117103
       -0.0000454278   0.0000055469   0.0000134864  -0.0000030745   0.0000479798
        0.0000441537  -0.0000004462   0.0000596543
        0.0000092900   0.0012968008   0.0003176308  -0.0009988538  -0.0010306144
       -0.0015119307  -0.0463852938  -0.2258390126  -0.0772074388   0.0033530949
       -0.0219989330  -0.0051579307   0.0022545982  -0.0010473699  -0.0014196033
        0.0006167566  -0.0002836921   0.0009225606  -0.0004360651  -0.0003630463
        0.0001404790   0.0000957379   0.0001005679  -0.0000352000  -0.0001301124
       -0.0000449365   0.0000419661  -0.0000131116   0.0001997093   0.0000081139
        0.0000968870  -0.0000839225   0.0000446660   0.0000060618  -0.0000121354
        0.0000057071  -0.0001387174   0.0005183173   0.0000811196  -0.0001890954
       -0.0003273809  -0.0000706829   0.0002288738   0.0002662747   0.0002197261
        0.0002753932   0.0005540880   0.0001025752  -0.0000621010   0.0002549674
        0.0002349459  -0.0001898574   0.0002672880   0.0001245582   0.0002641015
        0.0004910044   0.0002624715  -0.0072640411  -0.0177221685  -0.0034104085
        0.0483572280   0.2644544922   0.0868786400   0.0000899743   0.0003125162
       -0.0002783724   0.0002134706   0.0000162200  -0.0001160382  -0.0000220399
       -0.0000156876  -0.0001123602  -0.0000151592   0.0000024687  -0.0000788921
       -0.0000170199   0.0000341846   0.0000136979
       -0.0031946277  -0.0004786898  -0.0059838361  -0.0069441010  -0.0228785873
       -0.0118458605  -0.0160490718  -0.0754218918  -0.0737318315   0.0007500958
       -0.0024425773   0.0010679458   0.0000329991  -0.0001436021   0.0000101518
       -0.0003931637   0.0000857830  -0.0000304188   0.0000551423   0.0001692070
       -0.0000437660  -0.0000325396   0.0000620547   0.0000379607  -0.0000098087
       -0.0000374014  -0.0001343622  -0.0000059499  -0.0000136493  -0.0001771098
       -0.0000098192  -0.0000104219  -0.0000304001   0.0000485455   0.0000351557
        0.0000917998  -0.0002417212  -0.0000871778   0.0003893990   0.0000609594
        0.0004023904   0.0003157130  -0.0001625852  -0.0015119576  -0.0006459714
       -0.0000028071  -0.0002231222  -0.0005165771  -0.0002615176   0.0000916599
        0.0000163729  -0.0001142731  -0.0003071638   0.0001007631   0.0001379319
       -0.0007375700   0.0003829760   0.0050300141   0.0166247766   0.0064833477
        0.0213749696   0.0868786400   0.0840877178  -0.0000602853  -0.0001436628
        0.0000458274   0.0000217170   0.0000281525   0.0000175240   0.0000060328
        0.0000222459   0.0000043332  -0.0000125197   0.0000159621   0.0000085889
       -0.0000236168   0.0000214472   0.0000797123
       -0.0005866894  -0.0004364189  -0.0000609461  -0.0000312680   0.0003831574
        0.0001160588   0.0005856494   0.0005072713  -0.0003296616   0.0002792535
       -0.0031590834   0.0005178456  -0.2107722555  -0.1159953947   0.0485356163
       -0.0170705019  -0.0119298577   0.0049118774  -0.0040591246   0.0007139541
        0.0009658153  -0.0005820758  -0.0007026368   0.0002996609  -0.0000737708
        0.0001399696  -0.0000275756   0.0000941688   0.0001238575  -0.0000193108
        0.0001536048  -0.0002841488   0.0000224105  -0.0003508206   0.0002121174
       -0.0000179381   0.0024029062   0.0032238481  -0.0000221705   0.0017802395
       -0.0001460739   0.0009802868   0.0000948752   0.0001634925  -0.0001531190
        0.0006887275   0.0008644932  -0.0008937631   0.0003092843   0.0000079752
        0.0003510056  -0.0000822743   0.0000577036  -0.0001468458  -0.0000587059
       -0.0000777710   0.0000458945   0.0001801946   0.0005988146   0.0000041348
       -0.0001181489   0.0000899743  -0.0000602853   0.2267460395   0.1261979219
       -0.0548976658   0.0004811513  -0.0004700286  -0.0001027380  -0.0000529775
       -0.0000833711   0.0000167516   0.0000488504  -0.0000359609  -0.0000091118
       -0.0000063320   0.0000361951  -0.0000262267
       -0.0003509128  -0.0003684346  -0.0000659257  -0.0000085158  -0.0000963118
        0.0001212942  -0.0007397837   0.0006443031  -0.0001110382  -0.0206021186
       -0.0188090724   0.0070696027  -0.1176918103  -0.1208320494   0.0340484878
        0.0076049507   0.0065404833  -0.0023888846   0.0034083244  -0.0005838959
        0.0001692177   0.0001355754   0.0002980996  -0.0000473626  -0.0000640445
        0.0001155599   0.0000426636   0.0000095301   0.0002214062   0.0000593539
        0.0002265112  -0.0001534915  -0.0000132193   0.0002085253  -0.0000336276
       -0.0001422759  -0.0007494524  -0.0033865631   0.0018537169   0.0004295440
       -0.0021396907   0.0003270746   0.0000226574   0.0001527705  -0.0000785189
        0.0009706033   0.0008992531   0.0001910643  -0.0000545109   0.0000715220
        0.0004968353  -0.0000500718   0.0000309678  -0.0000849676  -0.0000388173
       -0.0000267119  -0.0001707975   0.0007190336  -0.0005577380  -0.0002896504
       -0.0000001816   0.0003125162  -0.0001436628   0.1261979219   0.1374036054
       -0.0405307797   0.0004079265   0.0002660035  -0.0002471290  -0.0000346110
        0.0000366678   0.0000084492   0.0000267061  -0.0000030700  -0.0000023600
        0.0000170207  -0.0000025016  -0.0000711881
        0.0001699960  -0.0002727661  -0.0002482524  -0.0001123265   0.0004164020
       -0.0001772294  -0.0006288903  -0.0003127098  -0.0013891836   0.0042947542
        0.0037395798  -0.0008922338   0.0486750982   0.0336551656  -0.0462635978
        0.0012791100   0.0006088324  -0.0005676050   0.0006640227   0.0007358393
        0.0029654267   0.0001153771   0.0001262319   0.0002707519   0.0000180091
       -0.0000496185   0.0000539895  -0.0000020065  -0.0000074087   0.0001427023
       -0.0000560904   0.0000502191  -0.0000280085  -0.0000099399  -0.0000666095
       -0.0001647205   0.0011558564   0.0015818200   0.0061101391   0.0004226860
        0.0001020163  -0.0020913730  -0.0000299000   0.0000989665  -0.0000289945
       -0.0008039427   0.0002332344   0.0002545281   0.0000239813   0.0003721492
       -0.0004644456  -0.0000053646   0.0000010244   0.0000149511  -0.0000414155
       -0.0000742226  -0.0000000059   0.0001013469   0.0000153958   0.0001958952
       -0.0000562489  -0.0002783724   0.0000458274  -0.0548976658  -0.0405307797
        0.0430875199  -0.0002730935  -0.0001096543  -0.0007149944   0.0000073406
        0.0000003366  -0.0000118368  -0.0000100878  -0.0000046978  -0.0000082018
       -0.0000006059  -0.0000303738  -0.0000910480
       -0.0000635720  -0.0000632450  -0.0000288110  -0.0000855273   0.0001072970
        0.0000779261  -0.0001084274   0.0013808245  -0.0001417952  -0.0044148611
        0.0033610201   0.0005355384  -0.0038559414   0.0232699077  -0.0038930371
       -0.0520760268   0.0528622865  -0.0062303063   0.0034297863  -0.0175797485
        0.0027065511   0.0006377817  -0.0002462273  -0.0003144801  -0.0009803310
       -0.0009438884   0.0003658874  -0.0001314376   0.0001730133  -0.0000081880
        0.0001332733   0.0000692075  -0.0000456942   0.0001241322   0.0001534745
       -0.0000838692  -0.0014387244  -0.0034265854   0.0020544174  -0.0000867089
       -0.0002420090   0.0000293543   0.0000046263   0.0000496844   0.0000003880
        0.0001774354   0.0001165220  -0.0000114188  -0.0000120323   0.0000530417
        0.0000940804   0.0000028841  -0.0000013535  -0.0000448822   0.0000005616
       -0.0000130393  -0.0000213170   0.0001474819   0.0000179890  -0.0000614420
       -0.0003100570   0.0002134706   0.0000217170   0.0004811513   0.0004079265
       -0.0002730935   0.0603743004  -0.0605527158   0.0050984975  -0.0019636010
        0.0008062175   0.0002054582   0.0000118683  -0.0000058891  -0.0000103234
        0.0000019654   0.0000328185  -0.0000211580
        0.0000391602   0.0000371269  -0.0000327495  -0.0000274719  -0.0001381508
       -0.0001266498   0.0000184788  -0.0003192959   0.0001141304   0.0007582900
       -0.0011710282   0.0007792888   0.0017415424  -0.0089204931   0.0014299490
        0.0547400987  -0.2859588222   0.0394452786   0.0024245635  -0.0213621453
        0.0035954522   0.0004173368  -0.0002822723  -0.0002965230   0.0005180539
        0.0000543351  -0.0000305990  -0.0001338537   0.0001567743   0.0000462606
        0.0003456072   0.0000497738  -0.0000652818   0.0000590119  -0.0001695977
       -0.0000596610  -0.0000049065  -0.0025805420   0.0017354651  -0.0000537888
        0.0001126019  -0.0001708130  -0.0000215930   0.0000508215  -0.0000248463
       -0.0000193198   0.0000279716   0.0001690519  -0.0000189722  -0.0000965556
       -0.0000363214   0.0000308045   0.0000463211   0.0000477864  -0.0000235373
        0.0000356503  -0.0000411552  -0.0000584049  -0.0000012812   0.0000504876
        0.0000087660   0.0000162200   0.0000281525  -0.0004700286   0.0002660035
       -0.0001096543  -0.0605527158   0.3191576533  -0.0462431442   0.0001706860
        0.0009373342  -0.0001242008   0.0000799999   0.0000325251  -0.0000297632
        0.0000321926   0.0000190716  -0.0000499405
       -0.0000210739  -0.0002171850  -0.0001229269   0.0001219042  -0.0000701703
       -0.0000552673  -0.0000636721   0.0000443421   0.0002878880   0.0011616320
        0.0003792495   0.0030178102   0.0003520699  -0.0023975393   0.0002341631
       -0.0066367271   0.0397882133  -0.0362457503  -0.0010611036   0.0068513096
       -0.0015084085  -0.0004113419  -0.0001950872  -0.0013769967   0.0000532914
        0.0001619088   0.0001292041   0.0000300678  -0.0000234770   0.0000542157
       -0.0000581999  -0.0000320347   0.0000280429  -0.0000848901  -0.0000204397
       -0.0001477877   0.0013691434   0.0022231282   0.0058935518   0.0000085036
       -0.0002961901  -0.0004019244  -0.0000012134   0.0001882963  -0.0000140918
       -0.0000068877   0.0003411668   0.0003099252  -0.0000333169   0.0001600358
       -0.0000110681   0.0000349069   0.0000310765   0.0001496217  -0.0000024227
        0.0000124004   0.0000873810  -0.0000222791  -0.0000626815   0.0000732174
       -0.0000457199  -0.0001160382   0.0000175240  -0.0001027380  -0.0002471290
       -0.0007149944   0.0050984975  -0.0462431442   0.0299908675   0.0003426916
       -0.0002313424   0.0004344595  -0.0000172428  -0.0000139428  -0.0000523542
       -0.0000038791  -0.0000147259  -0.0000563014
       -0.0000042554   0.0000170955   0.0000085213  -0.0000316985  -0.0000110739
       -0.0000110087  -0.0000156280  -0.0000350482  -0.0000002371   0.0000360046
       -0.0000917043   0.0000265082  -0.0000732097  -0.0000913676   0.0000226923
       -0.0007521095   0.0012087188  -0.0000830240   0.0004779098  -0.0001399506
       -0.0002938965   0.0055453941   0.0094039977  -0.0029654462  -0.0994197291
       -0.1030884389   0.0334095152  -0.0110543966  -0.0223430081   0.0064269991
       -0.0053232722  -0.0018306776   0.0018316976  -0.0006926111   0.0033034603
        0.0005924647   0.0000059805  -0.0001871481   0.0000120382  -0.0000415826
        0.0000613583  -0.0000202833   0.0000053764   0.0000249965  -0.0000143998
        0.0000627321  -0.0000323404   0.0000037861  -0.0000221157   0.0000106923
       -0.0000182313   0.0000362913   0.0000138599   0.0000052440   0.0000209298
        0.0000155782   0.0000011916   0.0000078079   0.0000087388   0.0000026468
        0.0000117103  -0.0000220399   0.0000060328  -0.0000529775  -0.0000346110
        0.0000073406  -0.0019636010   0.0001706860   0.0003426916   0.1131955626
        0.1153216405  -0.0395513616   0.0004593478  -0.0003733272  -0.0001496839
       -0.0004178603  -0.0012800871   0.0004082021
       -0.0000151867  -0.0000223532  -0.0000137483  -0.0000951715  -0.0000392581
       -0.0000556907  -0.0000383491   0.0000848593   0.0000111451  -0.0002230371
        0.0002208083   0.0000361980   0.0003061385   0.0001353035  -0.0000341619
       -0.0002018176  -0.0002751598   0.0001154407  -0.0008225624  -0.0000466616
       -0.0001385718  -0.0108362267  -0.0236395865   0.0066372326  -0.1046987578
       -0.2266190756   0.0588039629  -0.0002579034  -0.0005611352   0.0001070592
        0.0010639037  -0.0003960893   0.0005598790  -0.0004108466  -0.0038562416
        0.0022156670  -0.0001826524  -0.0000591855  -0.0000308089  -0.0001409838
       -0.0000297737  -0.0000903260  -0.0000018937   0.0000418543  -0.0000103401
        0.0000926379   0.0000038147   0.0000674068   0.0000187517  -0.0000208123
        0.0000187129   0.0000099952  -0.0000006483   0.0000255228   0.0000121131
        0.0000042717   0.0000158782   0.0000143242  -0.0000314863   0.0000149998
       -0.0000454278  -0.0000156876   0.0000222459  -0.0000833711   0.0000366678
        0.0000003366   0.0008062175   0.0009373342  -0.0002313424   0.1153216405
        0.2537059218  -0.0677765392   0.0002754830   0.0003818845  -0.0003101685
        0.0001329824   0.0000604344   0.0000400104
        0.0000350054  -0.0002024654  -0.0001135160   0.0000267396  -0.0000515463
       -0.0001513734  -0.0000344741   0.0001272909  -0.0000349042   0.0000236392
       -0.0000359771   0.0001323735  -0.0000528917  -0.0000776196   0.0001266574
        0.0001876344  -0.0000892360   0.0001089430  -0.0002142163  -0.0002524247
       -0.0013136557   0.0012114888   0.0030938249  -0.0012402755   0.0338321480
        0.0586360678  -0.0471135827   0.0018441555   0.0038917673  -0.0014208323
        0.0012029778   0.0010788826   0.0027505618   0.0013701879   0.0015317655
        0.0060278111   0.0000667996  -0.0000550863  -0.0002107225   0.0000495179
       -0.0002949097  -0.0003254418  -0.0000066318   0.0001738267  -0.0000239123
       -0.0000551265   0.0003407355   0.0002047737  -0.0000060659   0.0001327541
       -0.0000312175   0.0000026008   0.0000333215   0.0000911367   0.0000095890
        0.0000066763   0.0000658748   0.0000030918  -0.0000776500   0.0000504473
        0.0000055469  -0.0001123602   0.0000043332   0.0000167516   0.0000084492
       -0.0000118368   0.0002054582  -0.0001242008   0.0004344595  -0.0395513616
       -0.0677765392   0.0424868042  -0.0002876465  -0.0001935847  -0.0007887343
        0.0001150818   0.0002882377   0.0002958287
       -0.0000543157   0.0000059754  -0.0000160864  -0.0000290779   0.0000264566
        0.0000231198  -0.0000256992  -0.0000275913   0.0000126382  -0.0000379954
        0.0000907520  -0.0000131933   0.0000001405   0.0000914145  -0.0000257088
        0.0000433904   0.0000667756  -0.0000277618  -0.0001756527   0.0009868064
       -0.0000976150  -0.0054338616   0.0012932957   0.0012488013  -0.0143707403
        0.0209731703  -0.0019305692  -0.1353382953   0.1229545646  -0.0072242239
        0.0048342510  -0.0059447025   0.0003431439   0.0002438556  -0.0023044209
        0.0016673241  -0.0004422122  -0.0000500007   0.0000661368  -0.0001190850
        0.0000135358   0.0000199796   0.0000086031   0.0000224805   0.0000111148
        0.0000915698  -0.0000003739  -0.0000224610   0.0000090740   0.0000108824
        0.0000369389   0.0000200355   0.0000070838  -0.0000100679   0.0000262021
       -0.0000016858   0.0000161601   0.0000185804   0.0000255345  -0.0000144115
        0.0000134864  -0.0000151592  -0.0000125197   0.0000488504   0.0000267061
       -0.0000100878   0.0000118683   0.0000799999  -0.0000172428   0.0004593478
        0.0002754830  -0.0002876465   0.1497298204  -0.1381429465   0.0065567923
        0.0004678597  -0.0004640362  -0.0002925540
        0.0000020048   0.0000664574   0.0000145792  -0.0000977523  -0.0000214711
       -0.0000034288   0.0000063029   0.0000017178  -0.0000180135  -0.0000269884
        0.0000190789   0.0000160610   0.0001756164   0.0001416952  -0.0000334519
       -0.0000167160  -0.0001898385   0.0000181158  -0.0000216148   0.0000429561
        0.0000916788  -0.0014151836  -0.0003129022   0.0009873502  -0.0008068330
        0.0013774304  -0.0002637971   0.1244171273  -0.2047903051   0.0140543306
        0.0153040942  -0.0237666037   0.0021681231   0.0010353219  -0.0041179363
        0.0021464302  -0.0002686192   0.0001942189   0.0000129786  -0.0000973692
        0.0001451036  -0.0000007987  -0.0000186971   0.0000287483  -0.0000052695
        0.0000961846  -0.0001155106  -0.0000089279  -0.0000390153  -0.0000378020
       -0.0000200053   0.0000674011   0.0000204241   0.0000032167   0.0000315653
        0.0000327118  -0.0000136344   0.0000498112   0.0000100483   0.0000052253
       -0.0000030745   0.0000024687   0.0000159621  -0.0000359609  -0.0000030700
       -0.0000046978  -0.0000058891   0.0000325251  -0.0000139428  -0.0003733272
        0.0003818845  -0.0001935847  -0.1381429465   0.2305102529  -0.0184923084
        0.0001845577   0.0003477173  -0.0004621910
        0.0001020566  -0.0001287957  -0.0000428925   0.0000386717  -0.0000358213
       -0.0000966028  -0.0000704610   0.0000779729  -0.0000517416   0.0000302165
       -0.0000146830   0.0000850951  -0.0000139031  -0.0000508697   0.0001601920
       -0.0000024745   0.0000113837  -0.0000447838   0.0001041632  -0.0000862152
        0.0004497371   0.0017949529   0.0005357095   0.0029013917   0.0025400885
       -0.0040419490  -0.0001683802  -0.0075129290   0.0143803707  -0.0328732502
       -0.0040190728   0.0058132194  -0.0006968337   0.0010016534   0.0026735053
        0.0064115981   0.0001254674  -0.0000756835  -0.0000957896   0.0001341815
       -0.0001970414  -0.0001454238  -0.0000725912   0.0001219735   0.0000191575
       -0.0001654387   0.0002256987   0.0000982777  -0.0000445846   0.0000810305
       -0.0000293795  -0.0000165593   0.0000275796   0.0000869180   0.0000043849
        0.0000112722   0.0000686544   0.0000300704  -0.0000580007   0.0000588895
        0.0000479798  -0.0000788921   0.0000085889  -0.0000091118  -0.0000023600
       -0.0000082018  -0.0000103234  -0.0000297632  -0.0000523542  -0.0001496839
       -0.0003101685  -0.0007887343   0.0065567923  -0.0184923084   0.0264002608
       -0.0004235458  -0.0003571642  -0.0016543928
       -0.0000041840   0.0000244585  -0.0000075365   0.0000418566   0.0000312887
        0.0000055293  -0.0000432305   0.0000122589   0.0000249671   0.0000643336
        0.0000573397  -0.0000214850  -0.0001380775  -0.0000859885  -0.0000273074
       -0.0001207172   0.0001375029   0.0000173514  -0.0002081797  -0.0005112845
        0.0003325369  -0.0014621513   0.0013307543   0.0002008494  -0.0001788675
       -0.0010009327   0.0015169947  -0.0088612648  -0.0031777490   0.0018415398
       -0.2876788427  -0.0674371372   0.0595335581  -0.0137691190  -0.0035044754
        0.0026019321   0.0001092263  -0.0001547756   0.0000034048  -0.0000251013
        0.0000328079   0.0000252398   0.0000067042   0.0000263837   0.0000106813
        0.0000037426   0.0000348161  -0.0000312030   0.0000039106   0.0000313086
        0.0000220872   0.0000176029   0.0000203847  -0.0000071400   0.0000267680
       -0.0000011623   0.0000244844   0.0000158485   0.0000339415  -0.0000184160
        0.0000441537  -0.0000170199  -0.0000236168  -0.0000063320   0.0000170207
       -0.0000006059   0.0000019654   0.0000321926  -0.0000038791  -0.0004178603
        0.0001329824   0.0001150818   0.0004678597   0.0001845577  -0.0004235458
        0.3121099555   0.0737505262  -0.0657115024
       -0.0000254019   0.0001365626   0.0000195130  -0.0001014803   0.0000303649
        0.0000707932   0.0000116874  -0.0000358374   0.0000314276  -0.0000192486
       -0.0000222284  -0.0000284249   0.0002517438   0.0002424926  -0.0001795947
        0.0001523271  -0.0002055710  -0.0000140503   0.0006033165   0.0005241556
        0.0000385679   0.0026792824  -0.0028379745   0.0003867782  -0.0022339022
       -0.0044259885   0.0027993080  -0.0248290601  -0.0059019024   0.0050307797
       -0.0617904532  -0.0535983061   0.0169150939   0.0133818401   0.0029385086
       -0.0034275940  -0.0002688591   0.0002407476   0.0000819198  -0.0001548564
        0.0002144332   0.0000829644  -0.0000111153   0.0000014334   0.0000139602
        0.0001215753  -0.0002034033  -0.0001129549  -0.0000198461  -0.0000549739
        0.0000001932   0.0000735244   0.0000174707  -0.0000261904   0.0000424272
        0.0000408700  -0.0000155191   0.0000615287   0.0000381018  -0.0000166078
       -0.0000004462   0.0000341846   0.0000214472   0.0000361951  -0.0000025016
       -0.0000303738   0.0000328185   0.0000190716  -0.0000147259  -0.0012800871
        0.0000604344   0.0002882377  -0.0004640362   0.0003477173  -0.0003571642
        0.0737505262   0.0624021380  -0.0215577841
        0.0001792878   0.0001825155   0.0000710729   0.0000728538   0.0000684067
        0.0001429480  -0.0000952251  -0.0001044576   0.0001316209   0.0000021558
       -0.0000241688  -0.0000246593  -0.0000257346  -0.0000976822  -0.0003558787
        0.0000015055  -0.0000255055  -0.0000376559   0.0001169557   0.0001885624
        0.0011377065  -0.0000721116   0.0006024097   0.0012004375   0.0017732645
        0.0026234611   0.0065700932   0.0062772073   0.0013262459  -0.0034528405
        0.0583673218   0.0178968102  -0.0366239085  -0.0008283714  -0.0005545041
       -0.0024139653   0.0000298792   0.0000167835   0.0001806155   0.0002070686
        0.0001088154   0.0001511973  -0.0001119760   0.0000069699   0.0000449149
       -0.0002609343  -0.0001892753  -0.0002845038  -0.0000706455   0.0000135382
       -0.0000371020  -0.0000238160   0.0000043350   0.0000308851   0.0000131034
        0.0000666227   0.0000730206   0.0000317958  -0.0000224873   0.0000156766
        0.0000596543   0.0000136979   0.0000797123  -0.0000262267  -0.0000711881
       -0.0000910480  -0.0000211580  -0.0000499405  -0.0000563014   0.0004082021
        0.0000400104   0.0002958287  -0.0002925540  -0.0004621910  -0.0016543928
       -0.0657115024  -0.0215577841   0.0349065262
