   16
         18          1         18
         17         19         35
         10         36         45
          5         46         50
         16         51         66
          2         67         68
          9         69         77
          2         78         79
          1         80         80
          2         81         82
          1         83         83
          5         84         88
          2         89         90
          2         91         92
          1         93         93
          1         94         94
