$hessian                                                                        
        0.5760519429   0.0193765290  -0.0255087259  -0.0729041499   0.0135042039
       -0.0110598586   0.0016940287  -0.0010841042   0.0009989779  -0.0000675015
       -0.0002968046   0.0000868670  -0.0001110328  -0.0015432343   0.0002424233
        0.0019331192   0.0092396087  -0.0069084727  -0.0036593823  -0.0009324150
        0.0039645998  -0.0195608926  -0.0136251440  -0.0007959526  -0.0520121245
       -0.0421161013  -0.0203538060  -0.1488089185   0.0110609626   0.1395140019
       -0.2813440986  -0.0020154686  -0.0718562572  -0.0057929176   0.0236178529
       -0.0214245729   0.0029654783  -0.0144748788   0.0135874212   0.0002851806
        0.0001599019  -0.0005541907   0.0004382342  -0.0005645852   0.0000591130
       -0.0003210661  -0.0002117006   0.0003119272   0.0001557291  -0.0000560493
        0.0000548938   0.0002309209   0.0000284134  -0.0001483504   0.0000476640
        0.0002758451  -0.0000284255   0.0007797866  -0.0003428314  -0.0001816125
        0.0193765290   0.5220332729   0.0618676841   0.0159644048  -0.1226324717
        0.0540018275   0.0030300301  -0.0327961888   0.0178627767   0.0007910898
        0.0019321760   0.0001808365  -0.0000501722   0.0006692854  -0.0004345997
        0.0003348700  -0.0025529632   0.0004372849  -0.0003027854   0.0006107696
        0.0001685094  -0.0028277314   0.0026801278  -0.0006315115  -0.0451948474
       -0.2663835796  -0.1183458031   0.0136632133  -0.0480604401  -0.0180997299
       -0.0064831306  -0.0404663636  -0.0046488964   0.0035028087  -0.0054766727
        0.0055476579  -0.0007591289  -0.0038994196   0.0050290843  -0.0005146191
        0.0014413515   0.0006489057  -0.0003866562  -0.0061027562  -0.0039004745
       -0.0004608418  -0.0007216678  -0.0001150214   0.0003052088   0.0001614571
        0.0004274190   0.0000396959  -0.0000221751   0.0001015761   0.0001262571
       -0.0001451039  -0.0000920113  -0.0001541944  -0.0002686380  -0.0000055145
       -0.0255087259   0.0618676841   0.5442852464  -0.0121151237   0.0467849993
       -0.1180885064   0.0025763222  -0.0032406487   0.0082150223  -0.0004300591
       -0.0001016814  -0.0000466463   0.0001750662  -0.0006482134  -0.0001725116
        0.0006690630   0.0028114926  -0.0029103173  -0.0011996602  -0.0000709188
        0.0013173793  -0.0043605659  -0.0035494836   0.0032236484  -0.0224312824
       -0.1189406744  -0.1085433640   0.1418064489  -0.0154829574  -0.2322583828
       -0.0714599657  -0.0027017831  -0.0634305495  -0.0051642139   0.0149554378
       -0.0124448846  -0.0024411636   0.0221272020  -0.0211979232  -0.0003679177
       -0.0006975762   0.0010034379  -0.0000535357  -0.0022890873   0.0006166269
        0.0002057134  -0.0004065862   0.0006135274   0.0001208971  -0.0002212204
        0.0001956708   0.0000626162   0.0000249881  -0.0000620571  -0.0001706577
       -0.0000452926   0.0000380510   0.0000867446  -0.0001756804  -0.0003534675
       -0.0729041499   0.0159644048  -0.0121151237   0.5264843380  -0.0009630777
       -0.0087160716  -0.0680951861  -0.0081772904  -0.0032524556  -0.0025740917
       -0.0219260741  -0.0119072941   0.0008164877  -0.0000999368   0.0004983487
       -0.0000453113  -0.0007003492   0.0000823909  -0.0001414970   0.0000359344
        0.0003805365  -0.0001154164   0.0002341693   0.0000229114   0.0009342606
       -0.0026251877   0.0026222795   0.0035018280  -0.0126710391   0.0096613181
       -0.0037969018   0.0187762394  -0.0158418618  -0.2330387961  -0.0214231364
       -0.0796658786  -0.1473581317   0.0135816136   0.1094201765   0.0001071329
        0.0202515376   0.0107081118  -0.0000197134   0.0013589543   0.0006675950
        0.0004958060  -0.0000225044   0.0003839248  -0.0040507323  -0.0012929991
       -0.0033420611   0.0000107858   0.0000961596   0.0000944889  -0.0001721586
       -0.0002457747  -0.0000192051  -0.0000385527  -0.0001516433   0.0003178695
        0.0135042039  -0.1226324717   0.0467849993  -0.0009630777   0.4083171585
        0.0244217265  -0.0035028858  -0.1454784541  -0.0540194167  -0.0085341297
       -0.0085268319  -0.0059867014   0.0007322016  -0.0005061400   0.0005050161
        0.0009212343   0.0029112544  -0.0013437533  -0.0004732669  -0.0002246925
        0.0004358672  -0.0026449872  -0.0027914886  -0.0000534105   0.0032446183
       -0.0203590768   0.0129866792  -0.0038629823   0.0021078709   0.0031488021
        0.0073854478  -0.0003175101   0.0042639833  -0.0156995986  -0.0414901394
       -0.0078077589   0.0083338746  -0.0405637487  -0.0124193060   0.0018175680
       -0.0096744516  -0.0062371720   0.0005006366  -0.0213737640  -0.0055926472
        0.0006105208   0.0000631992   0.0012217904  -0.0013733538   0.0002340367
       -0.0004262451   0.0001185004  -0.0000133883   0.0000795963  -0.0002699638
        0.0002863252   0.0002590549   0.0001554394   0.0000323126  -0.0002211043
       -0.0110598586   0.0540018275  -0.1180885064  -0.0087160716   0.0244217265
        0.4957993736  -0.0021664600  -0.0532421644  -0.0944770529  -0.0031959786
       -0.0137684525  -0.0079432355   0.0001477182   0.0007313780   0.0000256872
       -0.0008961460  -0.0020924552   0.0014614161   0.0006819456   0.0002396501
       -0.0004157849   0.0020834131   0.0017189030  -0.0005171919   0.0022382963
       -0.0060823526   0.0083278144  -0.0007713378   0.0171066269  -0.0172363011
       -0.0076057299   0.0082303663  -0.0082855690  -0.0829387977  -0.0098068273
       -0.0818592832   0.1130421331  -0.0155507535  -0.1683017377   0.0015640683
       -0.0220572689  -0.0128797726   0.0003527291   0.0164994778   0.0059504094
        0.0001011862  -0.0001790083  -0.0002233964  -0.0031534805  -0.0005810551
       -0.0013143845   0.0001021775  -0.0000001203   0.0000424660   0.0002822178
        0.0004164627  -0.0000438424  -0.0000920242  -0.0000059609  -0.0000211080
        0.0016940287   0.0030300301   0.0025763222  -0.0680951861  -0.0035028858
       -0.0021664600   0.4727526730  -0.0137984268  -0.0242554425  -0.1460690887
       -0.0124954794  -0.0530977156  -0.0254882772  -0.0042565121  -0.0071033665
       -0.0020086922  -0.0008508676   0.0005442407   0.0000723894   0.0005679341
       -0.0000782405   0.0003729669  -0.0000611482  -0.0002628781   0.0001747649
        0.0008129642  -0.0004895006   0.0004210674  -0.0004236817  -0.0003066358
       -0.0001243546   0.0004085519   0.0002872771  -0.0039136565  -0.0223248708
       -0.0132258524   0.0016856548   0.0172761747   0.0107999537  -0.1756804384
        0.0200238867   0.1075582900  -0.0451517321   0.0163871259  -0.0120632527
       -0.0060931895   0.0007139039  -0.0060775755  -0.0024476426  -0.0019911556
       -0.0027638393  -0.0032549883   0.0005865522   0.0014526352   0.0012732699
       -0.0001029693  -0.0013586481  -0.0001195688   0.0000008735   0.0000306886
       -0.0010841042  -0.0327961888  -0.0032406487  -0.0081772904  -0.1454784541
       -0.0532421644  -0.0137984268   0.4717082917  -0.0244030862  -0.0085495685
       -0.0653111913  -0.0067893202  -0.0005181367  -0.0000354585   0.0020641839
        0.0008102100  -0.0004842603   0.0000543193   0.0001294231  -0.0001730190
       -0.0000730844  -0.0003767447   0.0000181599  -0.0005026791   0.0009807787
       -0.0033085816   0.0032791195   0.0000442073   0.0012196772   0.0000523918
       -0.0000958409   0.0000234306   0.0004465916  -0.0029965724  -0.0061791202
       -0.0047884756   0.0026848666  -0.0073369338  -0.0059318494   0.0210046950
       -0.0476835773  -0.0149018876   0.0159233328  -0.1614825817   0.1128645444
        0.0157483317   0.0033112271   0.0113341188  -0.0208447502  -0.0065679875
       -0.0162364537  -0.0006147082   0.0003191439   0.0002128372  -0.0003305128
        0.0003521776  -0.0002992349   0.0000608107  -0.0001147539   0.0001007775
        0.0009989779   0.0178627767   0.0082150223  -0.0032524556  -0.0540194167
       -0.0944770529  -0.0242554425  -0.0244030862   0.4999364765  -0.0504036770
       -0.0068712868  -0.0984516322   0.0109305096   0.0018920211   0.0084294280
        0.0008561521   0.0014914850  -0.0007147296   0.0003912021  -0.0006648362
       -0.0000112717  -0.0004781876  -0.0006053700   0.0001535864  -0.0007811011
        0.0039425532  -0.0020696521  -0.0002470246   0.0004104151   0.0014041624
        0.0009864209   0.0002523124   0.0003889466  -0.0026455880  -0.0115313146
       -0.0061351696   0.0004081764  -0.0198613840  -0.0117881041   0.1088514501
       -0.0140855920  -0.1317851320  -0.0130770010   0.1120420470  -0.1495289253
       -0.0208635984  -0.0023070935  -0.0153613345  -0.0107626319  -0.0037597694
       -0.0080344575   0.0024851114   0.0001347824  -0.0009943455   0.0008142129
        0.0001175762   0.0010810496   0.0000444944  -0.0000368198  -0.0002568645
       -0.0000675015   0.0007910898  -0.0004300591  -0.0025740917  -0.0085341297
       -0.0031959786  -0.1460690887  -0.0085495685  -0.0504036770   0.4380974444
       -0.0161994332   0.0079912541  -0.1377927183   0.0026362185   0.0488387415
       -0.0149287764   0.0113710592   0.0056850414  -0.0009223803   0.0026454234
        0.0004130061  -0.0020948619  -0.0032903101   0.0018875206   0.0001756525
        0.0002684007   0.0000901375   0.0001716082  -0.0000113437   0.0000750042
        0.0004459360   0.0000935798  -0.0000065063   0.0006826456   0.0002562720
        0.0001131400   0.0003380945   0.0003092942   0.0003226108  -0.0249834872
       -0.0021458733  -0.0102989411  -0.0066837976   0.0009400897  -0.0065673513
       -0.0436489204   0.0094850511  -0.0113257875  -0.0420741064   0.0106823848
        0.0045725174  -0.0183969406  -0.0003979925   0.0104521205   0.0009933797
       -0.0004747850   0.0015905361  -0.0006680900   0.0001245729   0.0001966706
       -0.0002968046   0.0019321760  -0.0001016814  -0.0219260741  -0.0085268319
       -0.0137684525  -0.0124954794  -0.0653111913  -0.0068712868  -0.0161994332
        0.5094953585  -0.0064888804   0.0052309445  -0.0663432974  -0.0023811094
        0.0181305369  -0.0030602398  -0.0123582788   0.0048155437  -0.0045672974
        0.0004188676   0.0038945038  -0.0004619048  -0.0022693553   0.0000711532
        0.0004551525   0.0000206526   0.0001139271  -0.0001303808  -0.0001759869
        0.0002602237   0.0001270568  -0.0002857961  -0.0008954591  -0.0043368984
       -0.0027451846  -0.0001138633   0.0004388635   0.0005560632   0.0009244190
        0.0006440360   0.0008831169   0.0160940513   0.0020945253   0.0099128527
        0.0085082936  -0.1363395467   0.1085604531   0.0104588562  -0.2273876496
       -0.0843573557  -0.0138793173   0.0003455978   0.0085711605  -0.0040141745
        0.0010303702   0.0029906878   0.0013181525  -0.0000978987  -0.0001104866
        0.0000868670   0.0001808365  -0.0000466463  -0.0119072941  -0.0059867014
       -0.0079432355  -0.0530977156  -0.0067893202  -0.0984516322   0.0079912541
       -0.0064888804   0.4826671607   0.0506199973  -0.0001790317  -0.1005509997
        0.0013844916  -0.0073136227   0.0010212581  -0.0001769839   0.0011205692
        0.0008285550   0.0006905008   0.0023083887  -0.0009639040  -0.0000256734
        0.0002533771   0.0000122124   0.0003293253   0.0000676217  -0.0000517229
       -0.0003757729   0.0006432968   0.0007170960  -0.0002144639  -0.0023191451
       -0.0006228649  -0.0000918664   0.0001391457   0.0000168521   0.0133185342
        0.0014199362   0.0070603783  -0.0211403336  -0.0001948724  -0.0146034717
       -0.0111318137   0.1086293948  -0.1709894486   0.0038342697  -0.0844115669
       -0.0837344029  -0.0030221445  -0.0004562132   0.0029733086   0.0228935740
       -0.0008286474  -0.0178026591   0.0000352480   0.0002054347   0.0004641665
       -0.0001110328  -0.0000501722   0.0001750662   0.0008164877   0.0007322016
        0.0001477182  -0.0254882772  -0.0005181367   0.0109305096  -0.1377927183
        0.0052309445   0.0506199973   0.4612926953   0.0254880815   0.0060009633
       -0.0893827454   0.0506071869  -0.0146725705  -0.0249071171   0.0289963794
        0.0019619567   0.0104596134  -0.0119326980   0.0133253066  -0.0001315406
        0.0002196932  -0.0000017788  -0.0002030038   0.0001569426  -0.0001244536
       -0.0003882464  -0.0000672867  -0.0001134452   0.0002128997   0.0002737046
       -0.0000013172   0.0000641964   0.0002205864   0.0000882447  -0.0042226088
       -0.0007268807  -0.0023179454   0.0013949277  -0.0003164128   0.0006315752
       -0.0019485812  -0.0030839172   0.0049900234  -0.0073702386   0.0016625934
        0.0057873632  -0.1314385918  -0.1070649474  -0.0389713890  -0.0476689452
        0.0087559625  -0.0421140969  -0.0031871732   0.0014161751   0.0036582721
       -0.0015432343   0.0006692854  -0.0006482134  -0.0000999368  -0.0005061400
        0.0007313780  -0.0042565121  -0.0000354585   0.0018920211   0.0026362185
       -0.0663432974  -0.0001790317   0.0254880815   0.4678128602  -0.0164633294
        0.0384396272  -0.1420597134   0.0108672910   0.0183860562  -0.0075518270
       -0.0047705765   0.0058637486  -0.0561835309   0.0265230317   0.0003076555
        0.0001292425  -0.0000200188   0.0002546568  -0.0002717909  -0.0001673303
        0.0036104667   0.0000821061   0.0005487318  -0.0000738883   0.0002218072
        0.0000186323  -0.0000804053   0.0000620774   0.0000243992  -0.0007708277
        0.0007450242  -0.0002148947   0.0001469671   0.0001930603  -0.0002681080
       -0.0138240657   0.0012795533   0.0110220376   0.0195780978  -0.0020973391
       -0.0155065478  -0.1025558585  -0.1589026300  -0.0486562629   0.0092820596
       -0.0388458456   0.0337306823  -0.0007889068   0.0016025560   0.0015361086
        0.0002424233  -0.0004345997  -0.0001725116   0.0004983487   0.0005050161
        0.0000256872  -0.0071033665   0.0020641839   0.0084294280   0.0488387415
       -0.0023811094  -0.1005509997   0.0060009633  -0.0164633294   0.4869798650
       -0.0066827262   0.0012757057  -0.0700317283   0.0058246548  -0.0095042874
        0.0056591090   0.0050157874   0.0365935937   0.0040801288  -0.0001489966
        0.0000704802  -0.0002505875  -0.0000896486  -0.0000230883  -0.0002484105
       -0.0008561158   0.0002347448  -0.0004661700  -0.0000283052   0.0000680710
        0.0001162533  -0.0002176738   0.0000239465   0.0001503954  -0.0029745775
       -0.0004179395  -0.0004477555  -0.0004944859  -0.0001586113   0.0009613255
        0.0199057385   0.0018114911  -0.0162531302   0.0111620047  -0.0016746078
       -0.0072278383  -0.0397791032  -0.0501993662  -0.0557878864  -0.0436342177
        0.0377910260  -0.2578159790   0.0045205551   0.0008186800   0.0028508048
        0.0019331192   0.0003348700   0.0006690630  -0.0000453113   0.0009212343
       -0.0008961460  -0.0020086922   0.0008102100   0.0008561521  -0.0149287764
        0.0181305369   0.0013844916  -0.0893827454   0.0384396272  -0.0066827262
        0.5170833421   0.0944992244  -0.1922250180  -0.2131977856   0.0241572993
        0.0626419092  -0.1726082830  -0.1815737940   0.1295299305  -0.0009046341
       -0.0009735233  -0.0005441373  -0.0015867261  -0.0003137029   0.0003685553
       -0.0069428731  -0.0054457537   0.0011645150   0.0004535031   0.0002939462
       -0.0002948378  -0.0003947113  -0.0003185352  -0.0013189278  -0.0004124418
        0.0001694445  -0.0005105389   0.0000155153   0.0001364142   0.0001211811
       -0.0011766375   0.0018027075   0.0013905807  -0.0025526435   0.0005649200
        0.0016031735   0.0094006425  -0.0161073756  -0.0006577313  -0.0004185724
        0.0086708665  -0.0029778898  -0.0223252884   0.0158013834   0.0063784013
        0.0092396087  -0.0025529632   0.0028114926  -0.0007003492   0.0029112544
       -0.0020924552  -0.0008508676  -0.0004842603   0.0014914850   0.0113710592
       -0.0030602398  -0.0073136227   0.0506071869  -0.1420597134   0.0012757057
        0.0944992244   0.7205788490  -0.2531401536   0.0058679400  -0.0941405029
        0.0109750593  -0.1897262055  -0.4416095985   0.2510234418  -0.0011779403
       -0.0005510710  -0.0006048305  -0.0006966724   0.0004274605   0.0002375198
       -0.0191078462  -0.0024622195  -0.0016798097   0.0001720382  -0.0004410667
        0.0000930868   0.0000141280   0.0010932210  -0.0001782184  -0.0009845206
       -0.0004754236  -0.0001420147   0.0005943963  -0.0004992243   0.0005056713
       -0.0012942800  -0.0003475566   0.0022982182   0.0003770065  -0.0013432479
        0.0005666143   0.0037646267  -0.0276899018   0.0046187255   0.0004025738
       -0.0071169626   0.0060024969   0.0376288931  -0.0001768329  -0.0167484125
       -0.0069084727   0.0004372849  -0.0029103173   0.0000823909  -0.0013437533
        0.0014614161   0.0005442407   0.0000543193  -0.0007147296   0.0056850414
       -0.0123582788   0.0010212581  -0.0146725705   0.0108672910  -0.0700317283
       -0.1922250180  -0.2531401536   0.3879559412   0.0724114643   0.0024262955
       -0.0967318218   0.1271167897   0.2373782537  -0.2219283141   0.0003571231
        0.0004227490   0.0001346342   0.0008575678  -0.0001523424  -0.0005848675
        0.0139378849   0.0034106392   0.0025348609  -0.0000472455   0.0001937723
       -0.0005274946  -0.0001685696   0.0000062511  -0.0001206588   0.0003656081
       -0.0001724906   0.0001058387  -0.0000714701   0.0002596572  -0.0002671798
        0.0024848352  -0.0009503762  -0.0011130403   0.0034944389  -0.0003031486
       -0.0017975431   0.0044942100  -0.0089146514   0.0028108255  -0.0143764510
        0.0278727485  -0.0075380356  -0.0033617975  -0.0059940666   0.0082409562
       -0.0036593823  -0.0003027854  -0.0011996602  -0.0001414970  -0.0004732669
        0.0006819456   0.0000723894   0.0001294231   0.0003912021  -0.0009223803
        0.0048155437  -0.0001769839  -0.0249071171   0.0183860562   0.0058246548
       -0.2131977856   0.0058679400   0.0724114643   0.3718632161  -0.1237271792
       -0.1034354493  -0.0567401267  -0.0324506212   0.0478473683   0.0002898465
        0.0005729175   0.0004098266   0.0008067460   0.0002712908  -0.0001787145
        0.0074081280   0.0021761771   0.0017973187  -0.0002312320   0.0000155658
        0.0001443161  -0.0000502907   0.0000721364   0.0003705517   0.0000061107
       -0.0002012202   0.0002346986   0.0000943075   0.0000211914   0.0000386717
        0.0011728219  -0.0012100796  -0.0010801867  -0.0007860280   0.0001275445
        0.0006071176  -0.0015202800   0.0002797747   0.0015930477  -0.0016326311
       -0.0010458843   0.0002295336  -0.0779248153   0.1266754757  -0.0265107228
       -0.0009324150   0.0006107696  -0.0000709188   0.0000359344  -0.0002246925
        0.0002396501   0.0005679341  -0.0001730190  -0.0006648362   0.0026454234
       -0.0045672974   0.0011205692   0.0289963794  -0.0075518270  -0.0095042874
        0.0241572993  -0.0941405029   0.0024262955  -0.1237271792   0.4376219846
       -0.1079174056  -0.0427038587   0.0071847951   0.0268625408  -0.0002107538
        0.0000866030   0.0002666577  -0.0002523944   0.0001928770   0.0001708205
        0.0012996500  -0.0000378313   0.0005786248  -0.0001323124   0.0002241715
        0.0000264918   0.0000332840  -0.0002164359   0.0000348627   0.0003826990
        0.0005634530  -0.0000351379   0.0002296165   0.0002030979  -0.0003614120
       -0.0002327168   0.0002696864   0.0002271262   0.0011820229   0.0002626172
       -0.0008572854   0.0007615365   0.0006486977  -0.0002189196   0.0010673286
       -0.0005311267  -0.0003965428   0.1068325222  -0.3404260203   0.0880731064
        0.0039645998   0.0001685094   0.0013173793   0.0003805365   0.0004358672
       -0.0004157849  -0.0000782405  -0.0000730844  -0.0000112717   0.0004130061
        0.0004188676   0.0008285550   0.0019619567  -0.0047705765   0.0056591090
        0.0626419092   0.0109750593  -0.0967318218  -0.1034354493  -0.1079174056
        0.1433189558   0.0576996175   0.0238563210  -0.0106550445  -0.0000241210
       -0.0002933309  -0.0001584365  -0.0000781854  -0.0001251737   0.0005143239
       -0.0071565906  -0.0015766933  -0.0011845423  -0.0002473313  -0.0000058426
        0.0005389467  -0.0002829837   0.0001185200   0.0000511900   0.0000529424
        0.0000822314   0.0005046056  -0.0001101285  -0.0000496047   0.0004468292
       -0.0000959629   0.0002935883   0.0004427993   0.0000892952  -0.0001303677
        0.0002526321  -0.0000479532   0.0008749115  -0.0007668219   0.0017540527
       -0.0001897027   0.0001628596  -0.0174009698   0.0779079064  -0.0441144621
       -0.0195608926  -0.0028277314  -0.0043605659  -0.0001154164  -0.0026449872
        0.0020834131   0.0003729669  -0.0003767447  -0.0004781876  -0.0020948619
        0.0038945038   0.0006905008   0.0104596134   0.0058637486   0.0050157874
       -0.1726082830  -0.1897262055   0.1271167897  -0.0567401267  -0.0427038587
        0.0576996175   0.2271622086   0.2173205270  -0.1809430397  -0.0001629076
        0.0014828343   0.0005247691   0.0006711924  -0.0003081353  -0.0016568604
        0.0112177796   0.0061754458   0.0007209246  -0.0000910367   0.0000992524
       -0.0001222649   0.0001820597  -0.0003959179   0.0006324854   0.0002473065
       -0.0003922124   0.0001673848  -0.0003920740  -0.0001070779  -0.0000810193
       -0.0007619593   0.0023722080  -0.0016813849   0.0000092013   0.0007748844
       -0.0007383967  -0.0006344620   0.0036073353  -0.0008008735  -0.0001032955
        0.0000012601  -0.0003492488   0.0029429872  -0.0021091288  -0.0034398305
       -0.0136251440   0.0026801278  -0.0035494836   0.0002341693  -0.0027914886
        0.0017189030  -0.0000611482   0.0000181599  -0.0006053700  -0.0032903101
       -0.0004619048   0.0023083887  -0.0119326980  -0.0561835309   0.0365935937
       -0.1815737940  -0.4416095985   0.2373782537  -0.0324506212   0.0071847951
        0.0238563210   0.2173205270   0.5057612236  -0.3003482774   0.0008186590
        0.0007113097   0.0004925359   0.0003651196  -0.0005851945  -0.0007630264
        0.0201111868  -0.0011179596   0.0026332187  -0.0002045445   0.0005335947
       -0.0002147576   0.0001433384  -0.0005380421   0.0002848037   0.0002785556
        0.0002016454   0.0000624814  -0.0002537275   0.0003253387  -0.0001073226
        0.0011358231  -0.0010336896  -0.0012530882  -0.0001711187   0.0003242418
        0.0007637189   0.0032866588  -0.0048785428   0.0009131236   0.0023701576
       -0.0055217322  -0.0000592624  -0.0025010891  -0.0030187532  -0.0001047541
       -0.0007959526  -0.0006315115   0.0032236484   0.0000229114  -0.0000534105
       -0.0005171919  -0.0002628781  -0.0005026791   0.0001535864   0.0018875206
       -0.0022693553  -0.0009639040   0.0133253066   0.0265230317   0.0040801288
        0.1295299305   0.2510234418  -0.2219283141   0.0478473683   0.0268625408
       -0.0106550445  -0.1809430397  -0.3003482774   0.2365545597  -0.0000312090
        0.0001293875   0.0001493355  -0.0009472457   0.0001922377  -0.0001474574
       -0.0036468069  -0.0006496366  -0.0062135774   0.0000556691  -0.0002206601
        0.0002012916   0.0000180478  -0.0003350611   0.0004062352  -0.0002438174
        0.0002177826  -0.0000798213   0.0003812094  -0.0002259663   0.0000023864
       -0.0010436514  -0.0008186754   0.0012852157   0.0000029620  -0.0001611226
       -0.0003478923  -0.0025894864   0.0039155477  -0.0013729302   0.0003212953
       -0.0020283507   0.0005816689  -0.0028881339  -0.0006192633  -0.0044119233
       -0.0520121245  -0.0451948474  -0.0224312824   0.0009342606   0.0032446183
        0.0022382963   0.0001747649   0.0009807787  -0.0007811011   0.0001756525
        0.0000711532  -0.0000256734  -0.0001315406   0.0003076555  -0.0001489966
       -0.0009046341  -0.0011779403   0.0003571231   0.0002898465  -0.0002107538
       -0.0000241210  -0.0001629076   0.0008186590  -0.0000312090   0.0525340958
        0.0483708262   0.0245489808   0.0042781010   0.0154628460   0.0101154580
       -0.0054925579  -0.0234104284  -0.0141299137   0.0001536951   0.0011514544
       -0.0000864304   0.0001440600  -0.0004869205   0.0001434299  -0.0000397628
        0.0000367699   0.0000576017   0.0002371363   0.0003464718   0.0000520456
       -0.0000562457  -0.0001700219   0.0000463428   0.0000741391  -0.0000118397
        0.0000809880   0.0000280866  -0.0000175768   0.0000535590   0.0000056366
       -0.0000387904   0.0000068022  -0.0002297017  -0.0000721137  -0.0000418997
       -0.0421161013  -0.2663835796  -0.1189406744  -0.0026251877  -0.0203590768
       -0.0060823526   0.0008129642  -0.0033085816   0.0039425532   0.0002684007
        0.0004551525   0.0002533771   0.0002196932   0.0001292425   0.0000704802
       -0.0009735233  -0.0005510710   0.0004227490   0.0005729175   0.0000866030
       -0.0002933309   0.0014828343   0.0007113097   0.0001293875   0.0483708262
        0.2938743762   0.1313231649   0.0009719984  -0.0025627285  -0.0061650936
       -0.0065308876  -0.0019162366  -0.0039206142   0.0000544888   0.0004127235
       -0.0003580664  -0.0002395540   0.0000713418  -0.0000833999  -0.0002132846
        0.0001650607   0.0003250935  -0.0001153956  -0.0010169159  -0.0007345811
        0.0000648658  -0.0000058471   0.0000274850   0.0000609894   0.0002382712
        0.0000997183   0.0000362491   0.0000802267   0.0000382949  -0.0000265125
       -0.0001384636  -0.0000371234  -0.0000757810   0.0000181930  -0.0000170671
       -0.0203538060  -0.1183458031  -0.1085433640   0.0026222795   0.0129866792
        0.0083278144  -0.0004895006   0.0032791195  -0.0020696521   0.0000901375
        0.0000206526   0.0000122124  -0.0000017788  -0.0000200188  -0.0002505875
       -0.0005441373  -0.0006048305   0.0001346342   0.0004098266   0.0002666577
       -0.0001584365   0.0005247691   0.0004925359   0.0001493355   0.0245489808
        0.1313231649   0.1180266856  -0.0018522752  -0.0230065672  -0.0137567886
       -0.0048986425  -0.0090454831  -0.0031078674  -0.0002113746   0.0010161337
        0.0003134489   0.0003323359   0.0011621904  -0.0001117487  -0.0000322248
       -0.0000093856   0.0000186946  -0.0000644639   0.0009397013   0.0006313506
        0.0000075844  -0.0002946796   0.0000598472  -0.0000441352  -0.0002549293
        0.0002366429  -0.0000075969  -0.0000076291   0.0001370397  -0.0000258338
        0.0001105440   0.0000133362  -0.0000101443  -0.0000080529  -0.0000625975
       -0.1488089185   0.0136632133   0.1418064489   0.0035018280  -0.0038629823
       -0.0007713378   0.0004210674   0.0000442073  -0.0002470246   0.0001716082
        0.0001139271   0.0003293253  -0.0002030038   0.0002546568  -0.0000896486
       -0.0015867261  -0.0006966724   0.0008575678   0.0008067460  -0.0002523944
       -0.0000781854   0.0006711924   0.0003651196  -0.0009472457   0.0042781010
        0.0009719984  -0.0018522752   0.1593290126  -0.0141068578  -0.1581805785
       -0.0194701860   0.0024963912   0.0213212809   0.0003367770   0.0004186374
       -0.0011163647   0.0010207778   0.0006768717  -0.0006238297  -0.0000005991
       -0.0000570186   0.0001375619   0.0001014196   0.0002136345  -0.0000831325
       -0.0005369238  -0.0003702955  -0.0004286071  -0.0000176352   0.0001353075
       -0.0000831312   0.0000514622  -0.0000254122   0.0000574218   0.0000230351
        0.0000061236  -0.0000766978  -0.0000890347   0.0000115451   0.0000684522
        0.0110609626  -0.0480604401  -0.0154829574  -0.0126710391   0.0021078709
        0.0171066269  -0.0004236817   0.0012196772   0.0004104151  -0.0000113437
       -0.0001303808   0.0000676217   0.0001569426  -0.0002717909  -0.0000230883
       -0.0003137029   0.0004274605  -0.0001523424   0.0002712908   0.0001928770
       -0.0001251737  -0.0003081353  -0.0005851945   0.0001922377   0.0154628460
       -0.0025627285  -0.0230065672  -0.0141068578   0.0484758995   0.0177226159
        0.0000363623   0.0027014104   0.0002725795  -0.0001553204   0.0003066543
        0.0000520113   0.0007444742  -0.0032928098   0.0037306993   0.0006789318
       -0.0004252813  -0.0002530683   0.0000740548  -0.0000108048  -0.0001784531
       -0.0005209884   0.0000033151  -0.0003221019  -0.0000760011  -0.0001146515
        0.0000155065   0.0000288944   0.0000098913   0.0000335220   0.0000342849
        0.0000147192  -0.0000211702   0.0000380261  -0.0000056932  -0.0000389135
        0.1395140019  -0.0180997299  -0.2322583828   0.0096613181   0.0031488021
       -0.0172363011  -0.0003066358   0.0000523918   0.0014041624   0.0000750042
       -0.0001759869  -0.0000517229  -0.0001244536  -0.0001673303  -0.0002484105
        0.0003685553   0.0002375198  -0.0005848675  -0.0001787145   0.0001708205
        0.0005143239  -0.0016568604  -0.0007630264  -0.0001474574   0.0101154580
       -0.0061650936  -0.0137567886  -0.1581805785   0.0177226159   0.2564973820
        0.0017239776   0.0010860722   0.0075785152   0.0003259257  -0.0000251046
       -0.0000697472  -0.0011221293   0.0033436510  -0.0021750290   0.0001887977
        0.0004715879   0.0002176464  -0.0000325595  -0.0004397953   0.0000625603
       -0.0002103366  -0.0000606691   0.0001540027  -0.0001568887  -0.0002902558
        0.0000864001  -0.0000467736  -0.0000605347   0.0000947986   0.0000169743
        0.0000438681  -0.0000076283   0.0000259178  -0.0000298025  -0.0000734562
       -0.2813440986  -0.0064831306  -0.0714599657  -0.0037969018   0.0073854478
       -0.0076057299  -0.0001243546  -0.0000958409   0.0009864209   0.0004459360
        0.0002602237  -0.0003757729  -0.0003882464   0.0036104667  -0.0008561158
       -0.0069428731  -0.0191078462   0.0139378849   0.0074081280   0.0012996500
       -0.0071565906   0.0112177796   0.0201111868  -0.0036468069  -0.0054925579
       -0.0065308876  -0.0048986425  -0.0194701860   0.0000363623   0.0017239776
        0.2980225063   0.0004227493   0.0780289584   0.0010172919  -0.0002384141
       -0.0000691733   0.0008910285  -0.0001144852   0.0010457558  -0.0004633825
        0.0001473429  -0.0000474179   0.0000648834  -0.0003432118  -0.0000303935
        0.0013327108  -0.0007162989  -0.0002402128  -0.0001423370  -0.0001787697
        0.0001590304  -0.0004233876  -0.0001008554   0.0002844706  -0.0002529373
       -0.0002472724  -0.0000893103  -0.0015590018   0.0008835832   0.0003096334
       -0.0020154686  -0.0404663636  -0.0027017831   0.0187762394  -0.0003175101
        0.0082303663   0.0004085519   0.0000234306   0.0002523124   0.0000935798
        0.0001270568   0.0006432968  -0.0000672867   0.0000821061   0.0002347448
       -0.0054457537  -0.0024622195   0.0034106392   0.0021761771  -0.0000378313
       -0.0015766933   0.0061754458  -0.0011179596  -0.0006496366  -0.0234104284
       -0.0019162366  -0.0090454831   0.0024963912   0.0027014104   0.0010860722
        0.0004227493   0.0469637626  -0.0011063765   0.0009127680  -0.0034736989
        0.0033023311   0.0002749183   0.0003856749   0.0002267353  -0.0000249174
       -0.0003081806   0.0000259440  -0.0000730931  -0.0001781289  -0.0002895426
       -0.0001695943  -0.0008113893  -0.0018862317  -0.0002017323   0.0003180209
       -0.0003646797  -0.0002050600   0.0001755751   0.0000382254  -0.0001196767
       -0.0002205388   0.0000420341  -0.0000038097   0.0005330197   0.0001277249
       -0.0718562572  -0.0046488964  -0.0634305495  -0.0158418618   0.0042639833
       -0.0082855690   0.0002872771   0.0004465916   0.0003889466  -0.0000065063
       -0.0002857961   0.0007170960  -0.0001134452   0.0005487318  -0.0004661700
        0.0011645150  -0.0016798097   0.0025348609   0.0017973187   0.0005786248
       -0.0011845423   0.0007209246   0.0026332187  -0.0062135774  -0.0141299137
       -0.0039206142  -0.0031078674   0.0213212809   0.0002725795   0.0075785152
        0.0780289584  -0.0011063765   0.0747459713  -0.0007828711   0.0033551292
       -0.0023233718  -0.0005311968   0.0005709239  -0.0005468901   0.0001227732
       -0.0001064689  -0.0004029262  -0.0000157129  -0.0001234290  -0.0001184040
       -0.0002038100  -0.0009826744  -0.0006236891  -0.0001514415  -0.0001871393
       -0.0000357988  -0.0000856028  -0.0001327134   0.0002641550   0.0001734373
        0.0003222141  -0.0001333473   0.0001021342   0.0001819209   0.0006431578
       -0.0057929176   0.0035028087  -0.0051642139  -0.2330387961  -0.0156995986
       -0.0829387977  -0.0039136565  -0.0029965724  -0.0026455880   0.0006826456
       -0.0008954591  -0.0002144639   0.0002128997  -0.0000738883  -0.0000283052
        0.0004535031   0.0001720382  -0.0000472455  -0.0002312320  -0.0001323124
       -0.0002473313  -0.0000910367  -0.0002045445   0.0000556691   0.0001536951
        0.0000544888  -0.0002113746   0.0003367770  -0.0001553204   0.0003259257
        0.0010172919   0.0009127680  -0.0007828711   0.2659663038   0.0172868500
        0.0962083186  -0.0269264192  -0.0022872498  -0.0048809259   0.0008770316
        0.0006113979   0.0004818003   0.0000639714  -0.0001972272   0.0002130876
        0.0001713403  -0.0000483130   0.0002823480  -0.0000663017   0.0000214634
       -0.0000977314   0.0001345340   0.0000165941  -0.0000981292  -0.0000501801
        0.0001249223  -0.0001243683   0.0000405466  -0.0000128457  -0.0000858033
        0.0236178529  -0.0054766727   0.0149554378  -0.0214231364  -0.0414901394
       -0.0098068273  -0.0223248708  -0.0061791202  -0.0115313146   0.0002562720
       -0.0043368984  -0.0023191451   0.0002737046   0.0002218072   0.0000680710
        0.0002939462  -0.0004410667   0.0001937723   0.0000155658   0.0002241715
       -0.0000058426   0.0000992524   0.0005335947  -0.0002206601   0.0011514544
        0.0004127235   0.0010161337   0.0004186374   0.0003066543  -0.0000251046
       -0.0002384141  -0.0034736989   0.0033551292   0.0172868500   0.0567492066
        0.0052735973   0.0025066563   0.0025695257   0.0002772105  -0.0005214625
        0.0006731942  -0.0000459537  -0.0004876572  -0.0002049861  -0.0002958129
        0.0001560598  -0.0000415864   0.0001633965  -0.0011227289  -0.0000912696
       -0.0009138242   0.0000055574   0.0001109176  -0.0000808530   0.0000118984
       -0.0000346949  -0.0001208633   0.0000245624  -0.0000316618   0.0000634531
       -0.0214245729   0.0055476579  -0.0124448846  -0.0796658786  -0.0078077589
       -0.0818592832  -0.0132258524  -0.0047884756  -0.0061351696   0.0001131400
       -0.0027451846  -0.0006228649  -0.0000013172   0.0000186323   0.0001162533
       -0.0002948378   0.0000930868  -0.0005274946   0.0001443161   0.0000264918
        0.0005389467  -0.0001222649  -0.0002147576   0.0002012916  -0.0000864304
       -0.0003580664   0.0003134489  -0.0011163647   0.0000520113  -0.0000697472
       -0.0000691733   0.0033023311  -0.0023233718   0.0962083186   0.0052735973
        0.0949055807   0.0205782574   0.0013277729   0.0076822260  -0.0006019273
        0.0001776209  -0.0000827441   0.0000791393   0.0003323192   0.0004029337
        0.0001645034   0.0000089352   0.0001553195  -0.0006456822  -0.0001452738
       -0.0003105316   0.0000461365   0.0000511051   0.0001348382  -0.0000668558
       -0.0001185149   0.0000592722  -0.0000126539  -0.0000335299  -0.0001340193
        0.0029654783  -0.0007591289  -0.0024411636  -0.1473581317   0.0083338746
        0.1130421331   0.0016856548   0.0026848666   0.0004081764   0.0003380945
       -0.0001138633  -0.0000918664   0.0000641964  -0.0000804053  -0.0002176738
       -0.0003947113   0.0000141280  -0.0001685696  -0.0000502907   0.0000332840
       -0.0002829837   0.0001820597   0.0001433384   0.0000180478   0.0001440600
       -0.0002395540   0.0003323359   0.0010207778   0.0007444742  -0.0011221293
        0.0008910285   0.0002749183  -0.0005311968  -0.0269264192   0.0025066563
        0.0205782574   0.1666185163  -0.0132952911  -0.1293263957   0.0009623838
        0.0000736969  -0.0000436353   0.0002235511   0.0002828128   0.0000564933
       -0.0000574964   0.0000195082  -0.0000744002  -0.0000767445  -0.0000911474
       -0.0000478162   0.0000156684  -0.0000122330  -0.0000125492  -0.0001544434
       -0.0005920417   0.0000296465  -0.0000932325   0.0000721063  -0.0001047106
       -0.0144748788  -0.0038994196   0.0221272020   0.0135816136  -0.0405637487
       -0.0155507535   0.0172761747  -0.0073369338  -0.0198613840   0.0003092942
        0.0004388635   0.0001391457   0.0002205864   0.0000620774   0.0000239465
       -0.0003185352   0.0010932210   0.0000062511   0.0000721364  -0.0002164359
        0.0001185200  -0.0003959179  -0.0005380421  -0.0003350611  -0.0004869205
        0.0000713418   0.0011621904   0.0006768717  -0.0032928098   0.0033436510
       -0.0001144852   0.0003856749   0.0005709239  -0.0022872498   0.0025695257
        0.0013277729  -0.0132952911   0.0561892892   0.0108620704  -0.0004556234
       -0.0048090570  -0.0035167028   0.0002126163   0.0002125729  -0.0007060193
        0.0000763491  -0.0000102642   0.0001052454   0.0000173031   0.0003128400
       -0.0000170004   0.0000642102  -0.0000109488  -0.0000020524  -0.0007209498
       -0.0006497989   0.0000935097   0.0000426960  -0.0000079475   0.0001085445
        0.0135874212   0.0050290843  -0.0211979232   0.1094201765  -0.0124193060
       -0.1683017377   0.0107999537  -0.0059318494  -0.0117881041   0.0003226108
        0.0005560632   0.0000168521   0.0000882447   0.0000243992   0.0001503954
       -0.0013189278  -0.0001782184  -0.0001206588   0.0003705517   0.0000348627
        0.0000511900   0.0006324854   0.0002848037   0.0004062352   0.0001434299
       -0.0000833999  -0.0001117487  -0.0006238297   0.0037306993  -0.0021750290
        0.0010457558   0.0002267353  -0.0005468901  -0.0048809259   0.0002772105
        0.0076822260  -0.1293263957   0.0108620704   0.1955627981  -0.0000809645
       -0.0029382253  -0.0008477407  -0.0001159964   0.0006796178   0.0006565207
        0.0001380521  -0.0000376007  -0.0000818410   0.0000801209   0.0002131894
        0.0001244729   0.0000663118   0.0000763396   0.0000780474  -0.0002600702
       -0.0003631420   0.0004451555  -0.0000880043  -0.0000433336  -0.0000022199
        0.0002851806  -0.0005146191  -0.0003679177   0.0001071329   0.0018175680
        0.0015640683  -0.1756804384   0.0210046950   0.1088514501  -0.0249834872
        0.0009244190   0.0133185342  -0.0042226088  -0.0007708277  -0.0029745775
       -0.0004124418  -0.0009845206   0.0003656081   0.0000061107   0.0003826990
        0.0000529424   0.0002473065   0.0002785556  -0.0002438174  -0.0000397628
       -0.0002132846  -0.0000322248  -0.0000005991   0.0006789318   0.0001887977
       -0.0004633825  -0.0000249174   0.0001227732   0.0008770316  -0.0005214625
       -0.0006019273   0.0009623838  -0.0004556234  -0.0000809645   0.2031204436
       -0.0209824832  -0.1237175533   0.0003087657  -0.0010569865   0.0027157456
        0.0004741676   0.0003478313   0.0005983710   0.0000143482  -0.0001799171
        0.0003640471  -0.0008680679   0.0001706918   0.0004528135   0.0002449903
        0.0000800158  -0.0005494980   0.0000229270   0.0000192347  -0.0000266705
        0.0001599019   0.0014413515  -0.0006975762   0.0202515376  -0.0096744516
       -0.0220572689   0.0200238867  -0.0476835773  -0.0140855920  -0.0021458733
        0.0006440360   0.0014199362  -0.0007268807   0.0007450242  -0.0004179395
        0.0001694445  -0.0004754236  -0.0001724906  -0.0002012202   0.0005634530
        0.0000822314  -0.0003922124   0.0002016454   0.0002177826   0.0000367699
        0.0001650607  -0.0000093856  -0.0000570186  -0.0004252813   0.0004715879
        0.0001473429  -0.0003081806  -0.0001064689   0.0006113979   0.0006731942
        0.0001776209   0.0000736969  -0.0048090570  -0.0029382253  -0.0209824832
        0.0573030200   0.0214435683  -0.0164481692   0.0014794710   0.0168762093
        0.0003609372   0.0000923700  -0.0001146309  -0.0009253683   0.0000361261
        0.0001347634  -0.0000558946   0.0000781885  -0.0000462792   0.0000787245
       -0.0000600832  -0.0001676326   0.0000214804   0.0000131139  -0.0000102101
       -0.0005541907   0.0006489057   0.0010034379   0.0107081118  -0.0062371720
       -0.0128797726   0.1075582900  -0.0149018876  -0.1317851320  -0.0102989411
        0.0008831169   0.0070603783  -0.0023179454  -0.0002148947  -0.0004477555
       -0.0005105389  -0.0001420147   0.0001058387   0.0002346986  -0.0000351379
        0.0005046056   0.0001673848   0.0000624814  -0.0000798213   0.0000576017
        0.0003250935   0.0000186946   0.0001375619  -0.0002530683   0.0002176464
       -0.0000474179   0.0000259440  -0.0004029262   0.0004818003  -0.0000459537
       -0.0000827441  -0.0000436353  -0.0035167028  -0.0008477407  -0.1237175533
        0.0214435683   0.1556320217   0.0195799224   0.0016790339  -0.0193916743
       -0.0004450903   0.0000199150   0.0006238548  -0.0003852223   0.0002879344
        0.0004587276  -0.0004508574  -0.0000159542   0.0002707890  -0.0000526092
       -0.0000462205   0.0000206395  -0.0001013697   0.0000330134   0.0000009326
        0.0004382342  -0.0003866562  -0.0000535357  -0.0000197134   0.0005006366
        0.0003527291  -0.0451517321   0.0159233328  -0.0130770010  -0.0066837976
        0.0160940513  -0.0211403336   0.0013949277   0.0001469671  -0.0004944859
        0.0000155153   0.0005943963  -0.0000714701   0.0000943075   0.0002296165
       -0.0001101285  -0.0003920740  -0.0002537275   0.0003812094   0.0002371363
       -0.0001153956  -0.0000644639   0.0001014196   0.0000740548  -0.0000325595
        0.0000648834  -0.0000730931  -0.0000157129   0.0000639714  -0.0004876572
        0.0000791393   0.0002235511   0.0002126163  -0.0001159964   0.0003087657
       -0.0164481692   0.0195799224   0.0533149139  -0.0162275517   0.0175564366
       -0.0041420804  -0.0005548790  -0.0034053425   0.0005616390   0.0003707354
        0.0002985053   0.0000396838   0.0000933256  -0.0002252107  -0.0005296075
        0.0002433494   0.0005564849   0.0000600562   0.0000640473   0.0000018138
       -0.0005645852  -0.0061027562  -0.0022890873   0.0013589543  -0.0213737640
        0.0164994778   0.0163871259  -0.1614825817   0.1120420470   0.0009400897
        0.0020945253  -0.0001948724  -0.0003164128   0.0001930603  -0.0001586113
        0.0001364142  -0.0004992243   0.0002596572   0.0000211914   0.0002030979
       -0.0000496047  -0.0001070779   0.0003253387  -0.0002259663   0.0003464718
       -0.0010169159   0.0009397013   0.0002136345  -0.0000108048  -0.0004397953
       -0.0003432118  -0.0001781289  -0.0001234290  -0.0001972272  -0.0002049861
        0.0003323192   0.0002828128   0.0002125729   0.0006796178  -0.0010569865
        0.0014794710   0.0016790339  -0.0162275517   0.1846337463  -0.1276619941
       -0.0007250265   0.0008503705  -0.0004379178  -0.0004277300   0.0007125502
       -0.0006520832  -0.0001441774   0.0000206635  -0.0000948622   0.0004348560
        0.0001149579  -0.0001208140  -0.0000115637   0.0000288075   0.0000171836
        0.0000591130  -0.0039004745   0.0006166269   0.0006675950  -0.0055926472
        0.0059504094  -0.0120632527   0.1128645444  -0.1495289253  -0.0065673513
        0.0099128527  -0.0146034717   0.0006315752  -0.0002681080   0.0009613255
        0.0001211811   0.0005056713  -0.0002671798   0.0000386717  -0.0003614120
        0.0004468292  -0.0000810193  -0.0001073226   0.0000023864   0.0000520456
       -0.0007345811   0.0006313506  -0.0000831325  -0.0001784531   0.0000625603
       -0.0000303935  -0.0002895426  -0.0001184040   0.0002130876  -0.0002958129
        0.0004029337   0.0000564933  -0.0007060193   0.0006565207   0.0027157456
        0.0168762093  -0.0193916743   0.0175564366  -0.1276619941   0.1758472705
       -0.0034197541  -0.0004725372  -0.0015172947  -0.0000590280   0.0004204914
       -0.0002441304   0.0001564317   0.0000493368  -0.0002178051  -0.0000050044
       -0.0000299871   0.0002538146   0.0000405592  -0.0000302143   0.0000568573
       -0.0003210661  -0.0004608418   0.0002057134   0.0004958060   0.0006105208
        0.0001011862  -0.0060931895   0.0157483317  -0.0208635984  -0.0436489204
        0.0085082936  -0.0111318137  -0.0019485812  -0.0138240657   0.0199057385
       -0.0011766375  -0.0012942800   0.0024848352   0.0011728219  -0.0002327168
       -0.0000959629  -0.0007619593   0.0011358231  -0.0010436514  -0.0000562457
        0.0000648658   0.0000075844  -0.0005369238  -0.0005209884  -0.0002103366
        0.0013327108  -0.0001695943  -0.0002038100   0.0001713403   0.0001560598
        0.0001645034  -0.0000574964   0.0000763491   0.0001380521   0.0004741676
        0.0003609372  -0.0004450903  -0.0041420804  -0.0007250265  -0.0034197541
        0.0576671640  -0.0112249841   0.0122867441   0.0019855618   0.0018161031
       -0.0011181077  -0.0011348485  -0.0000828772   0.0008563103  -0.0034597475
        0.0000468154   0.0022970815   0.0000381242   0.0000112754   0.0000843759
       -0.0002117006  -0.0007216678  -0.0004065862  -0.0000225044   0.0000631992
       -0.0001790083   0.0007139039   0.0033112271  -0.0023070935   0.0094850511
       -0.1363395467   0.1086293948  -0.0030839172   0.0012795533   0.0018114911
        0.0018027075  -0.0003475566  -0.0009503762  -0.0012100796   0.0002696864
        0.0002935883   0.0023722080  -0.0010336896  -0.0008186754  -0.0001700219
       -0.0000058471  -0.0002946796  -0.0003702955   0.0000033151  -0.0000606691
       -0.0007162989  -0.0008113893  -0.0009826744  -0.0000483130  -0.0000415864
        0.0000089352   0.0000195082  -0.0000102642  -0.0000376007   0.0003478313
        0.0000923700   0.0000199150  -0.0005548790   0.0008503705  -0.0004725372
       -0.0112249841   0.1621302197  -0.1261253170   0.0025497227  -0.0278967492
        0.0222338948  -0.0000658419  -0.0002132631   0.0003708147   0.0002399885
       -0.0004969623  -0.0006939989   0.0001479150  -0.0000814191  -0.0000388174
        0.0003119272  -0.0001150214   0.0006135274   0.0003839248   0.0012217904
       -0.0002233964  -0.0060775755   0.0113341188  -0.0153613345  -0.0113257875
        0.1085604531  -0.1709894486   0.0049900234   0.0110220376  -0.0162531302
        0.0013905807   0.0022982182  -0.0011130403  -0.0010801867   0.0002271262
        0.0004427993  -0.0016813849  -0.0012530882   0.0012852157   0.0000463428
        0.0000274850   0.0000598472  -0.0004286071  -0.0003221019   0.0001540027
       -0.0002402128  -0.0018862317  -0.0006236891   0.0002823480   0.0001633965
        0.0001553195  -0.0000744002   0.0001052454  -0.0000818410   0.0005983710
       -0.0001146309   0.0006238548  -0.0034053425  -0.0004379178  -0.0015172947
        0.0122867441  -0.1261253170   0.1977759195   0.0004393289  -0.0054001037
        0.0079007556   0.0005845946   0.0001823812  -0.0010135203   0.0031036916
        0.0004297262  -0.0017960334  -0.0001043797   0.0000824340  -0.0000385133
        0.0001557291   0.0003052088   0.0001208971  -0.0040507323  -0.0013733538
       -0.0031534805  -0.0024476426  -0.0208447502  -0.0107626319  -0.0420741064
        0.0104588562   0.0038342697  -0.0073702386   0.0195780978   0.0111620047
       -0.0025526435   0.0003770065   0.0034944389  -0.0007860280   0.0011820229
        0.0000892952   0.0000092013  -0.0001711187   0.0000029620   0.0000741391
        0.0000609894  -0.0000441352  -0.0000176352  -0.0000760011  -0.0001568887
       -0.0001423370  -0.0002017323  -0.0001514415  -0.0000663017  -0.0011227289
       -0.0006456822  -0.0000767445   0.0000173031   0.0000801209   0.0000143482
       -0.0009253683  -0.0003852223   0.0005616390  -0.0004277300  -0.0000590280
        0.0019855618   0.0025497227   0.0004393289   0.0581839303  -0.0116080680
       -0.0057631731  -0.0004106078   0.0017995507   0.0012230872  -0.0007375286
        0.0003425177   0.0006156404  -0.0002520026   0.0000795757   0.0000596386
       -0.0000560493   0.0001614571  -0.0002212204  -0.0012929991   0.0002340367
       -0.0005810551  -0.0019911556  -0.0065679875  -0.0037597694   0.0106823848
       -0.2273876496  -0.0844115669   0.0016625934  -0.0020973391  -0.0016746078
        0.0005649200  -0.0013432479  -0.0003031486   0.0001275445   0.0002626172
       -0.0001303677   0.0007748844   0.0003242418  -0.0001611226  -0.0000118397
        0.0002382712  -0.0002549293   0.0001353075  -0.0001146515  -0.0002902558
       -0.0001787697   0.0003180209  -0.0001871393   0.0000214634  -0.0000912696
       -0.0001452738  -0.0000911474   0.0003128400   0.0002131894  -0.0001799171
        0.0000361261   0.0002879344   0.0003707354   0.0007125502   0.0004204914
        0.0018161031  -0.0278967492  -0.0054001037  -0.0116080680   0.2616520400
        0.0956366393  -0.0006451783   0.0013137362   0.0008250117   0.0000274877
       -0.0000968913   0.0003083183  -0.0001283000   0.0000298483  -0.0001710241
        0.0000548938   0.0004274190   0.0001956708  -0.0033420611  -0.0004262451
       -0.0013143845  -0.0027638393  -0.0162364537  -0.0080344575   0.0045725174
       -0.0843573557  -0.0837344029   0.0057873632  -0.0155065478  -0.0072278383
        0.0016031735   0.0005666143  -0.0017975431   0.0006071176  -0.0008572854
        0.0002526321  -0.0007383967   0.0007637189  -0.0003478923   0.0000809880
        0.0000997183   0.0002366429  -0.0000831312   0.0000155065   0.0000864001
        0.0001590304  -0.0003646797  -0.0000357988  -0.0000977314  -0.0009138242
       -0.0003105316  -0.0000478162  -0.0000170004   0.0001244729   0.0003640471
        0.0001347634   0.0004587276   0.0002985053  -0.0006520832  -0.0002441304
       -0.0011181077   0.0222338948   0.0079007556  -0.0057631731   0.0956366393
        0.0935942338  -0.0004776160  -0.0003824228   0.0010018320   0.0007617629
       -0.0001976452  -0.0008929553   0.0001424735   0.0000332687   0.0000885669
        0.0002309209   0.0000396959   0.0000626162   0.0000107858   0.0001185004
        0.0001021775  -0.0032549883  -0.0006147082   0.0024851114  -0.0183969406
       -0.0138793173  -0.0030221445  -0.1314385918  -0.1025558585  -0.0397791032
        0.0094006425   0.0037646267   0.0044942100  -0.0015202800   0.0007615365
       -0.0000479532  -0.0006344620   0.0032866588  -0.0025894864   0.0000280866
        0.0000362491  -0.0000075969   0.0000514622   0.0000288944  -0.0000467736
       -0.0004233876  -0.0002050600  -0.0000856028   0.0001345340   0.0000055574
        0.0000461365   0.0000156684   0.0000642102   0.0000663118  -0.0008680679
       -0.0000558946  -0.0004508574   0.0000396838  -0.0001441774   0.0001564317
       -0.0011348485  -0.0000658419   0.0005845946  -0.0004106078  -0.0006451783
       -0.0004776160   0.1527145495   0.1175299228   0.0451291271  -0.0046608561
       -0.0075346700  -0.0064639506   0.0001166970   0.0000648538  -0.0001556322
        0.0000284134  -0.0000221751   0.0000249881   0.0000961596  -0.0000133883
       -0.0000001203   0.0005865522   0.0003191439   0.0001347824  -0.0003979925
        0.0003455978  -0.0004562132  -0.1070649474  -0.1589026300  -0.0501993662
       -0.0161073756  -0.0276899018  -0.0089146514   0.0002797747   0.0006486977
        0.0008749115   0.0036073353  -0.0048785428   0.0039155477  -0.0000175768
        0.0000802267  -0.0000076291  -0.0000254122   0.0000098913  -0.0000605347
       -0.0001008554   0.0001755751  -0.0001327134   0.0000165941   0.0001109176
        0.0000511051  -0.0000122330  -0.0000109488   0.0000763396   0.0001706918
        0.0000781885  -0.0000159542   0.0000933256   0.0000206635   0.0000493368
       -0.0000828772  -0.0002132631   0.0001823812   0.0017995507   0.0013137362
       -0.0003824228   0.1175299228   0.1848781191   0.0556780435  -0.0004289639
        0.0030461518  -0.0012844419   0.0000299138   0.0007039405   0.0004666113
       -0.0001483504   0.0001015761  -0.0000620571   0.0000944889   0.0000795963
        0.0000424660   0.0014526352   0.0002128372  -0.0009943455   0.0104521205
        0.0085711605   0.0029733086  -0.0389713890  -0.0486562629  -0.0557878864
       -0.0006577313   0.0046187255   0.0028108255   0.0015930477  -0.0002189196
       -0.0007668219  -0.0008008735   0.0009131236  -0.0013729302   0.0000535590
        0.0000382949   0.0001370397   0.0000574218   0.0000335220   0.0000947986
        0.0002844706   0.0000382254   0.0002641550  -0.0000981292  -0.0000808530
        0.0001348382  -0.0000125492  -0.0000020524   0.0000780474   0.0004528135
       -0.0000462792   0.0002707890  -0.0002252107  -0.0000948622  -0.0002178051
        0.0008563103   0.0003708147  -0.0010135203   0.0012230872   0.0008250117
        0.0010018320   0.0451291271   0.0556780435   0.0666057859  -0.0204855476
       -0.0226438197  -0.0141492898  -0.0002493009   0.0002621175  -0.0000492296
        0.0000476640   0.0001262571  -0.0001706577  -0.0001721586  -0.0002699638
        0.0002822178   0.0012732699  -0.0003305128   0.0008142129   0.0009933797
       -0.0040141745   0.0228935740  -0.0476689452   0.0092820596  -0.0436342177
       -0.0004185724   0.0004025738  -0.0143764510  -0.0016326311   0.0010673286
        0.0017540527  -0.0001032955   0.0023701576   0.0003212953   0.0000056366
       -0.0000265125  -0.0000258338   0.0000230351   0.0000342849   0.0000169743
       -0.0002529373  -0.0001196767   0.0001734373  -0.0000501801   0.0000118984
       -0.0000668558  -0.0001544434  -0.0007209498  -0.0002600702   0.0002449903
        0.0000787245  -0.0000526092  -0.0005296075   0.0004348560  -0.0000050044
       -0.0034597475   0.0002399885   0.0031036916  -0.0007375286   0.0000274877
        0.0007617629  -0.0046608561  -0.0004289639  -0.0204855476   0.0568397020
       -0.0080102325   0.0486315178   0.0004132254  -0.0001546304   0.0003245110
        0.0002758451  -0.0001451039  -0.0000452926  -0.0002457747   0.0002863252
        0.0004164627  -0.0001029693   0.0003521776   0.0001175762  -0.0004747850
        0.0010303702  -0.0008286474   0.0087559625  -0.0388458456   0.0377910260
        0.0086708665  -0.0071169626   0.0278727485  -0.0010458843  -0.0005311267
       -0.0001897027   0.0000012601  -0.0055217322  -0.0020283507  -0.0000387904
       -0.0001384636   0.0001105440   0.0000061236   0.0000147192   0.0000438681
       -0.0002472724  -0.0002205388   0.0003222141   0.0001249223  -0.0000346949
       -0.0001185149  -0.0005920417  -0.0006497989  -0.0003631420   0.0000800158
       -0.0000600832  -0.0000462205   0.0002433494   0.0001149579  -0.0000299871
        0.0000468154  -0.0004969623   0.0004297262   0.0003425177  -0.0000968913
       -0.0001976452  -0.0075346700   0.0030461518  -0.0226438197  -0.0080102325
        0.0492184557  -0.0398144435  -0.0002552583  -0.0002049537  -0.0007983994
       -0.0000284255  -0.0000920113   0.0000380510  -0.0000192051   0.0002590549
       -0.0000438424  -0.0013586481  -0.0002992349   0.0010810496   0.0015905361
        0.0029906878  -0.0178026591  -0.0421140969   0.0337306823  -0.2578159790
       -0.0029778898   0.0060024969  -0.0075380356   0.0002295336  -0.0003965428
        0.0001628596  -0.0003492488  -0.0000592624   0.0005816689   0.0000068022
       -0.0000371234   0.0000133362  -0.0000766978  -0.0000211702  -0.0000076283
       -0.0000893103   0.0000420341  -0.0001333473  -0.0001243683  -0.0001208633
        0.0000592722   0.0000296465   0.0000935097   0.0004451555  -0.0005494980
       -0.0001676326   0.0000206395   0.0005564849  -0.0001208140   0.0002538146
        0.0022970815  -0.0006939989  -0.0017960334   0.0006156404   0.0003083183
       -0.0008929553  -0.0064639506  -0.0012844419  -0.0141492898   0.0486315178
       -0.0398144435   0.2971405990   0.0001940962  -0.0003192449   0.0003833243
        0.0007797866  -0.0001541944   0.0000867446  -0.0000385527   0.0001554394
       -0.0000920242  -0.0001195688   0.0000608107   0.0000444944  -0.0006680900
        0.0013181525   0.0000352480  -0.0031871732  -0.0007889068   0.0045205551
       -0.0223252884   0.0376288931  -0.0033617975  -0.0779248153   0.1068325222
       -0.0174009698   0.0029429872  -0.0025010891  -0.0028881339  -0.0002297017
       -0.0000757810  -0.0000101443  -0.0000890347   0.0000380261   0.0000259178
       -0.0015590018  -0.0000038097   0.0001021342   0.0000405466   0.0000245624
       -0.0000126539  -0.0000932325   0.0000426960  -0.0000880043   0.0000229270
        0.0000214804  -0.0001013697   0.0000600562  -0.0000115637   0.0000405592
        0.0000381242   0.0001479150  -0.0001043797  -0.0002520026  -0.0001283000
        0.0001424735   0.0001166970   0.0000299138  -0.0002493009   0.0004132254
       -0.0002552583   0.0001940962   0.1020721114  -0.1423815088   0.0191165551
       -0.0003428314  -0.0002686380  -0.0001756804  -0.0001516433   0.0000323126
       -0.0000059609   0.0000008735  -0.0001147539  -0.0000368198   0.0001245729
       -0.0000978987   0.0002054347   0.0014161751   0.0016025560   0.0008186800
        0.0158013834  -0.0001768329  -0.0059940666   0.1266754757  -0.3404260203
        0.0779079064  -0.0021091288  -0.0030187532  -0.0006192633  -0.0000721137
        0.0000181930  -0.0000080529   0.0000115451  -0.0000056932  -0.0000298025
        0.0008835832   0.0005330197   0.0001819209  -0.0000128457  -0.0000316618
       -0.0000335299   0.0000721063  -0.0000079475  -0.0000433336   0.0000192347
        0.0000131139   0.0000330134   0.0000640473   0.0000288075  -0.0000302143
        0.0000112754  -0.0000814191   0.0000824340   0.0000795757   0.0000298483
        0.0000332687   0.0000648538   0.0007039405   0.0002621175  -0.0001546304
       -0.0002049537  -0.0003192449  -0.1423815088   0.3414727807  -0.0722288065
       -0.0001816125  -0.0000055145  -0.0003534675   0.0003178695  -0.0002211043
       -0.0000211080   0.0000306886   0.0001007775  -0.0002568645   0.0001966706
       -0.0001104866   0.0004641665   0.0036582721   0.0015361086   0.0028508048
        0.0063784013  -0.0167484125   0.0082409562  -0.0265107228   0.0880731064
       -0.0441144621  -0.0034398305  -0.0001047541  -0.0044119233  -0.0000418997
       -0.0000170671  -0.0000625975   0.0000684522  -0.0000389135  -0.0000734562
        0.0003096334   0.0001277249   0.0006431578  -0.0000858033   0.0000634531
       -0.0001340193  -0.0001047106   0.0001085445  -0.0000022199  -0.0000266705
       -0.0000102101   0.0000009326   0.0000018138   0.0000171836   0.0000568573
        0.0000843759  -0.0000388174  -0.0000385133   0.0000596386  -0.0001710241
        0.0000885669  -0.0001556322   0.0004666113  -0.0000492296   0.0003245110
       -0.0007983994   0.0003833243   0.0191165551  -0.0722288065   0.0367890947
