           1           2  0.89053132791122436     
           2           3   1.0067901065238452     
           2           4  0.98751785514135404     
           4           5   1.3250419026285545     
           5           6   1.5261278283648267     
           4           7   1.4859113067757943     
           6           7  0.11990961155930088     
           7           8   1.3029131970175838     
           6           9   1.2984487580891364     
           8           9   1.2204734072820236     
           9          10   1.2942963190161834     
          10          11   1.5277558092328030     
          11          12   1.3494886223937714     
           8          13   1.2918461105679193     
          10          13  0.12591488471098605     
          12          13   1.5287601917384435     
           1          14  0.90613627872151292     
           1          15  0.91215302945230048     
           1          16  0.91316515087008676     
           2          17  0.95761336731563607     
           3          18  0.97927812369212119     
           3          19  0.97169003070990134     
           3          20  0.98019482428800364     
           5          21  0.96719930193738346     
           6          22  0.96644394202286266     
           7          23  0.96464946740938051     
          10          24  0.96763321325700002     
          11          25  0.96854860279887622     
          12          26  0.96882595379508840     
          13          27  0.96872951216290615     
