           1           2  0.96358033294540957     
           2           3  0.99990413982801440     
           3           4   1.0121892859227102     
           4           5   1.3986872233589303     
           5           6   1.4684920346918959     
           6           7   1.3536665294835108     
           7           8   1.1372075242999431     
           8           9   1.7228508508728411     
           9          10   1.1363664144964101     
          10          11   1.3557254840217901     
          11          12   1.4220358794801873     
          12          13  0.92737533649489778     
          12          14   1.3846713885935491     
          14          15   1.4252437338169242     
          10          16   1.3494484852332009     
          15          16   1.4692288483913847     
           7          17   1.3480632567018185     
           4          18   1.3910258594428049     
          17          18   1.4790444840636716     
           1          19  0.89517638995957516     
           1          20  0.88962524673754595     
           1          21  0.88604111430113830     
           2          22  0.96542559528787719     
           2          23  0.96416738307613181     
           3          24  0.95645865155913579     
           3          25  0.96733494912177065     
           5          26  0.96565614864596838     
           6          27  0.96858608513266697     
           8          28  0.95847726536769418     
           9          29  0.95819771867142012     
          11          30  0.96549735498595446     
          14          31  0.96836194171821466     
          15          32  0.96773527223301425     
          16          33  0.96192741153399020     
          17          34  0.96402605685418186     
          18          35  0.96722488550853458     
