           1           2  0.94608322510800746     
           2           3  0.99212316628785047     
           3           4   1.0224595068696534     
           4           5   1.5769951223948344     
           5           6   1.2888468912680038     
           6           7   1.5271124835448773     
           7           8   1.1334045386067391     
           8           9   1.5380225685568787     
           9          10   1.2789355737469581     
           8          11  0.10110756431095021     
          10          11   1.6271133544619101     
           8          12   1.1243232386823498     
          11          12   1.1813736738629994     
           4          13   1.1671091246543037     
           7          13   1.1397076490305547     
           1          15  0.83929698860927249     
           1          16  0.91044292396194781     
           1          17  0.92454703748340550     
           2          18  0.96882242586097800     
           2          19  0.97145242686211342     
           3          20  0.95183364984958596     
           3          21  0.95721838852324570     
           5          22  0.96529172368375304     
           6          23  0.96341102666179190     
           9          24  0.96167825170269616     
          10          25  0.96459097244871739     
          11          26  0.96989287977760241     
