           1           2  0.94631594698555177     
           2           3  0.99221374118695538     
           3           4  0.98958380524811251     
           4           5   1.0070116317488735     
           5           6  0.97860651845062252     
           6           7  0.97011525597237414     
           7           8   1.1338648345222135     
           7           9   1.7619759965530013     
           8           9  0.17254339328489346     
           6          10  0.97522213464543961     
           3          11  0.99252170782039773     
          10          11   1.0074100955931473     
           1          13  0.83876144274268083     
           1          14  0.92047025538589033     
           1          15  0.91751992189759424     
           2          16  0.97081365319147928     
           2          17  0.96615409866999058     
           3          18  0.96394567767436079     
           4          19  0.97496945887565434     
           4          20  0.97592056720864617     
           5          21  0.97409173151727457     
           5          22  0.97576037194672061     
           6          23  0.96656880087015717     
           8          24  0.86498847708642246     
          10          25  0.97409096560800690     
          10          26  0.97432843581583439     
          11          27  0.95677988361505872     
          11          28  0.97395373493098902     
