           1           2  0.93869712555817253     
           2           3  0.99363163963009848     
           3           4   1.0219355961563268     
           4           5   1.6257029423495983     
           5           6   1.2525211230203821     
           4           7  0.12116516023499728     
           6           7   1.6623129915044694     
           4           8   1.1217645682271067     
           7           8   1.1556936998647807     
           1           9  0.91473343080018377     
           1          10  0.91194358404317266     
           1          11  0.84350399068810011     
           2          12  0.96673150559592025     
           2          13  0.96712881554595964     
           3          14  0.96262529605132663     
           3          15  0.95550289349104034     
           5          16  0.95971628535495312     
           6          17  0.95897480256081324     
           7          18  0.96745648893753622     
