$coord
         -7.034989432275         -0.628336366343          0.000855784884     n 
         -4.688431609854          0.941332051570          0.000761543117     c 
         -2.286345403240         -0.647932046249         -0.001476478600     c 
          0.131397743924          0.939554419062         -0.000961380313     c 
          2.539469999901         -0.661105457555         -0.000727858752     c 
          4.960841227569          0.920307097285          0.000073533961     c 
          7.348582442866         -0.684131316792          0.001159126528     c 
         -8.625226804342          0.476404659376          0.005387482259     h 
         -7.090670755769         -1.769279411969          1.563758388068     h 
         -7.095121082489         -1.763056973952         -1.566404117781     h 
         -4.698094577798          2.191982410393          1.651140392919     h 
         -4.699713835587          2.194295578763         -1.647854200122     h 
         -2.291899880014         -1.903630471952         -1.645931221043     h 
         -2.290716564994         -1.906215205657          1.641007704110     h 
          0.135069471806          2.196393209527          1.643971541974     h 
          0.135541572969          2.196884107038         -1.645515314660     h 
          2.535091991292         -1.918522471846         -1.645442710067     h 
          2.534391711768         -1.918969975392          1.643647173728     h 
          4.953952662289          2.180316069326          1.645420215336     h 
          4.955223719931          2.180063244025         -1.645470942383     h 
          7.425105872463         -1.903516234617          1.660695908210     h 
          9.054775701435          0.473581357408          0.001682868610     h 
          7.426367602606         -1.903908438923         -1.658025169676     h 
$end
