   -0.16565883
   -0.04272099
   -0.09244121
    0.03161868
   -0.06484515
   -0.05190237
    0.00790340
    0.01585976
   -0.06778308
   -0.00283624
   -0.11219059
    0.00225428
   -0.01135986
   -0.05045749
   -0.04192358
   -0.01086230
    0.00706048
    0.00140907
   -0.11555131
   -0.05822965
   -0.02341518
   -0.06243037
    0.06729026
   -0.29691158
    0.36180604
   -0.28393469
    0.06713891
   -0.04028177
   -0.01232044
    0.32322784
    0.30689221
    0.31546959
    0.11882761
    0.12488199
    0.09956204
    0.11102090
    0.04470234
    0.02022453
    0.03344214
    0.05369961
    0.05205303
    0.05229187
    0.06199749
    0.05203106
    0.07434237
    0.04178878
    0.05523554
    0.04589413
    0.05813070
