$hessian                                                                        
        0.4962556639  -0.0175441019   0.0474391566  -0.1313296357  -0.0268472317
        0.0415588919  -0.0332786955  -0.0069694923   0.0166286076  -0.0037990388
        0.0052801454  -0.0022543392  -0.0002842254   0.0002113596   0.0005591741
       -0.0002442493  -0.0001042186  -0.0002270424  -0.0099568920   0.0085692096
       -0.0037215758  -0.1963837915   0.1110686882  -0.0454649026  -0.0534376391
       -0.0047754024  -0.0503595285  -0.0574121505  -0.0617307616  -0.0134229217
       -0.0104217342  -0.0059380361   0.0062575995  -0.0002107836   0.0000874214
        0.0022993323   0.0014951585  -0.0007025306   0.0001073638   0.0013134088
       -0.0006821856   0.0006603547   0.0002617611   0.0002700297  -0.0006086056
       -0.0019905178  -0.0003275999   0.0007712528  -0.0002622517  -0.0001872634
       -0.0001435808   0.0000545973   0.0000856143  -0.0000587283  -0.0002639525
       -0.0000419063  -0.0001124536  -0.0001351221   0.0000560510   0.0001774853
        0.0000300900   0.0002222111  -0.0000855402
       -0.0175441019   0.5711212797   0.0269013295  -0.0276472039  -0.0820636145
        0.0165685570   0.0120571646   0.0047899757  -0.0070934013   0.0024224568
       -0.0010495018   0.0004343222   0.0002318931  -0.0000811082  -0.0001342612
       -0.0001266958  -0.0001474282  -0.0003137136   0.0068655351  -0.0042035798
        0.0022545347   0.1137481275  -0.1200492818   0.0313684442  -0.0064555635
       -0.0476380649  -0.0263643199  -0.0593689530  -0.3128953259  -0.0590665725
       -0.0256702242  -0.0111566238   0.0164274879   0.0003089651   0.0004945356
        0.0002419118   0.0011510057   0.0016370967  -0.0002447581  -0.0000285277
        0.0003285940  -0.0005089890   0.0001018735  -0.0000321489  -0.0001548922
        0.0006034267   0.0002477955  -0.0002420005   0.0000594444   0.0003125017
        0.0000210478  -0.0000568072   0.0001765307  -0.0000137481  -0.0003013221
        0.0001798238  -0.0000243475  -0.0003252062  -0.0001249569   0.0002781750
       -0.0000252869   0.0001535012  -0.0003348062
        0.0474391566   0.0269013295   0.5572165431   0.0424244111   0.0159246617
       -0.1007617942   0.0004582744  -0.0010131832   0.0017210653  -0.0003732981
       -0.0004502701   0.0006994002   0.0001005781  -0.0000607065  -0.0000546387
        0.0000566160   0.0000498773  -0.0001885821  -0.0022992528   0.0017344720
        0.0001989194  -0.0477362505   0.0322174834  -0.0534016890  -0.0515015044
       -0.0216358046  -0.3297007371  -0.0129759263  -0.0636133304  -0.0602792412
       -0.0016426025  -0.0000739585   0.0018323276   0.0272619795   0.0103119369
       -0.0204246425  -0.0003526103  -0.0000757387   0.0002319790  -0.0009430839
        0.0000266289   0.0016395492  -0.0000380396  -0.0003155178   0.0005877192
        0.0002892229  -0.0000101886   0.0003765128  -0.0000385648  -0.0000279270
        0.0002713767   0.0000290244   0.0001116525   0.0002724475  -0.0000393787
        0.0000703837  -0.0000383177  -0.0001301472   0.0001050233  -0.0001214112
        0.0000113963  -0.0001768236  -0.0000767863
       -0.1313296357  -0.0276472039   0.0424244111   0.4134421675   0.0054619745
        0.0323026021  -0.1307973650   0.0625912373  -0.0328296611  -0.0230396524
        0.0079088844   0.0026986079  -0.0001973686  -0.0001373480  -0.0002114792
        0.0001098457  -0.0003572391  -0.0005900058   0.0007334087  -0.0008861212
        0.0004235558  -0.0173327593  -0.0031653266   0.0083910086   0.0040518313
        0.0017391767   0.0029604533  -0.0065559788  -0.0070187372   0.0026910023
       -0.0462327830  -0.0411389977  -0.0109660215  -0.0500895389  -0.0033763938
       -0.0435435902   0.0004203357   0.0018651753   0.0011078591  -0.0097506810
        0.0057464216  -0.0052901521   0.0007431878   0.0003751162  -0.0009755895
       -0.0025538919  -0.0007855932   0.0010818849   0.0000913808  -0.0001232601
        0.0001447673  -0.0001783133  -0.0001279915   0.0002401316  -0.0001825819
        0.0000610885   0.0002429568  -0.0013011781  -0.0008686530  -0.0001175666
       -0.0000504298  -0.0001162092  -0.0001851747
       -0.0268472317  -0.0820636145   0.0159246617   0.0054619745   0.5298166697
        0.0095205184   0.0553668435  -0.1135841350   0.0193676016  -0.0030157342
        0.0048386434  -0.0032402214  -0.0007527663  -0.0003125610   0.0004394927
        0.0005053774   0.0000547644  -0.0001201239   0.0006893982  -0.0010102298
        0.0003954653   0.0067197571   0.0061942619  -0.0069629101   0.0014606019
        0.0008840931   0.0016227782  -0.0226147250  -0.0104100024   0.0141710809
       -0.0370453567  -0.2616401160  -0.0472853273  -0.0044276487  -0.0474905603
       -0.0139717953   0.0257719625  -0.0257807968   0.0076606083   0.0016837983
        0.0001855074   0.0019816883  -0.0006079903   0.0007212940   0.0000138662
       -0.0009550730   0.0005705971   0.0005190524  -0.0000321482  -0.0001629898
       -0.0001213217   0.0000226752  -0.0000969544  -0.0000278387   0.0000562873
        0.0001123546   0.0002947831  -0.0013634942  -0.0007272674  -0.0005208013
       -0.0000765074  -0.0000989582   0.0003387425
        0.0415588919   0.0165685570  -0.1007617942   0.0323026021   0.0095205184
        0.5139791622  -0.0288328575   0.0179081589  -0.0744790305   0.0106459557
       -0.0063114586   0.0004275860   0.0000747333  -0.0000871053   0.0000252611
       -0.0000774474  -0.0002202641  -0.0003496372  -0.0010135472   0.0009884588
       -0.0007219718   0.0001609963  -0.0039887203   0.0039553007   0.0224261312
        0.0086044471  -0.0182175025  -0.0028856960   0.0022521130   0.0036550026
       -0.0077047317  -0.0436928166  -0.0555490693  -0.0498863072  -0.0169329159
       -0.2631279943   0.0048466731  -0.0034546224   0.0021911478  -0.0251207174
        0.0191682214  -0.0112406064   0.0014613127  -0.0003215680   0.0006104033
        0.0028363954   0.0004503719  -0.0014250564   0.0000488852   0.0001398705
        0.0001665967   0.0000978804  -0.0000579897   0.0000433977  -0.0001830282
       -0.0001513352   0.0003855767  -0.0008156568  -0.0004847081   0.0002670493
        0.0000595322   0.0001027874   0.0001661784
       -0.0332786955   0.0120571646   0.0004582744  -0.1307973650   0.0553668435
       -0.0288328575   0.4442687272   0.0088148391   0.0196348802  -0.1371717067
       -0.0231996973   0.0467827873  -0.0182906637  -0.0093530100   0.0063649810
        0.0001073184   0.0006953256   0.0001178590  -0.0003107558   0.0003940437
       -0.0001168766  -0.0019117087  -0.0027102610   0.0030404392   0.0012276689
       -0.0005953551  -0.0005303160   0.0010831307   0.0005165924   0.0002303837
        0.0017423679   0.0018897770   0.0010318885  -0.0089467055   0.0061656354
       -0.0061242292  -0.0507472985  -0.0434873822  -0.0114325506  -0.0493900951
       -0.0011509403  -0.0417941889   0.0025605597   0.0005914006   0.0003508829
       -0.0192718990  -0.0036100457   0.0120538136  -0.0018360968  -0.0028862961
       -0.0018575573   0.0007793505   0.0004518346   0.0007182872  -0.0000124747
        0.0001560915  -0.0000506576   0.0002460546  -0.0001016176   0.0000590437
       -0.0000497129  -0.0000049428  -0.0001042871
       -0.0069694923   0.0047899757  -0.0010131832   0.0625912373  -0.1135841350
        0.0179081589   0.0088148391   0.4964699201   0.0067706494  -0.0282879933
       -0.0733851141   0.0187309445  -0.0181336455  -0.0072662339   0.0083891352
        0.0003464479   0.0010297375   0.0003089489  -0.0003397122   0.0002156196
       -0.0002569643  -0.0006616555  -0.0005334815   0.0010845007  -0.0002434828
        0.0003701770  -0.0004562344  -0.0008694579   0.0019413680   0.0001665215
        0.0226909130  -0.0204035502   0.0058656140   0.0008969134   0.0004669923
        0.0017558498  -0.0440496008  -0.2426747055  -0.0459956576  -0.0013011887
       -0.0461860452  -0.0086449758  -0.0089049276  -0.0029105473   0.0080153014
        0.0164457169   0.0037338019  -0.0111099838  -0.0028846996  -0.0022987211
       -0.0016388339   0.0007338326   0.0005411963   0.0005909450   0.0001802444
        0.0001819706  -0.0001578273  -0.0000087465  -0.0001703756  -0.0003991972
       -0.0000455418  -0.0003278497   0.0000862883
        0.0166286076  -0.0070934013   0.0017210653  -0.0328296611   0.0193676016
       -0.0744790305   0.0196348802   0.0067706494   0.5064613524   0.0473328871
        0.0154029336  -0.0964948406  -0.0072767342  -0.0000899357   0.0064590844
        0.0000088465   0.0002498426  -0.0000939371   0.0002944811  -0.0002888192
        0.0002025021   0.0014442203   0.0015043077  -0.0016057725   0.0010470853
       -0.0003188155   0.0015836118  -0.0004378672  -0.0003853545   0.0001749402
        0.0044711733  -0.0032465617   0.0022942748  -0.0231553306   0.0163139878
       -0.0096609094  -0.0122047800  -0.0468248534  -0.0572985234  -0.0399169503
       -0.0088064863  -0.2577329781   0.0223557477   0.0086945043  -0.0184836014
        0.0059157715   0.0012665951  -0.0026609875  -0.0019992654  -0.0018585043
       -0.0006491849  -0.0013659943  -0.0005051139   0.0008222631  -0.0000326004
        0.0000629938  -0.0001654622  -0.0000154414  -0.0002605458   0.0000371611
        0.0001009243   0.0000449757  -0.0004310276
       -0.0037990388   0.0024224568  -0.0003732981  -0.0230396524  -0.0030157342
        0.0106459557  -0.1371717067  -0.0282879933   0.0473328871   0.4609656944
       -0.0318241343   0.0100505779  -0.1028978941  -0.0418534542  -0.0346252397
        0.0078490237   0.0053182498   0.0048331818   0.0001135835   0.0000083080
       -0.0001277212  -0.0006197397  -0.0004200382   0.0003513357  -0.0003729173
        0.0001586938  -0.0004230575  -0.0000145120   0.0004591422  -0.0001252070
        0.0007322457   0.0000167404   0.0000217878   0.0008153991  -0.0003334143
        0.0001992908  -0.0102738826  -0.0057269091   0.0055431622   0.0018848599
       -0.0002076425   0.0021170508  -0.0580672425   0.0218778818  -0.0510930594
       -0.1112963066   0.1015450871   0.0223768287  -0.0181323633  -0.0169412614
       -0.0108268782  -0.0071861653  -0.0067287460  -0.0076199507  -0.0003913133
        0.0029851543   0.0008396116   0.0001848229   0.0002261612   0.0004235453
        0.0007171053   0.0003214522   0.0004791962
        0.0052801454  -0.0010495018  -0.0004502701   0.0079088844   0.0048386434
       -0.0063114586  -0.0231996973  -0.0733851141   0.0154029336  -0.0318241343
        0.4826461746  -0.0093706166  -0.0454142581  -0.1161044637  -0.0399192967
       -0.0120615168  -0.0236991946  -0.0132854796   0.0002128733  -0.0000327221
        0.0001072511   0.0003050161   0.0004983387  -0.0002860031   0.0000788607
       -0.0001013166   0.0001078982   0.0001437481  -0.0002478788  -0.0001358850
        0.0001351082   0.0003250866  -0.0000970366   0.0005579525   0.0002698642
       -0.0005052025  -0.0220278821  -0.0098432214   0.0129624065  -0.0010204735
        0.0007052500   0.0019382757   0.0227434336  -0.0748678925   0.0731363048
        0.0998273545  -0.1863584168  -0.0317069546  -0.0065886677  -0.0053971953
       -0.0031479260   0.0037620204   0.0050829886   0.0027613965   0.0024423577
       -0.0048081159  -0.0012076653  -0.0004479864   0.0005036821   0.0003201556
       -0.0008131386   0.0010250053  -0.0003128275
       -0.0022543392   0.0004343222   0.0006994002   0.0026986079  -0.0032402214
        0.0004275860   0.0467827873   0.0187309445  -0.0964948406   0.0100505779
       -0.0093706166   0.4947694178  -0.0353740872  -0.0394284366  -0.0971338398
       -0.0022195395  -0.0068618621  -0.0031132008  -0.0002353351   0.0002240701
        0.0001163746   0.0002703291  -0.0003756390   0.0000612327   0.0000081528
        0.0000163746  -0.0000579500   0.0000950482  -0.0000772546   0.0000298017
       -0.0001634524  -0.0000976871   0.0004767020  -0.0013315945  -0.0001962925
        0.0006243844  -0.0030524178  -0.0016575326   0.0033669118   0.0234642466
        0.0086316735  -0.0194519751  -0.0513404006   0.0733834098  -0.2198892600
        0.0217945847  -0.0314120286  -0.0527770380   0.0087045818   0.0084038669
        0.0060257458  -0.0185823410  -0.0175495091  -0.0186220310   0.0005181711
       -0.0007171989   0.0002563187  -0.0000789512  -0.0000578045  -0.0001464791
        0.0002453712   0.0012174220   0.0008327388
       -0.0002842254   0.0002318931   0.0001005781  -0.0001973686  -0.0007527663
        0.0000747333  -0.0182906637  -0.0181336455  -0.0072767342  -0.1028978941
       -0.0454142581  -0.0353740872   0.4940824223  -0.0090329145  -0.0101366570
       -0.0967751922   0.0582938887   0.0103060422   0.0000483909  -0.0000926296
        0.0000554987  -0.0001092385   0.0000233497   0.0001230839   0.0000056803
       -0.0000406817   0.0000590831   0.0000571215  -0.0000113175   0.0000458839
       -0.0003403200   0.0005196277   0.0003431250  -0.0001817306  -0.0000336684
       -0.0000906800  -0.0031810979  -0.0015074143   0.0012844411   0.0014933325
        0.0002171874  -0.0013176503  -0.0065876966  -0.0063820019  -0.0086240226
        0.0067648731   0.0086752871   0.0065634843  -0.1969495267  -0.0281279756
        0.0942076082  -0.0634154044   0.0230839729  -0.0530304061   0.0076731488
       -0.0154860810  -0.0026319243  -0.0146850005   0.0222733878   0.0059641833
       -0.0062296101   0.0116967600  -0.0006455835
        0.0002113596  -0.0000811082  -0.0000607065  -0.0001373480  -0.0003125610
       -0.0000871053  -0.0093530100  -0.0072662339  -0.0000899357  -0.0418534542
       -0.1161044637  -0.0394284366  -0.0090329145   0.4685944267  -0.0197349835
        0.0570409233  -0.1707744015  -0.0167854686   0.0000643866  -0.0000589712
       -0.0000684515  -0.0001467957  -0.0002233072  -0.0000043123  -0.0000253207
        0.0000704328  -0.0000090571  -0.0000190200  -0.0000641987   0.0000732125
        0.0005142577   0.0000708731   0.0000458817  -0.0000636183  -0.0000919721
        0.0000624864  -0.0017839824  -0.0001060730   0.0005453474   0.0002220665
        0.0004428997  -0.0008758180   0.0037595884   0.0060547571   0.0033583620
       -0.0125363823  -0.0216374626  -0.0153326259  -0.0280918273  -0.0484303915
        0.0195667136   0.0230027414  -0.0749251663   0.0738490108   0.0079666073
       -0.0212738443  -0.0048032300   0.0023446837   0.0006912717  -0.0018036596
        0.0079170588  -0.0145745059   0.0015827764
        0.0005591741  -0.0001342612  -0.0000546387  -0.0002114792   0.0004394927
        0.0000252611   0.0063649810   0.0083891352   0.0064590844  -0.0346252397
       -0.0399192967  -0.0971338398  -0.0101366570  -0.0197349835   0.5044952219
        0.0098871207  -0.0160594222  -0.0697821348   0.0000373092  -0.0001110562
       -0.0000961415  -0.0000514661   0.0001446314  -0.0003834612  -0.0000565025
        0.0001022224   0.0000339056  -0.0000651876   0.0000118761  -0.0000288373
       -0.0001018586   0.0001554325  -0.0001679209   0.0000572108  -0.0001168197
       -0.0002001082   0.0029506718   0.0017678800  -0.0009696359   0.0011920185
        0.0009486621   0.0011106065  -0.0169779738  -0.0176565140  -0.0178649283
       -0.0031130798  -0.0057330939  -0.0030406049   0.0946561169   0.0190244969
       -0.1061679412  -0.0528446292   0.0741352033  -0.2124487528   0.0046810585
       -0.0114724447  -0.0023205315   0.0108024144  -0.0173665661  -0.0039709288
       -0.0130040023   0.0231854255   0.0025063263
       -0.0002442493  -0.0001266958   0.0000566160   0.0001098457   0.0005053774
       -0.0000774474   0.0001073184   0.0003464479   0.0000088465   0.0078490237
       -0.0120615168  -0.0022195395  -0.0967751922   0.0570409233   0.0098871207
        0.5015671169   0.0135525771   0.0022285297  -0.0000795382   0.0000776261
        0.0000134163   0.0003024091   0.0000464532   0.0000406503  -0.0000694177
       -0.0000860630  -0.0000897168  -0.0000761978   0.0000982701   0.0000590612
       -0.0010173288  -0.0008208548  -0.0008194036   0.0000002822  -0.0001768051
        0.0000583581   0.0000272887   0.0000821270   0.0000174378  -0.0000311935
       -0.0003028595   0.0000355693   0.0004485254  -0.0005763881   0.0004122824
       -0.0008870669  -0.0031843780  -0.0020107452  -0.0152765332   0.0228843402
        0.0058575857  -0.0050313404   0.0103593071  -0.0002212183  -0.1401389648
       -0.0995169257  -0.0569826860  -0.1765205379  -0.0175229815   0.1131179178
       -0.0742642495   0.0293820189  -0.0693726349
       -0.0001042186  -0.0001474282   0.0000498773  -0.0003572391   0.0000547644
       -0.0002202641   0.0006953256   0.0010297375   0.0002498426   0.0053182498
       -0.0236991946  -0.0068618621   0.0582938887  -0.1707744015  -0.0160594222
        0.0135525771   0.4799320636  -0.0048144728   0.0000967618   0.0002732888
        0.0000795927  -0.0000243638  -0.0002014909  -0.0000712867  -0.0000094846
        0.0000059651  -0.0000641869  -0.0000975797  -0.0000118178   0.0000243185
       -0.0001006633  -0.0005699998  -0.0003211746  -0.0000066750  -0.0000979414
        0.0000123413  -0.0000098512   0.0000852967   0.0000225871  -0.0001468378
        0.0000118646   0.0000053832   0.0004404188   0.0012281256   0.0009559291
       -0.0020399896  -0.0028921418  -0.0020864964   0.0022562151  -0.0004829852
       -0.0019124465   0.0093973570  -0.0158242842   0.0008401196  -0.0989592466
       -0.1465653210  -0.0583467545  -0.0178959944  -0.0461920955   0.0156128775
        0.0297013498  -0.0751620046   0.0729054978
       -0.0002270424  -0.0003137136  -0.0001885821  -0.0005900058  -0.0001201239
       -0.0003496372   0.0001178590   0.0003089489  -0.0000939371   0.0048331818
       -0.0132854796  -0.0031132008   0.0103060422  -0.0167854686  -0.0697821348
        0.0022285297  -0.0048144728   0.5121773246  -0.0001483673   0.0000026586
        0.0000035945   0.0002784539   0.0000550609   0.0003577480   0.0001550621
        0.0000306400  -0.0000415525  -0.0000081359  -0.0000323345   0.0000522511
        0.0005442950  -0.0000967418   0.0009058127  -0.0001677823  -0.0002483866
       -0.0001535532  -0.0000185852   0.0000851461  -0.0000852362  -0.0000729123
        0.0002026547  -0.0000510988   0.0005815413  -0.0005489203   0.0005318439
       -0.0015922572  -0.0026474139  -0.0011219757   0.0108050997  -0.0152786894
       -0.0031116767  -0.0129159682   0.0231292472   0.0021114961  -0.0566923694
       -0.0585055356  -0.0795132120   0.1127194815   0.0153736946  -0.1415036223
       -0.0701361201   0.0734892294  -0.2170306515
       -0.0099568920   0.0068655351  -0.0022992528   0.0007334087   0.0006893982
       -0.0010135472  -0.0003107558  -0.0003397122   0.0002944811   0.0001135835
        0.0002128733  -0.0002353351   0.0000483909   0.0000643866   0.0000373092
       -0.0000795382   0.0000967618  -0.0001483673  -0.0032741218   0.0058727019
       -0.0025283800   0.0125125966  -0.0132669597   0.0055480889  -0.0000446679
       -0.0003323626   0.0009940958  -0.0004906997  -0.0009234939   0.0000120342
        0.0007355153   0.0001972046   0.0000952670   0.0003774935  -0.0002663431
       -0.0003318973   0.0001267216   0.0001325613  -0.0000095587   0.0001293275
        0.0000616344  -0.0000926143   0.0000370273   0.0000123851  -0.0000768139
       -0.0001042869   0.0002372688  -0.0000199681  -0.0001986456   0.0001895835
       -0.0000397141   0.0000442926   0.0002088233  -0.0001618274  -0.0002645052
        0.0000478773  -0.0001185683  -0.0000635516   0.0000867317   0.0002015360
       -0.0000706926   0.0001531448  -0.0001069677
        0.0085692096  -0.0042035798   0.0017344720  -0.0008861212  -0.0010102298
        0.0009884588   0.0003940437   0.0002156196  -0.0002888192   0.0000083080
       -0.0000327221   0.0002240701  -0.0000926296  -0.0000589712  -0.0001110562
        0.0000776261   0.0002732888   0.0000026586   0.0058727019  -0.0004932948
        0.0018806112  -0.0132931461   0.0046165245  -0.0040545055  -0.0001255165
       -0.0004739715  -0.0005590246  -0.0002246808   0.0006405272   0.0000702455
       -0.0001351417  -0.0002003452   0.0000351620  -0.0002647577  -0.0003151468
        0.0001010517   0.0001437711   0.0000629193   0.0002002829   0.0001020021
        0.0000251918   0.0001576665   0.0000443594  -0.0000526079   0.0000015459
        0.0002822917   0.0000898606   0.0001238110   0.0000495877   0.0003671149
       -0.0000337778  -0.0000079207   0.0003533793   0.0000536003  -0.0001826778
        0.0002800048  -0.0001476645  -0.0001365793  -0.0000324685  -0.0001467999
       -0.0001947299  -0.0000510933  -0.0002319891
       -0.0037215758   0.0022545347   0.0001989194   0.0004235558   0.0003954653
       -0.0007219718  -0.0001168766  -0.0002569643   0.0002025021  -0.0001277212
        0.0001072511   0.0001163746   0.0000554987  -0.0000684515  -0.0000961415
        0.0000134163   0.0000795927   0.0000035945  -0.0025283800   0.0018806112
        0.0027206099   0.0056263980  -0.0040744425  -0.0032107658   0.0004149889
       -0.0000950715   0.0001549857  -0.0001395659  -0.0000916005  -0.0004717641
        0.0001155645  -0.0000764564  -0.0004257685  -0.0000377431  -0.0000656761
        0.0000810019  -0.0000525635   0.0000897513   0.0002911224  -0.0000306339
        0.0001781276   0.0003400575   0.0002273847  -0.0003592138   0.0002832829
        0.0001834208  -0.0002205952   0.0005596597  -0.0000582567  -0.0000271730
        0.0003723173  -0.0000753123   0.0001796970   0.0003831464  -0.0001217784
        0.0001582405  -0.0002888198  -0.0001081258   0.0001507662  -0.0002168871
        0.0000583055  -0.0001383926  -0.0002754555
       -0.1963837915   0.1137481275  -0.0477362505  -0.0173327593   0.0067197571
        0.0001609963  -0.0019117087  -0.0006616555   0.0014442203  -0.0006197397
        0.0003050161   0.0002703291  -0.0001092385  -0.0001467957  -0.0000514661
        0.0003024091  -0.0000243638   0.0002784539   0.0125125966  -0.0132931461
        0.0056263980   0.1999110556  -0.1098681625   0.0449787161  -0.0032595876
        0.0037036183  -0.0074837730   0.0070445834   0.0017859189   0.0014870487
       -0.0006257748  -0.0004295797   0.0001209771   0.0000550395  -0.0000247900
        0.0001983530  -0.0001857269  -0.0004848429   0.0000145810  -0.0000769744
       -0.0001834947   0.0004444447   0.0000063706   0.0000507280  -0.0001014223
       -0.0000067810  -0.0004168732   0.0001256286   0.0003056292  -0.0001916443
        0.0000151836  -0.0000496373  -0.0002051438   0.0002385673   0.0003525801
       -0.0000110260   0.0001760166   0.0000050485  -0.0001953278  -0.0002520832
        0.0000664071  -0.0001763198   0.0000450807
        0.1110686882  -0.1200492818   0.0322174834  -0.0031653266   0.0061942619
       -0.0039887203  -0.0027102610  -0.0005334815   0.0015043077  -0.0004200382
        0.0004983387  -0.0003756390   0.0000233497  -0.0002233072   0.0001446314
        0.0000464532  -0.0002014909   0.0000550609  -0.0132669597   0.0046165245
       -0.0040744425  -0.1098681625   0.1255139167  -0.0328670444  -0.0005109282
        0.0038104709   0.0025062933   0.0198403009  -0.0198105974   0.0048062218
       -0.0009890740   0.0004521071  -0.0000345272  -0.0001526694   0.0008952823
        0.0001017271  -0.0000688139   0.0000575404  -0.0002329653   0.0000666021
       -0.0001517466  -0.0003279657   0.0000514813   0.0000648586   0.0000216590
       -0.0003957302  -0.0000340271  -0.0000831651  -0.0000741025  -0.0002590908
        0.0000642246   0.0000412572  -0.0003233609  -0.0000800896   0.0000929668
       -0.0003877720   0.0001806211   0.0001663547  -0.0000917486   0.0001854105
        0.0002246122  -0.0000373964   0.0002769182
       -0.0454649026   0.0313684442  -0.0534016890   0.0083910086  -0.0069629101
        0.0039553007   0.0030404392   0.0010845007  -0.0016057725   0.0003513357
       -0.0002860031   0.0000612327   0.0001230839  -0.0000043123  -0.0003834612
        0.0000406503  -0.0000712867   0.0003577480   0.0055480889  -0.0040545055
       -0.0032107658   0.0449787161  -0.0328670444   0.0600797209  -0.0225312692
        0.0149044557  -0.0089650430   0.0044761620  -0.0031011359   0.0042558318
        0.0001997553   0.0000468874   0.0008323741   0.0009548396  -0.0001158804
       -0.0002939995  -0.0002185748   0.0000320742  -0.0005343362   0.0000046119
       -0.0002272521  -0.0003920073  -0.0002239412   0.0003931270  -0.0002349392
        0.0001294182   0.0002041690  -0.0006757185  -0.0000269046   0.0001390628
       -0.0002396729   0.0000822914  -0.0002368726  -0.0003293989   0.0000967659
       -0.0001539465   0.0002629354   0.0001218929  -0.0002580154   0.0002052591
       -0.0000734674   0.0001664440   0.0002564013
       -0.0534376391  -0.0064555635  -0.0515015044   0.0040518313   0.0014606019
        0.0224261312   0.0012276689  -0.0002434828   0.0010470853  -0.0003729173
        0.0000788607   0.0000081528   0.0000056803  -0.0000253207  -0.0000565025
       -0.0000694177  -0.0000094846   0.0001550621  -0.0000446679  -0.0001255165
        0.0004149889  -0.0032595876  -0.0005109282  -0.0225312692   0.0546742076
        0.0086794800   0.0553999893   0.0009689288  -0.0015118099  -0.0074562001
        0.0004564829   0.0000171283   0.0003243840  -0.0036002216  -0.0014373290
        0.0029473524  -0.0002538585   0.0001357860  -0.0000441418  -0.0006164199
        0.0000704720  -0.0008663708   0.0000859831   0.0000825497  -0.0001983747
        0.0000300119  -0.0000511348   0.0000308707   0.0001074750   0.0000067019
        0.0000049144  -0.0001206119  -0.0000074341   0.0000019362   0.0000748856
        0.0000241987   0.0000149165   0.0000409347  -0.0002086421  -0.0000496620
        0.0000512513   0.0000308670  -0.0000717583
       -0.0047754024  -0.0476380649  -0.0216358046   0.0017391767   0.0008840931
        0.0086044471  -0.0005953551   0.0003701770  -0.0003188155   0.0001586938
       -0.0001013166   0.0000163746  -0.0000406817   0.0000704328   0.0001022224
       -0.0000860630   0.0000059651   0.0000306400  -0.0003323626  -0.0004739715
       -0.0000950715   0.0037036183   0.0038104709   0.0149044557   0.0086794800
        0.0476231311   0.0270420488  -0.0065699884  -0.0044930314  -0.0308788225
       -0.0003037683   0.0001711402   0.0011297602  -0.0019081816   0.0002176226
        0.0014184182   0.0000470440  -0.0005702134  -0.0003980396   0.0001908585
        0.0003219994   0.0000837119   0.0000112736   0.0000584914   0.0000047917
        0.0000200334   0.0000250798  -0.0000919006   0.0000349895  -0.0000762555
       -0.0000202347   0.0000076590  -0.0000303418  -0.0000065348   0.0000198847
       -0.0000911563   0.0000884455  -0.0000476014  -0.0000768039  -0.0000389059
        0.0000466932  -0.0000074482   0.0000588137
       -0.0503595285  -0.0263643199  -0.3297007371   0.0029604533   0.0016227782
       -0.0182175025  -0.0005303160  -0.0004562344   0.0015836118  -0.0004230575
        0.0001078982  -0.0000579500   0.0000590831  -0.0000090571   0.0000339056
       -0.0000897168  -0.0000641869  -0.0000415525   0.0009940958  -0.0005590246
        0.0001549857  -0.0074837730   0.0025062933  -0.0089650430   0.0553999893
        0.0270420488   0.3649877211  -0.0036452595  -0.0051666524  -0.0094843664
       -0.0003752191  -0.0001873453   0.0007027612   0.0032738589   0.0016887749
       -0.0009001719  -0.0000487371  -0.0000419600  -0.0003132261   0.0006286001
       -0.0002047436  -0.0000622375  -0.0001271055   0.0000166775   0.0000230436
       -0.0001278588   0.0000776607   0.0000072067  -0.0000991017  -0.0000260315
        0.0000424367  -0.0000017693  -0.0000169700  -0.0000135799  -0.0001078548
       -0.0000831016   0.0000851634   0.0001068182   0.0000681907   0.0001627045
       -0.0000036010   0.0000493048  -0.0000271736
       -0.0574121505  -0.0593689530  -0.0129759263  -0.0065559788  -0.0226147250
       -0.0028856960   0.0010831307  -0.0008694579  -0.0004378672  -0.0000145120
        0.0001437481   0.0000950482   0.0000571215  -0.0000190200  -0.0000651876
       -0.0000761978  -0.0000975797  -0.0000081359  -0.0004906997  -0.0002246808
       -0.0001395659   0.0070445834   0.0198403009   0.0044761620   0.0009689288
       -0.0065699884  -0.0036452595   0.0588637861   0.0701628655   0.0128724701
       -0.0035784748  -0.0015075083   0.0029199288   0.0006856392   0.0000901515
       -0.0003401464  -0.0004118949   0.0010653913   0.0003805052  -0.0003867944
       -0.0000417538  -0.0002201351   0.0000926314   0.0000098822  -0.0001005611
        0.0000164963   0.0000045630   0.0000043228   0.0001102545   0.0000078102
        0.0000275447  -0.0000375598  -0.0000362555   0.0000256610   0.0000465533
        0.0000568456   0.0000411254  -0.0000490155  -0.0000709430   0.0000451074
        0.0000441531   0.0000393069  -0.0000693945
       -0.0617307616  -0.3128953259  -0.0636133304  -0.0070187372  -0.0104100024
        0.0022521130   0.0005165924   0.0019413680  -0.0003853545   0.0004591422
       -0.0002478788  -0.0000772546  -0.0000113175  -0.0000641987   0.0000118761
        0.0000982701  -0.0000118178  -0.0000323345  -0.0009234939   0.0006405272
       -0.0000916005   0.0017859189  -0.0198105974  -0.0031011359  -0.0015118099
       -0.0044930314  -0.0051666524   0.0701628655   0.3449149179   0.0688442549
       -0.0018047462   0.0003379595   0.0018054195   0.0003328837   0.0005109030
       -0.0003407383  -0.0006109310  -0.0001522825  -0.0001826230   0.0000673225
       -0.0002177530   0.0000348736   0.0000022616   0.0000109245  -0.0000304902
        0.0001844249   0.0000232580  -0.0000991153   0.0000329472   0.0000573398
        0.0000037594   0.0000194318  -0.0000147968   0.0000291576  -0.0000265160
       -0.0000178983   0.0000745847  -0.0000363067  -0.0000945844   0.0000681504
        0.0000125592  -0.0000070305  -0.0000035596
       -0.0134229217  -0.0590665725  -0.0602792412   0.0026910023   0.0141710809
        0.0036550026   0.0002303837   0.0001665215   0.0001749402  -0.0001252070
       -0.0001358850   0.0000298017   0.0000458839   0.0000732125  -0.0000288373
        0.0000590612   0.0000243185   0.0000522511   0.0000120342   0.0000702455
       -0.0004717641   0.0014870487   0.0048062218   0.0042558318  -0.0074562001
       -0.0308788225  -0.0094843664   0.0128724701   0.0688442549   0.0632892614
        0.0031237731   0.0012806095  -0.0009511107   0.0005906002   0.0011064471
        0.0001471922   0.0000120381  -0.0003489154   0.0001907199  -0.0002379267
       -0.0002805976  -0.0005224134   0.0000214300   0.0001727002  -0.0000820084
        0.0000633432   0.0000974769  -0.0000655117  -0.0000136720  -0.0000125344
        0.0000292875  -0.0000366317  -0.0000483107  -0.0000463536   0.0000106337
       -0.0000561954   0.0001002338   0.0000940203  -0.0000117373  -0.0000538661
       -0.0000211635   0.0000264813   0.0000609505
       -0.0104217342  -0.0256702242  -0.0016426025  -0.0462327830  -0.0370453567
       -0.0077047317   0.0017423679   0.0226909130   0.0044711733   0.0007322457
        0.0001351082  -0.0001634524  -0.0003403200   0.0005142577  -0.0001018586
       -0.0010173288  -0.0001006633   0.0005442950   0.0007355153  -0.0001351417
        0.0001155645  -0.0006257748  -0.0009890740   0.0001997553   0.0004564829
       -0.0003037683  -0.0003752191  -0.0035784748  -0.0018047462   0.0031237731
        0.0615372159   0.0486386702   0.0083576675   0.0010387717  -0.0073028528
       -0.0040377356  -0.0037078214   0.0038692497  -0.0013800375   0.0007924099
       -0.0001535127   0.0003662506  -0.0000061964   0.0001287688   0.0002388219
        0.0001516544  -0.0002738870  -0.0000251616   0.0000331422  -0.0000453826
       -0.0001537788   0.0000286546  -0.0000112357  -0.0000237374   0.0003041132
       -0.0001979205  -0.0001704419  -0.0009271396  -0.0011118406  -0.0024694495
       -0.0006950006  -0.0008313612   0.0008309054
       -0.0059380361  -0.0111566238  -0.0000739585  -0.0411389977  -0.2616401160
       -0.0436928166   0.0018897770  -0.0204035502  -0.0032465617   0.0000167404
        0.0003250866  -0.0000976871   0.0005196277   0.0000708731   0.0001554325
       -0.0008208548  -0.0005699998  -0.0000967418   0.0001972046  -0.0002003452
       -0.0000764564  -0.0004295797   0.0004521071   0.0000468874   0.0000171283
        0.0001711402  -0.0001873453  -0.0015075083   0.0003379595   0.0012806095
        0.0486386702   0.2996322689   0.0515959122  -0.0017931295  -0.0058109116
       -0.0055666224   0.0030881191  -0.0018178650   0.0011972228  -0.0007413215
        0.0006509125  -0.0003181402   0.0001340009  -0.0000739146  -0.0003267032
       -0.0003328542   0.0001749923   0.0000359175  -0.0001219554  -0.0001907015
        0.0000009137   0.0000415005  -0.0001152234  -0.0000107459  -0.0002729272
       -0.0003039982  -0.0001710927  -0.0008007208   0.0005292211  -0.0007593912
       -0.0006448832  -0.0000613120   0.0003113673
        0.0062575995   0.0164274879   0.0018323276  -0.0109660215  -0.0472853273
       -0.0555490693   0.0010318885   0.0058656140   0.0022942748   0.0000217878
       -0.0000970366   0.0004767020   0.0003431250   0.0000458817  -0.0001679209
       -0.0008194036  -0.0003211746   0.0009058127   0.0000952670   0.0000351620
       -0.0004257685   0.0001209771  -0.0000345272   0.0008323741   0.0003243840
        0.0011297602   0.0007027612   0.0029199288   0.0018054195  -0.0009511107
        0.0083576675   0.0515959122   0.0624937165  -0.0065671865  -0.0305214280
       -0.0112487917  -0.0006798056   0.0011687960   0.0006832452   0.0001495196
        0.0006356491   0.0002837744   0.0001307333  -0.0003359811  -0.0003920334
       -0.0001550509   0.0000141361  -0.0000912791   0.0000424971  -0.0000457499
       -0.0001140936  -0.0000878169   0.0001306902  -0.0001265143  -0.0000116550
        0.0000283463  -0.0004436312  -0.0009497528  -0.0006758264  -0.0006339362
        0.0004413175   0.0004341957  -0.0003608395
       -0.0002107836   0.0003089651   0.0272619795  -0.0500895389  -0.0044276487
       -0.0498863072  -0.0089467055   0.0008969134  -0.0231553306   0.0008153991
        0.0005579525  -0.0013315945  -0.0001817306  -0.0000636183   0.0000572108
        0.0000002822  -0.0000066750  -0.0001677823   0.0003774935  -0.0002647577
       -0.0000377431   0.0000550395  -0.0001526694   0.0009548396  -0.0036002216
       -0.0019081816   0.0032738589   0.0006856392   0.0003328837   0.0005906002
        0.0010387717  -0.0017931295  -0.0065671865   0.0637676869   0.0041996943
        0.0491024853   0.0009435789  -0.0007607932   0.0001541893  -0.0038216070
        0.0033557553  -0.0013475673  -0.0009766817  -0.0003152274   0.0007655674
        0.0000618064  -0.0000950526  -0.0000001396   0.0000125458   0.0000485669
       -0.0000320126   0.0001789397   0.0000426981   0.0002126063   0.0000102816
        0.0000956327   0.0000796177  -0.0000424928   0.0000946718   0.0000767765
       -0.0000777028  -0.0001459803  -0.0000040676
        0.0000874214   0.0004945356   0.0103119369  -0.0033763938  -0.0474905603
       -0.0169329159   0.0061656354   0.0004669923   0.0163139878  -0.0003334143
        0.0002698642  -0.0001962925  -0.0000336684  -0.0000919721  -0.0001168197
       -0.0001768051  -0.0000979414  -0.0002483866  -0.0002663431  -0.0003151468
       -0.0000656761  -0.0000247900   0.0008952823  -0.0001158804  -0.0014373290
        0.0002176226   0.0016887749   0.0000901515   0.0005109030   0.0011064471
       -0.0073028528  -0.0058109116  -0.0305214280   0.0041996943   0.0519198397
        0.0159721547  -0.0000830038   0.0005653388   0.0008782732   0.0028337878
       -0.0013443888   0.0015571892  -0.0002294085   0.0002541544   0.0000877766
       -0.0000668600  -0.0002430236   0.0002474716  -0.0000392502  -0.0000084026
       -0.0000117367   0.0000109997  -0.0000593287   0.0000487459  -0.0000743683
       -0.0000417385   0.0000091506   0.0001112576   0.0000329130   0.0001670331
       -0.0000544604  -0.0001240315  -0.0001798057
        0.0022993323   0.0002419118  -0.0204246425  -0.0435435902  -0.0139717953
       -0.2631279943  -0.0061242292   0.0017558498  -0.0096609094   0.0001992908
       -0.0005052025   0.0006243844  -0.0000906800   0.0000624864  -0.0002001082
        0.0000583581   0.0000123413  -0.0001535532  -0.0003318973   0.0001010517
        0.0000810019   0.0001983530   0.0001017271  -0.0002939995   0.0029473524
        0.0014184182  -0.0009001719  -0.0003401464  -0.0003407383   0.0001471922
       -0.0040377356  -0.0055666224  -0.0112487917   0.0491024853   0.0159721547
        0.3040732927   0.0004964039  -0.0003906575   0.0005944365  -0.0012480056
        0.0013343603   0.0001423962  -0.0000949315  -0.0001353495   0.0004600887
        0.0003303202  -0.0001031317   0.0000424269   0.0000526120   0.0000312050
        0.0000206096   0.0001502160   0.0000600620   0.0000439906   0.0000768106
        0.0000753974  -0.0000207156  -0.0000136680   0.0000218658  -0.0002037352
       -0.0000866509  -0.0001753343   0.0000048019
        0.0014951585   0.0011510057  -0.0003526103   0.0004203357   0.0257719625
        0.0048466731  -0.0507472985  -0.0440496008  -0.0122047800  -0.0102738826
       -0.0220278821  -0.0030524178  -0.0031810979  -0.0017839824   0.0029506718
        0.0000272887  -0.0000098512  -0.0000185852   0.0001267216   0.0001437711
       -0.0000525635  -0.0001857269  -0.0000688139  -0.0002185748  -0.0002538585
        0.0000470440  -0.0000487371  -0.0004118949  -0.0006109310   0.0000120381
       -0.0037078214   0.0030881191  -0.0006798056   0.0009435789  -0.0000830038
        0.0004964039   0.0670591849   0.0477565034   0.0120374007   0.0001678289
       -0.0071334685  -0.0035273589  -0.0005103826  -0.0003126687   0.0001217065
       -0.0002243736  -0.0014245391  -0.0002265694  -0.0008075489  -0.0007616859
       -0.0003968025   0.0001593942   0.0000587052   0.0002917601   0.0000799264
        0.0000301249   0.0000197581  -0.0001106313   0.0001627034  -0.0000371692
       -0.0000649006   0.0000564880   0.0000395620
       -0.0007025306   0.0016370967  -0.0000757387   0.0018651753  -0.0257807968
       -0.0034546224  -0.0434873822  -0.2426747055  -0.0468248534  -0.0057269091
       -0.0098432214  -0.0016575326  -0.0015074143  -0.0001060730   0.0017678800
        0.0000821270   0.0000852967   0.0000851461   0.0001325613   0.0000629193
        0.0000897513  -0.0004848429   0.0000575404   0.0000320742   0.0001357860
       -0.0005702134  -0.0000419600   0.0010653913  -0.0001522825  -0.0003489154
        0.0038692497  -0.0018178650   0.0011687960  -0.0007607932   0.0005653388
       -0.0003906575   0.0477565034   0.2832836069   0.0552343980  -0.0025420414
       -0.0062604039  -0.0053951760  -0.0002445532  -0.0001712059   0.0000933296
        0.0008506901   0.0016235286  -0.0005244658  -0.0003793508  -0.0002562006
       -0.0002366706   0.0001531141   0.0000187529   0.0001362457  -0.0000166319
        0.0001025048   0.0001076899  -0.0000471109   0.0000657119   0.0002300382
       -0.0000110377   0.0001306709   0.0000052432
        0.0001073638  -0.0002447581   0.0002319790   0.0011078591   0.0076606083
        0.0021911478  -0.0114325506  -0.0459956576  -0.0572985234   0.0055431622
        0.0129624065   0.0033669118   0.0012844411   0.0005453474  -0.0009696359
        0.0000174378   0.0000225871  -0.0000852362  -0.0000095587   0.0002002829
        0.0002911224   0.0000145810  -0.0002329653  -0.0005343362  -0.0000441418
       -0.0003980396  -0.0003132261   0.0003805052  -0.0001826230   0.0001907199
       -0.0013800375   0.0011972228   0.0006832452   0.0001541893   0.0008782732
        0.0005944365   0.0120374007   0.0552343980   0.0642655539  -0.0083957233
       -0.0329923198  -0.0137294127   0.0003518918   0.0002778140  -0.0005496202
       -0.0000095461   0.0007781872   0.0010241879   0.0004109733   0.0002126258
        0.0004072963   0.0000445494  -0.0001539937  -0.0000113751  -0.0000414580
        0.0000094203   0.0001501086  -0.0000967121   0.0002088034   0.0000208184
       -0.0000446266   0.0000123801   0.0000738382
        0.0013134088  -0.0000285277  -0.0009430839  -0.0097506810   0.0016837983
       -0.0251207174  -0.0493900951  -0.0013011887  -0.0399169503   0.0018848599
       -0.0010204735   0.0234642466   0.0014933325   0.0002220665   0.0011920185
       -0.0000311935  -0.0001468378  -0.0000729123   0.0001293275   0.0001020021
       -0.0000306339  -0.0000769744   0.0000666021   0.0000046119  -0.0006164199
        0.0001908585   0.0006286001  -0.0003867944   0.0000673225  -0.0002379267
        0.0007924099  -0.0007413215   0.0001495196  -0.0038216070   0.0028337878
       -0.0012480056   0.0001678289  -0.0025420414  -0.0083957233   0.0626961869
        0.0016975672   0.0478031000  -0.0034885963  -0.0011242465   0.0027720651
       -0.0005281141  -0.0001327891   0.0004113603   0.0001708145   0.0001121537
       -0.0000217907  -0.0006638523  -0.0000660784  -0.0003505724  -0.0000252911
       -0.0000435237   0.0000208787   0.0002109503   0.0000278110  -0.0000437392
       -0.0000795001   0.0001430585  -0.0000643452
       -0.0006821856   0.0003285940   0.0000266289   0.0057464216   0.0001855074
        0.0191682214  -0.0011509403  -0.0461860452  -0.0088064863  -0.0002076425
        0.0007052500   0.0086316735   0.0002171874   0.0004428997   0.0009486621
       -0.0003028595   0.0000118646   0.0002026547   0.0000616344   0.0000251918
        0.0001781276  -0.0001834947  -0.0001517466  -0.0002272521   0.0000704720
        0.0003219994  -0.0002047436  -0.0000417538  -0.0002177530  -0.0002805976
       -0.0001535127   0.0006509125   0.0006356491   0.0033557553  -0.0013443888
        0.0013343603  -0.0071334685  -0.0062604039  -0.0329923198   0.0016975672
        0.0521676612   0.0099056136  -0.0014673035  -0.0003546042   0.0016337114
       -0.0000321143  -0.0000620757   0.0001324577   0.0001424700   0.0000065640
       -0.0000730977  -0.0003010144   0.0002139605  -0.0000436349   0.0001061044
        0.0000498715  -0.0000393399   0.0002068675  -0.0005945923  -0.0000531277
        0.0000518101   0.0000613332  -0.0000771607
        0.0006603547  -0.0005089890   0.0016395492  -0.0052901521   0.0019816883
       -0.0112406064  -0.0417941889  -0.0086449758  -0.2577329781   0.0021170508
        0.0019382757  -0.0194519751  -0.0013176503  -0.0008758180   0.0011106065
        0.0000355693   0.0000053832  -0.0000510988  -0.0000926143   0.0001576665
        0.0003400575   0.0004444447  -0.0003279657  -0.0003920073  -0.0008663708
        0.0000837119  -0.0000622375  -0.0002201351   0.0000348736  -0.0005224134
        0.0003662506  -0.0003181402   0.0002837744  -0.0013475673   0.0015571892
        0.0001423962  -0.0035273589  -0.0053951760  -0.0137294127   0.0478031000
        0.0099056136   0.3007656401   0.0029665957   0.0002010550  -0.0018220463
        0.0002185427   0.0002820722  -0.0006996630  -0.0004709687  -0.0003927486
        0.0001603929   0.0005819041   0.0001465616   0.0006690421  -0.0000829230
       -0.0000770500   0.0001501410  -0.0002078058   0.0003646240   0.0003446707
        0.0000239228  -0.0001178516   0.0000981680
        0.0002617611   0.0001018735  -0.0000380396   0.0007431878  -0.0006079903
        0.0014613127   0.0025605597  -0.0089049276   0.0223557477  -0.0580672425
        0.0227434336  -0.0513404006  -0.0065876966   0.0037595884  -0.0169779738
        0.0004485254   0.0004404188   0.0005815413   0.0000370273   0.0000443594
        0.0002273847   0.0000063706   0.0000514813  -0.0002239412   0.0000859831
        0.0000112736  -0.0001271055   0.0000926314   0.0000022616   0.0000214300
       -0.0000061964   0.0001340009   0.0001307333  -0.0009766817  -0.0002294085
       -0.0000949315  -0.0005103826  -0.0002445532   0.0003518918  -0.0034885963
       -0.0014673035   0.0029665957   0.0730155096  -0.0245851636   0.0601294740
       -0.0060553717   0.0112165879  -0.0170246198   0.0000271699   0.0002738522
       -0.0003962599  -0.0017895015  -0.0027952910  -0.0023742462   0.0000019445
        0.0002210484   0.0000665334  -0.0001141314   0.0000303393   0.0001573983
        0.0003151302  -0.0001958812   0.0001474752
        0.0002700297  -0.0000321489  -0.0003155178   0.0003751162   0.0007212940
       -0.0003215680   0.0005914006  -0.0029105473   0.0086945043   0.0218778818
       -0.0748678925   0.0733834098  -0.0063820019   0.0060547571  -0.0176565140
       -0.0005763881   0.0012281256  -0.0005489203   0.0000123851  -0.0000526079
       -0.0003592138   0.0000507280   0.0000648586   0.0003931270   0.0000825497
        0.0000584914   0.0000166775   0.0000098822   0.0000109245   0.0001727002
        0.0001287688  -0.0000739146  -0.0003359811  -0.0003152274   0.0002541544
       -0.0001353495  -0.0003126687  -0.0001712059   0.0002778140  -0.0011242465
       -0.0003546042   0.0002010550  -0.0245851636   0.0865046112  -0.0856798480
        0.0117532059  -0.0146658524   0.0251132300   0.0004283552   0.0004323628
       -0.0001162266  -0.0024911262  -0.0020212479  -0.0028809129   0.0000614501
        0.0001302152  -0.0000201167   0.0000543269  -0.0000448511   0.0000440697
        0.0000907419  -0.0002649222   0.0000735812
       -0.0006086056  -0.0001548922   0.0005877192  -0.0009755895   0.0000138662
        0.0006104033   0.0003508829   0.0080153014  -0.0184836014  -0.0510930594
        0.0731363048  -0.2198892600  -0.0086240226   0.0033583620  -0.0178649283
        0.0004122824   0.0009559291   0.0005318439  -0.0000768139   0.0000015459
        0.0002832829  -0.0001014223   0.0000216590  -0.0002349392  -0.0001983747
        0.0000047917   0.0000230436  -0.0001005611  -0.0000304902  -0.0000820084
        0.0002388219  -0.0003267032  -0.0003920334   0.0007655674   0.0000877766
        0.0004600887   0.0001217065   0.0000933296  -0.0005496202   0.0027720651
        0.0016337114  -0.0018220463   0.0601294740  -0.0856798480   0.2557290747
       -0.0011451001   0.0015633904   0.0016047854   0.0003098519   0.0002867047
        0.0005059919  -0.0024723446  -0.0026343917  -0.0015634427   0.0001679009
        0.0003135624   0.0002760673  -0.0000753520   0.0000392851  -0.0000775140
        0.0002026928  -0.0006991950   0.0003470930
       -0.0019905178   0.0006034267   0.0002892229  -0.0025538919  -0.0009550730
        0.0028363954  -0.0192718990   0.0164457169   0.0059157715  -0.1112963066
        0.0998273545   0.0217945847   0.0067648731  -0.0125363823  -0.0031130798
       -0.0008870669  -0.0020399896  -0.0015922572  -0.0001042869   0.0002822917
        0.0001834208  -0.0000067810  -0.0003957302   0.0001294182   0.0000300119
        0.0000200334  -0.0001278588   0.0000164963   0.0001844249   0.0000633432
        0.0001516544  -0.0003328542  -0.0001550509   0.0000618064  -0.0000668600
        0.0003303202  -0.0002243736   0.0008506901  -0.0000095461  -0.0005281141
       -0.0000321143   0.0002185427  -0.0060553717   0.0117532059  -0.0011451001
        0.1345502871  -0.1118407559  -0.0251666560   0.0005888359  -0.0007361107
       -0.0003300479   0.0004255899  -0.0001861508   0.0001494553   0.0003460282
       -0.0006973085  -0.0001768691   0.0000582259  -0.0001149775  -0.0001113715
       -0.0000751994  -0.0000328371   0.0000173625
       -0.0003275999   0.0002477955  -0.0000101886  -0.0007855932   0.0005705971
        0.0004503719  -0.0036100457   0.0037338019   0.0012665951   0.1015450871
       -0.1863584168  -0.0314120286   0.0086752871  -0.0216374626  -0.0057330939
       -0.0031843780  -0.0028921418  -0.0026474139   0.0002372688   0.0000898606
       -0.0002205952  -0.0004168732  -0.0000340271   0.0002041690  -0.0000511348
        0.0000250798   0.0000776607   0.0000045630   0.0000232580   0.0000974769
       -0.0002738870   0.0001749923   0.0000141361  -0.0000950526  -0.0002430236
       -0.0001031317  -0.0014245391   0.0016235286   0.0007781872  -0.0001327891
       -0.0000620757   0.0002820722   0.0112165879  -0.0146658524   0.0015633904
       -0.1118407559   0.2193486476   0.0356003372   0.0001046937  -0.0001849315
        0.0002576210   0.0003684072   0.0006408630   0.0002378280   0.0004974773
       -0.0010693568  -0.0005045856  -0.0002595039   0.0002185659   0.0001283117
       -0.0002472198   0.0004502978  -0.0003271199
        0.0007712528  -0.0002420005   0.0003765128   0.0010818849   0.0005190524
       -0.0014250564   0.0120538136  -0.0111099838  -0.0026609875   0.0223768287
       -0.0317069546  -0.0527770380   0.0065634843  -0.0153326259  -0.0030406049
       -0.0020107452  -0.0020864964  -0.0011219757  -0.0000199681   0.0001238110
        0.0005596597   0.0001256286  -0.0000831651  -0.0006757185   0.0000308707
       -0.0000919006   0.0000072067   0.0000043228  -0.0000991153  -0.0000655117
       -0.0000251616   0.0000359175  -0.0000912791  -0.0000001396   0.0002474716
        0.0000424269  -0.0002265694  -0.0005244658   0.0010241879   0.0004113603
        0.0001324577  -0.0006996630  -0.0170246198   0.0251132300   0.0016047854
       -0.0251666560   0.0356003372   0.0583605663   0.0003282199   0.0004394723
        0.0003981204   0.0005190919  -0.0002778524   0.0000131750   0.0003917420
       -0.0008321906   0.0000577869  -0.0000981652   0.0001538290   0.0000915753
       -0.0000864756   0.0000211724   0.0000218315
       -0.0002622517   0.0000594444  -0.0000385648   0.0000913808  -0.0000321482
        0.0000488852  -0.0018360968  -0.0028846996  -0.0019992654  -0.0181323633
       -0.0065886677   0.0087045818  -0.1969495267  -0.0280918273   0.0946561169
       -0.0152765332   0.0022562151   0.0108050997  -0.0001986456   0.0000495877
       -0.0000582567   0.0003056292  -0.0000741025  -0.0000269046   0.0001074750
        0.0000349895  -0.0000991017   0.0001102545   0.0000329472  -0.0000136720
        0.0000331422  -0.0001219554   0.0000424971   0.0000125458  -0.0000392502
        0.0000526120  -0.0008075489  -0.0003793508   0.0004109733   0.0001708145
        0.0001424700  -0.0004709687   0.0000271699   0.0004283552   0.0003098519
        0.0005888359   0.0001046937   0.0003282199   0.2274772829   0.0324345412
       -0.1116825727   0.0047465561   0.0003016609  -0.0011625545   0.0009071314
       -0.0005571565  -0.0002171025  -0.0011595275   0.0034345912   0.0003938847
        0.0000442754  -0.0005103378   0.0000162413
       -0.0001872634   0.0003125017  -0.0000279270  -0.0001232601  -0.0001629898
        0.0001398705  -0.0028862961  -0.0022987211  -0.0018585043  -0.0169412614
       -0.0053971953   0.0084038669  -0.0281279756  -0.0484303915   0.0190244969
        0.0228843402  -0.0004829852  -0.0152786894   0.0001895835   0.0003671149
       -0.0000271730  -0.0001916443  -0.0002590908   0.0001390628   0.0000067019
       -0.0000762555  -0.0000260315   0.0000078102   0.0000573398  -0.0000125344
       -0.0000453826  -0.0001907015  -0.0000457499   0.0000485669  -0.0000084026
        0.0000312050  -0.0007616859  -0.0002562006   0.0002126258   0.0001121537
        0.0000065640  -0.0003927486   0.0002738522   0.0004323628   0.0002867047
       -0.0007361107  -0.0001849315   0.0004394723   0.0324345412   0.0614361150
       -0.0193097744  -0.0104144586  -0.0016023566   0.0100335533   0.0006157248
        0.0007582548  -0.0002423277   0.0038564105  -0.0046576734  -0.0012499065
       -0.0000143464   0.0006376425  -0.0002394913
       -0.0001435808   0.0000210478   0.0002713767   0.0001447673  -0.0001213217
        0.0001665967  -0.0018575573  -0.0016388339  -0.0006491849  -0.0108268782
       -0.0031479260   0.0060257458   0.0942076082   0.0195667136  -0.1061679412
        0.0058575857  -0.0019124465  -0.0031116767  -0.0000397141  -0.0000337778
        0.0003723173   0.0000151836   0.0000642246  -0.0002396729   0.0000049144
       -0.0000202347   0.0000424367   0.0000275447   0.0000037594   0.0000292875
       -0.0001537788   0.0000009137  -0.0001140936  -0.0000320126  -0.0000117367
        0.0000206096  -0.0003968025  -0.0002366706   0.0004072963  -0.0000217907
       -0.0000730977   0.0001603929  -0.0003962599  -0.0001162266   0.0005059919
       -0.0003300479   0.0002576210   0.0003981204  -0.1116825727  -0.0193097744
        0.1235644305   0.0251400117   0.0081716816  -0.0227202625   0.0001852085
       -0.0000752948  -0.0000937968   0.0007979745  -0.0015577745   0.0007881151
       -0.0004998032   0.0001691543   0.0003439113
        0.0000545973  -0.0000568072   0.0000290244  -0.0001783133   0.0000226752
        0.0000978804   0.0007793505   0.0007338326  -0.0013659943  -0.0071861653
        0.0037620204  -0.0185823410  -0.0634154044   0.0230027414  -0.0528446292
       -0.0050313404   0.0093973570  -0.0129159682   0.0000442926  -0.0000079207
       -0.0000753123  -0.0000496373   0.0000412572   0.0000822914  -0.0001206119
        0.0000076590  -0.0000017693  -0.0000375598   0.0000194318  -0.0000366317
        0.0000286546   0.0000415005  -0.0000878169   0.0001789397   0.0000109997
        0.0001502160   0.0001593942   0.0001531141   0.0000445494  -0.0006638523
       -0.0003010144   0.0005819041  -0.0017895015  -0.0024911262  -0.0024723446
        0.0004255899   0.0003684072   0.0005190919   0.0047465561  -0.0104144586
        0.0251400117   0.0726259166  -0.0270500528   0.0624197222   0.0002139991
       -0.0004040437   0.0000768354   0.0002581923  -0.0002073211  -0.0008058342
       -0.0010430966   0.0033717487   0.0000471150
        0.0000856143   0.0001765307   0.0001116525  -0.0001279915  -0.0000969544
       -0.0000579897   0.0004518346   0.0005411963  -0.0005051139  -0.0067287460
        0.0050829886  -0.0175495091   0.0230839729  -0.0749251663   0.0741352033
        0.0103593071  -0.0158242842   0.0231292472   0.0002088233   0.0003533793
        0.0001796970  -0.0002051438  -0.0003233609  -0.0002368726  -0.0000074341
       -0.0000303418  -0.0000169700  -0.0000362555  -0.0000147968  -0.0000483107
       -0.0000112357  -0.0001152234   0.0001306902   0.0000426981  -0.0000593287
        0.0000600620   0.0000587052   0.0000187529  -0.0001539937  -0.0000660784
        0.0002139605   0.0001465616  -0.0027952910  -0.0020212479  -0.0026343917
       -0.0001861508   0.0006408630  -0.0002778524   0.0003016609  -0.0016023566
        0.0081716816  -0.0270500528   0.0919941388  -0.0846155780  -0.0000193431
        0.0001920949   0.0004206561  -0.0005433959   0.0011149058   0.0002998498
        0.0031845023  -0.0053157497  -0.0006887194
       -0.0000587283  -0.0000137481   0.0002724475   0.0002401316  -0.0000278387
        0.0000433977   0.0007182872   0.0005909450   0.0008222631  -0.0076199507
        0.0027613965  -0.0186220310  -0.0530304061   0.0738490108  -0.2124487528
       -0.0002212183   0.0008401196   0.0021114961  -0.0001618274   0.0000536003
        0.0003831464   0.0002385673  -0.0000800896  -0.0003293989   0.0000019362
       -0.0000065348  -0.0000135799   0.0000256610   0.0000291576  -0.0000463536
       -0.0000237374  -0.0000107459  -0.0001265143   0.0002126063   0.0000487459
        0.0000439906   0.0002917601   0.0001362457  -0.0000113751  -0.0003505724
       -0.0000436349   0.0006690421  -0.0023742462  -0.0028809129  -0.0015634427
        0.0001494553   0.0002378280   0.0000131750  -0.0011625545   0.0100335533
       -0.0227202625   0.0624197222  -0.0846155780   0.2493046620   0.0002461598
        0.0000874980   0.0002068764   0.0000783588  -0.0004904977   0.0008078816
        0.0003805953  -0.0004985200   0.0012033324
       -0.0002639525  -0.0003013221  -0.0000393787  -0.0001825819   0.0000562873
       -0.0001830282  -0.0000124747   0.0001802444  -0.0000326004  -0.0003913133
        0.0024423577   0.0005181711   0.0076731488   0.0079666073   0.0046810585
       -0.1401389648  -0.0989592466  -0.0566923694  -0.0002645052  -0.0001826778
       -0.0001217784   0.0003525801   0.0000929668   0.0000967659   0.0000748856
        0.0000198847  -0.0001078548   0.0000465533  -0.0000265160   0.0000106337
        0.0003041132  -0.0002729272  -0.0000116550   0.0000102816  -0.0000743683
        0.0000768106   0.0000799264  -0.0000166319  -0.0000414580  -0.0000252911
        0.0001061044  -0.0000829230   0.0000019445   0.0000614501   0.0001679009
        0.0003460282   0.0004974773   0.0003917420   0.0009071314   0.0006157248
        0.0001852085   0.0002139991  -0.0000193431   0.0002461598   0.1624652321
        0.1144051199   0.0661067519  -0.0216098351  -0.0185185284  -0.0076827633
       -0.0095869058  -0.0080726630  -0.0074853936
       -0.0000419063   0.0001798238   0.0000703837   0.0000610885   0.0001123546
       -0.0001513352   0.0001560915   0.0001819706   0.0000629938   0.0029851543
       -0.0048081159  -0.0007171989  -0.0154860810  -0.0212738443  -0.0114724447
       -0.0995169257  -0.1465653210  -0.0585055356   0.0000478773   0.0002800048
        0.0001582405  -0.0000110260  -0.0003877720  -0.0001539465   0.0000241987
       -0.0000911563  -0.0000831016   0.0000568456  -0.0000178983  -0.0000561954
       -0.0001979205  -0.0003039982   0.0000283463   0.0000956327  -0.0000417385
        0.0000753974   0.0000301249   0.0001025048   0.0000094203  -0.0000435237
        0.0000498715  -0.0000770500   0.0002210484   0.0001302152   0.0003135624
       -0.0006973085  -0.0010693568  -0.0008321906  -0.0005571565   0.0007582548
       -0.0000752948  -0.0004040437   0.0001920949   0.0000874980   0.1144051199
        0.1692962503   0.0692156731  -0.0068344733  -0.0036182783  -0.0013216475
        0.0057071836   0.0068941344   0.0034244254
       -0.0001124536  -0.0000243475  -0.0000383177   0.0002429568   0.0002947831
        0.0003855767  -0.0000506576  -0.0001578273  -0.0001654622   0.0008396116
       -0.0012076653   0.0002563187  -0.0026319243  -0.0048032300  -0.0023205315
       -0.0569826860  -0.0583467545  -0.0795132120  -0.0001185683  -0.0001476645
       -0.0002888198   0.0001760166   0.0001806211   0.0002629354   0.0000149165
        0.0000884455   0.0000851634   0.0000411254   0.0000745847   0.0001002338
       -0.0001704419  -0.0001710927  -0.0004436312   0.0000796177   0.0000091506
       -0.0000207156   0.0000197581   0.0001076899   0.0001501086   0.0000208787
       -0.0000393399   0.0001501410   0.0000665334  -0.0000201167   0.0002760673
       -0.0001768691  -0.0005045856   0.0000577869  -0.0002171025  -0.0002423277
       -0.0000937968   0.0000768354   0.0004206561   0.0002068764   0.0661067519
        0.0692156731   0.0886690823   0.0151254648   0.0132498780   0.0070469360
       -0.0223497638  -0.0179765306  -0.0147627396
       -0.0001351221  -0.0003252062  -0.0001301472  -0.0013011781  -0.0013634942
       -0.0008156568   0.0002460546  -0.0000087465  -0.0000154414   0.0001848229
       -0.0004479864  -0.0000789512  -0.0146850005   0.0023446837   0.0108024144
       -0.1765205379  -0.0178959944   0.1127194815  -0.0000635516  -0.0001365793
       -0.0001081258   0.0000050485   0.0001663547   0.0001218929   0.0000409347
       -0.0000476014   0.0001068182  -0.0000490155  -0.0000363067   0.0000940203
       -0.0009271396  -0.0008007208  -0.0009497528  -0.0000424928   0.0001112576
       -0.0000136680  -0.0001106313  -0.0000471109  -0.0000967121   0.0002109503
        0.0002068675  -0.0002078058  -0.0001141314   0.0000543269  -0.0000753520
        0.0000582259  -0.0002595039  -0.0000981652  -0.0011595275   0.0038564105
        0.0007979745   0.0002581923  -0.0005433959   0.0000783588  -0.0216098351
       -0.0068344733   0.0151254648   0.2085459243   0.0213479014  -0.1318638231
        0.0071680100   0.0006593177  -0.0053928241
        0.0000560510  -0.0001249569   0.0001050233  -0.0008686530  -0.0007272674
       -0.0004847081  -0.0001016176  -0.0001703756  -0.0002605458   0.0002261612
        0.0005036821  -0.0000578045   0.0222733878   0.0006912717  -0.0173665661
       -0.0175229815  -0.0461920955   0.0153736946   0.0000867317  -0.0000324685
        0.0001507662  -0.0001953278  -0.0000917486  -0.0002580154  -0.0002086421
       -0.0000768039   0.0000681907  -0.0000709430  -0.0000945844  -0.0000117373
       -0.0011118406   0.0005292211  -0.0006758264   0.0000946718   0.0000329130
        0.0000218658   0.0001627034   0.0000657119   0.0002088034   0.0000278110
       -0.0005945923   0.0003646240   0.0000303393  -0.0000448511   0.0000392851
       -0.0001149775   0.0002185659   0.0001538290   0.0034345912  -0.0046576734
       -0.0015577745  -0.0002073211   0.0011149058  -0.0004904977  -0.0185185284
       -0.0036182783   0.0132498780   0.0213479014   0.0544852058  -0.0173087150
       -0.0088195172  -0.0012157815   0.0087362306
        0.0001774853   0.0002781750  -0.0001214112  -0.0001175666  -0.0005208013
        0.0002670493   0.0000590437  -0.0003991972   0.0000371611   0.0004235453
        0.0003201556  -0.0001464791   0.0059641833  -0.0018036596  -0.0039709288
        0.1131179178   0.0156128775  -0.1415036223   0.0002015360  -0.0001467999
       -0.0002168871  -0.0002520832   0.0001854105   0.0002052591  -0.0000496620
       -0.0000389059   0.0001627045   0.0000451074   0.0000681504  -0.0000538661
       -0.0024694495  -0.0007593912  -0.0006339362   0.0000767765   0.0001670331
       -0.0002037352  -0.0000371692   0.0002300382   0.0000208184  -0.0000437392
       -0.0000531277   0.0003446707   0.0001573983   0.0000440697  -0.0000775140
       -0.0001113715   0.0001283117   0.0000915753   0.0003938847  -0.0012499065
        0.0007881151  -0.0008058342   0.0002998498   0.0008078816  -0.0076827633
       -0.0013216475   0.0070469360  -0.1318638231  -0.0173087150   0.1612848135
        0.0228165835   0.0062680803  -0.0241286044
        0.0000300900  -0.0000252869   0.0000113963  -0.0000504298  -0.0000765074
        0.0000595322  -0.0000497129  -0.0000455418   0.0001009243   0.0007171053
       -0.0008131386   0.0002453712  -0.0062296101   0.0079170588  -0.0130040023
       -0.0742642495   0.0297013498  -0.0701361201  -0.0000706926  -0.0001947299
        0.0000583055   0.0000664071   0.0002246122  -0.0000734674   0.0000512513
        0.0000466932  -0.0000036010   0.0000441531   0.0000125592  -0.0000211635
       -0.0006950006  -0.0006448832   0.0004413175  -0.0000777028  -0.0000544604
       -0.0000866509  -0.0000649006  -0.0000110377  -0.0000446266  -0.0000795001
        0.0000518101   0.0000239228   0.0003151302   0.0000907419   0.0002026928
       -0.0000751994  -0.0002472198  -0.0000864756   0.0000442754  -0.0000143464
       -0.0004998032  -0.0010430966   0.0031845023   0.0003805953  -0.0095869058
        0.0057071836  -0.0223497638   0.0071680100  -0.0088195172   0.0228165835
        0.0838505787  -0.0359898416   0.0819650331
        0.0002222111   0.0001535012  -0.0001768236  -0.0001162092  -0.0000989582
        0.0001027874  -0.0000049428  -0.0003278497   0.0000449757   0.0003214522
        0.0010250053   0.0012174220   0.0116967600  -0.0145745059   0.0231854255
        0.0293820189  -0.0751620046   0.0734892294   0.0001531448  -0.0000510933
       -0.0001383926  -0.0001763198  -0.0000373964   0.0001664440   0.0000308670
       -0.0000074482   0.0000493048   0.0000393069  -0.0000070305   0.0000264813
       -0.0008313612  -0.0000613120   0.0004341957  -0.0001459803  -0.0001240315
       -0.0001753343   0.0000564880   0.0001306709   0.0000123801   0.0001430585
        0.0000613332  -0.0001178516  -0.0001958812  -0.0002649222  -0.0006991950
       -0.0000328371   0.0004502978   0.0000211724  -0.0005103378   0.0006376425
        0.0001691543   0.0033717487  -0.0053157497  -0.0004985200  -0.0080726630
        0.0068941344  -0.0179765306   0.0006593177  -0.0012157815   0.0062680803
       -0.0359898416   0.0878954984  -0.0854044052
       -0.0000855402  -0.0003348062  -0.0000767863  -0.0001851747   0.0003387425
        0.0001661784  -0.0001042871   0.0000862883  -0.0004310276   0.0004791962
       -0.0003128275   0.0008327388  -0.0006455835   0.0015827764   0.0025063263
       -0.0693726349   0.0729054978  -0.2170306515  -0.0001069677  -0.0002319891
       -0.0002754555   0.0000450807   0.0002769182   0.0002564013  -0.0000717583
        0.0000588137  -0.0000271736  -0.0000693945  -0.0000035596   0.0000609505
        0.0008309054   0.0003113673  -0.0003608395  -0.0000040676  -0.0001798057
        0.0000048019   0.0000395620   0.0000052432   0.0000738382  -0.0000643452
       -0.0000771607   0.0000981680   0.0001474752   0.0000735812   0.0003470930
        0.0000173625  -0.0003271199   0.0000218315   0.0000162413  -0.0002394913
        0.0003439113   0.0000471150  -0.0006887194   0.0012033324  -0.0074853936
        0.0034244254  -0.0147627396  -0.0053928241   0.0087362306  -0.0241286044
        0.0819650331  -0.0854044052   0.2511777067
