           1           2   1.0071884588933149     
           2           3   1.0043072554815511     
           3           4  0.99746107860191469     
           4           5   1.0252089851217394     
           5           6  0.95727090609948595     
           1           8  0.95813885501775420     
           1           9  0.19518490195974594     
           7           9  0.68943134264175088     
           1          10  0.95814629872003387     
           2          11  0.97422254867249203     
           2          12  0.97221835488263486     
           3          13  0.97585989844633514     
           3          14  0.97172942056993106     
           4          15  0.97686173280431410     
           4          16  0.97711818141062112     
           5          17  0.98306771935490034     
           5          18  0.98270219913505130     
