$hessian                                                                        
        0.4950352358  -0.0098550318   0.0714962719  -0.1292586818  -0.0031547226
        0.0471585454  -0.0327348684  -0.0049422554   0.0112968061  -0.0042099107
       -0.0013621991  -0.0067865913  -0.0014049985  -0.0010239066   0.0010349640
       -0.2097117263  -0.0604607182  -0.1414072741  -0.0582787127   0.0595329472
        0.0262866453  -0.0451476025   0.0205102234  -0.0230454721  -0.0040593987
       -0.0016756800   0.0035893034  -0.0131753742   0.0009288074   0.0086041076
        0.0011970281   0.0000572979   0.0008963392   0.0015345856   0.0005245474
        0.0005558860   0.0000916759   0.0002242109  -0.0000442657   0.0000405858
       -0.0003552889  -0.0000616559   0.0000821625   0.0010517683   0.0004263903
       -0.0098550318   0.6133314154   0.0064139642  -0.0040819418  -0.0708328183
        0.0039176071  -0.0085791615   0.0000319322   0.0038654802  -0.0013272424
       -0.0000917432  -0.0013267796  -0.0004521265  -0.0000055124   0.0002708005
       -0.0610102465  -0.0667751395  -0.0510043812   0.0629217336  -0.2844015332
       -0.1133737857   0.0181581574  -0.1918027135   0.1529559286  -0.0188802457
       -0.0020961191   0.0127107788   0.0229558821   0.0011254473  -0.0147930197
        0.0006622569   0.0003713096  -0.0003375198  -0.0005917887   0.0007266851
        0.0008267285   0.0001630992   0.0001777057  -0.0000686525  -0.0000705913
       -0.0000170561  -0.0000746780  -0.0000127532   0.0002581401   0.0000175286
        0.0714962719   0.0064139642   0.5734657523   0.0408380771   0.0028484794
       -0.0982501855  -0.0103852270  -0.0007929906   0.0079951578  -0.0025808853
       -0.0004031253  -0.0003670390  -0.0003596794   0.0000838519   0.0003146868
       -0.1440526263  -0.0515068337  -0.1616258426   0.0281827658  -0.1116011879
       -0.0967886908  -0.0195358054   0.1522215356  -0.2026823147   0.0228558905
        0.0031797356  -0.0151971538   0.0153524865  -0.0000247848  -0.0095602183
       -0.0008157006  -0.0008097539   0.0014105319  -0.0007405615   0.0006085976
        0.0008114683  -0.0002668287  -0.0001575717   0.0002990042   0.0000912764
       -0.0001485808   0.0000289846  -0.0000794539   0.0000886645   0.0001458588
       -0.1292586818  -0.0040819418   0.0408380771   0.3931272774  -0.0255781056
        0.0117492565  -0.1086058259  -0.0223339294  -0.0672451912  -0.0322281756
       -0.0043628347  -0.0030298998  -0.0001466332  -0.0017213294   0.0010851101
       -0.0196167954  -0.0025870740   0.0075515356  -0.0070840831   0.0049318622
        0.0066354106   0.0020487023  -0.0041311451   0.0042102272  -0.0426347256
        0.0159974292  -0.0162047668  -0.0485405817   0.0451143611   0.0196837892
       -0.0074744810  -0.0000640357  -0.0063139052  -0.0001312035  -0.0021714196
       -0.0002172391   0.0008501322   0.0002575108  -0.0002632988  -0.0004748886
       -0.0004243213   0.0001960051   0.0001699636   0.0011549735   0.0013248896
       -0.0031547226  -0.0708328183   0.0028484794  -0.0255781056   0.5283288355
       -0.0043432747  -0.0200141257  -0.0757512074  -0.0210633363  -0.0033509246
        0.0001892568   0.0013672503   0.0010456665  -0.0000530327  -0.0006588607
       -0.0061367576   0.0000761232   0.0030541068   0.0203539152   0.0024296456
       -0.0117120071  -0.0158223045  -0.0014055770   0.0096703101   0.0219648387
       -0.1523988266   0.1122306088   0.0383519622  -0.2250976027  -0.0843420066
        0.0141127286   0.0044872689   0.0130591426  -0.0217370012  -0.0109397455
       -0.0199807755  -0.0002649800   0.0007743759   0.0003498509  -0.0000437821
       -0.0001481147  -0.0003661279   0.0002735928   0.0003414188  -0.0001133600
        0.0471585454   0.0039176071  -0.0982501855   0.0117492565  -0.0043432747
        0.5027523862  -0.0544673673  -0.0187179871  -0.1175885998   0.0062799286
        0.0037191807   0.0090118253   0.0023765322  -0.0004821593  -0.0006457834
       -0.0104571338  -0.0004934260   0.0089036221   0.0121353772  -0.0026319857
       -0.0077749666   0.0177797512   0.0043940856  -0.0132203258  -0.0208766274
        0.1141306235  -0.1658682614   0.0190825187  -0.0871901726  -0.0874189757
       -0.0200010887  -0.0042075726  -0.0189632165  -0.0121497525  -0.0073870933
       -0.0116218213   0.0011298535   0.0000157822   0.0003832370   0.0000537792
        0.0001003339   0.0003742307   0.0002064273  -0.0008239417  -0.0000731654
       -0.0327348684  -0.0085791615  -0.0103852270  -0.1086058259  -0.0200141257
       -0.0544673673   0.4485365776  -0.0191108886  -0.0139603359  -0.1686162032
       -0.0081557307   0.0698498218  -0.0388736005   0.0073248812   0.0130375147
       -0.0044098074  -0.0004095049   0.0029764790   0.0012353703  -0.0004202093
        0.0004411319   0.0012639316   0.0007811893   0.0003869224  -0.0060996406
        0.0004282080  -0.0072991595   0.0009129242  -0.0027675908  -0.0007597064
       -0.0440516952   0.0159682439  -0.0177954739  -0.0437578721   0.0340149629
        0.0151211041  -0.0039239288  -0.0011364875   0.0034048705   0.0011137310
       -0.0025039900  -0.0006722908  -0.0019890927   0.0045802038   0.0001217165
       -0.0049422554   0.0000319322  -0.0007929906  -0.0223339294  -0.0757512074
       -0.0187179871  -0.0191108886   0.5049022309  -0.0169805554  -0.0072534957
       -0.0628262750   0.0100010855   0.0158412129   0.0004682318  -0.0071103616
       -0.0004124685   0.0004979894   0.0005413357   0.0006002649   0.0013866145
        0.0004569936  -0.0004344572   0.0008958926  -0.0001956338   0.0134903064
        0.0048005326   0.0114547130  -0.0196099271  -0.0092969119  -0.0171063142
        0.0148159055  -0.1464201762   0.1093513227   0.0390511819  -0.2199877348
       -0.0836455801  -0.0147077461  -0.0020111343   0.0099320150  -0.0000577059
       -0.0020271298  -0.0034039361   0.0050640022   0.0053371455   0.0062158934
        0.0112968061   0.0038654802   0.0079951578  -0.0672451912  -0.0210633363
       -0.1175885998  -0.0139603359  -0.0169805554   0.4979274759   0.0761028156
        0.0103656849  -0.1078181553   0.0006409933  -0.0021033066   0.0027921930
        0.0033622640   0.0004394522  -0.0007234175  -0.0000085164   0.0010605213
        0.0011579761   0.0007986328  -0.0007347352   0.0017499486  -0.0181033159
       -0.0032203247  -0.0162576649  -0.0104196704  -0.0067418788  -0.0086910725
       -0.0162958619   0.1094383816  -0.1668281113   0.0172566410  -0.0811766619
       -0.0843779391   0.0185867148   0.0030088068  -0.0133763462  -0.0030472306
       -0.0024111921  -0.0011637430   0.0010352546   0.0062536640   0.0052022982
       -0.0042099107  -0.0013272424  -0.0025808853  -0.0322281756  -0.0033509246
        0.0062799286  -0.1686162032  -0.0072534957   0.0761028156   0.6846092194
       -0.2310021016  -0.0110238426  -0.3983949653   0.2295483406  -0.0881023526
       -0.0009017075  -0.0001405020   0.0004465055  -0.0002166963  -0.0003616196
       -0.0005529099  -0.0003371856   0.0000233427  -0.0005765018   0.0012041431
        0.0003344960  -0.0001394598   0.0012009806  -0.0000087214   0.0002482065
       -0.0008177910  -0.0030582990   0.0047121436  -0.0132748817   0.0059824776
        0.0093847869  -0.0414456594  -0.0073439566   0.0119193135  -0.0015739087
        0.0035048424  -0.0016905902  -0.0249972582   0.0144533635  -0.0044271580
       -0.0013621991  -0.0000917432  -0.0004031253  -0.0043628347   0.0001892568
        0.0037191807  -0.0081557307  -0.0628262750   0.0103656849  -0.2310021016
        0.4280600745  -0.2416678858   0.2309212363  -0.2043887331   0.0891919788
       -0.0002011985   0.0002135173  -0.0000479001  -0.0002590026  -0.0003593857
       -0.0000241820  -0.0000122994  -0.0002512154  -0.0001785386   0.0007445424
        0.0003183362   0.0002426289  -0.0002427888   0.0004423384  -0.0001870324
       -0.0172748689  -0.0030747704   0.0136453342   0.0236598911   0.0003978151
       -0.0142150420  -0.0091333827  -0.1439764332   0.1314763453   0.0176706458
       -0.0142262269   0.0095833423  -0.0009899086  -0.0004265554  -0.0015007889
       -0.0067865913  -0.0013267796  -0.0003670390  -0.0030298998   0.0013672503
        0.0090118253   0.0698498218   0.0100010855  -0.1078181553  -0.0110238426
       -0.2416678858   0.4122149804  -0.0882660852   0.0892105457  -0.0904498715
       -0.0009227559  -0.0001510091   0.0005706769  -0.0000247746  -0.0003799313
       -0.0001481177  -0.0000915556   0.0001924363  -0.0003881129  -0.0009959921
       -0.0004588138   0.0006477738  -0.0004699268   0.0001459289   0.0007487767
        0.0202030018   0.0061896021  -0.0163674394   0.0135641584  -0.0021001982
       -0.0068075218   0.0147017869   0.1307492596  -0.1941174024  -0.0191153795
        0.0165494936  -0.0088519220   0.0124080346  -0.0083209842   0.0021215491
       -0.0014049985  -0.0004521265  -0.0003596794  -0.0001466332   0.0010456665
        0.0023765322  -0.0388736005   0.0158412129   0.0006409933  -0.3983949653
        0.2309212363  -0.0882660852   0.7266307985  -0.2289595429  -0.0444511432
       -0.0002519534  -0.0000910062   0.0001054273   0.0000970603  -0.0001136211
       -0.0000523476   0.0000729428   0.0001230371  -0.0001264844  -0.0001820170
       -0.0001138750   0.0001394667  -0.0001390128  -0.0000830492   0.0002548716
        0.0014078742   0.0006821983  -0.0019059471  -0.0019555735  -0.0003964061
        0.0007590810  -0.0021062890   0.0037885624  -0.0027706806  -0.0428521024
       -0.0018349976   0.0060295477  -0.2419015303  -0.0203572888   0.1276264477
       -0.0010239066  -0.0000055124   0.0000838519  -0.0017213294  -0.0000530327
       -0.0004821593   0.0073248812   0.0004682318  -0.0021033066   0.2295483406
       -0.2043887331   0.0892105457  -0.2289595429   0.4105535685  -0.2541789550
       -0.0001546877  -0.0000189881   0.0000387293  -0.0000991572  -0.0000286061
       -0.0000332139   0.0000633689   0.0000774664  -0.0001240729  -0.0001499820
       -0.0000537739  -0.0000045073   0.0002194332   0.0001552401   0.0000748503
       -0.0017575158   0.0007020392  -0.0002900680  -0.0004547944   0.0005359807
        0.0000384952   0.0184564824  -0.0150364233   0.0089148330  -0.0030432924
       -0.1528210812   0.1413241308  -0.0182482980  -0.0400863760   0.0175308469
        0.0010349640   0.0002708005   0.0003146868   0.0010851101  -0.0006588607
       -0.0006457834   0.0130375147  -0.0071103616   0.0027921930  -0.0881023526
        0.0891919788  -0.0904498715  -0.0444511432  -0.2541789550   0.4163113021
        0.0002557945  -0.0000050608  -0.0000629911  -0.0001282079   0.0000653712
        0.0000278740  -0.0000468845  -0.0001285690   0.0001635622   0.0001039214
        0.0001488747  -0.0000658507   0.0000171214  -0.0000084193  -0.0000708794
        0.0011627604  -0.0016511240   0.0009007294   0.0031640643  -0.0008861946
       -0.0015539917  -0.0202383819   0.0163119457  -0.0085157250   0.0079181146
        0.1402675201  -0.2024126428   0.1251876044   0.0183710538  -0.1167326118
       -0.2097117263  -0.0610102465  -0.1440526263  -0.0196167954  -0.0061367576
       -0.0104571338  -0.0044098074  -0.0004124685   0.0033622640  -0.0009017075
       -0.0002011985  -0.0009227559  -0.0002519534  -0.0001546877   0.0002557945
        0.2302994692   0.0678508250   0.1570578327   0.0059808612  -0.0009727771
        0.0010081828  -0.0018639033   0.0007813056  -0.0067173722   0.0002476452
       -0.0002587615  -0.0001400969  -0.0001431408   0.0001574689  -0.0002159559
        0.0002213203  -0.0001134675   0.0003962323   0.0001197943   0.0003286137
        0.0002711632  -0.0000253616   0.0000105844  -0.0000318740  -0.0000054307
       -0.0000927566   0.0000336824   0.0000607362   0.0002243238   0.0001526632
       -0.0604607182  -0.0667751395  -0.0515068337  -0.0025870740   0.0000761232
       -0.0004934260  -0.0004095049   0.0004979894   0.0004394522  -0.0001405020
        0.0002135173  -0.0001510091  -0.0000910062  -0.0000189881  -0.0000050608
        0.0678508250   0.0683110341   0.0573488567  -0.0193695267  -0.0092114200
       -0.0196782446   0.0147507348   0.0066195156   0.0138193448  -0.0005274207
        0.0000765871   0.0000614170   0.0008809255   0.0003266738  -0.0000785820
       -0.0000496559  -0.0001491325   0.0000555395   0.0001560498   0.0000830243
        0.0001626912   0.0000533864   0.0001287133   0.0000940254  -0.0000622202
       -0.0001686897  -0.0000718073   0.0000057074  -0.0000098083   0.0000036368
       -0.1414072741  -0.0510043812  -0.1616258426   0.0075515356   0.0030541068
        0.0089036221   0.0029764790   0.0005413357  -0.0007234175   0.0004465055
       -0.0000479001   0.0005706769   0.0001054273   0.0000387293  -0.0000629911
        0.1570578327   0.0573488567   0.1773995983  -0.0101847195  -0.0076015895
       -0.0084840123  -0.0183727751  -0.0027825325  -0.0164589088   0.0010687178
        0.0005322181   0.0002157592   0.0009237172  -0.0000412936   0.0003622408
       -0.0000510536  -0.0000830629   0.0000464679  -0.0001264139   0.0000599716
       -0.0000106252  -0.0000548895  -0.0000076831   0.0000028685   0.0000661166
        0.0000896303  -0.0000193859   0.0000007940  -0.0000964056  -0.0001160502
       -0.0582787127   0.0629217336   0.0281827658  -0.0070840831   0.0203539152
        0.0121353772   0.0012353703   0.0006002649  -0.0000085164  -0.0002166963
       -0.0002590026  -0.0000247746   0.0000970603  -0.0000991572  -0.0001282079
        0.0059808612  -0.0193695267  -0.0101847195   0.0606755623  -0.0677293837
       -0.0329076792   0.0019564433   0.0047241058   0.0005156727   0.0004983779
        0.0002961592  -0.0001006367  -0.0044103021  -0.0005099553   0.0031990543
       -0.0003334718   0.0001427860  -0.0001358054  -0.0002713865  -0.0008895413
       -0.0003945911   0.0001040426   0.0000049776  -0.0000704453  -0.0000441042
       -0.0000795314  -0.0000429367   0.0000910390  -0.0001078440  -0.0000345574
        0.0595329472  -0.2844015332  -0.1116011879   0.0049318622   0.0024296456
       -0.0026319857  -0.0004202093   0.0013866145   0.0010605213  -0.0003616196
       -0.0003593857  -0.0003799313  -0.0001136211  -0.0000286061   0.0000653712
       -0.0009727771  -0.0092114200  -0.0076015895  -0.0677293837   0.3123063744
        0.1257804914   0.0057724984  -0.0238117694  -0.0054198999  -0.0006514464
        0.0007756182   0.0007681397  -0.0004782661   0.0013375499   0.0000334929
        0.0000715856  -0.0003472984   0.0000536428   0.0004530181  -0.0002019729
       -0.0002636645  -0.0000045968   0.0000231982   0.0000154472  -0.0000202110
        0.0000417963   0.0000864367  -0.0000097805   0.0000611886   0.0000347156
        0.0262866453  -0.1133737857  -0.0967886908   0.0066354106  -0.0117120071
       -0.0077749666   0.0004411319   0.0004569936   0.0011579761  -0.0005529099
       -0.0000241820  -0.0001481177  -0.0000523476  -0.0000332139   0.0000278740
        0.0010081828  -0.0196782446  -0.0084840123  -0.0329076792   0.1257804914
        0.1032466863  -0.0045371614   0.0186071321   0.0100970908   0.0003455945
       -0.0004867292  -0.0001099176   0.0032814537   0.0003828826  -0.0013722697
       -0.0002504133   0.0002518942  -0.0003278050   0.0002114522  -0.0002658017
        0.0004725329   0.0000657112   0.0001103619   0.0001781421   0.0000129715
       -0.0000981071  -0.0001910639   0.0000119579   0.0000823155   0.0000165414
       -0.0451476025   0.0181581574  -0.0195358054   0.0020487023  -0.0158223045
        0.0177797512   0.0012639316  -0.0004344572   0.0007986328  -0.0003371856
       -0.0000122994  -0.0000915556   0.0000729428   0.0000633689  -0.0000468845
       -0.0018639033   0.0147507348  -0.0183727751   0.0019564433   0.0057724984
       -0.0045371614   0.0466532690  -0.0223683127   0.0218493028  -0.0043931037
       -0.0005553541   0.0031296925   0.0003710361  -0.0003437839   0.0004082822
       -0.0004750952   0.0005508834  -0.0008461609  -0.0002645144  -0.0000890112
       -0.0000846159   0.0000720178   0.0000925491  -0.0002062881  -0.0000452782
        0.0001337328  -0.0001175447   0.0000883400   0.0001035981  -0.0001268699
        0.0205102234  -0.1918027135   0.1522215356  -0.0041311451  -0.0014055770
        0.0043940856   0.0007811893   0.0008958926  -0.0007347352   0.0000233427
       -0.0002512154   0.0001924363   0.0001230371   0.0000774664  -0.0001285690
        0.0007813056   0.0066195156  -0.0027825325   0.0047241058  -0.0238117694
        0.0186071321  -0.0223683127   0.2079206018  -0.1710088287  -0.0005554833
        0.0012393691   0.0002138283   0.0005772152   0.0007055031  -0.0009873462
       -0.0005441887   0.0001743547   0.0001131253  -0.0000691702  -0.0005449496
       -0.0000630522   0.0001163439   0.0000143703  -0.0001645030  -0.0000222325
        0.0001813164   0.0001494519   0.0000537696  -0.0000121650  -0.0000220283
       -0.0230454721   0.1529559286  -0.2026823147   0.0042102272   0.0096703101
       -0.0132203258   0.0003869224  -0.0001956338   0.0017499486  -0.0005765018
       -0.0001785386  -0.0003881129  -0.0001264844  -0.0001240729   0.0001635622
       -0.0067173722   0.0138193448  -0.0164589088   0.0005156727  -0.0054198999
        0.0100970908   0.0218493028  -0.1710088287   0.2219070779   0.0033890227
       -0.0000643151  -0.0013393741  -0.0000308254   0.0002835015   0.0000672275
        0.0002815887   0.0004823022   0.0001559786  -0.0001018627  -0.0003037573
       -0.0002377792  -0.0000640103  -0.0000636062  -0.0000354520   0.0000370859
        0.0001172043   0.0001663618  -0.0000072934   0.0000300609   0.0000550203
       -0.0040593987  -0.0188802457   0.0228558905  -0.0426347256   0.0219648387
       -0.0208766274  -0.0060996406   0.0134903064  -0.0181033159   0.0012041431
        0.0007445424  -0.0009959921  -0.0001820170  -0.0001499820   0.0001039214
        0.0002476452  -0.0005274207   0.0010687178   0.0004983779  -0.0006514464
        0.0003455945  -0.0043931037  -0.0005554833   0.0033890227   0.0568789419
       -0.0188014341   0.0188283503   0.0016303761   0.0052719082  -0.0042371967
       -0.0033701941  -0.0016409712  -0.0033028699   0.0008021981   0.0004469700
        0.0004997541  -0.0006149654  -0.0003734752   0.0003177306   0.0001337912
       -0.0002962154   0.0001242381  -0.0000414284  -0.0000418917  -0.0000172178
       -0.0016756800  -0.0020961191   0.0031797356   0.0159974292  -0.1523988266
        0.1141306235   0.0004282080   0.0048005326  -0.0032203247   0.0003344960
        0.0003183362  -0.0004588138  -0.0001138750  -0.0000537739   0.0001488747
       -0.0002587615   0.0000765871   0.0005322181   0.0002961592   0.0007756182
       -0.0004867292  -0.0005553541   0.0012393691  -0.0000643151  -0.0188014341
        0.1712898186  -0.1311721395   0.0057735885  -0.0258877871   0.0192794529
       -0.0011857558   0.0010220448  -0.0010224209  -0.0001555110   0.0010182266
       -0.0007930440   0.0000531634  -0.0000250742  -0.0001772645  -0.0001080015
        0.0000339056   0.0000677987  -0.0000286712  -0.0001128579   0.0000563481
        0.0035893034   0.0127107788  -0.0151971538  -0.0162047668   0.1122306088
       -0.1658682614  -0.0072991595   0.0114547130  -0.0162576649  -0.0001394598
        0.0002426289   0.0006477738   0.0001394667  -0.0000045073  -0.0000658507
       -0.0001400969   0.0000614170   0.0002157592  -0.0001006367   0.0007681397
       -0.0001099176   0.0031296925   0.0002138283  -0.0013393741   0.0188283503
       -0.1311721395   0.1912841207   0.0006405552  -0.0060030721   0.0083005877
       -0.0030417448  -0.0008003301  -0.0022512464   0.0005030232   0.0005930983
        0.0004137723  -0.0001173242  -0.0000799421   0.0002837862   0.0001399408
       -0.0001261770  -0.0000737102   0.0000728564  -0.0000890446   0.0000173792
       -0.0131753742   0.0229558821   0.0153524865  -0.0485405817   0.0383519622
        0.0190825187   0.0009129242  -0.0196099271  -0.0104196704   0.0012009806
       -0.0002427888  -0.0004699268  -0.0001390128   0.0002194332   0.0000171214
       -0.0001431408   0.0008809255   0.0009237172  -0.0044103021  -0.0004782661
        0.0032814537   0.0003710361   0.0005772152  -0.0000308254   0.0016303761
        0.0057735885   0.0006405552   0.0648975155  -0.0465773950  -0.0249574944
        0.0007790074  -0.0002744462   0.0003791588  -0.0032801593  -0.0015355829
       -0.0033893227  -0.0000696266  -0.0000811551  -0.0001075410   0.0000038739
       -0.0000073408  -0.0002040172  -0.0000375163   0.0000478952  -0.0000982137
        0.0009288074   0.0011254473  -0.0000247848   0.0451143611  -0.2250976027
       -0.0871901726  -0.0027675908  -0.0092969119  -0.0067418788  -0.0000087214
        0.0004423384   0.0001459289  -0.0000830492   0.0001552401  -0.0000084193
        0.0001574689   0.0003266738  -0.0000412936  -0.0005099553   0.0013375499
        0.0003828826  -0.0003437839   0.0007055031   0.0002835015   0.0052719082
       -0.0258877871  -0.0060030721  -0.0465773950   0.2551426427   0.1001766245
        0.0003765915   0.0009427020   0.0006344139  -0.0017021544   0.0006643752
       -0.0017206067   0.0000800815  -0.0003754161  -0.0000351073   0.0000076384
        0.0000098255   0.0000946370   0.0000557930  -0.0001945801   0.0000473468
        0.0086041076  -0.0147930197  -0.0095602183   0.0196837892  -0.0843420066
       -0.0874189757  -0.0007597064  -0.0171063142  -0.0086910725   0.0002482065
       -0.0001870324   0.0007487767   0.0002548716   0.0000748503  -0.0000708794
       -0.0002159559  -0.0000785820   0.0003622408   0.0031990543   0.0000334929
       -0.0013722697   0.0004082822  -0.0009873462   0.0000672275  -0.0042371967
        0.0192794529   0.0083005877  -0.0249574944   0.1001766245   0.0997509694
        0.0005474687  -0.0005483414   0.0002360226  -0.0028585529  -0.0016703791
       -0.0019861372   0.0000082851   0.0001175830  -0.0000953813  -0.0000401895
        0.0001100220  -0.0000799745   0.0001150308  -0.0000790039  -0.0001909161
        0.0011970281   0.0006622569  -0.0008157006  -0.0074744810   0.0141127286
       -0.0200010887  -0.0440516952   0.0148159055  -0.0162958619  -0.0008177910
       -0.0172748689   0.0202030018   0.0014078742  -0.0017575158   0.0011627604
        0.0002213203  -0.0000496559  -0.0000510536  -0.0003334718   0.0000715856
       -0.0002504133  -0.0004750952  -0.0005441887   0.0002815887  -0.0033701941
       -0.0011857558  -0.0030417448   0.0007790074   0.0003765915   0.0005474687
        0.0564000821  -0.0164825579   0.0200094384   0.0010170212   0.0061804742
       -0.0041683550  -0.0041649065   0.0000916694   0.0029334543  -0.0007131701
        0.0008222577  -0.0003259139   0.0003784715   0.0001610734  -0.0001875806
        0.0000572979   0.0003713096  -0.0008097539  -0.0000640357   0.0044872689
       -0.0042075726   0.0159682439  -0.1464201762   0.1094383816  -0.0030582990
       -0.0030747704   0.0061896021   0.0006821983   0.0007020392  -0.0016511240
       -0.0001134675  -0.0001491325  -0.0000830629   0.0001427860  -0.0003472984
        0.0002518942   0.0005508834   0.0001743547   0.0004823022  -0.0016409712
        0.0010220448  -0.0008003301  -0.0002744462   0.0009427020  -0.0005483414
       -0.0164825579   0.1681882463  -0.1294540357   0.0044228078  -0.0275677799
        0.0209376337  -0.0003489918   0.0012008902   0.0006976366  -0.0001752425
        0.0003296244  -0.0002833349   0.0003337945   0.0001406774  -0.0001598950
        0.0008963392  -0.0003375198   0.0014105319  -0.0063139052   0.0130591426
       -0.0189632165  -0.0177954739   0.1093513227  -0.1668281113   0.0047121436
        0.0136453342  -0.0163674394  -0.0019059471  -0.0002900680   0.0009007294
        0.0003962323   0.0000555395   0.0000464679  -0.0001358054   0.0000536428
       -0.0003278050  -0.0008461609   0.0001131253   0.0001559786  -0.0033028699
       -0.0010224209  -0.0022512464   0.0003791588   0.0006344139   0.0002360226
        0.0200094384  -0.1294540357   0.1944875546   0.0010232376  -0.0058042388
        0.0076939858   0.0029163785   0.0004959796  -0.0010529000   0.0005585367
       -0.0004590702   0.0005917170  -0.0005913026  -0.0000411473   0.0002677306
        0.0015345856  -0.0005917887  -0.0007405615  -0.0001312035  -0.0217370012
       -0.0121497525  -0.0437578721   0.0390511819   0.0172566410  -0.0132748817
        0.0236598911   0.0135641584  -0.0019555735  -0.0004547944   0.0031640643
        0.0001197943   0.0001560498  -0.0001264139  -0.0002713865   0.0004530181
        0.0002114522  -0.0002645144  -0.0000691702  -0.0001018627   0.0008021981
       -0.0001555110   0.0005030232  -0.0032801593  -0.0017021544  -0.0028585529
        0.0010170212   0.0044228078   0.0010232376   0.0599002577  -0.0419285237
       -0.0187082492   0.0004869656   0.0001203089  -0.0002935427   0.0002790009
        0.0002453192   0.0008562443  -0.0012042325  -0.0014696331  -0.0015998856
        0.0005245474   0.0007266851   0.0006085976  -0.0021714196  -0.0109397455
       -0.0073870933   0.0340149629  -0.2199877348  -0.0811766619   0.0059824776
        0.0003978151  -0.0021001982  -0.0003964061   0.0005359807  -0.0008861946
        0.0003286137   0.0000830243   0.0000599716  -0.0008895413  -0.0002019729
       -0.0002658017  -0.0000890112  -0.0005449496  -0.0003037573   0.0004469700
        0.0010182266   0.0005930983  -0.0015355829   0.0006643752  -0.0016703791
        0.0061804742  -0.0275677799  -0.0058042388  -0.0419285237   0.2552129800
        0.0982831712  -0.0002646256   0.0004701120   0.0002794299  -0.0002279334
       -0.0002183798  -0.0003967320   0.0000249980   0.0003513636   0.0001667882
        0.0005558860   0.0008267285   0.0008114683  -0.0002172391  -0.0199807755
       -0.0116218213   0.0151211041  -0.0836455801  -0.0843779391   0.0093847869
       -0.0142150420  -0.0068075218   0.0007590810   0.0000384952  -0.0015539917
        0.0002711632   0.0001626912  -0.0000106252  -0.0003945911  -0.0002636645
        0.0004725329  -0.0000846159  -0.0000630522  -0.0002377792   0.0004997541
       -0.0007930440   0.0004137723  -0.0033893227  -0.0017206067  -0.0019861372
       -0.0041683550   0.0209376337   0.0076939858  -0.0187082492   0.0982831712
        0.0962420771  -0.0000764470   0.0000177012   0.0004361810  -0.0000936317
       -0.0002076978  -0.0004421060   0.0005406763   0.0006230419   0.0009679041
        0.0000916759   0.0001630992  -0.0002668287   0.0008501322  -0.0002649800
        0.0011298535  -0.0039239288  -0.0147077461   0.0185867148  -0.0414456594
       -0.0091333827   0.0147017869  -0.0021062890   0.0184564824  -0.0202383819
       -0.0000253616   0.0000533864  -0.0000548895   0.0001040426  -0.0000045968
        0.0000657112   0.0000720178   0.0001163439  -0.0000640103  -0.0006149654
        0.0000531634  -0.0001173242  -0.0000696266   0.0000800815   0.0000082851
       -0.0041649065  -0.0003489918   0.0029163785   0.0004869656  -0.0002646256
       -0.0000764470   0.0524147023   0.0006315735  -0.0152621496  -0.0018412406
        0.0056484408   0.0007295436   0.0001724415  -0.0004782480  -0.0020582424
        0.0002242109   0.0001777057  -0.0001575717   0.0002575108   0.0007743759
        0.0000157822  -0.0011364875  -0.0020111343   0.0030088068  -0.0073439566
       -0.1439764332   0.1307492596   0.0037885624  -0.0150364233   0.0163119457
        0.0000105844   0.0001287133  -0.0000076831   0.0000049776   0.0000231982
        0.0001103619   0.0000925491   0.0000143703  -0.0000636062  -0.0003734752
       -0.0000250742  -0.0000799421  -0.0000811551  -0.0003754161   0.0001175830
        0.0000916694   0.0012008902   0.0004959796   0.0001203089   0.0004701120
        0.0000177012   0.0006315735   0.1554892504  -0.1543231519   0.0054810748
        0.0054862509   0.0061994298  -0.0017679474  -0.0023403858  -0.0023948947
       -0.0000442657  -0.0000686525   0.0002990042  -0.0002632988   0.0003498509
        0.0003832370   0.0034048705   0.0099320150  -0.0133763462   0.0119193135
        0.1314763453  -0.1941174024  -0.0027706806   0.0089148330  -0.0085157250
       -0.0000318740   0.0000940254   0.0000028685  -0.0000704453   0.0000154472
        0.0001781421  -0.0002062881  -0.0001645030  -0.0000354520   0.0003177306
       -0.0001772645   0.0002837862  -0.0001075410  -0.0000351073  -0.0000953813
        0.0029334543   0.0006976366  -0.0010529000  -0.0002935427   0.0002794299
        0.0004361810  -0.0152621496  -0.1543231519   0.2114814960   0.0010935757
        0.0061004025   0.0053182443  -0.0006188588  -0.0030913066  -0.0011897524
        0.0000405858  -0.0000705913   0.0000912764  -0.0004748886  -0.0000437821
        0.0000537792   0.0011137310  -0.0000577059  -0.0030472306  -0.0015739087
        0.0176706458  -0.0191153795  -0.0428521024  -0.0030432924   0.0079181146
       -0.0000054307  -0.0000622202   0.0000661166  -0.0000441042  -0.0000202110
        0.0000129715  -0.0000452782  -0.0000222325   0.0000370859   0.0001337912
       -0.0001080015   0.0001399408   0.0000038739   0.0000076384  -0.0000401895
       -0.0007131701  -0.0001752425   0.0005585367   0.0002790009  -0.0002279334
       -0.0000936317  -0.0018412406   0.0054810748   0.0010935757   0.0467072530
       -0.0049384954  -0.0064235243  -0.0007281123  -0.0143896510   0.0187485582
       -0.0003552889  -0.0000170561  -0.0001485808  -0.0004243213  -0.0001481147
        0.0001003339  -0.0025039900  -0.0020271298  -0.0024111921   0.0035048424
       -0.0142262269   0.0165494936  -0.0018349976  -0.1528210812   0.1402675201
       -0.0000927566  -0.0001686897   0.0000896303  -0.0000795314   0.0000417963
       -0.0000981071   0.0001337328   0.0001813164   0.0001172043  -0.0002962154
        0.0000339056  -0.0001261770  -0.0000073408   0.0000098255   0.0001100220
        0.0008222577   0.0003296244  -0.0004590702   0.0002453192  -0.0002183798
       -0.0002076978   0.0056484408   0.0054862509   0.0061004025  -0.0049384954
        0.1641453394  -0.1641164033   0.0001783444  -0.0006013803   0.0042326216
       -0.0000616559  -0.0000746780   0.0000289846   0.0001960051  -0.0003661279
        0.0003742307  -0.0006722908  -0.0034039361  -0.0011637430  -0.0016905902
        0.0095833423  -0.0088519220   0.0060295477   0.1413241308  -0.2024126428
        0.0000336824  -0.0000718073  -0.0000193859  -0.0000429367   0.0000864367
       -0.0001910639  -0.0001175447   0.0001494519   0.0001663618   0.0001242381
        0.0000677987  -0.0000737102  -0.0002040172   0.0000946370  -0.0000799745
       -0.0003259139  -0.0002833349   0.0005917170   0.0008562443  -0.0003967320
       -0.0004421060   0.0007295436   0.0061994298   0.0053182443  -0.0064235243
       -0.1641164033   0.2176755904   0.0015692125   0.0112077924  -0.0109205806
        0.0000821625  -0.0000127532  -0.0000794539   0.0001699636   0.0002735928
        0.0002064273  -0.0019890927   0.0050640022   0.0010352546  -0.0249972582
       -0.0009899086   0.0124080346  -0.2419015303  -0.0182482980   0.1251876044
        0.0000607362   0.0000057074   0.0000007940   0.0000910390  -0.0000097805
        0.0000119579   0.0000883400   0.0000537696  -0.0000072934  -0.0000414284
       -0.0000286712   0.0000728564  -0.0000375163   0.0000557930   0.0001150308
        0.0003784715   0.0003337945  -0.0005913026  -0.0012042325   0.0000249980
        0.0005406763   0.0001724415  -0.0017679474  -0.0006188588  -0.0007281123
        0.0001783444   0.0015692125   0.2698560164   0.0150673569  -0.1398509399
        0.0010517683   0.0002581401   0.0000886645   0.0011549735   0.0003414188
       -0.0008239417   0.0045802038   0.0053371455   0.0062536640   0.0144533635
       -0.0004265554  -0.0083209842  -0.0203572888  -0.0400863760   0.0183710538
        0.0002243238  -0.0000098083  -0.0000964056  -0.0001078440   0.0000611886
        0.0000823155   0.0001035981  -0.0000121650   0.0000300609  -0.0000418917
       -0.0001128579  -0.0000890446   0.0000478952  -0.0001945801  -0.0000790039
        0.0001610734   0.0001406774  -0.0000411473  -0.0014696331   0.0003513636
        0.0006230419  -0.0004782480  -0.0023403858  -0.0030913066  -0.0143896510
       -0.0006013803   0.0112077924   0.0150673569   0.0372941748  -0.0241147591
        0.0004263903   0.0000175286   0.0001458588   0.0013248896  -0.0001133600
       -0.0000731654   0.0001217165   0.0062158934   0.0052022982  -0.0044271580
       -0.0015007889   0.0021215491   0.1276264477   0.0175308469  -0.1167326118
        0.0001526632   0.0000036368  -0.0001160502  -0.0000345574   0.0000347156
        0.0000165414  -0.0001268699  -0.0000220283   0.0000550203  -0.0000172178
        0.0000563481   0.0000173792  -0.0000982137   0.0000473468  -0.0001909161
       -0.0001875806  -0.0001598950   0.0002677306  -0.0015998856   0.0001667882
        0.0009679041  -0.0020582424  -0.0023948947  -0.0011897524   0.0187485582
        0.0042326216  -0.0109205806  -0.1398509399  -0.0241147591   0.1204287947
