   15
          5          1          5
          1          6          6
         11          7         17
          1         18         18
          1         19         19
          3         20         22
          7         23         29
          7         30         36
          6         37         42
         11         43         53
          1         54         54
          6         55         60
         12         61         72
          3         73         75
          6         76         81
