$hessian                                                                        
        0.4990321270  -0.0324892915  -0.0661835761  -0.1279786048  -0.0213496343
       -0.0434066539  -0.0348225232  -0.0054340623  -0.0113720868  -0.0039901492
        0.0028880674   0.0061432725  -0.0013347493  -0.0008753349  -0.0019128397
       -0.0006433723   0.0003260956   0.0006913287  -0.0431896844  -0.0099707712
       -0.0001148296  -0.0431545201   0.0058525863  -0.0077348441  -0.2317081124
        0.0666919839   0.1352937748  -0.0077468115  -0.0011327297  -0.0059509741
       -0.0077021387  -0.0039954465  -0.0044674313   0.0012874934  -0.0001042989
       -0.0007485612   0.0013566980  -0.0005659018  -0.0005768481   0.0003147488
       -0.0001232526   0.0003654371   0.0003226031   0.0003586501   0.0001349281
        0.0000386144  -0.0000238852  -0.0000099881   0.0000397318   0.0000057060
       -0.0000203649   0.0001130480  -0.0000188214  -0.0000001189   0.0001155755
        0.0000101262  -0.0000142089  -0.0003499741  -0.0000497851  -0.0001154155
       -0.0324892915   0.6056883294  -0.0171452421  -0.0185300519  -0.0762757649
       -0.0118147631   0.0045063210   0.0021577137   0.0028928434   0.0010922382
        0.0000310014  -0.0001854884   0.0001547781   0.0002059795  -0.0000239805
        0.0000547705  -0.0000270406   0.0000109417  -0.0138070252  -0.3450868181
       -0.0481013728   0.0072180686  -0.1146649440   0.1302476088   0.0678977855
       -0.0675776027  -0.0466913607   0.0107873444   0.0032601187   0.0066973842
       -0.0277955903  -0.0095178982  -0.0164510934  -0.0001968061   0.0000985945
       -0.0001281773   0.0009521239   0.0011989759   0.0006247796  -0.0000662380
       -0.0000011418  -0.0000713708   0.0002486074   0.0003139819   0.0000826780
        0.0000355503  -0.0000588911  -0.0000211385  -0.0000699925   0.0000599618
        0.0000907623  -0.0000025373   0.0000538389  -0.0000023022   0.0000203029
        0.0000695779  -0.0000220693  -0.0000103579   0.0000720277   0.0000113610
       -0.0661835761  -0.0171452421   0.5795701777  -0.0376095156  -0.0118012441
       -0.0944939352   0.0092373907   0.0029699455   0.0067287076   0.0021440431
       -0.0001872636  -0.0002230489   0.0003011583  -0.0000349355   0.0001670787
        0.0001173571   0.0000098390  -0.0000101416  -0.0013548352  -0.0467078262
       -0.0516196183  -0.0115286087   0.1288075433  -0.2820859125   0.1377635070
       -0.0466819691  -0.1392980464  -0.0267933180  -0.0066143177  -0.0170773468
       -0.0078694939  -0.0031722109  -0.0042955305   0.0009857740  -0.0002447997
        0.0015191700   0.0004669095   0.0007417724   0.0005018069   0.0002624490
       -0.0001924632   0.0003277570   0.0001233301   0.0001947224   0.0000063343
       -0.0000601377  -0.0000030019   0.0001167637  -0.0000108140   0.0000815629
       -0.0000023315   0.0000217374  -0.0000387542   0.0000448866   0.0000125879
        0.0000072479   0.0000339661  -0.0000259448   0.0000113948   0.0000892631
       -0.1279786048  -0.0185300519  -0.0376095156   0.3912456992  -0.0057553649
       -0.0116160414  -0.1213282666   0.0305932194   0.0634869598  -0.0272546832
        0.0024577111   0.0045290733  -0.0027412420  -0.0006372125  -0.0013750612
       -0.0005448298   0.0000251055   0.0000484734  -0.0015533112  -0.0067109785
       -0.0024488480  -0.0015512767   0.0021407244  -0.0068272133  -0.0204773391
       -0.0038132381  -0.0077250807  -0.0392430800   0.0043178795  -0.0061813601
       -0.0392957329  -0.0071328404  -0.0004276678  -0.0050140864  -0.0004207190
        0.0043920802  -0.0047442235   0.0036310127   0.0020491854   0.0004023215
        0.0000736686   0.0003978239   0.0003962997   0.0002422559   0.0003068623
       -0.0001021654   0.0000523423  -0.0003070697  -0.0000998897  -0.0002806997
       -0.0001662343  -0.0000319780  -0.0000840554  -0.0000686435  -0.0000310900
       -0.0000038820  -0.0001106778  -0.0000525213  -0.0001648767  -0.0003470448
       -0.0213496343  -0.0762757649  -0.0118012441  -0.0057553649   0.5298129878
       -0.0123627252   0.0268139651  -0.0789935111  -0.0198874459  -0.0033109981
        0.0011768539   0.0026271173  -0.0009365680  -0.0001849048  -0.0002765007
       -0.0001802609   0.0003991347   0.0000564531  -0.0233722250  -0.0078497009
       -0.0131771348   0.0100930227   0.0040883459   0.0040756216   0.0045239235
        0.0023620853   0.0034161506  -0.0004510752  -0.0976737839   0.0943495223
        0.0001654047  -0.2694298583  -0.0363266993  -0.0106192962   0.0036316329
        0.0082776486   0.0254148304  -0.0124540198  -0.0190952039   0.0002888970
        0.0004809188   0.0001459350  -0.0012760601   0.0005290221  -0.0001679802
        0.0000599331  -0.0003035152  -0.0000919379  -0.0000437616   0.0000595579
        0.0003515143  -0.0000018102   0.0003683437   0.0001004257   0.0000022042
        0.0001984888  -0.0002399776  -0.0000651262   0.0000576872   0.0000264612
       -0.0434066539  -0.0118147631  -0.0944939352  -0.0116160414  -0.0123627252
        0.5105031070   0.0551479477  -0.0198309630  -0.1100280074  -0.0073795890
        0.0027888865   0.0055844555  -0.0020544405  -0.0002598722  -0.0006861498
       -0.0004052785   0.0000580024   0.0004944652  -0.0052436892  -0.0051341177
       -0.0029398893  -0.0217457096  -0.0039852221  -0.0148451369   0.0091819077
        0.0034180722   0.0076327898  -0.0005939431   0.0971317894  -0.2242823563
       -0.0007136903  -0.0391599833  -0.0525467360   0.0241678446  -0.0064895201
       -0.0208693561   0.0069344492  -0.0045130050  -0.0051340083  -0.0014791197
       -0.0001648119   0.0005358931  -0.0006709385   0.0001832593   0.0004945382
       -0.0000118218   0.0000537023   0.0002691828   0.0000428534   0.0002101232
       -0.0001002863  -0.0000037972  -0.0001059103   0.0000723980  -0.0000050251
       -0.0000486432   0.0002506645  -0.0001452647   0.0000257018   0.0000883677
       -0.0348225232   0.0045063210   0.0092373907  -0.1213282666   0.0268139651
        0.0551479477   0.4301188956  -0.0006192129  -0.0033059957  -0.1417211883
       -0.0244555987  -0.0534483981  -0.0275735759  -0.0032173457  -0.0074846081
       -0.0035867471   0.0014639045   0.0030763561   0.0012139590   0.0003162951
       -0.0005333973   0.0012442753  -0.0005823232  -0.0000794816  -0.0045397925
       -0.0012647816  -0.0025749834  -0.0033363416  -0.0007347945   0.0054680180
       -0.0032408190   0.0046763744   0.0028290074  -0.0408008331   0.0009763488
        0.0002756261  -0.0407955789  -0.0036468622   0.0005343063  -0.0053883091
        0.0000295332  -0.0049464162  -0.0057204592  -0.0038714918  -0.0033343292
        0.0007617493  -0.0000981403  -0.0005970511   0.0007830857  -0.0004194210
       -0.0004751182  -0.0000071167  -0.0000142762   0.0003867106  -0.0000004120
        0.0003074348   0.0002425918  -0.0012600015  -0.0001659290  -0.0004181758
       -0.0054340623   0.0021577137   0.0029699455   0.0305932194  -0.0789935111
       -0.0198309630  -0.0006192129   0.5190356229  -0.0076209973  -0.0246221222
       -0.0727564780  -0.0133097597   0.0048575583   0.0014334622   0.0027471842
        0.0011585411  -0.0001967389  -0.0006199806  -0.0008751615   0.0015445489
        0.0004105741   0.0004194644   0.0003941886  -0.0000241613  -0.0015527726
        0.0001605765  -0.0005863407  -0.0100267542   0.0041642263   0.0073810014
        0.0232782729  -0.0109846042  -0.0167305672   0.0019741938  -0.0980615878
        0.0938916258  -0.0059563780  -0.2613844156  -0.0405168685   0.0116503474
        0.0028409453   0.0075692090  -0.0260816232  -0.0102859598  -0.0159856937
       -0.0003167878   0.0004420273   0.0001827260   0.0011884605   0.0005758114
       -0.0001528520  -0.0000693441  -0.0003335756  -0.0001145138   0.0000891908
       -0.0000460985   0.0002945880   0.0003449701   0.0002938464   0.0000458441
       -0.0113720868   0.0028928434   0.0067287076   0.0634869598  -0.0198874459
       -0.1100280074  -0.0033059957  -0.0076209973   0.5068591016  -0.0535364299
       -0.0132431333  -0.0960176758   0.0097739837   0.0025890029   0.0058942410
        0.0023436761  -0.0005985885  -0.0011246833  -0.0001714865   0.0009289310
        0.0006643392  -0.0007468037  -0.0005137871   0.0018189816  -0.0032134867
       -0.0006063707  -0.0007395384   0.0216430623  -0.0049053171  -0.0184370247
        0.0055121691  -0.0045288828  -0.0032596195  -0.0019797687   0.0935719202
       -0.2177433515  -0.0002153206  -0.0400771910  -0.0542459803  -0.0242535364
       -0.0046267782  -0.0176586985  -0.0065478026  -0.0035993638  -0.0040687492
        0.0012603833  -0.0002728365   0.0005723962   0.0005740499   0.0002770228
        0.0004690231   0.0000628694   0.0000442546   0.0001245892  -0.0000051530
        0.0001495187  -0.0001773520   0.0006907170   0.0000271987   0.0003693010
       -0.0039901492   0.0010922382   0.0021440431  -0.0272546832  -0.0033109981
       -0.0073795890  -0.1417211883  -0.0246221222  -0.0535364299   0.4371651198
        0.0034658113   0.0055234408  -0.1349070974   0.0271278386   0.0564912876
       -0.0281029444   0.0048366045   0.0095861617  -0.0002049661   0.0005292515
        0.0003885151  -0.0002218682  -0.0000301582   0.0006532935  -0.0006945409
       -0.0002290984  -0.0004587612   0.0012778865  -0.0000328835  -0.0002810228
        0.0012317862  -0.0001435223  -0.0001428774  -0.0041582689   0.0005660840
       -0.0059347959  -0.0046165166  -0.0050289606  -0.0036459241  -0.0420145736
        0.0026498346  -0.0064294130  -0.0422309565  -0.0096273408  -0.0026447724
       -0.0038151585  -0.0000197193   0.0045772158  -0.0032865082   0.0033793047
        0.0024890677   0.0009550168  -0.0000402999   0.0006266940   0.0009479739
        0.0004857025   0.0003909684  -0.0043583631  -0.0010475666  -0.0024171021
        0.0028880674   0.0000310014  -0.0001872636   0.0024577111   0.0011768539
        0.0027888865  -0.0244555987  -0.0727564780  -0.0132431333   0.0034658113
        0.5172996765  -0.0085500350   0.0266264835  -0.0767917428  -0.0178003149
       -0.0033524041   0.0015923613   0.0026042067   0.0001395319  -0.0002448626
        0.0001432459  -0.0000507953  -0.0001517651  -0.0001019852   0.0004520770
        0.0004222584   0.0001222937  -0.0000175873   0.0004727919   0.0001639247
        0.0008306640   0.0006764376  -0.0000760698   0.0114798063   0.0033511400
        0.0071170266  -0.0255741269  -0.0102194874  -0.0153244788   0.0016988242
       -0.0978611159   0.0933536251  -0.0082149774  -0.2592508870  -0.0408802513
       -0.0108099221   0.0036044930   0.0085631681   0.0245003720  -0.0124084504
       -0.0185044745   0.0003479887   0.0003000216   0.0000934324  -0.0011402618
        0.0005923073   0.0001078475  -0.0012716637   0.0001654462  -0.0003896507
        0.0061432725  -0.0001854884  -0.0002230489   0.0045290733   0.0026271173
        0.0055844555  -0.0534483981  -0.0133097597  -0.0960176758   0.0055234408
       -0.0085500350   0.5030316522   0.0553556600  -0.0177953771  -0.1049078876
       -0.0080821563   0.0028724463   0.0062516421   0.0000475428  -0.0001927530
       -0.0001025416   0.0001463585   0.0002264455  -0.0002155654   0.0009677854
        0.0001328988   0.0006129086   0.0011536572  -0.0002795214   0.0008391745
        0.0007024663   0.0003792918   0.0005223987  -0.0236575457  -0.0036223140
       -0.0172849016  -0.0062482206  -0.0043753728  -0.0033563993  -0.0053782362
        0.0930428477  -0.2158646847  -0.0026566658  -0.0405898466  -0.0543782840
        0.0229697853  -0.0056965420  -0.0203120190   0.0065064213  -0.0045500611
       -0.0048463331  -0.0012086120  -0.0000937245   0.0007656869  -0.0004868088
        0.0003386616   0.0004985829  -0.0028788199  -0.0003789133  -0.0005971604
       -0.0013347493   0.0001547781   0.0003011583  -0.0027412420  -0.0009365680
       -0.0020544405  -0.0275735759   0.0048575583   0.0097739837  -0.1349070974
        0.0266264835   0.0553556600   0.4501915764   0.0045148515   0.0076107288
       -0.1622238683  -0.0252584386  -0.0577960522  -0.0000305432   0.0000303698
       -0.0000837705  -0.0000285670  -0.0000771300  -0.0000290078  -0.0003675611
       -0.0001359816  -0.0002835859  -0.0002298850   0.0000048351  -0.0001934994
       -0.0002341247  -0.0001423531  -0.0000997585   0.0011278153   0.0000431851
        0.0006860514   0.0011174054   0.0004976777   0.0004734154  -0.0027059876
       -0.0003441889   0.0049198819  -0.0022870365   0.0038510123   0.0026167041
       -0.0420624959   0.0015822037  -0.0021353556  -0.0422866699  -0.0073592989
       -0.0009756186  -0.0043398744   0.0007056786  -0.0048433506  -0.0049313996
       -0.0042224081  -0.0029568683  -0.0241521194  -0.0043922664  -0.0102862757
       -0.0008753349   0.0002059795  -0.0000349355  -0.0006372125  -0.0001849048
       -0.0002598722  -0.0032173457   0.0014334622   0.0025890029   0.0271278386
       -0.0767917428  -0.0177953771   0.0045148515   0.5154538963  -0.0068616176
       -0.0256214564  -0.0734131200  -0.0138631604   0.0000362705   0.0002460940
       -0.0002287532   0.0000186438   0.0003044032   0.0001273977  -0.0001465191
       -0.0000794617  -0.0000175658   0.0000349516  -0.0002518869  -0.0000939580
       -0.0000763394  -0.0000749478   0.0002074374   0.0001755137   0.0003806761
        0.0000919286  -0.0011032432   0.0006078920   0.0000837493  -0.0105760786
        0.0039099097   0.0081778527   0.0239752571  -0.0120949693  -0.0178020105
        0.0021366228  -0.0985426172   0.0924203709  -0.0078472023  -0.2557609159
       -0.0416354614   0.0123939034   0.0029713239   0.0073163446  -0.0265254213
       -0.0097045723  -0.0157725595   0.0062123005   0.0013855018   0.0033511872
       -0.0019128397  -0.0000239805   0.0001670787  -0.0013750612  -0.0002765007
       -0.0006861498  -0.0074846081   0.0027471842   0.0058942410   0.0564912876
       -0.0178003149  -0.1049078876   0.0076107288  -0.0068616176   0.5042343650
       -0.0584725811  -0.0138337693  -0.0992181865   0.0000531482   0.0000994906
        0.0002184919   0.0000620305  -0.0001815118   0.0001823546  -0.0003164816
       -0.0000258033  -0.0001141727  -0.0000785410   0.0000648278   0.0000025780
       -0.0000193561   0.0000334465  -0.0001501856  -0.0012531278  -0.0001006195
        0.0007582039  -0.0006710054   0.0003004549   0.0005240131   0.0224001912
       -0.0050067020  -0.0198141810   0.0061284256  -0.0048488064  -0.0041897554
       -0.0023190391   0.0923513951  -0.2128115736  -0.0007088325  -0.0415365021
       -0.0553395976  -0.0243622264  -0.0041029414  -0.0174781793  -0.0065395966
       -0.0040330780  -0.0041709882   0.0127674848   0.0030353483   0.0068995311
       -0.0006433723   0.0000547705   0.0001173571  -0.0005448298  -0.0001802609
       -0.0004052785  -0.0035867471   0.0011585411   0.0023436761  -0.0281029444
       -0.0033524041  -0.0080821563  -0.1622238683  -0.0256214564  -0.0584725811
        0.4837521948  -0.0078510637  -0.0180160728   0.0000032086   0.0000817364
        0.0000736120   0.0000005649   0.0000036231   0.0001082984  -0.0001148525
        0.0000074256   0.0000223086  -0.0000217723   0.0000318779  -0.0000614131
       -0.0000227674  -0.0000675173  -0.0000086666  -0.0000876210  -0.0000597430
        0.0002099257  -0.0000791029   0.0002033056   0.0000907915   0.0009759661
       -0.0001240880  -0.0008122733   0.0009648776  -0.0005230765  -0.0005814539
       -0.0045456345   0.0002052609  -0.0052400547  -0.0051684093  -0.0042069234
       -0.0036644971  -0.0447627617   0.0050559924  -0.0083390384  -0.0452525240
       -0.0143008111  -0.0024923748  -0.1905396043   0.0494848111   0.1032098914
        0.0003260956  -0.0000270406   0.0000098390   0.0000251055   0.0003991347
        0.0000580024   0.0014639045  -0.0001967389  -0.0005985885   0.0048366045
        0.0015923613   0.0028724463  -0.0252584386  -0.0734131200  -0.0138337693
       -0.0078510637   0.5117415974  -0.0038210975   0.0000613312  -0.0000729775
        0.0001139527  -0.0000494587  -0.0001267423  -0.0000680080   0.0000302558
       -0.0000053284  -0.0000053134   0.0000194250   0.0000789389   0.0000503303
       -0.0000157888   0.0000572358  -0.0000741780  -0.0000911195  -0.0001450959
       -0.0000674357   0.0001661306   0.0000312204   0.0001125903  -0.0001986107
        0.0002679177   0.0000270952   0.0008139731   0.0006786232   0.0002272721
        0.0116252277   0.0032505898   0.0077507121  -0.0260241296  -0.0094212909
       -0.0156384923   0.0050419179  -0.1029458301   0.1005290311  -0.0143921687
       -0.2699272619  -0.0432882719   0.0494708069  -0.0618161927  -0.0343561170
        0.0006913287   0.0000109417  -0.0000101416   0.0000484734   0.0000564531
        0.0004944652   0.0030763561  -0.0006199806  -0.0011246833   0.0095861617
        0.0026042067   0.0062516421  -0.0577960522  -0.0138631604  -0.0992181865
       -0.0180160728  -0.0038210975   0.5042663449  -0.0000140003  -0.0000340668
       -0.0000870146   0.0000402154   0.0000691986  -0.0000450738   0.0000635406
       -0.0000036452  -0.0000155719  -0.0000095676  -0.0000562036   0.0000440953
        0.0000085926   0.0000368408   0.0000559252   0.0001408692  -0.0000327250
        0.0000776913   0.0000175217   0.0000845567  -0.0001012302   0.0009423286
       -0.0001611577   0.0009178165   0.0004677869   0.0003828425   0.0004535920
       -0.0243303621  -0.0040160578  -0.0166600975  -0.0070459535  -0.0035343848
       -0.0034079316  -0.0084733393   0.1004012697  -0.2211598845  -0.0025780089
       -0.0431414048  -0.0538143065   0.1031801819  -0.0343624255  -0.1169174504
       -0.0431896844  -0.0138070252  -0.0013548352  -0.0015533112  -0.0233722250
       -0.0052436892   0.0012139590  -0.0008751615  -0.0001714865  -0.0002049661
        0.0001395319   0.0000475428  -0.0000305432   0.0000362705   0.0000531482
        0.0000032086   0.0000613312  -0.0000140003   0.0439449623   0.0134534208
        0.0031871513   0.0030059708   0.0005964030   0.0003566315   0.0012584170
        0.0241069018   0.0054156543   0.0004271392  -0.0003545677   0.0000397914
       -0.0043095331  -0.0014232676  -0.0028417861  -0.0002872971  -0.0000633082
        0.0001387005  -0.0004517990   0.0009970606   0.0002270573   0.0000664588
       -0.0000275615   0.0000164946   0.0001259547   0.0002238216   0.0000798591
       -0.0000249816   0.0000204982   0.0000007970  -0.0000547554   0.0001042957
        0.0000172290   0.0000086909   0.0000459280   0.0000161035   0.0000070441
        0.0000856540   0.0000257338   0.0000450656   0.0000519993   0.0000039030
       -0.0099707712  -0.3450868181  -0.0467078262  -0.0067109785  -0.0078497009
       -0.0051341177   0.0003162951   0.0015445489   0.0009289310   0.0005292515
       -0.0002448626  -0.0001927530   0.0000303698   0.0002460940   0.0000994906
        0.0000817364  -0.0000729775  -0.0000340668   0.0134534208   0.3803889425
        0.0536438208  -0.0000928128  -0.0188715908   0.0026482760   0.0038923170
       -0.0112753878  -0.0046023697   0.0004957193   0.0008098737   0.0005127662
       -0.0015353818   0.0008327009  -0.0012607790  -0.0000186160  -0.0003050008
        0.0000603674  -0.0005771042  -0.0001999978  -0.0000166630  -0.0000265242
        0.0000092342   0.0000521501   0.0000753677   0.0000038701   0.0000051874
        0.0000175665  -0.0000267670   0.0000182732   0.0000216385  -0.0000538899
       -0.0000282573   0.0000020302   0.0000318526   0.0000065796  -0.0000192024
        0.0000258695   0.0000013940   0.0000356782   0.0000940068  -0.0000004035
       -0.0001148296  -0.0481013728  -0.0516196183  -0.0024488480  -0.0131771348
       -0.0029398893  -0.0005333973   0.0004105741   0.0006643392   0.0003885151
        0.0001432459  -0.0001025416  -0.0000837705  -0.0002287532   0.0002184919
        0.0000736120   0.0001139527  -0.0000870146   0.0031871513   0.0536438208
        0.0526237306   0.0007071164   0.0272296099   0.0040964867   0.0021036239
       -0.0184617984  -0.0016758259  -0.0003481582  -0.0007761267  -0.0001113329
       -0.0030156513  -0.0009127337  -0.0010547431   0.0001767646   0.0002712914
       -0.0004429499  -0.0000611696  -0.0001812482   0.0005001769  -0.0000969282
        0.0000394893   0.0000073027  -0.0000156647  -0.0000184817  -0.0001183225
        0.0000771014  -0.0000177316  -0.0001450288   0.0000572760   0.0000031406
        0.0001077778  -0.0000436339   0.0000641628   0.0000480652  -0.0000179512
        0.0000002733  -0.0000555319   0.0000088419  -0.0000441796   0.0000864276
       -0.0431545201   0.0072180686  -0.0115286087  -0.0015512767   0.0100930227
       -0.0217457096   0.0012442753   0.0004194644  -0.0007468037  -0.0002218682
       -0.0000507953   0.0001463585  -0.0000285670   0.0000186438   0.0000620305
        0.0000005649  -0.0000494587   0.0000402154   0.0030059708  -0.0000928128
        0.0007071164   0.0439217276  -0.0055467043   0.0123773870   0.0012484023
       -0.0103929378   0.0224135614  -0.0043065179  -0.0013955447  -0.0028796689
        0.0004158458   0.0002467513  -0.0002532339  -0.0004508229  -0.0004679254
        0.0008862714  -0.0002956862   0.0001826438   0.0000219650   0.0001230866
       -0.0000819346   0.0002247858   0.0000736037   0.0000363913  -0.0000057784
       -0.0000561346  -0.0000535488   0.0000901348  -0.0000275719  -0.0000065104
        0.0000163851   0.0000059906  -0.0000346571   0.0000824102   0.0000091974
       -0.0000131992   0.0000478596   0.0000443003  -0.0000289571   0.0000433221
        0.0058525863  -0.1146649440   0.1288075433   0.0021407244   0.0040883459
       -0.0039852221  -0.0005823232   0.0003941886  -0.0005137871  -0.0000301582
       -0.0001517651   0.0002264455  -0.0000771300   0.0003044032  -0.0001815118
        0.0000036231  -0.0001267423   0.0000691986   0.0005964030  -0.0188715908
        0.0272296099  -0.0055467043   0.1223739036  -0.1444840598  -0.0006952288
        0.0059073577  -0.0052894508  -0.0014429058   0.0007026229  -0.0010038761
       -0.0005707898   0.0003499948  -0.0011116289   0.0002779276   0.0003164726
        0.0002424350   0.0001556716  -0.0005679917   0.0000712419  -0.0000562043
       -0.0000655550  -0.0000674796  -0.0000572906  -0.0000327000   0.0000064220
        0.0000283374   0.0000544353   0.0000912233   0.0000467821  -0.0001005047
       -0.0000807874   0.0000004625  -0.0000275443  -0.0000399325  -0.0000329375
        0.0000068358   0.0000440550  -0.0000108455   0.0001107774  -0.0000304380
       -0.0077348441   0.1302476088  -0.2820859125  -0.0068272133   0.0040756216
       -0.0148451369  -0.0000794816  -0.0000241613   0.0018189816   0.0006532935
       -0.0001019852  -0.0002155654  -0.0000290078   0.0001273977   0.0001823546
        0.0001082984  -0.0000680080  -0.0000450738   0.0003566315   0.0026482760
        0.0040964867   0.0123773870  -0.1444840598   0.3106600952   0.0043676239
        0.0085742875  -0.0188362386  -0.0030513576  -0.0013689816  -0.0009236657
        0.0001802821   0.0001576724   0.0003302040  -0.0004794681   0.0004003817
       -0.0000195920   0.0000878483  -0.0001343974  -0.0001777356   0.0000518966
       -0.0000543002  -0.0000447004  -0.0000776962   0.0000192569   0.0000495838
        0.0000534517   0.0000615802  -0.0000062540   0.0000615724  -0.0000397497
       -0.0000716514  -0.0000259250  -0.0000379049  -0.0000047708  -0.0000271605
       -0.0000126882   0.0000701435   0.0000338689   0.0000141536   0.0000684476
       -0.2317081124   0.0678977855   0.1377635070  -0.0204773391   0.0045239235
        0.0091819077  -0.0045397925  -0.0015527726  -0.0032134867  -0.0006945409
        0.0004520770   0.0009677854  -0.0003675611  -0.0001465191  -0.0003164816
       -0.0001148525   0.0000302558   0.0000635406   0.0012584170   0.0038923170
        0.0021036239   0.0012484023  -0.0006952288   0.0043676239   0.2547517658
       -0.0741875570  -0.1504941140   0.0000722384   0.0002873733   0.0000625309
        0.0000846716  -0.0001244230   0.0002690039   0.0001935936   0.0000839576
       -0.0004170818   0.0002066338  -0.0003957097  -0.0002092364   0.0000109240
        0.0000066791   0.0000696642   0.0000083041   0.0000478707   0.0000450687
        0.0000311696  -0.0000003258  -0.0000845459   0.0000308037  -0.0000677506
       -0.0000516239   0.0000151862  -0.0000150595  -0.0000165617   0.0000159372
       -0.0000048244  -0.0000230290  -0.0000258486  -0.0000320690  -0.0000680955
        0.0666919839  -0.0675776027  -0.0466819691  -0.0038132381   0.0023620853
        0.0034180722  -0.0012647816   0.0001605765  -0.0006063707  -0.0002290984
        0.0004222584   0.0001328988  -0.0001359816  -0.0000794617  -0.0000258033
        0.0000074256  -0.0000053284  -0.0000036452   0.0241069018  -0.0112753878
       -0.0184617984  -0.0103929378   0.0059073577   0.0085742875  -0.0741875570
        0.0699115046   0.0534915778   0.0002189931   0.0003479473   0.0000516874
       -0.0011057454   0.0000584200   0.0000185525   0.0001135062  -0.0001118208
        0.0000106119  -0.0000502267   0.0000053876   0.0000723403  -0.0000239885
        0.0000367533   0.0000509656   0.0000389740  -0.0000465623  -0.0000471406
        0.0000390071  -0.0000828286  -0.0000158446   0.0000067526  -0.0000590886
        0.0000411025  -0.0000005027   0.0000311459   0.0000312116  -0.0000089776
       -0.0000142236  -0.0000553086  -0.0000105088   0.0000088678   0.0000045723
        0.1352937748  -0.0466913607  -0.1392980464  -0.0077250807   0.0034161506
        0.0076327898  -0.0025749834  -0.0005863407  -0.0007395384  -0.0004587612
        0.0001222937   0.0006129086  -0.0002835859  -0.0000175658  -0.0001141727
        0.0000223086  -0.0000053134  -0.0000155719   0.0054156543  -0.0046023697
       -0.0016758259   0.0224135614  -0.0052894508  -0.0188362386  -0.1504941140
        0.0534915778   0.1520144246  -0.0012209546   0.0002443070   0.0001097629
       -0.0005766363  -0.0001744184   0.0004099453   0.0000063981  -0.0000195571
        0.0000673772   0.0000986922   0.0001075193  -0.0000512308   0.0000281265
        0.0000159710  -0.0000437498  -0.0000010819  -0.0000158000   0.0000418655
        0.0000450107   0.0000253199  -0.0000393047   0.0000586760   0.0000042257
       -0.0000646008  -0.0000138230  -0.0000192709  -0.0000381833  -0.0000098039
       -0.0000111293   0.0000119924  -0.0000233776   0.0000052117   0.0000153970
       -0.0077468115   0.0107873444  -0.0267933180  -0.0392430800  -0.0004510752
       -0.0005939431  -0.0033363416  -0.0100267542   0.0216430623   0.0012778865
       -0.0000175873   0.0011536572  -0.0002298850   0.0000349516  -0.0000785410
       -0.0000217723   0.0000194250  -0.0000095676   0.0004271392   0.0004957193
       -0.0003481582  -0.0043065179  -0.0014429058  -0.0030513576   0.0000722384
        0.0002189931  -0.0012209546   0.0540210192  -0.0017847276   0.0068548314
        0.0027517771   0.0006061198   0.0001517545  -0.0037850324   0.0016122877
        0.0031612819   0.0007731936  -0.0005520932  -0.0002659437  -0.0007672995
        0.0003809928  -0.0005400595  -0.0001015731  -0.0000439608   0.0000273875
        0.0001684611   0.0000916587  -0.0002145307   0.0001026279  -0.0000355145
        0.0000187204  -0.0000811330   0.0000554165  -0.0000029966  -0.0000192596
        0.0000223467   0.0000605430   0.0000443629   0.0000293631   0.0000481323
       -0.0011327297   0.0032601187  -0.0066143177   0.0043178795  -0.0976737839
        0.0971317894  -0.0007347945   0.0041642263  -0.0049053171  -0.0000328835
        0.0004727919  -0.0002795214   0.0000048351  -0.0002518869   0.0000648278
        0.0000318779   0.0000789389  -0.0000562036  -0.0003545677   0.0008098737
       -0.0007761267  -0.0013955447   0.0007026229  -0.0013689816   0.0002873733
        0.0003479473   0.0002443070  -0.0017847276   0.1078121205  -0.1093042749
       -0.0001784356  -0.0209871245   0.0277855160   0.0011177248   0.0009268669
       -0.0011585046   0.0000126496   0.0006572872  -0.0008342844  -0.0002210209
        0.0001125614  -0.0000252194  -0.0000303986  -0.0005186889   0.0003192605
        0.0000745339   0.0001773237  -0.0000958120   0.0000392276   0.0001338693
       -0.0001937700  -0.0000127854  -0.0001310912  -0.0000408808  -0.0000155630
       -0.0001233197   0.0001318811   0.0000073494   0.0000293463  -0.0000243675
       -0.0059509741   0.0066973842  -0.0170773468  -0.0061813601   0.0943495223
       -0.2242823563   0.0054680180   0.0073810014  -0.0184370247  -0.0002810228
        0.0001639247   0.0008391745  -0.0001934994  -0.0000939580   0.0000025780
       -0.0000614131   0.0000503303   0.0000440953   0.0000397914   0.0005127662
       -0.0001113329  -0.0028796689  -0.0010038761  -0.0009236657   0.0000625309
        0.0000516874   0.0001097629   0.0068548314  -0.1093042749   0.2587484347
        0.0005677599   0.0020887432   0.0022342990   0.0029672017  -0.0012072648
       -0.0019052188  -0.0005828875   0.0003008417   0.0004871129   0.0003256862
       -0.0000323107   0.0004071851   0.0000552068   0.0001128928  -0.0001528321
       -0.0001378411  -0.0000895140   0.0000390496  -0.0000132368   0.0000072570
        0.0000227934   0.0000192158   0.0000291900   0.0000422815  -0.0000048111
        0.0000157589  -0.0000794513  -0.0000735270  -0.0000301014  -0.0000075385
       -0.0077021387  -0.0277955903  -0.0078694939  -0.0392957329   0.0001654047
       -0.0007136903  -0.0032408190   0.0232782729   0.0055121691   0.0012317862
        0.0008306640   0.0007024663  -0.0002341247  -0.0000763394  -0.0000193561
       -0.0000227674  -0.0000157888   0.0000085926  -0.0043095331  -0.0015353818
       -0.0030156513   0.0004158458  -0.0005707898   0.0001802821   0.0000846716
       -0.0011057454  -0.0005766363   0.0027517771  -0.0001784356   0.0005677599
        0.0539515817   0.0061187792   0.0026604362   0.0008127046   0.0001367590
       -0.0006056632  -0.0038032505   0.0015059619   0.0031705978  -0.0000889183
        0.0000241924   0.0000015748  -0.0007580954  -0.0006187205  -0.0000766590
        0.0000964707   0.0000389350  -0.0000080805   0.0001634062  -0.0002231538
       -0.0000692022  -0.0000146125   0.0000297399   0.0000582934  -0.0000819773
       -0.0000322305   0.0000392036   0.0000437258   0.0000234669   0.0000530571
       -0.0039954465  -0.0095178982  -0.0031722109  -0.0071328404  -0.2694298583
       -0.0391599833   0.0046763744  -0.0109846042  -0.0045288828  -0.0001435223
        0.0006764376   0.0003792918  -0.0001423531  -0.0000749478   0.0000334465
       -0.0000675173   0.0000572358   0.0000368408  -0.0014232676   0.0008327009
       -0.0009127337   0.0002467513   0.0003499948   0.0001576724  -0.0001244230
        0.0000584200  -0.0001744184   0.0006061198  -0.0209871245   0.0020887432
        0.0061187792   0.3078014321   0.0461612493  -0.0004884496   0.0008702515
        0.0004482196   0.0016558741   0.0003383006  -0.0016088814   0.0000370315
       -0.0004944029   0.0001009673   0.0003932345   0.0003140813   0.0001411736
       -0.0000310732   0.0001598192   0.0000299383  -0.0001508351   0.0001917769
       -0.0000763141   0.0000025502  -0.0001691746  -0.0000311010   0.0000241057
       -0.0000267071   0.0001168367  -0.0000610925   0.0000342671  -0.0000298541
       -0.0044674313  -0.0164510934  -0.0042955305  -0.0004276678  -0.0363266993
       -0.0525467360   0.0028290074  -0.0167305672  -0.0032596195  -0.0001428774
       -0.0000760698   0.0005223987  -0.0000997585   0.0002074374  -0.0001501856
       -0.0000086666  -0.0000741780   0.0000559252  -0.0028417861  -0.0012607790
       -0.0010547431  -0.0002532339  -0.0011116289   0.0003302040   0.0002690039
        0.0000185525   0.0004099453   0.0001517545   0.0277855160   0.0022342990
        0.0026604362   0.0461612493   0.0587703032  -0.0003547786  -0.0007681610
        0.0003407042   0.0027180959  -0.0016776079  -0.0013007114   0.0000242586
        0.0003205424  -0.0001635135  -0.0000031685   0.0001322755   0.0001872746
        0.0000224710  -0.0001807711  -0.0000065889  -0.0000261980  -0.0001017536
        0.0000327670  -0.0000131994   0.0000999991  -0.0000270346   0.0000010015
        0.0000540968  -0.0000708848  -0.0000372630  -0.0000203600  -0.0000082735
        0.0012874934  -0.0001968061   0.0009857740  -0.0050140864  -0.0106192962
        0.0241678446  -0.0408008331   0.0019741938  -0.0019797687  -0.0041582689
        0.0114798063  -0.0236575457   0.0011278153   0.0001755137  -0.0012531278
       -0.0000876210  -0.0000911195   0.0001408692  -0.0002872971  -0.0000186160
        0.0001767646  -0.0004508229   0.0002779276  -0.0004794681   0.0001935936
        0.0001135062   0.0000063981  -0.0037850324   0.0011177248   0.0029672017
        0.0008127046  -0.0004884496  -0.0003547786   0.0532053179  -0.0018461213
        0.0008153052   0.0020366070  -0.0007633211   0.0006136829  -0.0044712670
       -0.0011970839  -0.0031504101   0.0008937629   0.0005327110   0.0002914683
       -0.0006424675  -0.0003368862   0.0005515893  -0.0000852398   0.0000306723
        0.0000190429   0.0001376727  -0.0001017353   0.0001608483   0.0000900335
       -0.0000108797  -0.0000420501  -0.0000020648  -0.0000317407   0.0000203602
       -0.0001042989   0.0000985945  -0.0002447997  -0.0004207190   0.0036316329
       -0.0064895201   0.0009763488  -0.0980615878   0.0935719202   0.0005660840
        0.0033511400  -0.0036223140   0.0000431851   0.0003806761  -0.0001006195
       -0.0000597430  -0.0001450959  -0.0000327250  -0.0000633082  -0.0003050008
        0.0002712914  -0.0004679254   0.0003164726   0.0004003817   0.0000839576
       -0.0001118208  -0.0000195571   0.0016122877   0.0009268669  -0.0012072648
        0.0001367590   0.0008702515  -0.0007681610  -0.0018461213   0.1108414333
       -0.1094730129   0.0003102251  -0.0233108910   0.0293565969  -0.0008972375
        0.0009810231  -0.0008966536  -0.0000432412   0.0006662222  -0.0007426507
        0.0002613502   0.0001465287  -0.0001100317   0.0000236969  -0.0004665666
        0.0002651310  -0.0000717714   0.0001052233  -0.0000361009  -0.0000557251
        0.0000734200  -0.0001229159   0.0000161968   0.0000114780   0.0000010057
       -0.0007485612  -0.0001281773   0.0015191700   0.0043920802   0.0082776486
       -0.0208693561   0.0002756261   0.0938916258  -0.2177433515  -0.0059347959
        0.0071170266  -0.0172849016   0.0006860514   0.0000919286   0.0007582039
        0.0002099257  -0.0000674357   0.0000776913   0.0001387005   0.0000603674
       -0.0004429499   0.0008862714   0.0002424350  -0.0000195920  -0.0004170818
        0.0000106119   0.0000673772   0.0031612819  -0.0011585046  -0.0019052188
       -0.0006056632   0.0004482196   0.0003407042   0.0008153052  -0.1094730129
        0.2542172872  -0.0001791356   0.0015866212   0.0020609845  -0.0031226393
       -0.0010868842  -0.0017160575   0.0005774371   0.0001971932   0.0003581696
       -0.0003290733  -0.0000217318   0.0005341185  -0.0000554815   0.0001014883
       -0.0001761742   0.0001449705  -0.0001077908   0.0000571048   0.0000298953
       -0.0000193065   0.0000654905   0.0000748866   0.0000376775   0.0001012999
        0.0013566980   0.0009521239   0.0004669095  -0.0047442235   0.0254148304
        0.0069344492  -0.0407955789  -0.0059563780  -0.0002153206  -0.0046165166
       -0.0255741269  -0.0062482206   0.0011174054  -0.0011032432  -0.0006710054
       -0.0000791029   0.0001661306   0.0000175217  -0.0004517990  -0.0005771042
       -0.0000611696  -0.0002956862   0.0001556716   0.0000878483   0.0002066338
       -0.0000502267   0.0000986922   0.0007731936   0.0000126496  -0.0005828875
       -0.0038032505   0.0016558741   0.0027180959   0.0020366070   0.0003102251
       -0.0001791356   0.0533805043   0.0054233103  -0.0001261965   0.0009026628
       -0.0001156381   0.0006053503  -0.0044887495  -0.0015763893  -0.0029616097
       -0.0000829074   0.0000028214   0.0000284864  -0.0006464255   0.0006589436
        0.0001106610   0.0000871388  -0.0000230303  -0.0000389523   0.0001433092
        0.0001870510   0.0000275979   0.0000000870   0.0000365050  -0.0000111144
       -0.0005659018   0.0011989759   0.0007417724   0.0036310127  -0.0124540198
       -0.0045130050  -0.0036468622  -0.2613844156  -0.0400771910  -0.0050289606
       -0.0102194874  -0.0043753728   0.0004976777   0.0006078920   0.0003004549
        0.0002033056   0.0000312204   0.0000845567   0.0009970606  -0.0001999978
       -0.0001812482   0.0001826438  -0.0005679917  -0.0001343974  -0.0003957097
        0.0000053876   0.0001075193  -0.0005520932   0.0006572872   0.0003008417
        0.0015059619   0.0003383006  -0.0016776079  -0.0007633211  -0.0233108910
        0.0015866212   0.0054233103   0.3038335235   0.0487992347   0.0004742852
        0.0007586068   0.0002616066  -0.0017626529   0.0004080836  -0.0015709870
       -0.0000555660  -0.0004701659   0.0000774837  -0.0004091393   0.0004412388
        0.0002300090   0.0000567986   0.0001412297   0.0000380701   0.0001594233
        0.0001433239  -0.0000686802   0.0000487271   0.0000418992   0.0000703192
       -0.0005768481   0.0006247796   0.0005018069   0.0020491854  -0.0190952039
       -0.0051340083   0.0005343063  -0.0405168685  -0.0542459803  -0.0036459241
       -0.0153244788  -0.0033563993   0.0004734154   0.0000837493   0.0005240131
        0.0000907915   0.0001125903  -0.0001012302   0.0002270573  -0.0000166630
        0.0005001769   0.0000219650   0.0000712419  -0.0001777356  -0.0002092364
        0.0000723403  -0.0000512308  -0.0002659437  -0.0008342844   0.0004871129
        0.0031705978  -0.0016088814  -0.0013007114   0.0006136829   0.0293565969
        0.0020609845  -0.0001261965   0.0487992347   0.0609735568   0.0003262493
       -0.0006860112   0.0002830682  -0.0027406474  -0.0013850085  -0.0011183979
       -0.0000135637   0.0002500294  -0.0001668040  -0.0000011406   0.0001363541
        0.0002474308  -0.0000256922  -0.0000642764  -0.0000036956   0.0000376714
       -0.0000023833   0.0000121541   0.0000602705   0.0000271430   0.0000658892
        0.0003147488  -0.0000662380   0.0002624490   0.0004023215   0.0002888970
       -0.0014791197  -0.0053883091   0.0116503474  -0.0242535364  -0.0420145736
        0.0016988242  -0.0053782362  -0.0027059876  -0.0105760786   0.0224001912
        0.0009759661  -0.0001986107   0.0009423286   0.0000664588  -0.0000265242
       -0.0000969282   0.0001230866  -0.0000562043   0.0000518966   0.0000109240
       -0.0000239885   0.0000281265  -0.0007672995  -0.0002210209   0.0003256862
       -0.0000889183   0.0000370315   0.0000242586  -0.0044712670  -0.0008972375
       -0.0031226393   0.0009026628   0.0004742852   0.0003262493   0.0543224581
       -0.0026618430   0.0063773873   0.0019159204  -0.0006241227   0.0009876304
       -0.0039335410   0.0013252281   0.0034640457   0.0007576688  -0.0004982199
       -0.0003539245  -0.0005426122   0.0003472116  -0.0003860521  -0.0000746215
       -0.0000109243   0.0000377913   0.0001949137   0.0000391876  -0.0001576044
       -0.0001232526  -0.0000011418  -0.0001924632   0.0000736686   0.0004809188
       -0.0001648119   0.0000295332   0.0028409453  -0.0046267782   0.0026498346
       -0.0978611159   0.0930428477  -0.0003441889   0.0039099097  -0.0050067020
       -0.0001240880   0.0002679177  -0.0001611577  -0.0000275615   0.0000092342
        0.0000394893  -0.0000819346  -0.0000655550  -0.0000543002   0.0000066791
        0.0000367533   0.0000159710   0.0003809928   0.0001125614  -0.0000323107
        0.0000241924  -0.0004944029   0.0003205424  -0.0011970839   0.0009810231
       -0.0010868842  -0.0001156381   0.0007586068  -0.0006860112  -0.0026618430
        0.1110588607  -0.1089731845   0.0005591566  -0.0234606893   0.0295355343
        0.0011082315   0.0009502662  -0.0012144947  -0.0000059703   0.0007408192
       -0.0007547167  -0.0002096758   0.0001410435  -0.0001229704  -0.0000038975
       -0.0003575594   0.0002748085   0.0000628455  -0.0000483958  -0.0001524077
        0.0003654371  -0.0000713708   0.0003277570   0.0003978239   0.0001459350
        0.0005358931  -0.0049464162   0.0075692090  -0.0176586985  -0.0064294130
        0.0933536251  -0.2158646847   0.0049198819   0.0081778527  -0.0198141810
       -0.0008122733   0.0000270952   0.0009178165   0.0000164946   0.0000521501
        0.0000073027   0.0002247858  -0.0000674796  -0.0000447004   0.0000696642
        0.0000509656  -0.0000437498  -0.0005400595  -0.0000252194   0.0004071851
        0.0000015748   0.0001009673  -0.0001635135  -0.0031504101  -0.0008966536
       -0.0017160575   0.0006053503   0.0002616066   0.0002830682   0.0063773873
       -0.1089731845   0.2520417806   0.0001661867   0.0013978439   0.0021747374
        0.0033398123  -0.0013485039  -0.0022712079  -0.0006618844   0.0002887208
        0.0004160244   0.0003774597  -0.0000958050   0.0005156290   0.0000549718
        0.0000648494  -0.0001693310  -0.0003763737  -0.0000126040   0.0001189302
        0.0003226031   0.0002486074   0.0001233301   0.0003962997  -0.0012760601
       -0.0006709385  -0.0057204592  -0.0260816232  -0.0065478026  -0.0422309565
       -0.0082149774  -0.0026566658  -0.0022870365   0.0239752571   0.0061284256
        0.0009648776   0.0008139731   0.0004677869   0.0001259547   0.0000753677
       -0.0000156647   0.0000736037  -0.0000572906  -0.0000776962   0.0000083041
        0.0000389740  -0.0000010819  -0.0001015731  -0.0000303986   0.0000552068
       -0.0007580954   0.0003932345  -0.0000031685   0.0008937629  -0.0000432412
        0.0005774371  -0.0044887495  -0.0017626529  -0.0027406474   0.0019159204
        0.0005591566   0.0001661867   0.0544446325   0.0100217143   0.0026778796
        0.0007822854   0.0000584367  -0.0006050181  -0.0039172807   0.0019011746
        0.0031654755  -0.0000700618   0.0000194249   0.0000253967  -0.0005397315
       -0.0004898203  -0.0000027871   0.0001857000  -0.0001492567  -0.0000656541
        0.0003586501   0.0003139819   0.0001947224   0.0002422559   0.0005290221
        0.0001832593  -0.0038714918  -0.0102859598  -0.0035993638  -0.0096273408
       -0.2592508870  -0.0405898466   0.0038510123  -0.0120949693  -0.0048488064
       -0.0005230765   0.0006786232   0.0003828425   0.0002238216   0.0000038701
       -0.0000184817   0.0000363913  -0.0000327000   0.0000192569   0.0000478707
       -0.0000465623  -0.0000158000  -0.0000439608  -0.0005186889   0.0001128928
       -0.0006187205   0.0003140813   0.0001322755   0.0005327110   0.0006662222
        0.0001971932  -0.0015763893   0.0004080836  -0.0013850085  -0.0006241227
       -0.0234606893   0.0013978439   0.0100217143   0.3015172422   0.0490593734
       -0.0005173391   0.0008182835   0.0003390425   0.0019448153   0.0002519364
       -0.0018876207   0.0000268689  -0.0004106420   0.0000026043   0.0004419036
        0.0004593679   0.0001896260  -0.0003255737   0.0001403843   0.0001339948
        0.0001349281   0.0000826780   0.0000063343   0.0003068623  -0.0001679802
        0.0004945382  -0.0033343292  -0.0159856937  -0.0040687492  -0.0026447724
       -0.0408802513  -0.0543782840   0.0026167041  -0.0178020105  -0.0041897554
       -0.0005814539   0.0002272721   0.0004535920   0.0000798591   0.0000051874
       -0.0001183225  -0.0000057784   0.0000064220   0.0000495838   0.0000450687
       -0.0000471406   0.0000418655   0.0000273875   0.0003192605  -0.0001528321
       -0.0000766590   0.0001411736   0.0001872746   0.0002914683  -0.0007426507
        0.0003581696  -0.0029616097  -0.0015709870  -0.0011183979   0.0009876304
        0.0295355343   0.0021747374   0.0026778796   0.0490593734   0.0614468388
       -0.0004414466  -0.0007405001   0.0003762997   0.0029553274  -0.0018091644
       -0.0015799310   0.0000409990   0.0002246272  -0.0001105076   0.0000622103
        0.0001449537   0.0001875883  -0.0001802760  -0.0000001037  -0.0000600428
        0.0000386144   0.0000355503  -0.0000601377  -0.0001021654   0.0000599331
       -0.0000118218   0.0007617493  -0.0003167878   0.0012603833  -0.0038151585
       -0.0108099221   0.0229697853  -0.0420624959   0.0021366228  -0.0023190391
       -0.0045456345   0.0116252277  -0.0243303621  -0.0000249816   0.0000175665
        0.0000771014  -0.0000561346   0.0000283374   0.0000534517   0.0000311696
        0.0000390071   0.0000450107   0.0001684611   0.0000745339  -0.0001378411
        0.0000964707  -0.0000310732   0.0000224710  -0.0006424675   0.0002613502
       -0.0003290733  -0.0000829074  -0.0000555660  -0.0000135637  -0.0039335410
        0.0011082315   0.0033398123   0.0007822854  -0.0005173391  -0.0004414466
        0.0548408706  -0.0024082207   0.0028627629   0.0017980046  -0.0007493085
        0.0008374241  -0.0045384147  -0.0012075687  -0.0036262385   0.0007705340
        0.0004273086   0.0002191210   0.0005157413   0.0002821170  -0.0004177997
       -0.0000238852  -0.0000588911  -0.0000030019   0.0000523423  -0.0003035152
        0.0000537023  -0.0000981403   0.0004420273  -0.0002728365  -0.0000197193
        0.0036044930  -0.0056965420   0.0015822037  -0.0985426172   0.0923513951
        0.0002052609   0.0032505898  -0.0040160578   0.0000204982  -0.0000267670
       -0.0000177316  -0.0000535488   0.0000544353   0.0000615802  -0.0000003258
       -0.0000828286   0.0000253199   0.0000916587   0.0001773237  -0.0000895140
        0.0000389350   0.0001598192  -0.0001807711  -0.0003368862   0.0001465287
       -0.0000217318   0.0000028214  -0.0004701659   0.0002500294   0.0013252281
        0.0009502662  -0.0013485039   0.0000584367   0.0008182835  -0.0007405001
       -0.0024082207   0.1121836962  -0.1084079574   0.0001601549  -0.0239501790
        0.0296589121  -0.0008449232   0.0010041265  -0.0009526631  -0.0000591933
        0.0006688067  -0.0007431108   0.0003073030  -0.0000254322   0.0000899830
       -0.0000099881  -0.0000211385   0.0001167637  -0.0003070697  -0.0000919379
        0.0002691828  -0.0005970511   0.0001827260   0.0005723962   0.0045772158
        0.0085631681  -0.0203120190  -0.0021353556   0.0924203709  -0.2128115736
       -0.0052400547   0.0077507121  -0.0166600975   0.0000007970   0.0000182732
       -0.0001450288   0.0000901348   0.0000912233  -0.0000062540  -0.0000845459
       -0.0000158446  -0.0000393047  -0.0002145307  -0.0000958120   0.0000390496
       -0.0000080805   0.0000299383  -0.0000065889   0.0005515893  -0.0001100317
        0.0005341185   0.0000284864   0.0000774837  -0.0001668040   0.0034640457
       -0.0012144947  -0.0022712079  -0.0006050181   0.0003390425   0.0003762997
        0.0028627629  -0.1084079574   0.2487027291  -0.0000060065   0.0012053739
        0.0023074637  -0.0034165876  -0.0009948203  -0.0013702089   0.0006398033
        0.0001644149   0.0002842540   0.0004094532   0.0001093102   0.0005868299
        0.0000397318  -0.0000699925  -0.0000108140  -0.0000998897  -0.0000437616
        0.0000428534   0.0007830857   0.0011884605   0.0005740499  -0.0032865082
        0.0245003720   0.0065064213  -0.0422866699  -0.0078472023  -0.0007088325
       -0.0051684093  -0.0260241296  -0.0070459535  -0.0000547554   0.0000216385
        0.0000572760  -0.0000275719   0.0000467821   0.0000615724   0.0000308037
        0.0000067526   0.0000586760   0.0001026279   0.0000392276  -0.0000132368
        0.0001634062  -0.0001508351  -0.0000261980  -0.0000852398   0.0000236969
       -0.0000554815  -0.0006464255  -0.0004091393  -0.0000011406   0.0007576688
       -0.0000059703  -0.0006618844  -0.0039172807   0.0019448153   0.0029553274
        0.0017980046   0.0001601549  -0.0000060065   0.0551880683   0.0090631999
        0.0011754067   0.0007790715  -0.0001060022   0.0004773909  -0.0045666496
       -0.0018334645  -0.0033344706   0.0004969318  -0.0005046028  -0.0000449557
        0.0000057060   0.0000599618   0.0000815629  -0.0002806997   0.0000595579
        0.0002101232  -0.0004194210   0.0005758114   0.0002770228   0.0033793047
       -0.0124084504  -0.0045500611  -0.0073592989  -0.2557609159  -0.0415365021
       -0.0042069234  -0.0094212909  -0.0035343848   0.0001042957  -0.0000538899
        0.0000031406  -0.0000065104  -0.0001005047  -0.0000397497  -0.0000677506
       -0.0000590886   0.0000042257  -0.0000355145   0.0001338693   0.0000072570
       -0.0002231538   0.0001917769  -0.0001017536   0.0000306723  -0.0004665666
        0.0001014883   0.0006589436   0.0004412388   0.0001363541  -0.0004982199
        0.0007408192   0.0002887208   0.0019011746   0.0002519364  -0.0018091644
       -0.0007493085  -0.0239501790   0.0012053739   0.0090631999   0.2981164835
        0.0499874560   0.0005250184   0.0007329035   0.0002155303  -0.0019204348
        0.0006858608  -0.0012820800   0.0000989203   0.0002306665   0.0003354401
       -0.0000203649   0.0000907623  -0.0000023315  -0.0001662343   0.0003515143
       -0.0001002863  -0.0004751182  -0.0001528520   0.0004690231   0.0024890677
       -0.0185044745  -0.0048463331  -0.0009756186  -0.0416354614  -0.0553395976
       -0.0036644971  -0.0156384923  -0.0034079316   0.0000172290  -0.0000282573
        0.0001077778   0.0000163851  -0.0000807874  -0.0000716514  -0.0000516239
        0.0000411025  -0.0000646008   0.0000187204  -0.0001937700   0.0000227934
       -0.0000692022  -0.0000763141   0.0000327670   0.0000190429   0.0002651310
       -0.0001761742   0.0001106610   0.0002300090   0.0002474308  -0.0003539245
       -0.0007547167   0.0004160244   0.0031654755  -0.0018876207  -0.0015799310
        0.0008374241   0.0296589121   0.0023074637   0.0011754067   0.0499874560
        0.0624487529   0.0003619478  -0.0007048890   0.0002320949  -0.0029385453
       -0.0012578369  -0.0010231102   0.0005037687   0.0002905849   0.0003278197
        0.0001130480  -0.0000025373   0.0000217374  -0.0000319780  -0.0000018102
       -0.0000037972  -0.0000071167  -0.0000693441   0.0000628694   0.0009550168
        0.0003479887  -0.0012086120  -0.0043398744   0.0123939034  -0.0243622264
       -0.0447627617   0.0050419179  -0.0084733393   0.0000086909   0.0000020302
       -0.0000436339   0.0000059906   0.0000004625  -0.0000259250   0.0000151862
       -0.0000005027  -0.0000138230  -0.0000811330  -0.0000127854   0.0000192158
       -0.0000146125   0.0000025502  -0.0000131994   0.0001376727  -0.0000717714
        0.0001449705   0.0000871388   0.0000567986  -0.0000256922  -0.0005426122
       -0.0002096758   0.0003774597  -0.0000700618   0.0000268689   0.0000409990
       -0.0045384147  -0.0008449232  -0.0034165876   0.0007790715   0.0005250184
        0.0003619478   0.0518255145  -0.0048064579   0.0118481587   0.0010681717
       -0.0002399990   0.0011062418  -0.0006069369  -0.0121377319   0.0236032360
       -0.0000188214   0.0000538389  -0.0000387542  -0.0000840554   0.0003683437
       -0.0001059103  -0.0000142762  -0.0003335756   0.0000442546  -0.0000402999
        0.0003000216  -0.0000937245   0.0007056786   0.0029713239  -0.0041029414
        0.0050559924  -0.1029458301   0.1004012697   0.0000459280   0.0000318526
        0.0000641628  -0.0000346571  -0.0000275443  -0.0000379049  -0.0000150595
        0.0000311459  -0.0000192709   0.0000554165  -0.0001310912   0.0000291900
        0.0000297399  -0.0001691746   0.0000999991  -0.0001017353   0.0001052233
       -0.0001077908  -0.0000230303   0.0001412297  -0.0000642764   0.0003472116
        0.0001410435  -0.0000958050   0.0000194249  -0.0004106420   0.0002246272
       -0.0012075687   0.0010041265  -0.0009948203  -0.0001060022   0.0007329035
       -0.0007048890  -0.0048064579   0.1160332301  -0.1176819417   0.0001524610
       -0.0222133113   0.0295924682   0.0000401110   0.0043168860  -0.0064079424
       -0.0000001189  -0.0000023022   0.0000448866  -0.0000686435   0.0001004257
        0.0000723980   0.0003867106  -0.0001145138   0.0001245892   0.0006266940
        0.0000934324   0.0007656869  -0.0048433506   0.0073163446  -0.0174781793
       -0.0083390384   0.1005290311  -0.2211598845   0.0000161035   0.0000065796
        0.0000480652   0.0000824102  -0.0000399325  -0.0000047708  -0.0000165617
        0.0000312116  -0.0000381833  -0.0000029966  -0.0000408808   0.0000422815
        0.0000582934  -0.0000311010  -0.0000270346   0.0001608483  -0.0000361009
        0.0000571048  -0.0000389523   0.0000380701  -0.0000036956  -0.0003860521
       -0.0001229704   0.0005156290   0.0000253967   0.0000026043  -0.0001105076
       -0.0036262385  -0.0009526631  -0.0013702089   0.0004773909   0.0002155303
        0.0002320949   0.0118481587  -0.1176819417   0.2562964804   0.0005146670
       -0.0000686944   0.0031281316   0.0031252792   0.0107578711  -0.0211348836
        0.0001155755   0.0000203029   0.0000125879  -0.0000310900   0.0000022042
       -0.0000050251  -0.0000004120   0.0000891908  -0.0000051530   0.0009479739
       -0.0011402618  -0.0004868088  -0.0049313996  -0.0265254213  -0.0065395966
       -0.0452525240  -0.0143921687  -0.0025780089   0.0000070441  -0.0000192024
       -0.0000179512   0.0000091974  -0.0000329375  -0.0000271605   0.0000159372
       -0.0000089776  -0.0000098039  -0.0000192596  -0.0000155630  -0.0000048111
       -0.0000819773   0.0000241057   0.0000010015   0.0000900335  -0.0000557251
        0.0000298953   0.0001433092   0.0001594233   0.0000376714  -0.0000746215
       -0.0000038975   0.0000549718  -0.0005397315   0.0004419036   0.0000622103
        0.0007705340  -0.0000591933   0.0006398033  -0.0045666496  -0.0019204348
       -0.0029385453   0.0010681717   0.0001524610   0.0005146670   0.0523773629
        0.0175400010   0.0051562616  -0.0000474744   0.0257441906   0.0061037943
        0.0000101262   0.0000695779   0.0000072479  -0.0000038820   0.0001984888
       -0.0000486432   0.0003074348  -0.0000460985   0.0001495187   0.0004857025
        0.0005923073   0.0003386616  -0.0042224081  -0.0097045723  -0.0040330780
       -0.0143008111  -0.2699272619  -0.0431414048   0.0000856540   0.0000258695
        0.0000002733  -0.0000131992   0.0000068358  -0.0000126882  -0.0000048244
       -0.0000142236  -0.0000111293   0.0000223467  -0.0001233197   0.0000157589
       -0.0000322305  -0.0000267071   0.0000540968  -0.0000108797   0.0000734200
       -0.0000193065   0.0001870510   0.0001433239  -0.0000023833  -0.0000109243
       -0.0003575594   0.0000648494  -0.0004898203   0.0004593679   0.0001449537
        0.0004273086   0.0006688067   0.0001644149  -0.0018334645   0.0006858608
       -0.0012578369  -0.0002399990  -0.0222133113  -0.0000686944   0.0175400010
        0.3126213523   0.0514274535   0.0020968182  -0.0131321574  -0.0037720643
       -0.0000142089  -0.0000220693   0.0000339661  -0.0001106778  -0.0002399776
        0.0002506645   0.0002425918   0.0002945880  -0.0001773520   0.0003909684
        0.0001078475   0.0004985829  -0.0029568683  -0.0157725595  -0.0041709882
       -0.0024923748  -0.0432882719  -0.0538143065   0.0000257338   0.0000013940
       -0.0000555319   0.0000478596   0.0000440550   0.0000701435  -0.0000230290
       -0.0000553086   0.0000119924   0.0000605430   0.0001318811  -0.0000794513
        0.0000392036   0.0001168367  -0.0000708848  -0.0000420501  -0.0001229159
        0.0000654905   0.0000275979  -0.0000686802   0.0000121541   0.0000377913
        0.0002748085  -0.0001693310  -0.0000027871   0.0001896260   0.0001875883
        0.0002191210  -0.0007431108   0.0002842540  -0.0033344706  -0.0012820800
       -0.0010231102   0.0011062418   0.0295924682   0.0031281316   0.0051562616
        0.0514274535   0.0592454804   0.0016225528  -0.0205859847  -0.0042274921
       -0.0003499741  -0.0000103579  -0.0000259448  -0.0000525213  -0.0000651262
       -0.0001452647  -0.0012600015   0.0003449701   0.0006907170  -0.0043583631
       -0.0012716637  -0.0028788199  -0.0241521194   0.0062123005   0.0127674848
       -0.1905396043   0.0494708069   0.1031801819   0.0000450656   0.0000356782
        0.0000088419   0.0000443003  -0.0000108455   0.0000338689  -0.0000258486
       -0.0000105088  -0.0000233776   0.0000443629   0.0000073494  -0.0000735270
        0.0000437258  -0.0000610925  -0.0000372630  -0.0000020648   0.0000161968
        0.0000748866   0.0000000870   0.0000487271   0.0000602705   0.0001949137
        0.0000628455  -0.0003763737   0.0001857000  -0.0003255737  -0.0001802760
        0.0005157413   0.0003073030   0.0004094532   0.0004969318   0.0000989203
        0.0005037687  -0.0006069369   0.0000401110   0.0031252792  -0.0000474744
        0.0020968182   0.0016225528   0.2198240800  -0.0569868586  -0.1187364588
       -0.0000497851   0.0000720277   0.0000113948  -0.0001648767   0.0000576872
        0.0000257018  -0.0001659290   0.0002938464   0.0000271987  -0.0010475666
        0.0001654462  -0.0003789133  -0.0043922664   0.0013855018   0.0030353483
        0.0494848111  -0.0618161927  -0.0343624255   0.0000519993   0.0000940068
       -0.0000441796  -0.0000289571   0.0001107774   0.0000141536  -0.0000320690
        0.0000088678   0.0000052117   0.0000293631   0.0000293463  -0.0000301014
        0.0000234669   0.0000342671  -0.0000203600  -0.0000317407   0.0000114780
        0.0000376775   0.0000365050   0.0000418992   0.0000271430   0.0000391876
       -0.0000483958  -0.0000126040  -0.0001492567   0.0001403843  -0.0000001037
        0.0002821170  -0.0000254322   0.0001093102  -0.0005046028   0.0002306665
        0.0002905849  -0.0121377319   0.0043168860   0.0107578711   0.0257441906
       -0.0131321574  -0.0205859847  -0.0569868586   0.0680290893   0.0410930766
       -0.0001154155   0.0000113610   0.0000892631  -0.0003470448   0.0000264612
        0.0000883677  -0.0004181758   0.0000458441   0.0003693010  -0.0024171021
       -0.0003896507  -0.0005971604  -0.0102862757   0.0033511872   0.0068995311
        0.1032098914  -0.0343561170  -0.1169174504   0.0000039030  -0.0000004035
        0.0000864276   0.0000433221  -0.0000304380   0.0000684476  -0.0000680955
        0.0000045723   0.0000153970   0.0000481323  -0.0000243675  -0.0000075385
        0.0000530571  -0.0000298541  -0.0000082735   0.0000203602   0.0000010057
        0.0001012999  -0.0000111144   0.0000703192   0.0000658892  -0.0001576044
       -0.0001524077   0.0001189302  -0.0000656541   0.0001339948  -0.0000600428
       -0.0004177997   0.0000899830   0.0005868299  -0.0000449557   0.0003354401
        0.0003278197   0.0236032360  -0.0064079424  -0.0211348836   0.0061037943
       -0.0037720643  -0.0042274921  -0.1187364588   0.0410930766   0.1341353374
