           1           2  0.97305530447585120     
           2           3  0.99393262275695005     
           3           4   1.0257516603785624     
           4           5   1.5787187681916559     
           5           6   1.2984968485743709     
           6           7   1.5103391915913431     
           7           8   1.1660657551125340     
           8           9   1.4732580489189391     
           9          10   1.3427523376259205     
          10          11   1.4662400821700190     
          11          12   1.1720543744138312     
          12          13   1.4659840162044893     
          13          14   1.3432586030406026     
          14          15   1.4783949771613134     
          15          16   1.1640247566443280     
          16          17   1.5050267530038592     
          17          18   1.2995265060516767     
          18          19   1.6053158406307910     
          16          20   1.1213571348655869     
          19          20   1.1907800548005554     
          12          21   1.1236816838712229     
          15          21   1.1199993179275449     
           8          22   1.1160508160697837     
          11          22   1.1252453433178402     
           4          23   1.1439273615459562     
           7          23   1.1075460219388669     
           1          24  0.88285855813105496     
           1          25  0.88534569677174502     
           1          26  0.87404719645070705     
           2          27  0.96135070561971059     
           2          28  0.96483496935184265     
           3          29  0.95148258232221794     
           3          30  0.95852687832447647     
           5          31  0.96186408605013529     
           6          32  0.96124530508265749     
           9          33  0.95866890368600133     
          10          34  0.96258902308329120     
          13          35  0.96216467446761023     
          14          36  0.96038288732196886     
          17          37  0.96132662253284940     
          18          38  0.96333567469387160     
          19          39  0.96857386556581515     
