           1           2  0.96199114453751100     
           2           3   1.0132074572744967     
           3           4   1.0068909349836657     
           4           5   1.0073406050691593     
           5           6   1.0079718291455406     
           6           7   1.0197842039380436     
           1           8  0.89050345198209557     
           1           9  0.89303764806553532     
           1          10  0.88781725326620320     
           2          11  0.96646653710863384     
           2          12  0.96282736400012170     
           3          13  0.97073905272238326     
           3          14  0.96594014491609204     
           4          15  0.97201901034769100     
           4          16  0.97575976928528896     
           5          17  0.97221886697918491     
           5          18  0.97642978465576902     
           6          19  0.97796896517623533     
           6          20  0.97432877979424903     
           7          21  0.98690153500633893     
           7          22  0.98754428413263295     
           7          23  0.98721492312059311     
