$hessian                                                                        
        0.5458404415   0.0163758899  -0.0524442882  -0.1063834388   0.0164434274
       -0.0457227612  -0.0061054714  -0.0014361066  -0.0124428791   0.0000545104
       -0.0005310405  -0.0004008334  -0.0007420544   0.0004546305   0.0006526229
       -0.0036721007   0.0034860557   0.0021764414  -0.2323624637   0.1165167969
        0.0691108964  -0.0684870158  -0.0733501362  -0.0392752040  -0.1128448334
       -0.0818678688   0.0960776880  -0.0201080368   0.0088332079  -0.0244783326
        0.0072020380  -0.0025137031   0.0072516410  -0.0010638677  -0.0012364520
       -0.0008887010   0.0006788296   0.0005482632   0.0012242536   0.0002081920
        0.0001401373  -0.0000183447  -0.0002661117  -0.0003554786  -0.0000840424
       -0.0015468560  -0.0012967429  -0.0004663669  -0.0003020585  -0.0002717273
       -0.0003257208  -0.0000997024   0.0000608474   0.0000539309
        0.0163758899   0.5899874891   0.0125848775   0.0153891248  -0.0775045400
        0.0213270526  -0.0133758857   0.0042112140  -0.0202712774  -0.0002218404
       -0.0007017538  -0.0003871045  -0.0005765308   0.0001994184   0.0002539927
        0.0033210764  -0.0012983310  -0.0014983125   0.1165074747  -0.1185078004
       -0.0431277868  -0.0722266431  -0.2477165518  -0.1070535811  -0.0820813081
       -0.1372602433   0.1119832279   0.0108241439  -0.0042679724   0.0134490958
        0.0108146186  -0.0053772801   0.0169755300  -0.0016177957  -0.0030724417
       -0.0032955138  -0.0012434450   0.0018798279  -0.0005094870  -0.0002962233
        0.0000190325  -0.0001200840  -0.0002495136  -0.0000957833   0.0001859585
       -0.0008976306  -0.0008464244  -0.0002924502  -0.0002490992  -0.0000577568
       -0.0002348421  -0.0001964129   0.0004098969   0.0000307046
       -0.0524442882   0.0125848775   0.5229903725  -0.0455637655   0.0241003237
       -0.1317689881  -0.0121786532  -0.0036454802  -0.0195028052   0.0002405032
        0.0001571419  -0.0006884236   0.0004521132  -0.0004049743  -0.0000764111
        0.0018963932  -0.0012768560   0.0002028729   0.0685206121  -0.0430751948
       -0.0708080508  -0.0385735145  -0.1077557856  -0.1013768164   0.0959439328
        0.1115210004  -0.1754074802  -0.0008707851  -0.0000212855   0.0025188793
       -0.0148566086   0.0097744489  -0.0254287385  -0.0024589217  -0.0036916149
       -0.0020035708  -0.0002537030   0.0014160101   0.0009798902  -0.0000320195
       -0.0000102221  -0.0000395985  -0.0004684457  -0.0001809089   0.0000887895
        0.0006827393   0.0006464302   0.0004298785  -0.0000270975  -0.0000215905
        0.0001082161  -0.0000084913  -0.0001163198  -0.0002180158
       -0.1063834388   0.0153891248  -0.0455637655   0.4978638475  -0.0127239920
       -0.0530364320  -0.0742498640  -0.0246250751  -0.0114787324  -0.0101105234
       -0.0215554500  -0.0114062663   0.0002703255   0.0005919083  -0.0008253791
        0.0001086996  -0.0003583595  -0.0000007995  -0.0160915176   0.0066963906
       -0.0176286030  -0.0051245913  -0.0000802959  -0.0067484739   0.0092881821
       -0.0003951049   0.0071788305  -0.1897319161   0.0942404150   0.0600520676
       -0.1063377051  -0.0668085147   0.0731204381  -0.0002485872  -0.0034287281
       -0.0030134454   0.0045125925   0.0169813801   0.0082762582   0.0008453550
       -0.0011825996  -0.0005686758  -0.0046236762  -0.0027406794   0.0012666281
        0.0001641900  -0.0002981804   0.0001780514  -0.0000385389   0.0001767180
       -0.0000418010  -0.0001128336   0.0001210430   0.0002401000
        0.0164434274  -0.0775045400   0.0241003237  -0.0127239920   0.4939011954
       -0.0167574553  -0.0229677277  -0.1526798450  -0.0471154457  -0.0092228228
       -0.0149447052  -0.0046458768   0.0006995089   0.0003511816  -0.0007176642
       -0.0003409222   0.0000597193   0.0000106356   0.0096181085  -0.0032377486
        0.0110456697  -0.0111872959   0.0051921111  -0.0151719286   0.0089226822
       -0.0034990834   0.0135279902   0.0938036464  -0.1031261267  -0.0350636143
       -0.0688469664  -0.1224024553   0.0817292186   0.0001277229   0.0010231977
        0.0009240935  -0.0032743472  -0.0235981298  -0.0131007204   0.0014633003
        0.0011996853   0.0003807408  -0.0025086405  -0.0006464477   0.0007915000
       -0.0001967907   0.0003031512   0.0001357283   0.0001880064   0.0001269247
        0.0000168314   0.0000031023  -0.0005180847  -0.0000900265
       -0.0457227612   0.0213270526  -0.1317689881  -0.0530364320  -0.0167574553
        0.4411083179  -0.0118782677  -0.0449419041  -0.0869786818  -0.0005891205
        0.0044215690   0.0047154125  -0.0007931834  -0.0006205841  -0.0002379767
        0.0005685392  -0.0003886719  -0.0003488961  -0.0018170897   0.0019014433
        0.0059573760  -0.0074602743  -0.0000740332  -0.0100530810  -0.0087470802
        0.0061144741  -0.0175305799   0.0538538132  -0.0326634366  -0.0624638495
        0.0786100571   0.0829152420  -0.1264555191  -0.0060991683  -0.0219240413
       -0.0160966240   0.0005212154  -0.0008301700  -0.0007944693   0.0001649121
        0.0003071288   0.0004267067   0.0018163282   0.0011322755   0.0006471412
        0.0005952735  -0.0000445189  -0.0000243235  -0.0000046410  -0.0001127189
       -0.0000684361   0.0000178795   0.0002383488  -0.0000335294
       -0.0061054714  -0.0133758857  -0.0121786532  -0.0742498640  -0.0229677277
       -0.0118782677   0.4802573114  -0.0311778092   0.0065409579  -0.1644923758
       -0.0359730952   0.0314579447  -0.0025873737  -0.0026324499   0.0059042962
       -0.0002925810   0.0002988052  -0.0001199594   0.0003101398  -0.0006117792
        0.0002014462  -0.0011325686   0.0011159011  -0.0023987461   0.0001604587
       -0.0000182668   0.0006266097   0.0051642839   0.0170292538   0.0097678975
       -0.0045505091  -0.0162935385  -0.0062319351  -0.0440685697   0.0040637337
       -0.0125082562  -0.1542620450   0.1111689199  -0.0170690674  -0.0269274328
       -0.0061664566   0.0071561733  -0.0097574749  -0.0051513930   0.0019131239
        0.0001604822   0.0000020972  -0.0001890464   0.0010522482   0.0003233270
       -0.0001647738   0.0013213419   0.0003663640  -0.0008297440
       -0.0014361066   0.0042112140  -0.0036454802  -0.0246250751  -0.1526798450
       -0.0449419041  -0.0311778092   0.4741148827  -0.0120730903  -0.0367272608
       -0.0786593076   0.0116748223  -0.0077671949  -0.0045120459   0.0061458265
       -0.0001567842   0.0003126607  -0.0000056587   0.0002067371   0.0012461885
        0.0004806107   0.0007869018   0.0003917901   0.0007999468  -0.0005185769
        0.0004174798  -0.0000750247  -0.0018202847  -0.0169660279  -0.0105202181
       -0.0068228194  -0.0170967214  -0.0079128388   0.0031850569  -0.0512654288
        0.0407269131   0.1122370340  -0.1550823094   0.0185289482   0.0177602528
        0.0057916888  -0.0052787341  -0.0225170892  -0.0104849296   0.0046795852
        0.0002353531   0.0000835451  -0.0003727179  -0.0000699698  -0.0001571620
        0.0019385449  -0.0007723649   0.0003343279  -0.0001495311
       -0.0124428791  -0.0202712774  -0.0195028052  -0.0114787324  -0.0471154457
       -0.0869786818   0.0065409579  -0.0120730903   0.4992128277   0.0344439768
        0.0135876192  -0.0758048022   0.0239835549   0.0117884351  -0.0122069872
        0.0000315194  -0.0000740726   0.0005314414   0.0007142301   0.0000959265
        0.0002672379  -0.0028790080   0.0010217586  -0.0036316866  -0.0003263704
       -0.0000484816   0.0002705964  -0.0003847878  -0.0107755457  -0.0040959732
        0.0020265982   0.0104864222   0.0051157097  -0.0114274257   0.0421747589
       -0.2563114546  -0.0168577591   0.0166189870  -0.0469256221  -0.0006700168
       -0.0011250285   0.0007955947  -0.0132431570  -0.0060746634   0.0033588211
        0.0003326672   0.0001658169   0.0004733486   0.0009424691   0.0020956443
       -0.0057227818   0.0006941626  -0.0004777635   0.0011552173
        0.0000545104  -0.0002218404   0.0002405032  -0.0101105234  -0.0092228228
       -0.0005891205  -0.1644923758  -0.0367272608   0.0344439768   0.4793751537
       -0.0165006581   0.0146034857  -0.0648774661   0.0022624039  -0.0038575734
        0.0000915790  -0.0000036188   0.0001207809  -0.0002739019  -0.0000481402
        0.0002482872  -0.0000019991   0.0000555579  -0.0000365703  -0.0001495546
        0.0000091087  -0.0004354798   0.0013829097   0.0013683826   0.0006408410
       -0.0000806490  -0.0003406454  -0.0005552843  -0.0018817614  -0.0014080877
        0.0020228987  -0.0257098504  -0.0055529951   0.0074098336  -0.1511747079
        0.1061205288  -0.0209372389  -0.0589155900  -0.0398128492  -0.0322987723
       -0.0000681884   0.0009438416  -0.0042840451  -0.0015630959  -0.0086147831
        0.0249060848  -0.0016044889   0.0076938782  -0.0216426074
       -0.0005310405  -0.0007017538   0.0001571419  -0.0215554500  -0.0149447052
        0.0044215690  -0.0359730952  -0.0786593076   0.0135876192  -0.0165006581
        0.5022595614   0.0131318772   0.0015786513  -0.0789898192   0.0387659699
        0.0000195291  -0.0001035986  -0.0000963591   0.0001028949  -0.0004355552
       -0.0002583982   0.0000820887   0.0000881392  -0.0000573506   0.0004655239
       -0.0000271042   0.0000427090  -0.0012697897   0.0009677416   0.0008869006
       -0.0022215927  -0.0037888172  -0.0019007078  -0.0077216927  -0.0024940903
        0.0045856960   0.0167712882   0.0063437386  -0.0058147836   0.1055583652
       -0.1497054368   0.0181971096  -0.0393733965  -0.1739354661  -0.0976638360
       -0.0004193846   0.0064802802  -0.0222483331  -0.0012672346  -0.0044115073
        0.0133109427   0.0022549934  -0.0079422993   0.0209522331
       -0.0004008334  -0.0003871045  -0.0006884236  -0.0114062663  -0.0046458768
        0.0047154125   0.0314579447   0.0116748223  -0.0758048022   0.0146034857
        0.0131318772   0.4841626276  -0.0022759160   0.0397476354  -0.1943817984
        0.0001443078  -0.0000371122  -0.0001294975  -0.0001194995  -0.0000869410
       -0.0002880204  -0.0000262499  -0.0000717732  -0.0003676357   0.0000087583
       -0.0001818052  -0.0006827373  -0.0004059973   0.0002075337   0.0005972597
       -0.0006619078  -0.0020946572  -0.0000338870   0.0258187183   0.0104772025
       -0.0125872684  -0.0016326849  -0.0006181729   0.0013310542  -0.0210551902
        0.0184880752  -0.0474197802  -0.0323867937  -0.0973397392  -0.1169535164
       -0.0011065325   0.0027425915  -0.0237160008   0.0020867090   0.0036140000
       -0.0095479617  -0.0026420522   0.0053794445  -0.0082050244
       -0.0007420544  -0.0005765308   0.0004521132   0.0002703255   0.0006995089
       -0.0007931834  -0.0025873737  -0.0077671949   0.0239835549  -0.0648774661
        0.0015786513  -0.0022759160   0.5053715030  -0.0023217633  -0.0007149724
       -0.0003289847   0.0000698750  -0.0001472444   0.0002959494  -0.0001091606
       -0.0000799899   0.0000902074   0.0001592906   0.0002955763   0.0010465037
        0.0005478090   0.0001971310  -0.0000910753  -0.0000088289   0.0000232206
        0.0000596621   0.0000623636  -0.0000889535  -0.0044159374  -0.0023646792
        0.0030718113   0.0010746183  -0.0007015339   0.0005792709  -0.0012106305
        0.0075488751  -0.0200512324   0.0005321410   0.0015250603  -0.0057352791
       -0.0467971437  -0.0202888056  -0.0162444074  -0.2174870005  -0.0888210805
        0.0446067465  -0.1702032439   0.1107681437  -0.0270782462
        0.0004546305   0.0001994184  -0.0004049743   0.0005919083   0.0003511816
       -0.0006205841  -0.0026324499  -0.0045120459   0.0117884351   0.0022624039
       -0.0789898192   0.0397476354  -0.0023217633   0.5037053218   0.0120559008
       -0.0000573208   0.0002343594   0.0001718505   0.0002428846  -0.0000921464
       -0.0000295764  -0.0000404033   0.0001166535   0.0000483233  -0.0013389103
        0.0001378151   0.0006585931  -0.0002646837  -0.0000909962   0.0000722309
       -0.0000587992   0.0000242752  -0.0000892155  -0.0018553180  -0.0004118975
        0.0011471357   0.0005586506   0.0004404705  -0.0006906036   0.0026447959
       -0.0082127499   0.0224144204  -0.0013060951   0.0057435474  -0.0212653543
       -0.0192098338  -0.1837623639  -0.1108519793  -0.0887331693  -0.0911542887
        0.0225927234   0.1110634731  -0.1437267350   0.0232550389
        0.0006526229   0.0002539927  -0.0000764111  -0.0008253791  -0.0007176642
       -0.0002379767   0.0059042962   0.0061458265  -0.0122069872  -0.0038575734
        0.0387659699  -0.1943817984  -0.0007149724   0.0120559008   0.4748434221
       -0.0000134869   0.0000170218   0.0003206763   0.0001083488  -0.0000094634
       -0.0001317406   0.0000377419   0.0001067453   0.0000134140  -0.0008009772
        0.0004082867  -0.0002980022   0.0000390222  -0.0000387076   0.0001794663
        0.0000911948  -0.0000197097   0.0001628613   0.0017753643   0.0008940702
        0.0001461333  -0.0007938769  -0.0003252765   0.0007290007  -0.0019697291
        0.0046730219  -0.0088255228  -0.0011536005   0.0037399767  -0.0247927896
       -0.0154416959  -0.1109449976  -0.1302900000   0.0441850575   0.0223940421
       -0.0552122570  -0.0272223572   0.0226009644  -0.0499414886
       -0.0036721007   0.0033210764   0.0018963932   0.0001086996  -0.0003409222
        0.0005685392  -0.0002925810  -0.0001567842   0.0000315194   0.0000915790
        0.0000195291   0.0001443078  -0.0003289847  -0.0000573208  -0.0000134869
        0.0005210286   0.0005545972   0.0006855982   0.0029537355  -0.0040116817
       -0.0025066749  -0.0002751923  -0.0004229426  -0.0003526665   0.0005313472
        0.0001549670  -0.0007710727  -0.0002143687   0.0001056031   0.0000648342
        0.0002561649  -0.0001748946   0.0000237686  -0.0000439421   0.0000591832
       -0.0000695513   0.0002605649   0.0006078109   0.0003185945  -0.0001056994
        0.0001769683   0.0000857251  -0.0000276283  -0.0000099598   0.0000175828
        0.0001793496  -0.0000190274  -0.0000625251  -0.0001396805  -0.0000205483
        0.0000376154   0.0001977082   0.0002143464  -0.0000985009
        0.0034860557  -0.0012983310  -0.0012768560  -0.0003583595   0.0000597193
       -0.0003886719   0.0002988052   0.0003126607  -0.0000740726  -0.0000036188
       -0.0001035986  -0.0000371122   0.0000698750   0.0002343594   0.0000170218
        0.0005545972   0.0007728793  -0.0005385212  -0.0039761143   0.0001809684
        0.0017833296  -0.0000011590   0.0005461427   0.0004106419  -0.0000647689
       -0.0003456421   0.0002239076   0.0003090884  -0.0000052014  -0.0000576298
       -0.0000237489   0.0000670887  -0.0001811397  -0.0000715479  -0.0002511437
        0.0000112258  -0.0000306950  -0.0005074886  -0.0000072330  -0.0000170107
        0.0000750088  -0.0000425189  -0.0000189501   0.0001310695   0.0000692979
       -0.0001019303   0.0000333468   0.0000410306  -0.0000424090   0.0001539200
        0.0000439816  -0.0000081089  -0.0000557583   0.0000033184
        0.0021764414  -0.0014983125   0.0002028729  -0.0000007995   0.0000106356
       -0.0003488961  -0.0001199594  -0.0000056587   0.0005314414   0.0001207809
       -0.0000963591  -0.0001294975  -0.0001472444   0.0001718505   0.0003206763
        0.0006855982  -0.0005385212   0.0008763436  -0.0023637809   0.0017306188
       -0.0014287392   0.0001208371   0.0003912121   0.0000627133  -0.0004864804
       -0.0002049334   0.0001687088  -0.0000667105   0.0000514186   0.0002972776
       -0.0000685574  -0.0001251885   0.0001374389   0.0000018858   0.0000608263
       -0.0000011580   0.0001539591   0.0001654638  -0.0006168438  -0.0001066435
        0.0000246187   0.0000723506  -0.0000649382   0.0001036152   0.0001046164
       -0.0000042182   0.0000016552  -0.0000874138   0.0001707608  -0.0000781427
        0.0000133569  -0.0000009309  -0.0001647989  -0.0001752485
       -0.2323624637   0.1165074747   0.0685206121  -0.0160915176   0.0096181085
       -0.0018170897   0.0003101398   0.0002067371   0.0007142301  -0.0002739019
        0.0001028949  -0.0001194995   0.0002959494   0.0002428846   0.0001083488
        0.0029537355  -0.0039761143  -0.0023637809   0.2520305739  -0.1265574090
       -0.0732185025   0.0076609667  -0.0001159045   0.0002333968  -0.0152101329
        0.0050482364   0.0106640916  -0.0008442074   0.0006986869  -0.0028043211
        0.0006756793  -0.0004467227   0.0005118235   0.0003963394  -0.0000674472
        0.0004549997   0.0000949427  -0.0009441947  -0.0008259686   0.0002982304
       -0.0001483746  -0.0000788405   0.0001828510   0.0001124590  -0.0000115789
       -0.0002736267   0.0000785549   0.0000793395   0.0002554027  -0.0000102260
       -0.0001101346  -0.0000989606  -0.0003496439   0.0000628741
        0.1165167969  -0.1185078004  -0.0430751948   0.0066963906  -0.0032377486
        0.0019014433  -0.0006117792   0.0012461885   0.0000959265  -0.0000481402
       -0.0004355552  -0.0000869410  -0.0001091606  -0.0000921464  -0.0000094634
       -0.0040116817   0.0001809684   0.0017306188  -0.1265574090   0.1274082712
        0.0459622787   0.0188299054  -0.0162012847  -0.0110442713  -0.0113016107
        0.0098440746   0.0040353094   0.0004202577   0.0004805242   0.0010861796
        0.0005255491   0.0001281922   0.0001879408  -0.0001555527  -0.0000419762
       -0.0001715523  -0.0001055958  -0.0001879515  -0.0004903993  -0.0000274374
       -0.0000783898   0.0000046140  -0.0000825548  -0.0000009374  -0.0000671218
        0.0000512985  -0.0002053138   0.0000075810   0.0000121991  -0.0001525192
       -0.0000614434  -0.0000414751  -0.0001465958  -0.0000055049
        0.0691108964  -0.0431277868  -0.0708080508  -0.0176286030   0.0110456697
        0.0059573760   0.0002014462   0.0004806107   0.0002672379   0.0002482872
       -0.0002583982  -0.0002880204  -0.0000799899  -0.0000295764  -0.0001317406
       -0.0025066749   0.0017833296  -0.0014287392  -0.0732185025   0.0459622787
        0.0794499608   0.0097580183  -0.0094209915  -0.0031221090   0.0186460385
       -0.0076560343  -0.0064728543  -0.0035541533   0.0013995624  -0.0036377994
       -0.0005807995   0.0004439914   0.0001784571  -0.0002017195   0.0000691419
       -0.0000583959  -0.0002331742  -0.0008998457   0.0000431793   0.0000434632
        0.0000009339  -0.0000905105  -0.0000282808  -0.0000689870   0.0000782049
       -0.0000170903   0.0000140816  -0.0000622721  -0.0000294944   0.0001375511
        0.0000168301   0.0000703326   0.0001244689   0.0001092464
       -0.0684870158  -0.0722266431  -0.0385735145  -0.0051245913  -0.0111872959
       -0.0074602743  -0.0011325686   0.0007869018  -0.0028790080  -0.0000019991
        0.0000820887  -0.0000262499   0.0000902074  -0.0000404033   0.0000377419
       -0.0002751923  -0.0000011590   0.0001208371   0.0076609667   0.0188299054
        0.0097580183   0.0714279326   0.0804886209   0.0439393348  -0.0039020141
       -0.0154972338  -0.0042157034  -0.0004266299  -0.0005480279  -0.0005627928
        0.0004401799  -0.0000911336   0.0002811758  -0.0000934430  -0.0006770538
       -0.0003135602   0.0000709828   0.0003794720   0.0001031393   0.0000548694
       -0.0001196397  -0.0001540555   0.0000955046  -0.0000237945  -0.0000038170
       -0.0003408577  -0.0002278920   0.0000414314   0.0000313067  -0.0000225231
       -0.0001240125  -0.0000876382   0.0000958111   0.0000313096
       -0.0733501362  -0.2477165518  -0.1077557856  -0.0000802959   0.0051921111
       -0.0000740332   0.0011159011   0.0003917901   0.0010217586   0.0000555579
        0.0000881392  -0.0000717732   0.0001592906   0.0001166535   0.0001067453
       -0.0004229426   0.0005461427   0.0003912121  -0.0001159045  -0.0162012847
       -0.0094209915   0.0804886209   0.2735248443   0.1189173824  -0.0083306123
       -0.0178290787  -0.0050360802   0.0007246102   0.0004265738   0.0006382539
        0.0003642049   0.0006419240   0.0011536275  -0.0000853449   0.0004004354
        0.0004058965  -0.0003117120   0.0003521759  -0.0001323357  -0.0000060974
       -0.0000064014   0.0000313842   0.0000255804   0.0002842383   0.0000293228
       -0.0001931275  -0.0002380739  -0.0000339425   0.0000524577   0.0000222963
       -0.0000738297  -0.0000900503   0.0000040659  -0.0000968118
       -0.0392752040  -0.1070535811  -0.1013768164  -0.0067484739  -0.0151719286
       -0.0100530810  -0.0023987461   0.0007999468  -0.0036316866  -0.0000365703
       -0.0000573506  -0.0003676357   0.0002955763   0.0000483233   0.0000134140
       -0.0003526665   0.0004106419   0.0000627133   0.0002333968  -0.0110442713
       -0.0031221090   0.0439393348   0.1189173824   0.1093678967   0.0053791573
        0.0144690790   0.0092182558  -0.0000289248  -0.0003044655   0.0002182489
       -0.0002659850  -0.0006592631  -0.0006094630  -0.0005446700  -0.0009698793
       -0.0004278536  -0.0002269772   0.0003904891   0.0001112943  -0.0000104172
       -0.0001334757  -0.0000006237  -0.0001121018  -0.0000738531   0.0002374284
        0.0000402486   0.0001998477   0.0001477058   0.0001215880   0.0001971133
        0.0001688981  -0.0000085649   0.0000352448   0.0000434138
       -0.1128448334  -0.0820813081   0.0959439328   0.0092881821   0.0089226822
       -0.0087470802   0.0001604587  -0.0005185769  -0.0003263704  -0.0001495546
        0.0004655239   0.0000087583   0.0010465037  -0.0013389103  -0.0008009772
        0.0005313472  -0.0000647689  -0.0004864804  -0.0152101329  -0.0113016107
        0.0186460385  -0.0039020141  -0.0083306123   0.0053791573   0.1235235914
        0.0914781945  -0.1064692848   0.0003180443   0.0004866387  -0.0006790540
       -0.0013024849   0.0012937657  -0.0036869785   0.0000538009  -0.0001623512
        0.0000030872   0.0001315127   0.0000857745   0.0001655279  -0.0000095015
        0.0000050785  -0.0001834822   0.0000118911   0.0000904596   0.0000695725
       -0.0016119526   0.0011506735   0.0010985780   0.0000397022   0.0003460981
        0.0003813567  -0.0000745604  -0.0005267507  -0.0003163016
       -0.0818678688  -0.1372602433   0.1115210004  -0.0003951049  -0.0034990834
        0.0061144741  -0.0000182668   0.0004174798  -0.0000484816   0.0000091087
       -0.0000271042  -0.0001818052   0.0005478090   0.0001378151   0.0004082867
        0.0001549670  -0.0003456421  -0.0002049334   0.0050482364   0.0098440746
       -0.0076560343  -0.0154972338  -0.0178290787   0.0144690790   0.0914781945
        0.1480625452  -0.1249126214  -0.0002304262   0.0002045457   0.0004375164
        0.0010364937   0.0007367781   0.0011188889  -0.0000287733   0.0000644347
       -0.0001810667   0.0001651536  -0.0001002046  -0.0004130100   0.0001086162
       -0.0000224117   0.0000977093  -0.0000928240   0.0000591009  -0.0001309358
       -0.0003561001   0.0011174443   0.0000347235   0.0001680930  -0.0001231735
        0.0001327870  -0.0002300742  -0.0014372769  -0.0006055770
        0.0960776880   0.1119832279  -0.1754074802   0.0071788305   0.0135279902
       -0.0175305799   0.0006266097  -0.0000750247   0.0002705964  -0.0004354798
        0.0000427090  -0.0006827373   0.0001971310   0.0006585931  -0.0002980022
       -0.0007710727   0.0002239076   0.0001687088   0.0106640916   0.0040353094
       -0.0064728543  -0.0042157034  -0.0050360802   0.0092182558  -0.1064692848
       -0.1249126214   0.1920287320   0.0005262026  -0.0003394199   0.0007808039
       -0.0033182915   0.0011812637  -0.0033189007   0.0000689359  -0.0001857124
        0.0004485773   0.0001481516  -0.0002964202  -0.0004365897  -0.0000042268
       -0.0000929439  -0.0000094688   0.0000521080   0.0001761994   0.0000319504
       -0.0006756083  -0.0004403054   0.0007693307   0.0003897346   0.0001253489
        0.0001241250  -0.0000398160  -0.0005760212   0.0003155329
       -0.0201080368   0.0108241439  -0.0008707851  -0.1897319161   0.0938036464
        0.0538538132   0.0051642839  -0.0018202847  -0.0003847878   0.0013829097
       -0.0012697897  -0.0004059973  -0.0000910753  -0.0002646837   0.0000390222
       -0.0002143687   0.0003090884  -0.0000667105  -0.0008442074   0.0004202577
       -0.0035541533  -0.0004266299   0.0007246102  -0.0000289248   0.0003180443
       -0.0002304262   0.0005262026   0.2231183144  -0.1081445296  -0.0599384235
       -0.0181594938   0.0073779736   0.0114191156  -0.0002668775   0.0001883785
       -0.0000987501  -0.0000413459  -0.0015110838  -0.0003469253  -0.0001738497
       -0.0000837425  -0.0002635011  -0.0001795274  -0.0002188556   0.0000841937
        0.0002404442  -0.0000175838   0.0000238267   0.0000518145  -0.0001536548
        0.0000449326  -0.0000384824   0.0000665358  -0.0000321476
        0.0088332079  -0.0042679724  -0.0000212855   0.0942404150  -0.1031261267
       -0.0326634366   0.0170292538  -0.0169660279  -0.0107755457   0.0013683826
        0.0009677416   0.0002075337  -0.0000088289  -0.0000909962  -0.0000387076
        0.0001056031  -0.0000052014   0.0000514186   0.0006986869   0.0004805242
        0.0013995624  -0.0005480279   0.0004265738  -0.0003044655   0.0004866387
        0.0002045457  -0.0003394199  -0.1081445296   0.1188058414   0.0392628268
       -0.0129727761   0.0082779100   0.0060658753   0.0001618872  -0.0012271162
       -0.0005842733  -0.0006916625  -0.0039534434  -0.0029459329  -0.0008555541
        0.0000182888  -0.0002668000   0.0003122556   0.0003700624   0.0001049681
       -0.0001166691  -0.0001923917   0.0007495413   0.0000818841   0.0001375834
        0.0000778302   0.0000198336   0.0001402046   0.0000203107
       -0.0244783326   0.0134490958   0.0025188793   0.0600520676  -0.0350636143
       -0.0624638495   0.0097678975  -0.0105202181  -0.0040959732   0.0006408410
        0.0008869006   0.0005972597   0.0000232206   0.0000722309   0.0001794663
        0.0000648342  -0.0000576298   0.0002972776  -0.0028043211   0.0010861796
       -0.0036377994  -0.0005627928   0.0006382539   0.0002182489  -0.0006790540
        0.0004375164   0.0007808039  -0.0599384235   0.0392628268   0.0752255686
        0.0195294428  -0.0080578500  -0.0074764382  -0.0000160964  -0.0006367769
       -0.0003591994  -0.0008800301  -0.0020141545  -0.0014524928  -0.0007017859
       -0.0000886041   0.0000602957   0.0001276642   0.0000924616  -0.0000404677
        0.0000108760   0.0004120485  -0.0002435424  -0.0000980488   0.0000050673
       -0.0000035644  -0.0000579588   0.0000962664  -0.0001044730
        0.0072020380   0.0108146186  -0.0148566086  -0.1063377051  -0.0688469664
        0.0786100571  -0.0045505091  -0.0068228194   0.0020265982  -0.0000806490
       -0.0022215927  -0.0006619078   0.0000596621  -0.0000587992   0.0000911948
        0.0002561649  -0.0000237489  -0.0000685574   0.0006756793   0.0005255491
       -0.0005807995   0.0004401799   0.0003642049  -0.0002659850  -0.0013024849
        0.0010364937  -0.0033182915  -0.0181594938  -0.0129727761   0.0195294428
        0.1220189019   0.0793116376  -0.0800113168   0.0000988383  -0.0005719963
       -0.0003115332  -0.0003725478   0.0000798149   0.0000354050   0.0001557116
       -0.0001564264   0.0001233227  -0.0003250248  -0.0004072252   0.0001094243
        0.0000392755   0.0000318908  -0.0002944943   0.0001696474  -0.0000934418
       -0.0000184073   0.0000123157   0.0000115828  -0.0001375435
       -0.0025137031  -0.0053772801   0.0097744489  -0.0668085147  -0.1224024553
        0.0829152420  -0.0162935385  -0.0170967214   0.0104864222  -0.0003406454
       -0.0037888172  -0.0020946572   0.0000623636   0.0000242752  -0.0000197097
       -0.0001748946   0.0000670887  -0.0001251885  -0.0004467227   0.0001281922
        0.0004439914  -0.0000911336   0.0006419240  -0.0006592631   0.0012937657
        0.0007367781   0.0011812637   0.0073779736   0.0082779100  -0.0080578500
        0.0793116376   0.1394059949  -0.0944341511  -0.0004431242   0.0006721331
        0.0006632918  -0.0001391876  -0.0008016947  -0.0001671101   0.0002300929
       -0.0000743956  -0.0001003019  -0.0011332427  -0.0005475944   0.0001516840
        0.0000391025  -0.0000355331  -0.0000152690   0.0000378497   0.0000841547
        0.0000447345   0.0000319217   0.0000860409   0.0000124222
        0.0072516410   0.0169755300  -0.0254287385   0.0731204381   0.0817292186
       -0.1264555191  -0.0062319351  -0.0079128388   0.0051157097  -0.0005552843
       -0.0019007078  -0.0000338870  -0.0000889535  -0.0000892155   0.0001628613
        0.0000237686  -0.0001811397   0.0001374389   0.0005118235   0.0001879408
        0.0001784571   0.0002811758   0.0011536275  -0.0006094630  -0.0036869785
        0.0011188889  -0.0033189007   0.0114191156   0.0060658753  -0.0074764382
       -0.0800113168  -0.0944341511   0.1569690845  -0.0013074939  -0.0021437418
        0.0007462348  -0.0001717765  -0.0004663367  -0.0000324077   0.0001214068
       -0.0000713932  -0.0001550148  -0.0004542219  -0.0003279792   0.0000888834
       -0.0001408303   0.0001133314  -0.0000479518  -0.0000401189   0.0001262477
        0.0001289474  -0.0000404600   0.0000568434   0.0000307035
       -0.0010638677  -0.0016177957  -0.0024589217  -0.0002485872   0.0001277229
       -0.0060991683  -0.0440685697   0.0031850569  -0.0114274257  -0.0018817614
       -0.0077216927   0.0258187183  -0.0044159374  -0.0018553180   0.0017753643
       -0.0000439421  -0.0000715479   0.0000018858   0.0003963394  -0.0001555527
       -0.0002017195  -0.0000934430  -0.0000853449  -0.0005446700   0.0000538009
       -0.0000287733   0.0000689359  -0.0002668775   0.0001618872  -0.0000160964
        0.0000988383  -0.0004431242  -0.0013074939   0.0535460246   0.0010133818
        0.0151372326  -0.0027692901   0.0079813852  -0.0230699237   0.0004755415
        0.0001120713   0.0005449510   0.0004094708  -0.0000188465   0.0005283739
        0.0000193173  -0.0000206249  -0.0000888830  -0.0000754901  -0.0005687596
        0.0014889449  -0.0000715668   0.0000058753  -0.0001501045
       -0.0012364520  -0.0030724417  -0.0036916149  -0.0034287281   0.0010231977
       -0.0219240413   0.0040637337  -0.0512654288   0.0421747589  -0.0014080877
       -0.0024940903   0.0104772025  -0.0023646792  -0.0004118975   0.0008940702
        0.0000591832  -0.0002511437   0.0000608263  -0.0000674472  -0.0000419762
        0.0000691419  -0.0006770538   0.0004004354  -0.0009698793  -0.0001623512
        0.0000644347  -0.0001857124   0.0001883785  -0.0012271162  -0.0006367769
       -0.0005719963   0.0006721331  -0.0021437418   0.0010133818   0.0631859692
       -0.0489326056   0.0050114495  -0.0066185891   0.0240753361   0.0003170517
        0.0001672218  -0.0003607499  -0.0002635515  -0.0004376661   0.0006035224
       -0.0000535076   0.0000093456  -0.0000729149  -0.0002911253   0.0000263538
        0.0007114802  -0.0001281985   0.0002712584  -0.0001483018
       -0.0008887010  -0.0032955138  -0.0020035708  -0.0030134454   0.0009240935
       -0.0160966240  -0.0125082562   0.0407269131  -0.2563114546   0.0020228987
        0.0045856960  -0.0125872684   0.0030718113   0.0011471357   0.0001461333
       -0.0000695513   0.0000112258  -0.0000011580   0.0004549997  -0.0001715523
       -0.0000583959  -0.0003135602   0.0004058965  -0.0004278536   0.0000030872
       -0.0001810667   0.0004485773  -0.0000987501  -0.0005842733  -0.0003591994
       -0.0003115332   0.0006632918   0.0007462348   0.0151372326  -0.0489326056
        0.2946451420  -0.0032711253   0.0047718926  -0.0084569118  -0.0001795630
       -0.0002726963   0.0001595879  -0.0003025513   0.0001395148   0.0005375430
       -0.0000444793  -0.0000054986   0.0002884960   0.0002162978   0.0002965584
       -0.0008399161   0.0000951891  -0.0002290118   0.0001706383
        0.0006788296  -0.0012434450  -0.0002537030   0.0045125925  -0.0032743472
        0.0005212154  -0.1542620450   0.1122370340  -0.0168577591  -0.0257098504
        0.0167712882  -0.0016326849   0.0010746183   0.0005586506  -0.0007938769
        0.0002605649  -0.0000306950   0.0001539591   0.0000949427  -0.0001055958
       -0.0002331742   0.0000709828  -0.0003117120  -0.0002269772   0.0001315127
        0.0001651536   0.0001481516  -0.0000413459  -0.0006916625  -0.0008800301
       -0.0003725478  -0.0001391876  -0.0001717765  -0.0027692901   0.0050114495
       -0.0032711253   0.1814658773  -0.1271986344   0.0216991035  -0.0059750128
       -0.0018416562   0.0018977649   0.0003532908   0.0003824610  -0.0002049372
       -0.0000365151  -0.0000093374  -0.0001116274   0.0002881323   0.0001628774
       -0.0002612922   0.0002352633  -0.0004426411   0.0004787696
        0.0005482632   0.0018798279   0.0014160101   0.0169813801  -0.0235981298
       -0.0008301700   0.1111689199  -0.1550823094   0.0166189870  -0.0055529951
        0.0063437386  -0.0006181729  -0.0007015339   0.0004404705  -0.0003252765
        0.0006078109  -0.0005074886   0.0001654638  -0.0009441947  -0.0001879515
       -0.0008998457   0.0003794720   0.0003521759   0.0003904891   0.0000857745
       -0.0001002046  -0.0002964202  -0.0015110838  -0.0039534434  -0.0020141545
        0.0000798149  -0.0008016947  -0.0004663367   0.0079813852  -0.0066185891
        0.0047718926  -0.1271986344   0.1811349791  -0.0186378099  -0.0019050118
        0.0001906340   0.0007549682  -0.0002053385   0.0005239725   0.0000523851
        0.0001411553  -0.0001951542  -0.0000561831  -0.0000691079   0.0000312417
       -0.0000035830   0.0001139240   0.0001479251  -0.0000222435
        0.0012242536  -0.0005094870   0.0009798902   0.0082762582  -0.0131007204
       -0.0007944693  -0.0170690674   0.0185289482  -0.0469256221   0.0074098336
       -0.0058147836   0.0013310542   0.0005792709  -0.0006906036   0.0007290007
        0.0003185945  -0.0000072330  -0.0006168438  -0.0008259686  -0.0004903993
        0.0000431793   0.0001031393  -0.0001323357   0.0001112943   0.0001655279
       -0.0004130100  -0.0004365897  -0.0003469253  -0.0029459329  -0.0014524928
        0.0000354050  -0.0001671101  -0.0000324077  -0.0230699237   0.0240753361
       -0.0084569118   0.0216991035  -0.0186378099   0.0557887663   0.0020887814
        0.0002997764   0.0000806551  -0.0005388777  -0.0001067942   0.0000118141
        0.0000259635  -0.0001078456  -0.0001574004  -0.0001295879  -0.0000684093
       -0.0000277139   0.0000542192   0.0002884140  -0.0001752027
        0.0002081920  -0.0002962233  -0.0000320195   0.0008453550   0.0014633003
        0.0001649121  -0.0269274328   0.0177602528  -0.0006700168  -0.1511747079
        0.1055583652  -0.0210551902  -0.0012106305   0.0026447959  -0.0019697291
       -0.0001056994  -0.0000170107  -0.0001066435   0.0002982304  -0.0000274374
        0.0000434632   0.0000548694  -0.0000060974  -0.0000104172  -0.0000095015
        0.0001086162  -0.0000042268  -0.0001738497  -0.0008555541  -0.0007017859
        0.0001557116   0.0002300929   0.0001214068   0.0004755415   0.0003170517
       -0.0001795630  -0.0059750128  -0.0019050118   0.0020887814   0.1785129732
       -0.1235579548   0.0219979675   0.0039786722  -0.0015504948   0.0007941921
        0.0000303820  -0.0000885949   0.0001238606   0.0003598852  -0.0001574659
        0.0001909030   0.0006570219   0.0003793700  -0.0007958945
        0.0001401373   0.0000190325  -0.0000102221  -0.0011825996   0.0011996853
        0.0003071288  -0.0061664566   0.0057916888  -0.0011250285   0.1061205288
       -0.1497054368   0.0184880752   0.0075488751  -0.0082127499   0.0046730219
        0.0001769683   0.0000750088   0.0000246187  -0.0001483746  -0.0000783898
        0.0000009339  -0.0001196397  -0.0000064014  -0.0001334757   0.0000050785
       -0.0000224117  -0.0000929439  -0.0000837425   0.0000182888  -0.0000886041
       -0.0001564264  -0.0000743956  -0.0000713932   0.0001120713   0.0001672218
       -0.0002726963  -0.0018416562   0.0001906340   0.0002997764  -0.1235579548
        0.1758197203  -0.0233526815   0.0196380474  -0.0257205322  -0.0008551310
       -0.0003814492   0.0008525750  -0.0006239364  -0.0000190342  -0.0002440791
        0.0000133385  -0.0000843729  -0.0000694586   0.0028192193
       -0.0000183447  -0.0001200840  -0.0000395985  -0.0005686758   0.0003807408
        0.0004267067   0.0071561733  -0.0052787341   0.0007955947  -0.0209372389
        0.0181971096  -0.0474197802  -0.0200512324   0.0224144204  -0.0088255228
        0.0000857251  -0.0000425189   0.0000723506  -0.0000788405   0.0000046140
       -0.0000905105  -0.0001540555   0.0000313842  -0.0000006237  -0.0001834822
        0.0000977093  -0.0000094688  -0.0002635011  -0.0002668000   0.0000602957
        0.0001233227  -0.0001003019  -0.0001550148   0.0005449510  -0.0003607499
        0.0001595879   0.0018977649   0.0007549682   0.0000806551   0.0219979675
       -0.0233526815   0.0581197265   0.0120559812  -0.0157300542   0.0017072212
       -0.0005453901   0.0003901277   0.0010586121  -0.0002464921   0.0000301832
        0.0003855005  -0.0008146323   0.0029506671  -0.0063257317
       -0.0002661117  -0.0002495136  -0.0004684457  -0.0046236762  -0.0025086405
        0.0018163282  -0.0097574749  -0.0225170892  -0.0132431570  -0.0589155900
       -0.0393733965  -0.0323867937   0.0005321410  -0.0013060951  -0.0011536005
       -0.0000276283  -0.0000189501  -0.0000649382   0.0001828510  -0.0000825548
       -0.0000282808   0.0000955046   0.0000255804  -0.0001121018   0.0000118911
       -0.0000928240   0.0000521080  -0.0001795274   0.0003122556   0.0001276642
       -0.0003250248  -0.0011332427  -0.0004542219   0.0004094708  -0.0002635515
       -0.0003025513   0.0003532908  -0.0002053385  -0.0005388777   0.0039786722
        0.0196380474   0.0120559812   0.0674885773   0.0477361880   0.0343104665
        0.0008470245  -0.0000079219  -0.0001283955   0.0003106791   0.0003352671
        0.0007724399  -0.0001150691  -0.0002882200  -0.0002536239
       -0.0003554786  -0.0000957833  -0.0001809089  -0.0027406794  -0.0006464477
        0.0011322755  -0.0051513930  -0.0104849296  -0.0060746634  -0.0398128492
       -0.1739354661  -0.0973397392   0.0015250603   0.0057435474   0.0037399767
       -0.0000099598   0.0001310695   0.0001036152   0.0001124590  -0.0000009374
       -0.0000689870  -0.0000237945   0.0002842383  -0.0000738531   0.0000904596
        0.0000591009   0.0001761994  -0.0002188556   0.0003700624   0.0000924616
       -0.0004072252  -0.0005475944  -0.0003279792  -0.0000188465  -0.0004376661
        0.0001395148   0.0003824610   0.0005239725  -0.0001067942  -0.0015504948
       -0.0257205322  -0.0157300542   0.0477361880   0.2027972000   0.1125755179
        0.0000949628   0.0008584436   0.0015898313   0.0004219936   0.0005964252
        0.0001443717  -0.0000740076   0.0005052970   0.0002092151
       -0.0000840424   0.0001859585   0.0000887895   0.0012666281   0.0007915000
        0.0006471412   0.0019131239   0.0046795852   0.0033588211  -0.0322987723
       -0.0976638360  -0.1169535164  -0.0057352791  -0.0212653543  -0.0247927896
        0.0000175828   0.0000692979   0.0001046164  -0.0000115789  -0.0000671218
        0.0000782049  -0.0000038170   0.0000293228   0.0002374284   0.0000695725
       -0.0001309358   0.0000319504   0.0000841937   0.0001049681  -0.0000404677
        0.0001094243   0.0001516840   0.0000888834   0.0005283739   0.0006035224
        0.0005375430  -0.0002049372   0.0000523851   0.0000118141   0.0007941921
       -0.0008551310   0.0017072212   0.0343104665   0.1125755179   0.1409756392
       -0.0006351495   0.0017026178  -0.0072565357  -0.0000244825  -0.0005170010
        0.0005002566  -0.0000954989  -0.0004469800   0.0006750001
       -0.0015468560  -0.0008976306   0.0006827393   0.0001641900  -0.0001967907
        0.0005952735   0.0001604822   0.0002353531   0.0003326672  -0.0000681884
       -0.0004193846  -0.0011065325  -0.0467971437  -0.0192098338  -0.0154416959
        0.0001793496  -0.0001019303  -0.0000042182  -0.0002736267   0.0000512985
       -0.0000170903  -0.0003408577  -0.0001931275   0.0000402486  -0.0016119526
       -0.0003561001  -0.0006756083   0.0002404442  -0.0001166691   0.0000108760
        0.0000392755   0.0000391025  -0.0001408303   0.0000193173  -0.0000535076
       -0.0000444793  -0.0000365151   0.0001411553   0.0000259635   0.0000303820
       -0.0003814492  -0.0005453901   0.0008470245   0.0000949628  -0.0006351495
        0.0538293558   0.0254987324   0.0196492803  -0.0063884321  -0.0258310468
       -0.0167734989   0.0015537512   0.0216968655   0.0140474449
       -0.0012967429  -0.0008464244   0.0006464302  -0.0002981804   0.0003031512
       -0.0000445189   0.0000020972   0.0000835451   0.0001658169   0.0009438416
        0.0064802802   0.0027425915  -0.0202888056  -0.1837623639  -0.1109449976
       -0.0000190274   0.0000333468   0.0000016552   0.0000785549  -0.0002053138
        0.0000140816  -0.0002278920  -0.0002380739   0.0001998477   0.0011506735
        0.0011174443  -0.0004403054  -0.0000175838  -0.0001923917   0.0004120485
        0.0000318908  -0.0000355331   0.0001133314  -0.0000206249   0.0000093456
       -0.0000054986  -0.0000093374  -0.0001951542  -0.0001078456  -0.0000885949
        0.0008525750   0.0003901277  -0.0000079219   0.0008584436   0.0017026178
        0.0254987324   0.2139228885   0.1292914109  -0.0051506855  -0.0157155243
       -0.0100993718  -0.0002803937  -0.0224702409  -0.0140374216
       -0.0004663669  -0.0002924502   0.0004298785   0.0001780514   0.0001357283
       -0.0000243235  -0.0001890464  -0.0003727179   0.0004733486  -0.0042840451
       -0.0222483331  -0.0237160008  -0.0162444074  -0.1108519793  -0.1302900000
       -0.0000625251   0.0000410306  -0.0000874138   0.0000793395   0.0000075810
       -0.0000622721   0.0000414314  -0.0000339425   0.0001477058   0.0010985780
        0.0000347235   0.0007693307   0.0000238267   0.0007495413  -0.0002435424
       -0.0002944943  -0.0000152690  -0.0000479518  -0.0000888830  -0.0000729149
        0.0002884960  -0.0001116274  -0.0000561831  -0.0001574004   0.0001238606
       -0.0006239364   0.0010586121  -0.0001283955   0.0015898313  -0.0072565357
        0.0196492803   0.1292914109   0.1529936627  -0.0002646289   0.0022081161
        0.0034253418   0.0009400521   0.0005097633   0.0022990642
       -0.0003020585  -0.0002490992  -0.0000270975  -0.0000385389   0.0001880064
       -0.0000046410   0.0010522482  -0.0000699698   0.0009424691  -0.0015630959
       -0.0012672346   0.0020867090  -0.2174870005  -0.0887331693   0.0441850575
       -0.0001396805  -0.0000424090   0.0001707608   0.0002554027   0.0000121991
       -0.0000294944   0.0000313067   0.0000524577   0.0001215880   0.0000397022
        0.0001680930   0.0003897346   0.0000518145   0.0000818841  -0.0000980488
        0.0001696474   0.0000378497  -0.0000401189  -0.0000754901  -0.0002911253
        0.0002162978   0.0002881323  -0.0000691079  -0.0001295879   0.0003598852
       -0.0000190342  -0.0002464921   0.0003106791   0.0004219936  -0.0000244825
       -0.0063884321  -0.0051506855  -0.0002646289   0.2517270022   0.1043067709
       -0.0515711057  -0.0282915241  -0.0093774197   0.0043230807
       -0.0002717273  -0.0000577568  -0.0000215905   0.0001767180   0.0001269247
       -0.0001127189   0.0003233270  -0.0001571620   0.0020956443  -0.0086147831
       -0.0044115073   0.0036140000  -0.0888210805  -0.0911542887   0.0223940421
       -0.0000205483   0.0001539200  -0.0000781427  -0.0000102260  -0.0001525192
        0.0001375511  -0.0000225231   0.0000222963   0.0001971133   0.0003460981
       -0.0001231735   0.0001253489  -0.0001536548   0.0001375834   0.0000050673
       -0.0000934418   0.0000841547   0.0001262477  -0.0005687596   0.0000263538
        0.0002965584   0.0001628774   0.0000312417  -0.0000684093  -0.0001574659
       -0.0002440791   0.0000301832   0.0003352671   0.0005964252  -0.0005170010
       -0.0258310468  -0.0157155243   0.0022081161   0.1043067709   0.1023112623
       -0.0267226485   0.0189141988   0.0085258488  -0.0037093616
       -0.0003257208  -0.0002348421   0.0001082161  -0.0000418010   0.0000168314
       -0.0000684361  -0.0001647738   0.0019385449  -0.0057227818   0.0249060848
        0.0133109427  -0.0095479617   0.0446067465   0.0225927234  -0.0552122570
        0.0000376154   0.0000439816   0.0000133569  -0.0001101346  -0.0000614434
        0.0000168301  -0.0001240125  -0.0000738297   0.0001688981   0.0003813567
        0.0001327870   0.0001241250   0.0000449326   0.0000778302  -0.0000035644
       -0.0000184073   0.0000447345   0.0001289474   0.0014889449   0.0007114802
       -0.0008399161  -0.0002612922  -0.0000035830  -0.0000277139   0.0001909030
        0.0000133385   0.0003855005   0.0007724399   0.0001443717   0.0005002566
       -0.0167734989  -0.0100993718   0.0034253418  -0.0515711057  -0.0267226485
        0.0647946076  -0.0030382768  -0.0018318477   0.0017565508
       -0.0000997024  -0.0001964129  -0.0000084913  -0.0001128336   0.0000031023
        0.0000178795   0.0013213419  -0.0007723649   0.0006941626  -0.0016044889
        0.0022549934  -0.0026420522  -0.1702032439   0.1110634731  -0.0272223572
        0.0001977082  -0.0000081089  -0.0000009309  -0.0000989606  -0.0000414751
        0.0000703326  -0.0000876382  -0.0000900503  -0.0000085649  -0.0000745604
       -0.0002300742  -0.0000398160  -0.0000384824   0.0000198336  -0.0000579588
        0.0000123157   0.0000319217  -0.0000404600  -0.0000715668  -0.0001281985
        0.0000951891   0.0002352633   0.0001139240   0.0000542192   0.0006570219
       -0.0000843729  -0.0008146323  -0.0001150691  -0.0000740076  -0.0000954989
        0.0015537512  -0.0002803937   0.0009400521  -0.0282915241   0.0189141988
       -0.0030382768   0.1968206682  -0.1304959878   0.0320972042
        0.0000608474   0.0004098969  -0.0001163198   0.0001210430  -0.0005180847
        0.0002383488   0.0003663640   0.0003343279  -0.0004777635   0.0076938782
       -0.0079422993   0.0053794445   0.1107681437  -0.1437267350   0.0226009644
        0.0002143464  -0.0000557583  -0.0001647989  -0.0003496439  -0.0001465958
        0.0001244689   0.0000958111   0.0000040659   0.0000352448  -0.0005267507
       -0.0014372769  -0.0005760212   0.0000665358   0.0001402046   0.0000962664
        0.0000115828   0.0000860409   0.0000568434   0.0000058753   0.0002712584
       -0.0002290118  -0.0004426411   0.0001479251   0.0002884140   0.0003793700
       -0.0000694586   0.0029506671  -0.0002882200   0.0005052970  -0.0004469800
        0.0216968655  -0.0224702409   0.0005097633  -0.0093774197   0.0085258488
       -0.0018318477  -0.1304959878   0.1659415841  -0.0284376826
        0.0000539309   0.0000307046  -0.0002180158   0.0002401000  -0.0000900265
       -0.0000335294  -0.0008297440  -0.0001495311   0.0011552173  -0.0216426074
        0.0209522331  -0.0082050244  -0.0270782462   0.0232550389  -0.0499414886
       -0.0000985009   0.0000033184  -0.0001752485   0.0000628741  -0.0000055049
        0.0001092464   0.0000313096  -0.0000968118   0.0000434138  -0.0003163016
       -0.0006055770   0.0003155329  -0.0000321476   0.0000203107  -0.0001044730
       -0.0001375435   0.0000124222   0.0000307035  -0.0001501045  -0.0001483018
        0.0001706383   0.0004787696  -0.0000222435  -0.0001752027  -0.0007958945
        0.0028192193  -0.0063257317  -0.0002536239   0.0002092151   0.0006750001
        0.0140474449  -0.0140374216   0.0022990642   0.0043230807  -0.0037093616
        0.0017565508   0.0320972042  -0.0284376826   0.0586233467
