           1           2  0.94924761106578270     
           2           3  0.98978238055389611     
           3           4   1.0642019481635114     
           4           5   2.8847672261138220     
           1           7  0.92218724180050782     
           1           8  0.83602381990363483     
           1           9  0.91443231878260889     
           2          10  0.96838746631090855     
           2          11  0.97190315292957541     
           3          12  0.93606885403850748     
           3          13  0.94109720169531186     
           5          14  0.96903184619660199     
