           1           2  0.92404723688082491     
           2           3  0.99110318848734003     
           3           4  0.99524696063033335     
           4           5   1.0039725866920233     
           5           6   1.0097359322455937     
           6           7   1.0097382549289111     
           3           8  0.99535371827543395     
           7           8   1.0039326351226179     
           1           9  0.91553625804591832     
           1          10  0.89929646805164387     
           1          11  0.90122784509450238     
           2          12  0.96750144767182067     
           2          13  0.96760602061645129     
           3          14  0.95183047849157010     
           4          15  0.97585728744914690     
           4          16  0.96954356652886897     
           5          17  0.97569380368884195     
           5          18  0.97504001419615927     
           6          19  0.97454294029348965     
           6          20  0.97654193365843489     
           7          21  0.97562147947772626     
           7          22  0.97503346337908225     
           8          23  0.97582398201540521     
           8          24  0.96843037545695976     
