           1           2  0.97206651774502273     
           2           3   1.0076770057872533     
           3           4  0.99633650540072083     
           4           5   1.0165358214677027     
           5           6  0.94514016741015872     
           1           8  0.89169507807017490     
           1           9  0.83141334848351744     
           1          10  0.89560327017705632     
           2          11  0.96759103868783036     
           2          12  0.96633083697975519     
           3          13  0.97324187989809063     
           3          14  0.97024972941463150     
           4          15  0.97440207612248764     
           4          16  0.97359483519238699     
           5          17  0.97440275295912482     
           5          18  0.97581292732962854     
