           1           2  0.96796438234312709     
           2           3   1.0093359151630685     
           3           4   1.0050604451907725     
           4           5   1.0073071120456725     
           5           6   1.0076728929983323     
           6           7   1.0191336403912219     
           1           9  0.89369977868153583     
           1          10  0.83385219637822328     
           1          11  0.89682279135710830     
           2          12  0.96890510470720548     
           2          13  0.96738064308500071     
           3          14  0.97369866504650648     
           3          15  0.97345192684709336     
           4          16  0.97705367224620110     
           4          17  0.97618835927931125     
           5          18  0.97704117942247071     
           5          19  0.97768930926099085     
           6          20  0.97859815361072500     
           6          21  0.97825576101057632     
           7          22  0.98810502952202073     
           7          23  0.98727976982662646     
           7          24  0.98773054292214635     
