           1           2  0.93884430022158349     
           2           3  0.99882105002393495     
           3           4  0.98587010270148778     
           4           5   1.0303822142783456     
           5           6   1.4488865881283635     
           6           7   1.3642499662942826     
           5           8  0.12075093672685890     
           7           8   1.5211541445049208     
           8           9   1.2872218630640380     
           9          10   1.2849292977928850     
          10          11   1.5420736787292924     
          11          12   1.3424277481636735     
          10          13  0.12238580703377475     
          12          13   1.5277942579258974     
           5          14   1.2154957726138995     
           9          14   1.2463275877604674     
          13          14   1.3102008621330254     
           1          15  0.89767682762170997     
           1          16  0.90754513867090070     
           1          17  0.91200198783925490     
           2          18  0.95814319744220189     
           2          19  0.96540987460318917     
           3          20  0.95088692304773681     
           3          21  0.96360453941999336     
           6          22  0.96183610755051629     
           7          23  0.96856181754429671     
           8          24  0.96844130172428255     
          10          25  0.96765863892673964     
          11          26  0.96909926103921795     
          12          27  0.97021584619960710     
          13          28  0.96771407877402227     
