           1           2  0.96617818998951077     
           2           3   1.0106463541224167     
           3           4   1.0043456774831809     
           4           5   1.0076529647334245     
           5           6   1.0187405604875028     
           1           7  0.88689750455264382     
           1           8  0.89004804005995397     
           1           9  0.89000197163111805     
           2          10  0.96650801545503107     
           2          11  0.96651561807460662     
           3          12  0.97279992102940116     
           3          13  0.97282536478518677     
           4          14  0.97656382110599005     
           4          15  0.97657409235814874     
           5          16  0.97826028479405336     
           5          17  0.97825791382184568     
           6          18  0.98773596413732823     
           6          19  0.98750599923556126     
           6          20  0.98773123457201506     
