   23
          6          1          6
          6          7         12
          3         13         15
          6         16         21
          6         22         27
          6         28         33
          6         34         39
          6         40         45
          1         46         46
          3         47         49
          6         50         55
          6         56         61
          6         62         67
          3         68         70
          6         71         76
          6         77         82
          6         83         88
          6         89         94
          5         95         99
          1        100        100
          6        101        106
          6        107        112
          6        113        118
