$hessian                                                                        
        0.5055765815  -0.0534579782  -0.0148685843  -0.1290725943  -0.0538834903
       -0.0208773787  -0.0388720280  -0.0066844053  -0.0001214709   0.0008392780
       -0.0006034316  -0.0022976853  -0.0001098611   0.0007721787  -0.0007606424
       -0.0012510926  -0.0008290007   0.0045999409  -0.0005108008   0.0027205236
       -0.0005665508   0.0000858095  -0.0002205825  -0.0004323446  -0.0001920467
       -0.0003381636  -0.0003030015   0.0001046569   0.0000033679  -0.0001843429
       -0.0001292128  -0.0000683397   0.0001938670   0.0002806907   0.0003922103
        0.0004669600   0.0015491429  -0.0000521734  -0.0038473214  -0.2232571126
        0.0959056214   0.0988355543  -0.0521284246   0.0322472149  -0.0125496647
       -0.0471052827  -0.0023667968  -0.0417790432  -0.0112685931  -0.0076710024
       -0.0056420669  -0.0031493289  -0.0051327580   0.0002555277  -0.0012908601
       -0.0005829699  -0.0002252965  -0.0001265744  -0.0000664657   0.0000566702
        0.0001383005  -0.0004783791   0.0003895688  -0.0001183084   0.0000098806
        0.0000484082  -0.0000670386   0.0001612567  -0.0001121869  -0.0000685237
        0.0001264680  -0.0001649067   0.0001432235   0.0000972149  -0.0001140096
       -0.0534579782   0.5402764345  -0.0043580004  -0.0441131737  -0.1027388546
       -0.0142945982   0.0050834036   0.0102474290   0.0032925600   0.0006059552
        0.0005486017  -0.0010188770  -0.0004476474  -0.0001715299   0.0002460502
        0.0020532246  -0.0012195639   0.0002280699   0.0000939035  -0.0002333885
        0.0003656854   0.0000180106  -0.0002024473  -0.0000928163  -0.0000819150
       -0.0000737100   0.0000318441  -0.0000121863  -0.0001097231   0.0000843108
        0.0000766872   0.0000533081   0.0000505770   0.0002310214   0.0001311872
        0.0001096696   0.0001267874   0.0012623831  -0.0011483363   0.0976651341
       -0.0999731394  -0.0531075082   0.0301824756  -0.2794934428   0.0970803866
       -0.0027823974  -0.0420111812  -0.0191422542  -0.0085775992  -0.0047107152
       -0.0038408731  -0.0266115372  -0.0211671331  -0.0047085793  -0.0000958026
       -0.0002609678  -0.0000463100  -0.0001214756  -0.0002929495   0.0000948777
        0.0002665501   0.0002523560  -0.0000426032  -0.0000974379  -0.0002754651
        0.0001191307  -0.0000660988  -0.0001532744   0.0001095042  -0.0000072155
        0.0001018433   0.0000306092   0.0000693117   0.0002139427  -0.0000425190
       -0.0148685843  -0.0043580004   0.5612070893  -0.0137133536  -0.0104222732
       -0.0731857251   0.0087628989   0.0052934305   0.0033727884  -0.0001282119
        0.0000320244  -0.0010109109  -0.0003297695  -0.0001463536   0.0002599322
        0.0008360697  -0.0002524526  -0.0001807686   0.0001414128  -0.0002334998
        0.0004187753  -0.0000252860  -0.0000423580   0.0000531753  -0.0000867913
        0.0000018344  -0.0000017821   0.0000229688  -0.0000312903   0.0000433459
        0.0000741714   0.0000674383  -0.0000352049  -0.0000320332   0.0000227989
       -0.0000684930  -0.0008965282   0.0002643856  -0.0137431538   0.0952706058
       -0.0500423843  -0.0964873557  -0.0110097624   0.0930554244  -0.0844047522
       -0.0466786538  -0.0216032700  -0.2913312922  -0.0277910375  -0.0190352509
       -0.0074264782   0.0095843921   0.0073845589   0.0027959328   0.0007710257
       -0.0001219273  -0.0007883023  -0.0002405476  -0.0000420440   0.0001400120
        0.0003161604   0.0001321654   0.0003355541  -0.0000987877  -0.0000932073
        0.0000582509  -0.0000298931  -0.0000366579   0.0000005627   0.0000335312
        0.0000867642  -0.0000421582   0.0001160031   0.0001201444   0.0000209584
       -0.1290725943  -0.0441131737  -0.0137133536   0.4132163743  -0.0301744996
        0.0064166163  -0.1431968818   0.0546268218   0.0373349654  -0.0068953756
        0.0042844196   0.0132435865   0.0036219975   0.0007822046   0.0000541271
       -0.0320326536   0.0180156299   0.0013777214  -0.0001317777   0.0005585187
       -0.0044413069  -0.0011457869   0.0005251864   0.0002562400   0.0004871497
       -0.0006158411   0.0004220155  -0.0003191254  -0.0000636483  -0.0001981267
       -0.0003712297  -0.0000762489  -0.0005519857  -0.0015325472   0.0004773074
       -0.0000560564  -0.0008636831  -0.0001091506   0.0018156299  -0.0197525334
       -0.0101698785  -0.0026066313   0.0023659320  -0.0042425788   0.0022398016
       -0.0041521026  -0.0034197446  -0.0084485493  -0.0433502094  -0.0025586799
       -0.0260214442  -0.0377310607   0.0179319399  -0.0083928789   0.0006605811
       -0.0006596187  -0.0002968260  -0.0001719648   0.0000089464  -0.0000542517
        0.0003343206  -0.0007811502   0.0015802352  -0.0000585190  -0.0001016451
       -0.0001009679   0.0000250233  -0.0001193220  -0.0000804145  -0.0000236536
       -0.0000653886   0.0000591567   0.0000903203   0.0000595940   0.0001626974
       -0.0538834903  -0.1027388546  -0.0104222732  -0.0301744996   0.4877862124
       -0.0051742265   0.0603812901  -0.0943474766  -0.0270618838   0.0077639355
       -0.0060843470  -0.0059775539   0.0012846926   0.0044331100  -0.0024687748
        0.0106227955  -0.0046783785  -0.0021788263   0.0038838166   0.0078539192
       -0.0007168035   0.0001521272  -0.0004469108   0.0001441586  -0.0007824420
       -0.0011319217   0.0004354496   0.0000687973   0.0000009352   0.0001107506
       -0.0002202508  -0.0007167079   0.0000889895   0.0005242534   0.0002280034
       -0.0003742906  -0.0003711373  -0.0003783169   0.0014489281   0.0062580524
        0.0068688114   0.0022052670  -0.0219978514  -0.0167639361  -0.0030395376
       -0.0037431029  -0.0020923966  -0.0058896324  -0.0031514537  -0.0498473454
       -0.0311432052   0.0253547841  -0.2249238997   0.0893298799  -0.0004753826
       -0.0012020790   0.0008975290   0.0003540829  -0.0002920556  -0.0001571108
       -0.0021098123  -0.0019391823   0.0000636403  -0.0000082833  -0.0000873417
       -0.0000074132   0.0001513827   0.0002184674  -0.0000306048   0.0000677143
       -0.0000166231   0.0000296247   0.0000499816   0.0002983144  -0.0001120809
       -0.0208773787  -0.0142945982  -0.0731857251   0.0064166163  -0.0051742265
        0.5250794984   0.0432732175  -0.0275766028  -0.0863872033   0.0245781653
       -0.0149061497  -0.0153262483  -0.0003989219  -0.0023561522  -0.0054836132
       -0.0109246726   0.0049940646   0.0053178826  -0.0034409527  -0.0006938161
       -0.0009644258  -0.0004002782   0.0002512267  -0.0005865721   0.0001752345
        0.0003790698  -0.0000960146   0.0000168389   0.0000140632  -0.0001576398
       -0.0000998030   0.0001166927  -0.0000040351  -0.0004434186   0.0001738571
        0.0005733172   0.0001917487   0.0001536006  -0.0001981487   0.0082068225
        0.0062875647   0.0020186828   0.0084315137   0.0045007418   0.0023575043
       -0.0197386881  -0.0129380384  -0.0026738644  -0.0213596924  -0.0287372248
       -0.2623451185  -0.0136711940   0.0883557150  -0.0885564476   0.0009544918
        0.0003224263   0.0005429228   0.0013392057  -0.0004520573  -0.0007336373
       -0.0020457060   0.0016403589   0.0008287344  -0.0000007457   0.0002344623
       -0.0000118909  -0.0000071075   0.0000216544  -0.0000372929  -0.0001175046
       -0.0000715785  -0.0000147664  -0.0000577913  -0.0002450533   0.0000441014
       -0.0388720280   0.0050834036   0.0087628989  -0.1431968818   0.0603812901
        0.0432732175   0.5714472008  -0.1716781222   0.0801645935  -0.0805737945
        0.0213640386   0.0294562440   0.0144618132  -0.0006748172   0.0256809053
       -0.2453881713   0.0502532932  -0.1613794610  -0.0570335406   0.0259168787
        0.0015198195  -0.0099198488  -0.0019673791  -0.0145296927   0.0047508374
       -0.0020000117  -0.0000226995  -0.0020135366  -0.0003780023  -0.0068153363
       -0.0053228360   0.0039118475   0.0063103284   0.0087324367  -0.0000175763
        0.0050698950  -0.0009373049   0.0002047970   0.0000382250  -0.0055364008
       -0.0028701196  -0.0008143688   0.0006922056  -0.0006194287  -0.0001872951
       -0.0005314565  -0.0005673820  -0.0008061301   0.0003181945   0.0015418931
        0.0041171059  -0.0103592765   0.0107093151   0.0008523071   0.0014738783
       -0.0044847271  -0.0202028350  -0.0018099947   0.0053965827   0.0012160850
       -0.0005636955   0.0007989400  -0.0019022863   0.0001666528  -0.0001463662
       -0.0001038630   0.0001477996   0.0000150974  -0.0000517572  -0.0002795717
       -0.0001253693   0.0002199733   0.0001473193  -0.0000480755   0.0001341265
       -0.0066844053   0.0102474290   0.0052934305   0.0546268218  -0.0943474766
       -0.0275766028  -0.1716781222   0.2329741839   0.0757938968   0.0068874253
       -0.0678513340  -0.0645630687   0.0097233395  -0.0080201551  -0.0165063753
        0.0654101986  -0.0610058762   0.0387287683   0.0155476618  -0.0068624898
        0.0055105264  -0.0053811529  -0.0037852632   0.0014551042   0.0015097121
       -0.0003790696  -0.0000474239  -0.0003375521   0.0005537859  -0.0004141323
        0.0006538611   0.0004144487   0.0000943352   0.0032302031   0.0037064992
       -0.0023648386   0.0005781614  -0.0001727857  -0.0001051092  -0.0029115056
       -0.0010335989  -0.0003685578   0.0001298387   0.0013675011   0.0003393046
        0.0004364097   0.0004014755   0.0009394671   0.0042266536  -0.0016695707
       -0.0045608635   0.0235899391  -0.0151188208  -0.0081247879  -0.0002861429
        0.0027979681   0.0040293663   0.0054262670   0.0068538700  -0.0027146862
       -0.0042540935   0.0017069834  -0.0050126117  -0.0001288494  -0.0000636029
        0.0001406741  -0.0000744731   0.0000542501   0.0000141634  -0.0001674830
       -0.0006538402   0.0000860022  -0.0000727128  -0.0001145114  -0.0000659808
       -0.0001214709   0.0032925600   0.0033727884   0.0373349654  -0.0270618838
       -0.0863872033   0.0801645935   0.0757938968   0.6110368364  -0.0316648914
       -0.0365055035  -0.2698189027   0.0734447169  -0.0371431760  -0.0227643904
       -0.1011015144   0.0129084200  -0.1854393803  -0.0401370705   0.0241233707
        0.0271203121  -0.0307510050   0.0081092436  -0.0288376211   0.0156449715
       -0.0070120829   0.0002473818  -0.0065416494  -0.0006760090  -0.0150442251
       -0.0089949875   0.0069219263   0.0134741468   0.0208585527  -0.0094447651
        0.0049614635   0.0005840051  -0.0003661694  -0.0000637292  -0.0011425639
       -0.0005988255   0.0003173840   0.0002327719   0.0007311283   0.0004895820
       -0.0007297431   0.0006440882   0.0009142003   0.0225179320  -0.0155720615
       -0.0172610766  -0.0068988246   0.0047362061   0.0066838374  -0.0017828491
       -0.0040996574  -0.0192085386   0.0011147025  -0.0027657743   0.0004355738
       -0.0224031202   0.0038560912  -0.0243003386   0.0000525839  -0.0000119448
        0.0001965208  -0.0001197816  -0.0000030395   0.0000008230   0.0002422882
        0.0001333637   0.0000747975   0.0001973880   0.0000105976  -0.0002002418
        0.0008392780   0.0006059552  -0.0001282119  -0.0068953756   0.0077639355
        0.0245781653  -0.0805737945   0.0068874253  -0.0316648914   0.6264888085
       -0.2116676358   0.0442202194  -0.2808463406   0.1300880502   0.1155502870
        0.0227079428  -0.0129554058  -0.0175022830  -0.0136126909   0.0068827383
        0.0136955489  -0.0605725818   0.0235080770  -0.0180792898   0.0093395764
       -0.0024485239  -0.0042423460  -0.0051293914   0.0003399029  -0.0084651791
       -0.0032641287   0.0030303856   0.0063542770   0.0056201208  -0.0023163676
        0.0015748955  -0.0023097683   0.0003048841  -0.0020395084   0.0002491183
       -0.0000474354  -0.0000764375   0.0000736982   0.0002440205  -0.0001429485
       -0.0000223831   0.0001727492   0.0013369290  -0.0036615841   0.0025874464
        0.0024329699   0.0000076330  -0.0002366813   0.0010327873  -0.2041070417
        0.0423378402  -0.1259885983  -0.0021698394   0.0019385306   0.0025853320
       -0.0021636221   0.0035325769  -0.0049165011   0.0002962072  -0.0001832244
       -0.0001179448  -0.0004617975  -0.0002277052  -0.0001417829   0.0000624293
       -0.0000000516   0.0000773944   0.0001055270  -0.0001414868   0.0000671170
       -0.0006034316   0.0005486017   0.0000320244   0.0042844196  -0.0060843470
       -0.0149061497   0.0213640386  -0.0678513340  -0.0365055035  -0.2116676358
        0.2265294999   0.0967088071   0.1156627894  -0.1104642906  -0.0707782228
       -0.0233348831   0.0113385033  -0.0044826642   0.0109930639  -0.0113894371
       -0.0088887020   0.0329568505  -0.0079859116   0.0153929235  -0.0062606969
        0.0086214281   0.0000424213   0.0036691812   0.0000016906   0.0069958723
        0.0031854975  -0.0024265783  -0.0054095775  -0.0058326293   0.0018343659
       -0.0014287836  -0.0005526437   0.0011455849  -0.0003827261  -0.0001992158
        0.0000790263   0.0001175497   0.0002164367  -0.0000385534  -0.0002580724
        0.0003854847  -0.0002959598  -0.0005465788   0.0026677855  -0.0001289619
       -0.0013653063   0.0000057545   0.0008563620  -0.0005399665   0.0432476933
       -0.0466400138   0.0302818677   0.0065419623  -0.0034524733  -0.0043010629
        0.0038307480   0.0067075005  -0.0000491815  -0.0001790772   0.0000862062
        0.0000075198  -0.0002224265  -0.0007248404   0.0002284275  -0.0000113333
       -0.0000378954  -0.0000554451  -0.0001477327  -0.0002281730   0.0000905294
       -0.0022976853  -0.0010188770  -0.0010109109   0.0132435865  -0.0059775539
       -0.0153262483   0.0294562440  -0.0645630687  -0.2698189027   0.0442202194
        0.0967088071   0.6056304935   0.0537467951  -0.0440346884  -0.1326133647
       -0.0621610335   0.0147573826  -0.0512124369   0.0305568825  -0.0159235740
       -0.0165337853   0.0215086461  -0.0021460386   0.0342915119  -0.0201950562
        0.0070469836  -0.0020949413   0.0059683961   0.0005901071   0.0141677826
        0.0072489618  -0.0057460321  -0.0108492476  -0.0137640870   0.0054235475
       -0.0035384627  -0.0014422894  -0.0001637054  -0.0000844109  -0.0005246520
       -0.0000295618   0.0001832139   0.0001537072  -0.0003643762   0.0001281068
       -0.0013341405  -0.0001519043   0.0003098107   0.0011915496  -0.0007908430
       -0.0004711378  -0.0009397918   0.0006905518  -0.0000914394  -0.1245693134
        0.0295280458  -0.1363345405   0.0236898765  -0.0135035740  -0.0133042687
       -0.0036175669  -0.0006186446  -0.0013213412  -0.0002185877   0.0000524563
       -0.0001871787  -0.0001207671   0.0002355394  -0.0001278318   0.0000899606
       -0.0000642647  -0.0000771207   0.0001101454   0.0000632857   0.0002866508
       -0.0001098611  -0.0004476474  -0.0003297695   0.0036219975   0.0012846926
       -0.0003989219   0.0144618132   0.0097233395   0.0734447169  -0.2808463406
        0.1156627894   0.0537467951   0.5783193814  -0.2025378775  -0.0010353050
       -0.0448488788   0.0159477756  -0.0093285780   0.0261361972  -0.0192092366
       -0.0380283479  -0.1790260308   0.0359924127  -0.0853181175  -0.0584494756
        0.0231218610  -0.0126183712   0.0076428703   0.0041560388   0.0213916216
        0.0063479391  -0.0059534402  -0.0135023869  -0.0098348657   0.0065502401
       -0.0022892420  -0.0008447028   0.0000292550  -0.0000505856   0.0002218603
        0.0000144215  -0.0000291652   0.0000101729   0.0000242273   0.0001464243
        0.0001632045   0.0001151145  -0.0002878367  -0.0001189466   0.0001402822
       -0.0002547262  -0.0003558022   0.0001660374  -0.0005487176  -0.0201769053
        0.0116217250   0.0080174690  -0.0416345503   0.0051209287   0.0082049871
       -0.0003596609   0.0000358771   0.0001920273   0.0005605500  -0.0013372665
       -0.0010883437  -0.0008373090   0.0002986791  -0.0005994713  -0.0000880653
       -0.0005576014   0.0000846885   0.0000454086   0.0000373721   0.0004791566
        0.0007721787  -0.0001715299  -0.0001463536   0.0007822046   0.0044331100
       -0.0023561522  -0.0006748172  -0.0080201551  -0.0371431760   0.1300880502
       -0.1104642906  -0.0440346884  -0.2025378775   0.2323251583   0.1206424265
        0.0177755379  -0.0097339142   0.0052653414  -0.0151895444   0.0100614478
        0.0086509490   0.0289622389  -0.0628675806   0.0122301447   0.0251433269
       -0.0086081215   0.0070418757   0.0003649947   0.0036645733  -0.0096798197
       -0.0025324269   0.0021705346   0.0052216038   0.0066173061   0.0029027271
       -0.0017372074  -0.0000059470  -0.0002923551  -0.0001705585   0.0001469242
        0.0001509467   0.0001245799   0.0000720353  -0.0000630511   0.0000360426
        0.0001526200   0.0002516080   0.0001689157   0.0003085428  -0.0002776272
       -0.0003040509  -0.0005572897   0.0004375451   0.0002187186   0.0064264068
       -0.0021756209  -0.0021326039   0.0047693789  -0.0507918325  -0.0633278622
        0.0000173774  -0.0002589834   0.0001318583  -0.0006343928  -0.0014123191
        0.0011033676   0.0005713827  -0.0001169848   0.0003219457  -0.0005212216
       -0.0011114519   0.0002940086  -0.0003169893  -0.0000318329  -0.0004193052
       -0.0007606424   0.0002460502   0.0002599322   0.0000541271  -0.0024687748
       -0.0054836132   0.0256809053  -0.0165063753  -0.0227643904   0.1155502870
       -0.0707782228  -0.1326133647  -0.0010353050   0.1206424265   0.6387507992
       -0.0029731645   0.0025437141   0.0022250283  -0.0188759594   0.0001445539
       -0.0343279412  -0.1146458337   0.0252430734  -0.1624426843  -0.0041324486
        0.0032684403   0.0073657698   0.0048626096  -0.0023485987   0.0050029790
        0.0015027916  -0.0014129725  -0.0034287225  -0.0021422150  -0.0017986331
       -0.0059719779  -0.0009516289  -0.0000299944  -0.0008163234  -0.0001098693
       -0.0000308139  -0.0000086979   0.0001008200  -0.0000570169  -0.0001135483
        0.0004900745  -0.0000367760   0.0001825132   0.0012090980  -0.0007707783
       -0.0007776175  -0.0000656249  -0.0000101886  -0.0001053116  -0.0118439103
        0.0066304670   0.0068206695   0.0062764697  -0.0626543426  -0.2926177827
       -0.0000574960   0.0001904261   0.0006889364   0.0020197228  -0.0002734953
        0.0008150504   0.0007486316  -0.0002519302   0.0003138461   0.0002479364
        0.0002263763   0.0000456455  -0.0011493756   0.0002933858  -0.0009991939
       -0.0012510926   0.0020532246   0.0008360697  -0.0320326536   0.0106227955
       -0.0109246726  -0.2453881713   0.0654101986  -0.1011015144   0.0227079428
       -0.0233348831  -0.0621610335  -0.0448488788   0.0177755379  -0.0029731645
        0.5679811103  -0.1818962183   0.0797904183  -0.1915177826   0.0735753762
        0.0513703321   0.0207132324   0.0019765568   0.0463786902  -0.0100904196
        0.0069674309  -0.0009996332   0.0049843700   0.0013266519   0.0158840300
        0.0101267681  -0.0065158784  -0.0205722843  -0.0596487952   0.0252305753
       -0.0045706818   0.0001589093   0.0001068217   0.0004268547  -0.0002743195
       -0.0006321929  -0.0002280999  -0.0000065062   0.0005252114   0.0001740647
       -0.0004259431  -0.0000557582  -0.0005408333   0.0006493513  -0.0009312049
       -0.0017404165  -0.0009176737   0.0006746799  -0.0000517557   0.0015848114
        0.0016771687   0.0000681304  -0.0005748531   0.0001701389   0.0000514134
       -0.0415877110   0.0060171375   0.0089178571  -0.0000750699  -0.0000754569
       -0.0002728301  -0.0000747524  -0.0005653139   0.0002096835  -0.0008926461
        0.0005981852   0.0003119187   0.0007007731  -0.0007007843   0.0017174570
       -0.0008290007  -0.0012195639  -0.0002524526   0.0180156299  -0.0046783785
        0.0049940646   0.0502532932  -0.0610058762   0.0129084200  -0.0129554058
        0.0113385033   0.0147573826   0.0159477756  -0.0097339142   0.0025437141
       -0.1818962183   0.2105850716   0.0872451218   0.0804473307  -0.0947609171
       -0.0364905119  -0.0026707467  -0.0034241509  -0.0240543614   0.0069354246
        0.0029051997  -0.0023196450  -0.0022238825  -0.0007328439  -0.0068129030
       -0.0026782246   0.0086347876   0.0073094262   0.0232191658  -0.0094266878
        0.0036046759   0.0000264197   0.0001665542  -0.0001515984  -0.0002260755
        0.0001985020   0.0002074425   0.0000312457  -0.0002520170   0.0000587416
       -0.0001044453  -0.0002064163   0.0002955759   0.0000090068  -0.0001109926
        0.0010900981   0.0017590049  -0.0015308108  -0.0004773203   0.0017723754
        0.0041242133  -0.0024271903   0.0002116840  -0.0000999489   0.0001696776
        0.0065460092  -0.0482058438  -0.0621087566   0.0002265725  -0.0002786705
        0.0000144106  -0.0006285547  -0.0011790338   0.0002510366   0.0002846664
        0.0001425076  -0.0001697910  -0.0014730502  -0.0012492732  -0.0001852579
        0.0045999409   0.0002280699  -0.0001807686   0.0013777214  -0.0021788263
        0.0053178826  -0.1613794610   0.0387287683  -0.1854393803  -0.0175022830
       -0.0044826642  -0.0512124369  -0.0093285780   0.0052653414   0.0022250283
        0.0797904183   0.0872451218   0.6485827701   0.0806759711  -0.0496945848
       -0.1128604631   0.0261369570  -0.0152450361  -0.0164459974  -0.0011494487
       -0.0021625468  -0.0054465365   0.0001283954   0.0000514957   0.0001941498
       -0.0038595289   0.0000499083  -0.0016486166  -0.0124002500   0.0070947319
        0.0073863882  -0.0004857056  -0.0000033742   0.0004339056   0.0008693789
        0.0003501792   0.0000444396  -0.0002392604  -0.0000314279   0.0002156689
       -0.0001600635   0.0000519928  -0.0011320121   0.0027391467  -0.0006120553
        0.0014486364   0.0017182620  -0.0009892218  -0.0004408640   0.0006014633
       -0.0024537136  -0.0046367592  -0.0000888107   0.0001274372   0.0008842981
        0.0094044798  -0.0627807244  -0.2876074210   0.0011754461  -0.0006369110
       -0.0006302725   0.0000254294   0.0003324039   0.0000231839  -0.0010714664
        0.0004828903   0.0002006442  -0.0015781539   0.0012627458   0.0007245325
       -0.0005108008   0.0000939035   0.0001414128  -0.0001317777   0.0038838166
       -0.0034409527  -0.0570335406   0.0155476618  -0.0401370705  -0.0136126909
        0.0109930639   0.0305568825   0.0261361972  -0.0151895444  -0.0188759594
       -0.1915177826   0.0804473307   0.0806759711   0.5714087441  -0.1823916485
        0.0433985234  -0.0981112201   0.0186637526   0.0022603984   0.0208162127
       -0.0026189141   0.0263810873  -0.0108489549  -0.0049475610  -0.0314228756
       -0.0600184442   0.0319943333   0.0225140113  -0.1769955215   0.0293932952
       -0.1131527257   0.0000821285  -0.0000275930  -0.0000681919  -0.0001145870
        0.0000103333   0.0000820953  -0.0000713354  -0.0000272790  -0.0000413380
       -0.0000085836   0.0000349178   0.0003766920   0.0000411442  -0.0001708445
       -0.0000669584  -0.0015763720   0.0008111949   0.0006408683  -0.0000524057
       -0.0000453099   0.0004539505  -0.0024624775   0.0027212102  -0.0036391973
       -0.0012539898   0.0017576987   0.0029831384  -0.0029708181   0.0042695813
        0.0017477893   0.0003240123  -0.0004199315  -0.0006457096  -0.0019423987
        0.0053524639   0.0011367011   0.0004252624  -0.0001359318  -0.0018585425
        0.0027205236  -0.0002333885  -0.0002334998   0.0005585187   0.0078539192
       -0.0006938161   0.0259168787  -0.0068624898   0.0241233707   0.0068827383
       -0.0113894371  -0.0159235740  -0.0192092366   0.0100614478   0.0001445539
        0.0735753762  -0.0947609171  -0.0496945848  -0.1823916485   0.2344036148
        0.0882613938   0.0188514332  -0.0758646468  -0.0475058469   0.0018774305
       -0.0030734941  -0.0154380988  -0.0012083478  -0.0035263678   0.0083203899
        0.0223668248  -0.0091739005  -0.0021765926   0.0364288261  -0.0621500378
        0.0249504372  -0.0000234476   0.0000116818   0.0001072928   0.0005559379
        0.0002453469   0.0000317060   0.0000625009  -0.0001085942   0.0000415650
       -0.0000303549  -0.0001468636  -0.0002772928   0.0000069346   0.0001355998
       -0.0002051540  -0.0008906909   0.0006856857   0.0000694196  -0.0000066789
       -0.0003764833  -0.0001448497   0.0028775331   0.0043779797   0.0000541358
        0.0063303309  -0.0025826899  -0.0050539763   0.0041111029   0.0035838784
       -0.0020212655  -0.0003764418  -0.0000564294   0.0002721638   0.0055799321
        0.0066837410  -0.0026053575  -0.0045659755   0.0022628447  -0.0044025199
       -0.0005665508   0.0003656854   0.0004187753  -0.0044413069  -0.0007168035
       -0.0009644258   0.0015198195   0.0055105264   0.0271203121   0.0136955489
       -0.0088887020  -0.0165337853  -0.0380283479   0.0086509490  -0.0343279412
        0.0513703321  -0.0364905119  -0.1128604631   0.0433985234   0.0882613938
        0.6078547054   0.0035826238  -0.0477028364  -0.2611137331   0.0459605606
       -0.0241205800  -0.0155916065  -0.0145138290   0.0009805680  -0.0296976053
       -0.0195645727   0.0161656517   0.0342588678  -0.0837318049   0.0118834808
       -0.1612610359  -0.0000220767   0.0000248371   0.0001253492  -0.0002424580
       -0.0001369962  -0.0000216674  -0.0000379868   0.0000753372  -0.0000272323
        0.0000566982   0.0000440694  -0.0002016523  -0.0002239852  -0.0000350866
       -0.0001030534   0.0003092603   0.0000647894   0.0000931122   0.0005596739
       -0.0001291667  -0.0000058106  -0.0029136544  -0.0001914970  -0.0011018236
        0.0229623851  -0.0134435596  -0.0147692267   0.0009705628  -0.0016541680
        0.0003458006  -0.0005004083   0.0001979632  -0.0003527646   0.0019706227
       -0.0029996581   0.0004221212  -0.0215696294   0.0042843144  -0.0217052168
        0.0000858095   0.0000180106  -0.0000252860  -0.0011457869   0.0001521272
       -0.0004002782  -0.0099198488  -0.0053811529  -0.0307510050  -0.0605725818
        0.0329568505   0.0215086461  -0.1790260308   0.0289622389  -0.1146458337
        0.0207132324  -0.0026707467   0.0261369570  -0.0981112201   0.0188514332
        0.0035826238   0.5749888396  -0.1831138383   0.0437791230  -0.1914939655
        0.0795262431   0.0824259868  -0.0578690075   0.0165265870  -0.0419944835
       -0.0148827054   0.0108795991   0.0304151467   0.0265194315  -0.0150019973
       -0.0176460034   0.0000142819  -0.0002353496  -0.0003322232   0.0000133517
        0.0000051695   0.0000045823  -0.0000184103   0.0000705540  -0.0000006996
        0.0001426041   0.0001568591   0.0003994722   0.0001897149  -0.0002040279
       -0.0001361320  -0.0000358962  -0.0001820687   0.0002638971  -0.0015251362
        0.0052489204   0.0014617887   0.0004520484   0.0001666552  -0.0021234881
       -0.0030661779   0.0044176578   0.0018262795  -0.0014945343   0.0019295701
        0.0030180694  -0.0015656147   0.0041969833  -0.0036059660   0.0002175961
       -0.0000714073   0.0007792031  -0.0026099937   0.0027951295  -0.0039403769
       -0.0002205825  -0.0002024473  -0.0000423580   0.0005251864  -0.0004469108
        0.0002512267  -0.0019673791  -0.0037852632   0.0081092436   0.0235080770
       -0.0079859116  -0.0021460386   0.0359924127  -0.0628675806   0.0252430734
        0.0019765568  -0.0034241509  -0.0152450361   0.0186637526  -0.0758646468
       -0.0477028364  -0.1831138383   0.2353644921   0.0882271347   0.0728034587
       -0.0965251980  -0.0500908447   0.0260133791  -0.0044433699   0.0245827153
        0.0071895595  -0.0127463971  -0.0159063328  -0.0195238101   0.0101466507
       -0.0004148652   0.0001458436  -0.0001077756   0.0002217447  -0.0000877167
       -0.0000166819  -0.0000017124  -0.0000298457  -0.0000646157   0.0000141842
       -0.0000771109   0.0001751930  -0.0001691444  -0.0000986626   0.0000008417
        0.0000829729   0.0000220254   0.0000285526  -0.0000782735   0.0049553998
        0.0066305937  -0.0028381844  -0.0042576189   0.0028092577  -0.0042225261
        0.0042830137   0.0038694957  -0.0020753527   0.0063226023  -0.0025943508
       -0.0048187266   0.0040600726   0.0079463412  -0.0009313767  -0.0001027338
       -0.0003725445  -0.0002619660   0.0030179584   0.0044764266   0.0002132790
       -0.0004323446  -0.0000928163   0.0000531753   0.0002562400   0.0001441586
       -0.0005865721  -0.0145296927   0.0014551042  -0.0288376211  -0.0180792898
        0.0153929235   0.0342915119  -0.0853181175   0.0122301447  -0.1624426843
        0.0463786902  -0.0240543614  -0.0164459974   0.0022603984  -0.0475058469
       -0.2611137331   0.0437791230   0.0882271347   0.6081765068   0.0525897309
       -0.0369299113  -0.1145327244  -0.0001606805   0.0061919171   0.0285565435
        0.0143336863  -0.0088289937  -0.0169555082  -0.0377107261   0.0084210693
       -0.0344258845   0.0001785149  -0.0000203179  -0.0000043130  -0.0001325998
       -0.0000009520   0.0000297478   0.0000131935  -0.0000194128  -0.0000417814
        0.0000491564  -0.0000228919   0.0002227084   0.0000760448  -0.0000320040
        0.0001072686  -0.0002933471   0.0001527306   0.0002522463   0.0012875507
       -0.0028249013  -0.0000412350  -0.0213276852   0.0042130265  -0.0205648403
        0.0008075719  -0.0016347898   0.0004910061   0.0226208968  -0.0134185207
       -0.0141045732  -0.0043737803  -0.0006168737  -0.0011402094   0.0006406657
       -0.0002013481   0.0000057086  -0.0029131998  -0.0002242674  -0.0009487458
       -0.0001920467  -0.0000819150  -0.0000867913   0.0004871497  -0.0007824420
        0.0001752345   0.0047508374   0.0015097121   0.0156449715   0.0093395764
       -0.0062606969  -0.0201950562  -0.0584494756   0.0251433269  -0.0041324486
       -0.0100904196   0.0069354246  -0.0011494487   0.0208162127   0.0018774305
        0.0459605606  -0.1914939655   0.0728034587   0.0525897309   0.5698080354
       -0.1799469829   0.0888920154  -0.2596059644   0.0707740515  -0.1061349261
        0.0249295045  -0.0253699827  -0.0654885836  -0.0462776319   0.0180521732
       -0.0033875544  -0.0003010848  -0.0000301414  -0.0000526677   0.0000030670
        0.0000276730   0.0000106916  -0.0000366243   0.0000157089   0.0000368467
        0.0001086060   0.0000461432  -0.0001101571   0.0000420675   0.0000411097
        0.0000365085   0.0001276151  -0.0000093219  -0.0002108117  -0.0004529286
        0.0004198021   0.0005930877   0.0005892126  -0.0006689798   0.0015570957
       -0.0000579604  -0.0001200934  -0.0002435897  -0.0422045657   0.0062790279
        0.0102640505  -0.0233551056   0.0074014685  -0.0145433509   0.0019362773
        0.0018347123   0.0000152401  -0.0004203884   0.0001093328  -0.0000406477
       -0.0003381636  -0.0000737100   0.0000018344  -0.0006158411  -0.0011319217
        0.0003790698  -0.0020000117  -0.0003790696  -0.0070120829  -0.0024485239
        0.0086214281   0.0070469836   0.0231218610  -0.0086081215   0.0032684403
        0.0069674309   0.0029051997  -0.0021625468  -0.0026189141  -0.0030734941
       -0.0241205800   0.0795262431  -0.0965251980  -0.0369299113  -0.1799469829
        0.2129206362   0.0852984082   0.0561830438  -0.0657279121   0.0120551903
       -0.0144278074   0.0113977472   0.0172145722   0.0166818633  -0.0102978774
        0.0028048390  -0.0000371781  -0.0001648425  -0.0000396646  -0.0000502722
        0.0000773418  -0.0000048960  -0.0000006228   0.0001106043   0.0000418510
        0.0000853239   0.0002779971   0.0001138984   0.0000133219  -0.0000040869
       -0.0000075337   0.0001917265  -0.0001190589   0.0000296066   0.0001359905
       -0.0001045498  -0.0001468880  -0.0013841147  -0.0012453051  -0.0001116047
        0.0001923856  -0.0003238541   0.0000083940   0.0065911848  -0.0503650715
       -0.0628057874   0.0123216424  -0.0027415361   0.0075104259   0.0017556896
        0.0047528361  -0.0026695220   0.0001007252  -0.0001781815   0.0002375036
       -0.0003030015   0.0000318441  -0.0000017821   0.0004220155   0.0004354496
       -0.0000960146  -0.0000226995  -0.0000474239   0.0002473818  -0.0042423460
        0.0000424213  -0.0020949413  -0.0126183712   0.0070418757   0.0073657698
       -0.0009996332  -0.0023196450  -0.0054465365   0.0263810873  -0.0154380988
       -0.0155916065   0.0824259868  -0.0500908447  -0.1145327244   0.0888920154
        0.0852984082   0.6630387587  -0.1706857780   0.0404198114  -0.1964955162
       -0.0174739835  -0.0038868003  -0.0498760213  -0.0092704777   0.0053956310
        0.0021804961  -0.0005320933   0.0001051121  -0.0002930884   0.0000574525
       -0.0000396723   0.0000300000   0.0001000757  -0.0000025437  -0.0000691984
        0.0003280044  -0.0001018876   0.0001777703  -0.0000985096  -0.0000165172
        0.0000809168  -0.0001010031  -0.0000417979   0.0000081768  -0.0004304013
        0.0003907470   0.0005778124  -0.0015211635   0.0012145624   0.0006934704
        0.0012045012  -0.0006378009  -0.0007482413   0.0116510243  -0.0634186737
       -0.2902626773   0.0072101203  -0.0020356961   0.0059337415  -0.0003337882
       -0.0025076761  -0.0056107505  -0.0000390337   0.0002092151   0.0007848041
        0.0001046569  -0.0000121863   0.0000229688  -0.0003191254   0.0000687973
        0.0000168389  -0.0020135366  -0.0003375521  -0.0065416494  -0.0051293914
        0.0036691812   0.0059683961   0.0076428703   0.0003649947   0.0048626096
        0.0049843700  -0.0022238825   0.0001283954  -0.0108489549  -0.0012083478
       -0.0145138290  -0.0578690075   0.0260133791  -0.0001606805  -0.2596059644
        0.0561830438  -0.1706857780   0.6110519517  -0.2049970351   0.0593773947
       -0.0859738104   0.0253131574   0.0399192943   0.0169979896  -0.0010752030
        0.0261469007   0.0000968016  -0.0000237568  -0.0000229328  -0.0000118897
        0.0000285114  -0.0000024341  -0.0000222641   0.0000054405  -0.0000338896
        0.0000503848   0.0000281557   0.0000240202  -0.0000051540  -0.0000304439
       -0.0000329274   0.0000033883  -0.0000514102   0.0000713212  -0.0004722618
       -0.0001522276   0.0000897374   0.0001945970  -0.0000599032   0.0002486366
        0.0001464658  -0.0002268333  -0.0001355279  -0.0000019725   0.0001583011
       -0.0013553657  -0.2163471494   0.0974169405   0.0777210175  -0.0003812088
       -0.0044499658  -0.0230652306  -0.0022717851   0.0055988448   0.0019527135
        0.0000033679  -0.0001097231  -0.0000312903  -0.0000636483   0.0000009352
        0.0000140632  -0.0003780023   0.0005537859  -0.0006760090   0.0003399029
        0.0000016906   0.0005901071   0.0041560388   0.0036645733  -0.0023485987
        0.0013266519  -0.0007328439   0.0000514957  -0.0049475610  -0.0035263678
        0.0009805680   0.0165265870  -0.0044433699   0.0061919171   0.0707740515
       -0.0657279121   0.0404198114  -0.2049970351   0.2242104257   0.0889289958
        0.0094536009  -0.0692585041  -0.0710288955   0.0098878906  -0.0071997108
       -0.0170848483  -0.0000279524   0.0000078942  -0.0000213014   0.0000054987
        0.0000254096  -0.0000064568  -0.0000549642  -0.0000015359  -0.0000056362
        0.0000115968   0.0000816406   0.0000110687   0.0000131413  -0.0000603587
        0.0000224230   0.0000052001  -0.0000133309   0.0000288570  -0.0001154002
       -0.0007056480   0.0001280738  -0.0000686780  -0.0000890772  -0.0001150442
       -0.0002001527  -0.0001781012   0.0001606455  -0.0048016365   0.0021643937
       -0.0045815277   0.0973673111  -0.0874875158  -0.0440572244   0.0003817229
        0.0024112424   0.0053080482   0.0054024682   0.0064120083  -0.0028792419
       -0.0001843429   0.0000843108   0.0000433459  -0.0001981267   0.0001107506
       -0.0001576398  -0.0068153363  -0.0004141323  -0.0150442251  -0.0084651791
        0.0069958723   0.0141677826   0.0213916216  -0.0096798197   0.0050029790
        0.0158840300  -0.0068129030   0.0001941498  -0.0314228756   0.0083203899
       -0.0296976053  -0.0419944835   0.0245827153   0.0285565435  -0.1061349261
        0.0120551903  -0.1964955162   0.0593773947   0.0889289958   0.6216216225
       -0.0299300070  -0.0402990470  -0.2850292307   0.0745220117  -0.0384076718
       -0.0237890221  -0.0000699576   0.0000516368  -0.0000190724  -0.0000007602
       -0.0000158980   0.0000337215   0.0000529862   0.0000019027  -0.0000657002
        0.0002329354  -0.0001104459   0.0001343175  -0.0000544586  -0.0000060012
        0.0000160201  -0.0000602118  -0.0000059010   0.0001244237   0.0000801703
        0.0000819136  -0.0001356663   0.0002964665  -0.0001239813  -0.0001452911
       -0.0000131033   0.0001130534   0.0001558563  -0.0233011185   0.0050469242
       -0.0217378464   0.0774179818  -0.0439415968  -0.0783775766  -0.0017261048
       -0.0040417479  -0.0198899380   0.0011153936  -0.0025145098   0.0005335681
       -0.0001292128   0.0000766872   0.0000741714  -0.0003712297  -0.0002202508
       -0.0000998030  -0.0053228360   0.0006538611  -0.0089949875  -0.0032641287
        0.0031854975   0.0072489618   0.0063479391  -0.0025324269   0.0015027916
        0.0101267681  -0.0026782246  -0.0038595289  -0.0600184442   0.0223668248
       -0.0195645727  -0.0148827054   0.0071895595   0.0143336863   0.0249295045
       -0.0144278074  -0.0174739835  -0.0859738104   0.0094536009  -0.0299300070
        0.6129061435  -0.2102777773   0.0396725607  -0.2788354461   0.1297715809
        0.1162000314   0.0001222429   0.0000315414  -0.0000022055  -0.0000629270
        0.0000170494   0.0000380769  -0.0000068853   0.0000271628  -0.0000012458
       -0.0000588452  -0.0000387180   0.0001131099   0.0000317680  -0.0000346537
       -0.0000329023   0.0000421087  -0.0000746528   0.0001005162  -0.0000861513
       -0.0000486584  -0.0000521249   0.0001253231  -0.0001342402   0.0001349375
        0.0002813233  -0.0002081543  -0.0001989725  -0.0017443982   0.0039220424
       -0.0042800628  -0.0026014161   0.0070945163   0.0236769296  -0.1993527973
        0.0449806202  -0.1210014287  -0.0022018876   0.0019050202   0.0023960518
       -0.0000683397   0.0000533081   0.0000674383  -0.0000762489  -0.0007167079
        0.0001166927   0.0039118475   0.0004144487   0.0069219263   0.0030303856
       -0.0024265783  -0.0057460321  -0.0059534402   0.0021705346  -0.0014129725
       -0.0065158784   0.0086347876   0.0000499083   0.0319943333  -0.0091739005
        0.0161656517   0.0108795991  -0.0127463971  -0.0088289937  -0.0253699827
        0.0113977472  -0.0038868003   0.0253131574  -0.0692585041  -0.0402990470
       -0.2102777773   0.2278507708   0.0963229103   0.1150430522  -0.1100601654
       -0.0711695066  -0.0000006530   0.0001404604   0.0000184845  -0.0000353835
        0.0000137761  -0.0000154794  -0.0000872245   0.0000049550  -0.0000066004
       -0.0000865768  -0.0002221174  -0.0000624022   0.0000335535   0.0000547788
        0.0000248861   0.0002080537  -0.0001307093  -0.0001027973   0.0000393800
       -0.0001185334   0.0000422695  -0.0001526586  -0.0001708320   0.0000413907
       -0.0001898549   0.0000712602   0.0000456841   0.0040710912   0.0074783008
       -0.0004875963   0.0022646671  -0.0027400085  -0.0135310043   0.0450551505
       -0.0473547402   0.0303518948   0.0069697476  -0.0031659344  -0.0046199053
        0.0001938670   0.0000505770  -0.0000352049  -0.0005519857   0.0000889895
       -0.0000040351   0.0063103284   0.0000943352   0.0134741468   0.0063542770
       -0.0054095775  -0.0108492476  -0.0135023869   0.0052216038  -0.0034287225
       -0.0205722843   0.0073094262  -0.0016486166   0.0225140113  -0.0021765926
        0.0342588678   0.0304151467  -0.0159063328  -0.0169555082  -0.0654885836
        0.0172145722  -0.0498760213   0.0399192943  -0.0710288955  -0.2850292307
        0.0396725607   0.0963229103   0.6156432022   0.0517019183  -0.0428432299
       -0.1319405972  -0.0001864749   0.0000650209   0.0000629372   0.0000601329
        0.0000024745   0.0000417651   0.0000069568  -0.0000136944   0.0000149000
        0.0001745320  -0.0000612528  -0.0001948064   0.0000232758   0.0000168180
       -0.0000401883   0.0001681181   0.0000332332  -0.0001193569   0.0002143548
       -0.0000497033   0.0000156579   0.0000242496   0.0001167429   0.0002379553
       -0.0001785918   0.0000697773  -0.0002047866  -0.0036048190  -0.0007769969
       -0.0010597383   0.0023889482  -0.0041727822  -0.0125356171  -0.1206904187
        0.0301828030  -0.1350267571   0.0246335730  -0.0143502260  -0.0148009974
        0.0002806907   0.0002310214  -0.0000320332  -0.0015325472   0.0005242534
       -0.0004434186   0.0087324367   0.0032302031   0.0208585527   0.0056201208
       -0.0058326293  -0.0137640870  -0.0098348657   0.0066173061  -0.0021422150
       -0.0596487952   0.0232191658  -0.0124002500  -0.1769955215   0.0364288261
       -0.0837318049   0.0265194315  -0.0195238101  -0.0377107261  -0.0462776319
        0.0166818633  -0.0092704777   0.0169979896   0.0098878906   0.0745220117
       -0.2788354461   0.1150430522   0.0517019183   0.5782159753  -0.2048908289
       -0.0024436092   0.0000097851   0.0000991306  -0.0000036013   0.0000688285
       -0.0000375273  -0.0000366648  -0.0000004313   0.0000649353   0.0000227964
       -0.0001340356  -0.0000901854  -0.0001462569   0.0000874806  -0.0000812582
       -0.0001449585   0.0000306074   0.0000082323  -0.0000359929   0.0000269183
       -0.0005468485   0.0002053902  -0.0000299467  -0.0000327169   0.0003951504
        0.0006724568  -0.0013980146  -0.0011349234  -0.0004262682   0.0001001354
       -0.0001013185   0.0019394767   0.0018136932  -0.0002205030  -0.0234678064
        0.0122700850   0.0071386436  -0.0420189021   0.0062140254   0.0089183777
        0.0003922103   0.0001311872   0.0000227989   0.0004773074   0.0002280034
        0.0001738571  -0.0000175763   0.0037064992  -0.0094447651  -0.0023163676
        0.0018343659   0.0054235475   0.0065502401   0.0029027271  -0.0017986331
        0.0252305753  -0.0094266878   0.0070947319   0.0293932952  -0.0621500378
        0.0118834808  -0.0150019973   0.0101466507   0.0084210693   0.0180521732
       -0.0102978774   0.0053956310  -0.0010752030  -0.0071997108  -0.0384076718
        0.1297715809  -0.1100601654  -0.0428432299  -0.2048908289   0.2304437888
        0.1192771435   0.0001454406   0.0003689551   0.0000168204   0.0000589032
        0.0000328135   0.0000030132  -0.0000300085  -0.0000863230  -0.0000744074
       -0.0000830248  -0.0003024859  -0.0000075458   0.0000167878  -0.0000106117
        0.0001383960  -0.0000766221   0.0000325910   0.0001209128  -0.0005879084
       -0.0010852353   0.0001899445  -0.0003628140  -0.0002301594  -0.0003059960
       -0.0007117368  -0.0014332885   0.0011415052   0.0001013733  -0.0001202419
        0.0002501189   0.0018540585   0.0047218412  -0.0025384495   0.0072770767
       -0.0029301576  -0.0019770974   0.0058330653  -0.0492164408  -0.0621551746
        0.0004669600   0.0001096696  -0.0000684930  -0.0000560564  -0.0003742906
        0.0005733172   0.0050698950  -0.0023648386   0.0049614635   0.0015748955
       -0.0014287836  -0.0035384627  -0.0022892420  -0.0017372074  -0.0059719779
       -0.0045706818   0.0036046759   0.0073863882  -0.1131527257   0.0249504372
       -0.1612610359  -0.0176460034  -0.0004148652  -0.0344258845  -0.0033875544
        0.0028048390   0.0021804961   0.0261469007  -0.0170848483  -0.0237890221
        0.1162000314  -0.0711695066  -0.1319405972  -0.0024436092   0.1192771435
        0.6339181718   0.0000556362   0.0000161083   0.0003145410   0.0001157195
        0.0000343623   0.0000929789  -0.0000559622  -0.0000398157   0.0001261579
       -0.0000362906  -0.0000150060  -0.0002367924   0.0000913220   0.0000353390
       -0.0000044694   0.0003114936  -0.0001176286  -0.0001205333  -0.0000138905
        0.0002219989  -0.0002131098  -0.0010659865   0.0003152397  -0.0009152219
        0.0020955747  -0.0003014872   0.0008243598  -0.0001212177   0.0002513401
        0.0007686029   0.0000849215  -0.0026550232  -0.0054997830  -0.0147161796
        0.0076247156   0.0058064335   0.0073420497  -0.0615425682  -0.2889675277
        0.0015491429   0.0001267874  -0.0008965282  -0.0008636831  -0.0003711373
        0.0001917487  -0.0009373049   0.0005781614   0.0005840051  -0.0023097683
       -0.0005526437  -0.0014422894  -0.0008447028  -0.0000059470  -0.0009516289
        0.0001589093   0.0000264197  -0.0004857056   0.0000821285  -0.0000234476
       -0.0000220767   0.0000142819   0.0001458436   0.0001785149  -0.0003010848
       -0.0000371781  -0.0005320933   0.0000968016  -0.0000279524  -0.0000699576
        0.0001222429  -0.0000006530  -0.0001864749   0.0000097851   0.0001454406
        0.0000556362   0.0082226326  -0.0005496717   0.0019936802  -0.0003480686
       -0.0000112096  -0.0003809225  -0.0004792778  -0.0000458452   0.0003564457
       -0.0048210091   0.0000906618   0.0019099305   0.0002897209   0.0001547599
       -0.0001843572  -0.0000095512   0.0003300260   0.0002347747   0.0005468129
        0.0001482838   0.0009873241   0.0000297267  -0.0002477159  -0.0000930724
       -0.0000446534   0.0000106107  -0.0004135870  -0.0001159237  -0.0000816661
       -0.0000868033  -0.0001821703   0.0000262179  -0.0002039089   0.0000038385
        0.0001001932  -0.0002864693   0.0001311741   0.0000716615  -0.0002561848
       -0.0000521734   0.0012623831   0.0002643856  -0.0001091506  -0.0003783169
        0.0001536006   0.0002047970  -0.0001727857  -0.0003661694   0.0003048841
        0.0011455849  -0.0001637054   0.0000292550  -0.0002923551  -0.0000299944
        0.0001068217   0.0001665542  -0.0000033742  -0.0000275930   0.0000116818
        0.0000248371  -0.0002353496  -0.0001077756  -0.0000203179  -0.0000301414
       -0.0001648425   0.0001051121  -0.0000237568   0.0000078942   0.0000516368
        0.0000315414   0.0001404604   0.0000650209   0.0000991306   0.0003689551
        0.0000161083  -0.0005496717   0.0042985212   0.0003671239  -0.0000106578
       -0.0003137588   0.0003409271   0.0000515251   0.0000543138  -0.0002781903
       -0.0000099679  -0.0049409456  -0.0008404038   0.0001274896   0.0004091829
       -0.0002866234   0.0000607993   0.0005308175  -0.0000195767   0.0002217313
       -0.0019972550   0.0000927794  -0.0002818187  -0.0004677394   0.0001988992
        0.0000509565   0.0002636899  -0.0000730794  -0.0001000471  -0.0003702319
        0.0001780304  -0.0000242012  -0.0001437723   0.0001689004   0.0000661799
        0.0002821022   0.0000718347   0.0000994177   0.0004076377  -0.0000177617
       -0.0038473214  -0.0011483363  -0.0137431538   0.0018156299   0.0014489281
       -0.0001981487   0.0000382250  -0.0001051092  -0.0000637292  -0.0020395084
       -0.0003827261  -0.0000844109  -0.0000505856  -0.0001705585  -0.0008163234
        0.0004268547  -0.0001515984   0.0004339056  -0.0000681919   0.0001072928
        0.0001253492  -0.0003322232   0.0002217447  -0.0000043130  -0.0000526677
       -0.0000396646  -0.0002930884  -0.0000229328  -0.0000213014  -0.0000190724
       -0.0000022055   0.0000184845   0.0000629372  -0.0000036013   0.0000168204
        0.0003145410   0.0019936802   0.0003671239  -0.0053533395  -0.0010178329
        0.0003171204   0.0003500845   0.0000778984  -0.0010717602   0.0002215324
        0.0039084421   0.0000186733   0.0212676138  -0.0003351410  -0.0002393111
       -0.0003795322   0.0001113641   0.0003679003   0.0002965455   0.0000377858
        0.0000747976  -0.0023839605  -0.0004202924   0.0002110747   0.0001944902
       -0.0000201572   0.0000249756  -0.0001045274  -0.0000504401   0.0000554088
        0.0001213157  -0.0000802358   0.0000488090   0.0000420655  -0.0000808304
        0.0000326460   0.0000070023   0.0000142873  -0.0000014342   0.0000062165
       -0.2232571126   0.0976651341   0.0952706058  -0.0197525334   0.0062580524
        0.0082068225  -0.0055364008  -0.0029115056  -0.0011425639   0.0002491183
       -0.0001992158  -0.0005246520   0.0002218603   0.0001469242  -0.0001098693
       -0.0002743195  -0.0002260755   0.0008693789  -0.0001145870   0.0005559379
       -0.0002424580   0.0000133517  -0.0000877167  -0.0001325998   0.0000030670
       -0.0000502722   0.0000574525  -0.0000118897   0.0000054987  -0.0000007602
       -0.0000629270  -0.0000353835   0.0000601329   0.0000688285   0.0000589032
        0.0001157195  -0.0003480686  -0.0000106578  -0.0010178329   0.2471309616
       -0.1078473726  -0.1081475753  -0.0032508648   0.0063619143   0.0020755364
        0.0044218750  -0.0000196020   0.0042059414   0.0003064306   0.0004163040
        0.0000202772   0.0002459925   0.0000339666   0.0002395694  -0.0000405465
       -0.0000037032   0.0000710704   0.0000641131  -0.0000010831  -0.0000478527
       -0.0000750550  -0.0001238237   0.0000495983   0.0000292469   0.0000128244
        0.0000103880   0.0000252628   0.0000215932   0.0000348302  -0.0000281088
       -0.0000164835   0.0000473235  -0.0000276945  -0.0000041575   0.0000315172
        0.0959056214  -0.0999731394  -0.0500423843  -0.0101698785   0.0068688114
        0.0062875647  -0.0028701196  -0.0010335989  -0.0005988255  -0.0000474354
        0.0000790263  -0.0000295618   0.0000144215   0.0001509467  -0.0000308139
       -0.0006321929   0.0001985020   0.0003501792   0.0000103333   0.0002453469
       -0.0001369962   0.0000051695  -0.0000166819  -0.0000009520   0.0000276730
        0.0000773418  -0.0000396723   0.0000285114   0.0000254096  -0.0000158980
        0.0000170494   0.0000137761   0.0000024745  -0.0000375273   0.0000328135
        0.0000343623  -0.0000112096  -0.0003137588   0.0003171204  -0.1078473726
        0.1078739465   0.0590641690   0.0242265236  -0.0153635222  -0.0114278268
        0.0027335020   0.0008312526  -0.0040550146  -0.0004987654   0.0002962115
       -0.0000716821  -0.0010083927  -0.0002143662   0.0003800282   0.0000167122
        0.0000383318   0.0000479285   0.0000365160   0.0000940271  -0.0000108535
        0.0000343768  -0.0000861561   0.0000372586   0.0000335000   0.0001059959
       -0.0000186443   0.0000260123   0.0000851007  -0.0000260474  -0.0000043659
        0.0000042124  -0.0000158125   0.0000113375  -0.0000198293  -0.0000001002
        0.0988355543  -0.0531075082  -0.0964873557  -0.0026066313   0.0022052670
        0.0020186828  -0.0008143688  -0.0003685578   0.0003173840  -0.0000764375
        0.0001175497   0.0001832139  -0.0000291652   0.0001245799  -0.0000086979
       -0.0002280999   0.0002074425   0.0000444396   0.0000820953   0.0000317060
       -0.0000216674   0.0000045823  -0.0000017124   0.0000297478   0.0000106916
       -0.0000048960   0.0000300000  -0.0000024341  -0.0000064568   0.0000337215
        0.0000380769  -0.0000154794   0.0000417651  -0.0000366648   0.0000030132
        0.0000929789  -0.0003809225   0.0003409271   0.0003500845  -0.1081475753
        0.0590641690   0.1008996453  -0.0080204887   0.0049183098   0.0061664468
        0.0220250039  -0.0132348638  -0.0143365709  -0.0012683206  -0.0000465973
        0.0002523707   0.0003035304  -0.0000383183   0.0001896334   0.0002993432
       -0.0001212446   0.0001597112   0.0000422588   0.0000024861   0.0000111050
       -0.0000180939  -0.0000643828  -0.0000739806   0.0000158684   0.0000056960
        0.0000350521   0.0000072953   0.0000061246   0.0000350238  -0.0000208147
       -0.0000023473   0.0000301032  -0.0000142832  -0.0000149061   0.0000071630
       -0.0521284246   0.0301824756  -0.0110097624   0.0023659320  -0.0219978514
        0.0084315137   0.0006922056   0.0001298387   0.0002327719   0.0000736982
        0.0002164367   0.0001537072   0.0000101729   0.0000720353   0.0001008200
       -0.0000065062   0.0000312457  -0.0002392604  -0.0000713354   0.0000625009
       -0.0000379868  -0.0000184103  -0.0000298457   0.0000131935  -0.0000366243
       -0.0000006228   0.0001000757  -0.0000222641  -0.0000549642   0.0000529862
       -0.0000068853  -0.0000872245   0.0000069568  -0.0000004313  -0.0000300085
       -0.0000559622  -0.0004792778   0.0000515251   0.0000778984  -0.0032508648
        0.0242265236  -0.0080204887   0.0543162846  -0.0331234963   0.0139458309
        0.0020977398   0.0046004526  -0.0029143100   0.0003054790  -0.0002331440
        0.0000667306  -0.0040408283  -0.0035303277  -0.0010284601   0.0001779130
       -0.0000374924   0.0001305651   0.0000553390  -0.0000318495  -0.0000505251
       -0.0000409267  -0.0001064832  -0.0000800826   0.0000249777  -0.0000509475
       -0.0000053019   0.0000185071  -0.0000874004   0.0000367466  -0.0000008953
       -0.0001081626   0.0000564570  -0.0000345746  -0.0000632136   0.0000358865
        0.0322472149  -0.2794934428   0.0930554244  -0.0042425788  -0.0167639361
        0.0045007418  -0.0006194287   0.0013675011   0.0007311283   0.0002440205
       -0.0000385534  -0.0003643762   0.0000242273  -0.0000630511  -0.0000570169
        0.0005252114  -0.0002520170  -0.0000314279  -0.0000272790  -0.0001085942
        0.0000753372   0.0000705540  -0.0000646157  -0.0000194128   0.0000157089
        0.0001106043  -0.0000025437   0.0000054405  -0.0000015359   0.0000019027
        0.0000271628   0.0000049550  -0.0000136944   0.0000649353  -0.0000863230
       -0.0000398157  -0.0000458452   0.0000543138  -0.0010717602   0.0063619143
       -0.0153635222   0.0049183098  -0.0331234963   0.3106701901  -0.1070320466
        0.0012615721   0.0011332560   0.0062822028   0.0003335399   0.0002393055
        0.0002417939  -0.0032814916  -0.0014865593  -0.0011233014   0.0000643219
        0.0000661237   0.0001659378   0.0000785816   0.0000700378  -0.0000699824
       -0.0000479687  -0.0000029335  -0.0000720078   0.0000331718   0.0000675658
       -0.0000479621   0.0000294848   0.0000223579  -0.0000303638   0.0000177567
       -0.0000421347  -0.0000064630  -0.0000167305  -0.0000389920   0.0000093964
       -0.0125496647   0.0970803866  -0.0844047522   0.0022398016  -0.0030395376
        0.0023575043  -0.0001872951   0.0003393046   0.0004895820  -0.0001429485
       -0.0002580724   0.0001281068   0.0001464243   0.0000360426  -0.0001135483
        0.0001740647   0.0000587416   0.0002156689  -0.0000413380   0.0000415650
       -0.0000272323  -0.0000006996   0.0000141842  -0.0000417814   0.0000368467
        0.0000418510  -0.0000691984  -0.0000338896  -0.0000056362  -0.0000657002
       -0.0000012458  -0.0000066004   0.0000149000   0.0000227964  -0.0000744074
        0.0001261579   0.0003564457  -0.0002781903   0.0002215324   0.0020755364
       -0.0114278268   0.0061664468   0.0139458309  -0.1070320466   0.0868027668
       -0.0048566702   0.0261591400  -0.0123152787  -0.0004267370  -0.0011773334
        0.0001695104  -0.0006510281  -0.0006058297   0.0009308868   0.0000568080
        0.0001659989  -0.0002054685   0.0000101628   0.0001262640  -0.0000267811
       -0.0000965841  -0.0001292217  -0.0001970898   0.0000137802   0.0000955853
       -0.0000342381  -0.0000115045   0.0000498859  -0.0000509252  -0.0000387477
       -0.0000641890  -0.0000315322  -0.0000401447  -0.0001100582  -0.0000395364
       -0.0471052827  -0.0027823974  -0.0466786538  -0.0041521026  -0.0037431029
       -0.0197386881  -0.0005314565   0.0004364097  -0.0007297431  -0.0000223831
        0.0003854847  -0.0013341405   0.0001632045   0.0001526200   0.0004900745
       -0.0004259431  -0.0001044453  -0.0001600635  -0.0000085836  -0.0000303549
        0.0000566982   0.0001426041  -0.0000771109   0.0000491564   0.0001086060
        0.0000853239   0.0003280044   0.0000503848   0.0000115968   0.0002329354
       -0.0000588452  -0.0000865768   0.0001745320  -0.0001340356  -0.0000830248
       -0.0000362906  -0.0048210091  -0.0000099679   0.0039084421   0.0044218750
        0.0027335020   0.0220250039   0.0020977398   0.0012615721  -0.0048566702
        0.0527071574   0.0049883257   0.0441127429  -0.0035311621  -0.0027601873
       -0.0009124099   0.0004586442  -0.0000616162  -0.0002040869   0.0003178168
       -0.0001023854   0.0022016269   0.0003271184   0.0000954107  -0.0000353178
       -0.0000751447  -0.0001277231   0.0002719530   0.0001871419   0.0000918717
        0.0000892524   0.0001177077  -0.0000072961   0.0002382079  -0.0000678809
       -0.0001288596   0.0002822003  -0.0001661714  -0.0001370685   0.0002252341
       -0.0023667968  -0.0420111812  -0.0216032700  -0.0034197446  -0.0020923966
       -0.0129380384  -0.0005673820   0.0004014755   0.0006440882   0.0001727492
       -0.0002959598  -0.0001519043   0.0001151145   0.0002516080  -0.0000367760
       -0.0000557582  -0.0002064163   0.0000519928   0.0000349178  -0.0001468636
        0.0000440694   0.0001568591   0.0001751930  -0.0000228919   0.0000461432
        0.0002779971  -0.0001018876   0.0000281557   0.0000816406  -0.0001104459
       -0.0000387180  -0.0002221174  -0.0000612528  -0.0000901854  -0.0003024859
       -0.0000150060   0.0000906618  -0.0049409456   0.0000186733  -0.0000196020
        0.0008312526  -0.0132348638   0.0046004526   0.0011332560   0.0261591400
        0.0049883257   0.0481108866   0.0224933100  -0.0031577646  -0.0016362845
       -0.0006359724  -0.0005309591  -0.0004277904  -0.0004789477  -0.0000428758
        0.0011222773   0.0003080193   0.0001677484   0.0005732638  -0.0001349443
       -0.0000744174  -0.0004680063   0.0001739186   0.0001231108   0.0005035514
       -0.0001878238   0.0000381298   0.0001616278  -0.0001843073  -0.0000800660
       -0.0003473357  -0.0000652103  -0.0001180992  -0.0005262466   0.0000703307
       -0.0417790432  -0.0191422542  -0.2913312922  -0.0084485493  -0.0058896324
       -0.0026738644  -0.0008061301   0.0009394671   0.0009142003   0.0013369290
       -0.0005465788   0.0003098107  -0.0002878367   0.0001689157   0.0001825132
       -0.0005408333   0.0002955759  -0.0011320121   0.0003766920  -0.0002772928
       -0.0002016523   0.0003994722  -0.0001691444   0.0002227084  -0.0001101571
        0.0001138984   0.0001777703   0.0000240202   0.0000110687   0.0001343175
        0.0001131099  -0.0000624022  -0.0001948064  -0.0001462569  -0.0000075458
       -0.0002367924   0.0019099305  -0.0008404038   0.0212676138   0.0042059414
       -0.0040550146  -0.0143365709  -0.0029143100   0.0062822028  -0.0123152787
        0.0441127429   0.0224933100   0.2964224008   0.0005418146   0.0001480931
        0.0013691455   0.0003027424   0.0004566467   0.0008347234   0.0012278157
        0.0003997477   0.0010579721   0.0003141260  -0.0001431615  -0.0001846304
        0.0000094210  -0.0000622871  -0.0001109339   0.0000363958  -0.0000406312
       -0.0000974338   0.0000591395  -0.0000309247  -0.0000462801   0.0000640187
       -0.0000305810  -0.0000098638  -0.0000011953  -0.0000110715  -0.0000217646
       -0.0112685931  -0.0085775992  -0.0277910375  -0.0433502094  -0.0031514537
       -0.0213596924   0.0003181945   0.0042266536   0.0225179320  -0.0036615841
        0.0026677855   0.0011915496  -0.0001189466   0.0003085428   0.0012090980
        0.0006493513   0.0000090068   0.0027391467   0.0000411442   0.0000069346
       -0.0002239852   0.0001897149  -0.0000986626   0.0000760448   0.0000420675
        0.0000133219  -0.0000985096  -0.0000051540   0.0000131413  -0.0000544586
        0.0000317680   0.0000335535   0.0000232758   0.0000874806   0.0000167878
        0.0000913220   0.0002897209   0.0001274896  -0.0003351410   0.0003064306
       -0.0004987654  -0.0012683206   0.0003054790   0.0003335399  -0.0004267370
       -0.0035311621  -0.0031577646   0.0005418146   0.0591266597   0.0062242085
        0.0297685031   0.0020616874   0.0009302496  -0.0051852673  -0.0002601589
       -0.0000634721  -0.0003084968  -0.0003256298   0.0001019514   0.0001229885
       -0.0009382988   0.0004262102  -0.0010789446   0.0000248559  -0.0000072155
       -0.0000277269   0.0000069798   0.0000338856  -0.0000188478   0.0000186547
        0.0000339038  -0.0000287257  -0.0000404522   0.0000477666  -0.0000757837
       -0.0076710024  -0.0047107152  -0.0190352509  -0.0025586799  -0.0498473454
       -0.0287372248   0.0015418931  -0.0016695707  -0.0155720615   0.0025874464
       -0.0001289619  -0.0007908430   0.0001402822  -0.0002776272  -0.0007707783
       -0.0009312049  -0.0001109926  -0.0006120553  -0.0001708445   0.0001355998
       -0.0000350866  -0.0002040279   0.0000008417  -0.0000320040   0.0000411097
       -0.0000040869  -0.0000165172  -0.0000304439  -0.0000603587  -0.0000060012
       -0.0000346537   0.0000547788   0.0000168180  -0.0000812582  -0.0000106117
        0.0000353390   0.0001547599   0.0004091829  -0.0002393111   0.0004163040
        0.0002962115  -0.0000465973  -0.0002331440   0.0002393055  -0.0011773334
       -0.0027601873  -0.0016362845   0.0001480931   0.0062242085   0.0562404285
        0.0380286010   0.0029988460   0.0012902407   0.0283811942  -0.0000057929
       -0.0001483569   0.0000161144   0.0000878569  -0.0001883339  -0.0000242368
        0.0005383768   0.0001324838   0.0004149761  -0.0000368834  -0.0000431871
        0.0000339861  -0.0000286184  -0.0000283741   0.0000137155  -0.0000235662
        0.0000103166   0.0000033456   0.0000392240   0.0000554171   0.0000031185
       -0.0056420669  -0.0038408731  -0.0074264782  -0.0260214442  -0.0311432052
       -0.2623451185   0.0041171059  -0.0045608635  -0.0172610766   0.0024329699
       -0.0013653063  -0.0004711378  -0.0002547262  -0.0003040509  -0.0007776175
       -0.0017404165   0.0010900981   0.0014486364  -0.0000669584  -0.0002051540
       -0.0001030534  -0.0001361320   0.0000829729   0.0001072686   0.0000365085
       -0.0000075337   0.0000809168  -0.0000329274   0.0000224230   0.0000160201
       -0.0000329023   0.0000248861  -0.0000401883  -0.0001449585   0.0001383960
       -0.0000044694  -0.0001843572  -0.0002866234  -0.0003795322   0.0000202772
       -0.0000716821   0.0002523707   0.0000667306   0.0002417939   0.0001695104
       -0.0009124099  -0.0006359724   0.0013691455   0.0297685031   0.0380286010
        0.3044051741  -0.0020921794   0.0027187432  -0.0203524886   0.0001018030
        0.0000724768   0.0004845067   0.0002073746  -0.0001163887  -0.0000265451
        0.0005413362   0.0000787403   0.0007368315  -0.0000686724  -0.0000266652
        0.0000394853  -0.0000048344  -0.0000273375   0.0000050340   0.0000005477
        0.0000473244   0.0000133089   0.0000418291   0.0000452006   0.0000594967
       -0.0031493289  -0.0266115372   0.0095843921  -0.0377310607   0.0253547841
       -0.0136711940  -0.0103592765   0.0235899391  -0.0068988246   0.0000076330
        0.0000057545  -0.0009397918  -0.0003558022  -0.0005572897  -0.0000656249
       -0.0009176737   0.0017590049   0.0017182620  -0.0015763720  -0.0008906909
        0.0003092603  -0.0000358962   0.0000220254  -0.0002933471   0.0001276151
        0.0001917265  -0.0001010031   0.0000033883   0.0000052001  -0.0000602118
        0.0000421087   0.0002080537   0.0001681181   0.0000306074  -0.0000766221
        0.0003114936  -0.0000095512   0.0000607993   0.0001113641   0.0002459925
       -0.0010083927   0.0003035304  -0.0040408283  -0.0032814916  -0.0006510281
        0.0004586442  -0.0005309591   0.0003027424   0.0020616874   0.0029988460
       -0.0020921794   0.0547183641  -0.0219313627   0.0118201697   0.0001497620
        0.0002796960  -0.0001142172   0.0000919466  -0.0000237128  -0.0000353697
        0.0002440168   0.0003454545   0.0001288625   0.0000343801   0.0000472808
        0.0000438437  -0.0000109490   0.0000119530   0.0000584012  -0.0000365542
        0.0000543184   0.0000223517   0.0000071468  -0.0000227776   0.0000399997
       -0.0051327580  -0.0211671331   0.0073845589   0.0179319399  -0.2249238997
        0.0883557150   0.0107093151  -0.0151188208   0.0047362061  -0.0002366813
        0.0008563620   0.0006905518   0.0001660374   0.0004375451  -0.0000101886
        0.0006746799  -0.0015308108  -0.0009892218   0.0008111949   0.0006856857
        0.0000647894  -0.0001820687   0.0000285526   0.0001527306  -0.0000093219
       -0.0001190589  -0.0000417979  -0.0000514102  -0.0000133309  -0.0000059010
       -0.0000746528  -0.0001307093   0.0000332332   0.0000082323   0.0000325910
       -0.0001176286   0.0003300260   0.0005308175   0.0003679003   0.0000339666
       -0.0002143662  -0.0000383183  -0.0035303277  -0.0014865593  -0.0006058297
       -0.0000616162  -0.0004277904   0.0004566467   0.0009302496   0.0012902407
        0.0027187432  -0.0219313627   0.2618773336  -0.1027139593  -0.0000813633
       -0.0002959395  -0.0003397597  -0.0000807801   0.0001237515   0.0000609942
       -0.0001389191  -0.0002947870  -0.0000698822  -0.0000129776   0.0000371057
       -0.0000141189  -0.0000228423   0.0000014967  -0.0000402481  -0.0000315943
       -0.0001050322  -0.0000124865  -0.0000169654  -0.0000732441  -0.0000227288
        0.0002555277  -0.0047085793   0.0027959328  -0.0083928789   0.0893298799
       -0.0885564476   0.0008523071  -0.0081247879   0.0066838374   0.0010327873
       -0.0005399665  -0.0000914394  -0.0005487176   0.0002187186  -0.0001053116
       -0.0000517557  -0.0004773203  -0.0004408640   0.0006408683   0.0000694196
        0.0000931122   0.0002638971  -0.0000782735   0.0002522463  -0.0002108117
        0.0000296066   0.0000081768   0.0000713212   0.0000288570   0.0001244237
        0.0001005162  -0.0001027973  -0.0001193569  -0.0000359929   0.0001209128
       -0.0001205333   0.0002347747  -0.0000195767   0.0002965455   0.0002395694
        0.0003800282   0.0001896334  -0.0010284601  -0.0011233014   0.0009308868
       -0.0002040869  -0.0004789477   0.0008347234  -0.0051852673   0.0283811942
       -0.0203524886   0.0118201697  -0.1027139593   0.0978518887   0.0000150750
       -0.0001477516  -0.0001492020  -0.0000284366  -0.0000825008  -0.0000006429
        0.0001302774   0.0000181860  -0.0000266470  -0.0000397814  -0.0000492121
       -0.0000013497  -0.0000177341  -0.0000220416  -0.0000241581   0.0000295641
        0.0000362120  -0.0000440201   0.0000572680   0.0000560012  -0.0000289457
       -0.0012908601  -0.0000958026   0.0007710257   0.0006605811  -0.0004753826
        0.0009544918   0.0014738783  -0.0002861429  -0.0017828491  -0.2041070417
        0.0432476933  -0.1245693134  -0.0201769053   0.0064264068  -0.0118439103
        0.0015848114   0.0017723754   0.0006014633  -0.0000524057  -0.0000066789
        0.0005596739  -0.0015251362   0.0049553998   0.0012875507  -0.0004529286
        0.0001359905  -0.0004304013  -0.0004722618  -0.0001154002   0.0000801703
       -0.0000861513   0.0000393800   0.0002143548   0.0000269183  -0.0005879084
       -0.0000138905   0.0005468129   0.0002217313   0.0000377858  -0.0000405465
        0.0000167122   0.0002993432   0.0001779130   0.0000643219   0.0000568080
        0.0003178168  -0.0000428758   0.0012278157  -0.0002601589  -0.0000057929
        0.0001018030   0.0001497620  -0.0000813633   0.0000150750   0.2229950295
       -0.0538791060   0.1322607090   0.0002069628  -0.0014319555  -0.0003681321
        0.0001536899   0.0000606709   0.0005377210   0.0001033327   0.0000445339
       -0.0001622533   0.0000171508  -0.0000107318  -0.0000245944   0.0000825217
        0.0000416549   0.0000627624  -0.0000327851  -0.0000077300   0.0001267907
       -0.0005829699  -0.0002609678  -0.0001219273  -0.0006596187  -0.0012020790
        0.0003224263  -0.0044847271   0.0027979681  -0.0040996574   0.0423378402
       -0.0466400138   0.0295280458   0.0116217250  -0.0021756209   0.0066304670
        0.0016771687   0.0041242133  -0.0024537136  -0.0000453099  -0.0003764833
       -0.0001291667   0.0052489204   0.0066305937  -0.0028249013   0.0004198021
       -0.0001045498   0.0003907470  -0.0001522276  -0.0007056480   0.0000819136
       -0.0000486584  -0.0001185334  -0.0000497033  -0.0005468485  -0.0010852353
        0.0002219989   0.0001482838  -0.0019972550   0.0000747976  -0.0000037032
        0.0000383318  -0.0001212446  -0.0000374924   0.0000661237   0.0001659989
       -0.0001023854   0.0011222773   0.0003997477  -0.0000634721  -0.0001483569
        0.0000724768   0.0002796960  -0.0002959395  -0.0001477516  -0.0538791060
        0.0423643522  -0.0284949912  -0.0010580756  -0.0023674741   0.0009682592
       -0.0002236209   0.0000801649  -0.0003479147   0.0000642754   0.0002824746
       -0.0000262025   0.0000516451   0.0000148829  -0.0000168424   0.0000604986
        0.0001019054  -0.0000542611  -0.0000216395  -0.0001451314   0.0000313989
       -0.0002252965  -0.0000463100  -0.0007883023  -0.0002968260   0.0008975290
        0.0005429228  -0.0202028350   0.0040293663  -0.0192085386  -0.1259885983
        0.0302818677  -0.1363345405   0.0080174690  -0.0021326039   0.0068206695
        0.0000681304  -0.0024271903  -0.0046367592   0.0004539505  -0.0001448497
       -0.0000058106   0.0014617887  -0.0028381844  -0.0000412350   0.0005930877
       -0.0001468880   0.0005778124   0.0000897374   0.0001280738  -0.0001356663
       -0.0000521249   0.0000422695   0.0000156579   0.0002053902   0.0001899445
       -0.0002131098   0.0009873241   0.0000927794  -0.0023839605   0.0000710704
        0.0000479285   0.0001597112   0.0001305651   0.0001659378  -0.0002054685
        0.0022016269   0.0003080193   0.0010579721  -0.0003084968   0.0000161144
        0.0004845067  -0.0001142172  -0.0003397597  -0.0001492020   0.1322607090
       -0.0284949912   0.1546108654   0.0014270175   0.0002608494   0.0005626432
       -0.0009385407   0.0002374917  -0.0008018047  -0.0000689310  -0.0000348953
       -0.0000328483   0.0001022337  -0.0000461997  -0.0000163660   0.0000433468
       -0.0000549502   0.0000060766   0.0000824188   0.0000086511   0.0001147743
       -0.0001265744  -0.0001214756  -0.0002405476  -0.0001719648   0.0003540829
        0.0013392057  -0.0018099947   0.0054262670   0.0011147025  -0.0021698394
        0.0065419623   0.0236898765  -0.0416345503   0.0047693789   0.0062764697
       -0.0005748531   0.0002116840  -0.0000888107  -0.0024624775   0.0028775331
       -0.0029136544   0.0004520484  -0.0042576189  -0.0213276852   0.0005892126
       -0.0013841147  -0.0015211635   0.0001945970  -0.0000686780   0.0002964665
        0.0001253231  -0.0001526586   0.0000242496  -0.0000299467  -0.0003628140
       -0.0010659865   0.0000297267  -0.0002818187  -0.0004202924   0.0000641131
        0.0000365160   0.0000422588   0.0000553390   0.0000785816   0.0000101628
        0.0003271184   0.0001677484   0.0003141260  -0.0003256298   0.0000878569
        0.0002073746   0.0000919466  -0.0000807801  -0.0000284366   0.0002069628
       -0.0010580756   0.0014270175   0.0483110615  -0.0127743703  -0.0075649787
       -0.0003761841  -0.0006975598   0.0002173334  -0.0006143691   0.0004552867
        0.0003383116   0.0000592008   0.0000525493   0.0000292191   0.0000152783
        0.0000129575   0.0000811489  -0.0002255444   0.0001675595  -0.0002363677
       -0.0000664657  -0.0002929495  -0.0000420440   0.0000089464  -0.0002920556
       -0.0004520573   0.0053965827   0.0068538700  -0.0027657743   0.0019385306
       -0.0034524733  -0.0135035740   0.0051209287  -0.0507918325  -0.0626543426
        0.0001701389  -0.0000999489   0.0001274372   0.0027212102   0.0043779797
       -0.0001914970   0.0001666552   0.0028092577   0.0042130265  -0.0006689798
       -0.0012453051   0.0012145624  -0.0000599032  -0.0000890772  -0.0001239813
       -0.0001342402  -0.0001708320   0.0001167429  -0.0000327169  -0.0002301594
        0.0003152397  -0.0002477159  -0.0004677394   0.0002110747  -0.0000010831
        0.0000940271   0.0000024861  -0.0000318495   0.0000700378   0.0001262640
        0.0000954107   0.0005732638  -0.0001431615   0.0001019514  -0.0001883339
       -0.0001163887  -0.0000237128   0.0001237515  -0.0000825008  -0.0014319555
       -0.0023674741   0.0002608494  -0.0127743703   0.0460314411   0.0732372220
       -0.0007254700  -0.0017223582   0.0004013107   0.0002488339   0.0001450787
       -0.0000876059   0.0000628634   0.0001493614  -0.0000355902  -0.0000045669
       -0.0000006065  -0.0000339713   0.0001709776   0.0001830767   0.0000062734
        0.0000566702   0.0000948777   0.0001400120  -0.0000542517  -0.0001571108
       -0.0007336373   0.0012160850  -0.0027146862   0.0004355738   0.0025853320
       -0.0043010629  -0.0133042687   0.0082049871  -0.0633278622  -0.2926177827
        0.0000514134   0.0001696776   0.0008842981  -0.0036391973   0.0000541358
       -0.0011018236  -0.0021234881  -0.0042225261  -0.0205648403   0.0015570957
       -0.0001116047   0.0006934704   0.0002486366  -0.0001150442  -0.0001452911
        0.0001349375   0.0000413907   0.0002379553   0.0003951504  -0.0003059960
       -0.0009152219  -0.0000930724   0.0001988992   0.0001944902  -0.0000478527
       -0.0000108535   0.0000111050  -0.0000505251  -0.0000699824  -0.0000267811
       -0.0000353178  -0.0001349443  -0.0001846304   0.0001229885  -0.0000242368
       -0.0000265451  -0.0000353697   0.0000609942  -0.0000006429  -0.0003681321
        0.0009682592   0.0005626432  -0.0075649787   0.0732372220   0.3260028949
        0.0001698561   0.0004053625   0.0000082353  -0.0005515227   0.0003029709
        0.0004825802   0.0000626991  -0.0000444562   0.0001109673  -0.0000101787
        0.0000106429   0.0000463284  -0.0002319647  -0.0000040663  -0.0001890889
        0.0001383005   0.0002665501   0.0003161604   0.0003343206  -0.0021098123
       -0.0020457060  -0.0005636955  -0.0042540935  -0.0224031202  -0.0021636221
        0.0038307480  -0.0036175669  -0.0003596609   0.0000173774  -0.0000574960
       -0.0415877110   0.0065460092   0.0094044798  -0.0012539898   0.0063303309
        0.0229623851  -0.0030661779   0.0042830137   0.0008075719  -0.0000579604
        0.0001923856   0.0012045012   0.0001464658  -0.0002001527  -0.0000131033
        0.0002813233  -0.0001898549  -0.0001785918   0.0006724568  -0.0007117368
        0.0020955747  -0.0000446534   0.0000509565  -0.0000201572  -0.0000750550
        0.0000343768  -0.0000180939  -0.0000409267  -0.0000479687  -0.0000965841
       -0.0000751447  -0.0000744174   0.0000094210  -0.0009382988   0.0005383768
        0.0005413362   0.0002440168  -0.0001389191   0.0001302774   0.0001536899
       -0.0002236209  -0.0009385407  -0.0003761841  -0.0007254700   0.0001698561
        0.0493719596  -0.0139299121  -0.0074693915  -0.0002831278   0.0002607380
        0.0001235962  -0.0000023717  -0.0000213310  -0.0001019627   0.0000853372
        0.0000725626  -0.0001023211  -0.0005392908   0.0002038637  -0.0007025246
       -0.0004783791   0.0002523560   0.0001321654  -0.0007811502  -0.0019391823
        0.0016403589   0.0007989400   0.0017069834   0.0038560912   0.0035325769
        0.0067075005  -0.0006186446   0.0000358771  -0.0002589834   0.0001904261
        0.0060171375  -0.0482058438  -0.0627807244   0.0017576987  -0.0025826899
       -0.0134435596   0.0044176578   0.0038694957  -0.0016347898  -0.0001200934
       -0.0003238541  -0.0006378009  -0.0002268333  -0.0001781012   0.0001130534
       -0.0002081543   0.0000712602   0.0000697773  -0.0013980146  -0.0014332885
       -0.0003014872   0.0000106107   0.0002636899   0.0000249756  -0.0001238237
       -0.0000861561  -0.0000643828  -0.0001064832  -0.0000029335  -0.0001292217
       -0.0001277231  -0.0004680063  -0.0000622871   0.0004262102   0.0001324838
        0.0000787403   0.0003454545  -0.0002947870   0.0000181860   0.0000606709
        0.0000801649   0.0002374917  -0.0006975598  -0.0017223582   0.0004053625
       -0.0139299121   0.0438407704   0.0725788389   0.0002622318   0.0000838229
       -0.0001240372   0.0000084159   0.0000104853   0.0000619773   0.0000780435
        0.0002815319   0.0000051259   0.0004466011   0.0001956391   0.0003843651
        0.0003895688  -0.0000426032   0.0003355541   0.0015802352   0.0000636403
        0.0008287344  -0.0019022863  -0.0050126117  -0.0243003386  -0.0049165011
       -0.0000491815  -0.0013213412   0.0001920273   0.0001318583   0.0006889364
        0.0089178571  -0.0621087566  -0.2876074210   0.0029831384  -0.0050539763
       -0.0147692267   0.0018262795  -0.0020753527   0.0004910061  -0.0002435897
        0.0000083940  -0.0007482413  -0.0001355279   0.0001606455   0.0001558563
       -0.0001989725   0.0000456841  -0.0002047866  -0.0011349234   0.0011415052
        0.0008243598  -0.0004135870  -0.0000730794  -0.0001045274   0.0000495983
        0.0000372586  -0.0000739806  -0.0000800826  -0.0000720078  -0.0001970898
        0.0002719530   0.0001739186  -0.0001109339  -0.0010789446   0.0004149761
        0.0007368315   0.0001288625  -0.0000698822  -0.0000266470   0.0005377210
       -0.0003479147  -0.0008018047   0.0002173334   0.0004013107   0.0000082353
       -0.0074693915   0.0725788389   0.3254914154   0.0001535671  -0.0001314594
       -0.0000996714   0.0000249681  -0.0000012342   0.0000502879  -0.0000793029
       -0.0000194491   0.0001174236   0.0003800000  -0.0001005218   0.0006373696
       -0.0001183084  -0.0000974379  -0.0000987877  -0.0000585190  -0.0000082833
       -0.0000007457   0.0001666528  -0.0001288494   0.0000525839   0.0002962072
       -0.0001790772  -0.0002185877   0.0005605500  -0.0006343928   0.0020197228
       -0.0000750699   0.0002265725   0.0011754461  -0.0029708181   0.0041111029
        0.0009705628  -0.0014945343   0.0063226023   0.0226208968  -0.0422045657
        0.0065911848   0.0116510243  -0.0000019725  -0.0048016365  -0.0233011185
       -0.0017443982   0.0040710912  -0.0036048190  -0.0004262682   0.0001013733
       -0.0001212177  -0.0001159237  -0.0001000471  -0.0000504401   0.0000292469
        0.0000335000   0.0000158684   0.0000249777   0.0000331718   0.0000137802
        0.0001871419   0.0001231108   0.0000363958   0.0000248559  -0.0000368834
       -0.0000686724   0.0000343801  -0.0000129776  -0.0000397814   0.0001033327
        0.0000642754  -0.0000689310  -0.0006143691   0.0002488339  -0.0005515227
       -0.0002831278   0.0002622318   0.0001535671   0.0489058092  -0.0135403932
       -0.0090844979   0.0001944302  -0.0016209875  -0.0005196156  -0.0000849295
       -0.0002832959  -0.0011275907  -0.0003347803  -0.0007447890   0.0001464798
        0.0000098806  -0.0002754651  -0.0000932073  -0.0001016451  -0.0000873417
        0.0002344623  -0.0001463662  -0.0000636029  -0.0000119448  -0.0001832244
        0.0000862062   0.0000524563  -0.0013372665  -0.0014123191  -0.0002734953
       -0.0000754569  -0.0002786705  -0.0006369110   0.0042695813   0.0035838784
       -0.0016541680   0.0019295701  -0.0025943508  -0.0134185207   0.0062790279
       -0.0503650715  -0.0634186737   0.0001583011   0.0021643937   0.0050469242
        0.0039220424   0.0074783008  -0.0007769969   0.0001001354  -0.0001202419
        0.0002513401  -0.0000816661  -0.0003702319   0.0000554088   0.0000128244
        0.0001059959   0.0000056960  -0.0000509475   0.0000675658   0.0000955853
        0.0000918717   0.0005035514  -0.0000406312  -0.0000072155  -0.0000431871
       -0.0000266652   0.0000472808   0.0000371057  -0.0000492121   0.0000445339
        0.0002824746  -0.0000348953   0.0004552867   0.0001450787   0.0003029709
        0.0002607380   0.0000838229  -0.0001314594  -0.0135403932   0.0452498831
        0.0726706590  -0.0013108078  -0.0023918374   0.0011283147  -0.0000067366
       -0.0000766744   0.0002983188  -0.0007393484  -0.0017092628   0.0004246446
        0.0000484082   0.0001191307   0.0000582509  -0.0001009679  -0.0000074132
       -0.0000118909  -0.0001038630   0.0001406741   0.0001965208  -0.0001179448
        0.0000075198  -0.0001871787  -0.0010883437   0.0011033676   0.0008150504
       -0.0002728301   0.0000144106  -0.0006302725   0.0017477893  -0.0020212655
        0.0003458006   0.0030180694  -0.0048187266  -0.0141045732   0.0102640505
       -0.0628057874  -0.2902626773  -0.0013553657  -0.0045815277  -0.0217378464
       -0.0042800628  -0.0004875963  -0.0010597383  -0.0001013185   0.0002501189
        0.0007686029  -0.0000868033   0.0001780304   0.0001213157   0.0000103880
       -0.0000186443   0.0000350521  -0.0000053019  -0.0000479621  -0.0000342381
        0.0000892524  -0.0001878238  -0.0000974338  -0.0000277269   0.0000339861
        0.0000394853   0.0000438437  -0.0000141189  -0.0000013497  -0.0001622533
       -0.0000262025  -0.0000328483   0.0003383116  -0.0000876059   0.0004825802
        0.0001235962  -0.0001240372  -0.0000996714  -0.0090844979   0.0726706590
        0.3256221577   0.0008575236   0.0005294878   0.0007746259   0.0000710422
       -0.0002273926  -0.0010013001   0.0001750045   0.0004087190   0.0000015761
       -0.0000670386  -0.0000660988  -0.0000298931   0.0000250233   0.0001513827
       -0.0000071075   0.0001477996  -0.0000744731  -0.0001197816  -0.0004617975
       -0.0002224265  -0.0001207671  -0.0008373090   0.0005713827   0.0007486316
       -0.0000747524  -0.0006285547   0.0000254294   0.0003240123  -0.0003764418
       -0.0005004083  -0.0015656147   0.0040600726  -0.0043737803  -0.0233551056
        0.0123216424   0.0072101203  -0.2163471494   0.0973673111   0.0774179818
       -0.0026014161   0.0022646671   0.0023889482   0.0019394767   0.0018540585
        0.0000849215  -0.0001821703  -0.0000242012  -0.0000802358   0.0000252628
        0.0000260123   0.0000072953   0.0000185071   0.0000294848  -0.0000115045
        0.0001177077   0.0000381298   0.0000591395   0.0000069798  -0.0000286184
       -0.0000048344  -0.0000109490  -0.0000228423  -0.0000177341   0.0000171508
        0.0000516451   0.0001022337   0.0000592008   0.0000628634   0.0000626991
       -0.0000023717   0.0000084159   0.0000249681   0.0001944302  -0.0013108078
        0.0008575236   0.2422367506  -0.1148968949  -0.0832733066   0.0005671857
       -0.0011853131  -0.0004424143  -0.0001738132   0.0000296042  -0.0000081247
        0.0001612567  -0.0001532744  -0.0000366579  -0.0001193220   0.0002184674
        0.0000216544   0.0000150974   0.0000542501  -0.0000030395  -0.0002277052
       -0.0007248404   0.0002355394   0.0002986791  -0.0001169848  -0.0002519302
       -0.0005653139  -0.0011790338   0.0003324039  -0.0004199315  -0.0000564294
        0.0001979632   0.0041969833   0.0079463412  -0.0006168737   0.0074014685
       -0.0027415361  -0.0020356961   0.0974169405  -0.0874875158  -0.0439415968
        0.0070945163  -0.0027400085  -0.0041727822   0.0018136932   0.0047218412
       -0.0026550232   0.0000262179  -0.0001437723   0.0000488090   0.0000215932
        0.0000851007   0.0000061246  -0.0000874004   0.0000223579   0.0000498859
       -0.0000072961   0.0001616278  -0.0000309247   0.0000338856  -0.0000283741
       -0.0000273375   0.0000119530   0.0000014967  -0.0000220416  -0.0000107318
        0.0000148829  -0.0000461997   0.0000525493   0.0001493614  -0.0000444562
       -0.0000213310   0.0000104853  -0.0000012342  -0.0016209875  -0.0023918374
        0.0005294878  -0.1148968949   0.0859795926   0.0518340876  -0.0008719374
       -0.0013441767   0.0007697183   0.0003040175  -0.0002580215  -0.0001398804
       -0.0001121869   0.0001095042   0.0000005627  -0.0000804145  -0.0000306048
       -0.0000372929  -0.0000517572   0.0000141634   0.0000008230  -0.0001417829
        0.0002284275  -0.0001278318  -0.0005994713   0.0003219457   0.0003138461
        0.0002096835   0.0002510366   0.0000231839  -0.0006457096   0.0002721638
       -0.0003527646  -0.0036059660  -0.0009313767  -0.0011402094  -0.0145433509
        0.0075104259   0.0059337415   0.0777210175  -0.0440572244  -0.0783775766
        0.0236769296  -0.0135310043  -0.0125356171  -0.0002205030  -0.0025384495
       -0.0054997830  -0.0002039089   0.0001689004   0.0000420655   0.0000348302
       -0.0000260474   0.0000350238   0.0000367466  -0.0000303638  -0.0000509252
        0.0002382079  -0.0001843073  -0.0000462801  -0.0000188478   0.0000137155
        0.0000050340   0.0000584012  -0.0000402481  -0.0000241581  -0.0000245944
       -0.0000168424  -0.0000163660   0.0000292191  -0.0000355902   0.0001109673
       -0.0001019627   0.0000619773   0.0000502879  -0.0005196156   0.0011283147
        0.0007746259  -0.0832733066   0.0518340876   0.0909759220   0.0009392590
        0.0001679275   0.0006554867   0.0011990838  -0.0006605311  -0.0007127655
       -0.0000685237  -0.0000072155   0.0000335312  -0.0000236536   0.0000677143
       -0.0001175046  -0.0002795717  -0.0001674830   0.0002422882   0.0000624293
       -0.0000113333   0.0000899606  -0.0000880653  -0.0005212216   0.0002479364
       -0.0008926461   0.0002846664  -0.0010714664  -0.0019423987   0.0055799321
        0.0019706227   0.0002175961  -0.0001027338   0.0006406657   0.0019362773
        0.0017556896  -0.0003337882  -0.0003812088   0.0003817229  -0.0017261048
       -0.1993527973   0.0450551505  -0.1206904187  -0.0234678064   0.0072770767
       -0.0147161796   0.0000038385   0.0000661799  -0.0000808304  -0.0000281088
       -0.0000043659  -0.0000208147  -0.0000008953   0.0000177567  -0.0000387477
       -0.0000678809  -0.0000800660   0.0000640187   0.0000186547  -0.0000235662
        0.0000005477  -0.0000365542  -0.0000315943   0.0000295641   0.0000825217
        0.0000604986   0.0000433468   0.0000152783  -0.0000045669  -0.0000101787
        0.0000853372   0.0000780435  -0.0000793029  -0.0000849295  -0.0000067366
        0.0000710422   0.0005671857  -0.0008719374   0.0009392590   0.2235396702
       -0.0572221561   0.1347076720   0.0001862514  -0.0015694546  -0.0001951189
        0.0001264680   0.0001018433   0.0000867642  -0.0000653886  -0.0000166231
       -0.0000715785  -0.0001253693  -0.0006538402   0.0001333637  -0.0000000516
       -0.0000378954  -0.0000642647  -0.0005576014  -0.0011114519   0.0002263763
        0.0005981852   0.0001425076   0.0004828903   0.0053524639   0.0066837410
       -0.0029996581  -0.0000714073  -0.0003725445  -0.0002013481   0.0018347123
        0.0047528361  -0.0025076761  -0.0044499658   0.0024112424  -0.0040417479
        0.0449806202  -0.0473547402   0.0301828030   0.0122700850  -0.0029301576
        0.0076247156   0.0001001932   0.0002821022   0.0000326460  -0.0000164835
        0.0000042124  -0.0000023473  -0.0001081626  -0.0000421347  -0.0000641890
       -0.0001288596  -0.0003473357  -0.0000305810   0.0000339038   0.0000103166
        0.0000473244   0.0000543184  -0.0001050322   0.0000362120   0.0000416549
        0.0001019054  -0.0000549502   0.0000129575  -0.0000006065   0.0000106429
        0.0000725626   0.0002815319  -0.0000194491  -0.0002832959  -0.0000766744
       -0.0002273926  -0.0011853131  -0.0013441767   0.0001679275  -0.0572221561
        0.0420930940  -0.0297643103  -0.0012640701  -0.0024721196   0.0010178270
       -0.0001649067   0.0000306092  -0.0000421582   0.0000591567   0.0000296247
       -0.0000147664   0.0002199733   0.0000860022   0.0000747975   0.0000773944
       -0.0000554451  -0.0000771207   0.0000846885   0.0002940086   0.0000456455
        0.0003119187  -0.0001697910   0.0002006442   0.0011367011  -0.0026053575
        0.0004221212   0.0007792031  -0.0002619660   0.0000057086   0.0000152401
       -0.0026695220  -0.0056107505  -0.0230652306   0.0053080482  -0.0198899380
       -0.1210014287   0.0303518948  -0.1350267571   0.0071386436  -0.0019770974
        0.0058064335  -0.0002864693   0.0000718347   0.0000070023   0.0000473235
       -0.0000158125   0.0000301032   0.0000564570  -0.0000064630  -0.0000315322
        0.0002822003  -0.0000652103  -0.0000098638  -0.0000287257   0.0000033456
        0.0000133089   0.0000223517  -0.0000124865  -0.0000440201   0.0000627624
       -0.0000542611   0.0000060766   0.0000811489  -0.0000339713   0.0000463284
       -0.0001023211   0.0000051259   0.0001174236  -0.0011275907   0.0002983188
       -0.0010013001  -0.0004424143   0.0007697183   0.0006554867   0.1347076720
       -0.0297643103   0.1534233749   0.0011362517   0.0004431630   0.0008937521
        0.0001432235   0.0000693117   0.0001160031   0.0000903203   0.0000499816
       -0.0000577913   0.0001473193  -0.0000727128   0.0001973880   0.0001055270
       -0.0001477327   0.0001101454   0.0000454086  -0.0003169893  -0.0011493756
        0.0007007731  -0.0014730502  -0.0015781539   0.0004252624  -0.0045659755
       -0.0215696294  -0.0026099937   0.0030179584  -0.0029131998  -0.0004203884
        0.0001007252  -0.0000390337  -0.0022717851   0.0054024682   0.0011153936
       -0.0022018876   0.0069697476   0.0246335730  -0.0420189021   0.0058330653
        0.0073420497   0.0001311741   0.0000994177   0.0000142873  -0.0000276945
        0.0000113375  -0.0000142832  -0.0000345746  -0.0000167305  -0.0000401447
       -0.0001661714  -0.0001180992  -0.0000011953  -0.0000404522   0.0000392240
        0.0000418291   0.0000071468  -0.0000169654   0.0000572680  -0.0000327851
       -0.0000216395   0.0000824188  -0.0002255444   0.0001709776  -0.0002319647
       -0.0005392908   0.0004466011   0.0003800000  -0.0003347803  -0.0007393484
        0.0001750045  -0.0001738132   0.0003040175   0.0011990838   0.0001862514
       -0.0012640701   0.0011362517   0.0491156567  -0.0137615201  -0.0090059242
        0.0000972149   0.0002139427   0.0001201444   0.0000595940   0.0002983144
       -0.0002450533  -0.0000480755  -0.0001145114   0.0000105976  -0.0001414868
       -0.0002281730   0.0000632857   0.0000373721  -0.0000318329   0.0002933858
       -0.0007007843  -0.0012492732   0.0012627458  -0.0001359318   0.0022628447
        0.0042843144   0.0027951295   0.0044764266  -0.0002242674   0.0001093328
       -0.0001781815   0.0002092151   0.0055988448   0.0064120083  -0.0025145098
        0.0019050202  -0.0031659344  -0.0143502260   0.0062140254  -0.0492164408
       -0.0615425682   0.0000716615   0.0004076377  -0.0000014342  -0.0000041575
       -0.0000198293  -0.0000149061  -0.0000632136  -0.0000389920  -0.0001100582
       -0.0001370685  -0.0005262466  -0.0000110715   0.0000477666   0.0000554171
        0.0000452006  -0.0000227776  -0.0000732441   0.0000560012  -0.0000077300
       -0.0001451314   0.0000086511   0.0001675595   0.0001830767  -0.0000040663
        0.0002038637   0.0001956391  -0.0001005218  -0.0007447890  -0.0017092628
        0.0004087190   0.0000296042  -0.0002580215  -0.0006605311  -0.0015694546
       -0.0024721196   0.0004431630  -0.0137615201   0.0449218873   0.0725737901
       -0.0001140096  -0.0000425190   0.0000209584   0.0001626974  -0.0001120809
        0.0000441014   0.0001341265  -0.0000659808  -0.0002002418   0.0000671170
        0.0000905294   0.0002866508   0.0004791566  -0.0004193052  -0.0009991939
        0.0017174570  -0.0001852579   0.0007245325  -0.0018585425  -0.0044025199
       -0.0217052168  -0.0039403769   0.0002132790  -0.0009487458  -0.0000406477
        0.0002375036   0.0007848041   0.0019527135  -0.0028792419   0.0005335681
        0.0023960518  -0.0046199053  -0.0148009974   0.0089183777  -0.0621551746
       -0.2889675277  -0.0002561848  -0.0000177617   0.0000062165   0.0000315172
       -0.0000001002   0.0000071630   0.0000358865   0.0000093964  -0.0000395364
        0.0002252341   0.0000703307  -0.0000217646  -0.0000757837   0.0000031185
        0.0000594967   0.0000399997  -0.0000227288  -0.0000289457   0.0001267907
        0.0000313989   0.0001147743  -0.0002363677   0.0000062734  -0.0001890889
       -0.0007025246   0.0003843651   0.0006373696   0.0001464798   0.0004246446
        0.0000015761  -0.0000081247  -0.0001398804  -0.0007127655  -0.0001951189
        0.0010178270   0.0008937521  -0.0090059242   0.0725737901   0.3244990611
