           1           2  0.92263991320929861     
           2           3   1.0074335493192030     
           3           4   1.0055674020673253     
           4           5   1.0039565865393065     
           5           6   1.0218683882325597     
           1           7  0.90501054360550015     
           1           8  0.91334802492241940     
           1           9  0.90910912430235080     
           2          10  0.96742240973890514     
           2          11  0.96545082077314992     
           3          12  0.96997654156187751     
           3          13  0.95716710004449534     
           4          14  0.97494117392128310     
           4          15  0.97405539464710644     
           5          16  0.97488744174985997     
           5          17  0.97644634872005154     
           6          18  0.98427347564699230     
           6          19  0.98625417797687587     
           6          20  0.98409834593111711     
