   -0.12749548
   -0.02411726
   -0.08235665
   -0.01076770
   -0.04942466
   -0.04097220
   -0.04154435
   -0.03758765
    0.07145225
   -0.09669818
   -0.08985353
    0.06752590
   -0.03930908
   -0.02994159
   -0.03220220
   -0.02757947
   -0.03719432
   -0.87261640
    0.25504734
    0.25896361
    0.31529401
    0.10174842
    0.10506762
    0.05452758
    0.07635411
    0.02820467
    0.04788062
    0.03893319
    0.04035900
    0.02703046
    0.03371951
    0.03480773
    0.03947788
    0.04326681
