           1           2  0.92428535118457322     
           2           3   1.0040280750606687     
           3           4  0.99154243966574429     
           4           5  0.99524337587429046     
           5           6   1.0067449534376169     
           6           7   1.0084768184605153     
           7           8   1.0084014017584824     
           4           9  0.99560582813839582     
           8           9   1.0050311808664376     
           1          10  0.91056533622307456     
           1          11  0.89705667525535504     
           1          12  0.91382003965122283     
           2          13  0.96899848956283852     
           2          14  0.95951274255933172     
           3          15  0.96793875612627733     
           3          16  0.96414754190513774     
           4          17  0.96277997420733041     
           5          18  0.97614855288000935     
           5          19  0.97327798453382208     
           6          20  0.97682270203222599     
           6          21  0.97531969581351119     
           7          22  0.97566202695419924     
           7          23  0.97773223883078964     
           8          24  0.97656255488848520     
           8          25  0.97584190518639802     
           9          26  0.97601207085562036     
           9          27  0.97149879896265312     
