$hessian                                                                        
        0.5423324309  -0.0422298478   0.0177525714  -0.0893656616  -0.0375534161
        0.0164523564  -0.0245671991  -0.0294750484   0.0122775955  -0.0073565408
        0.0023695730  -0.0023559863  -0.0009446288  -0.0011596008   0.0011061223
       -0.0157939506   0.0025630430  -0.0022785638  -0.0679867794   0.0654397850
        0.0405667206  -0.2893341026   0.0289727721  -0.0290680513  -0.0544088091
        0.0080762086  -0.0529480883   0.0028411050   0.0032086063  -0.0023215644
        0.0013991438   0.0016268036   0.0004345070   0.0016427396  -0.0007929352
       -0.0001897688   0.0013799148  -0.0003050854   0.0008556680  -0.0000394823
       -0.0001936517   0.0000366295  -0.0001921404   0.0002936883   0.0001981718
        0.0003939606  -0.0008408944  -0.0005183196
       -0.0422298478   0.5026948691   0.0329162016  -0.0385422077  -0.1400466138
        0.0278471913  -0.0068355894  -0.0033718490   0.0019203916  -0.0017689896
        0.0018322826  -0.0009515620  -0.0004822596   0.0000922553   0.0004366728
        0.0006501937   0.0008596519   0.0000769089   0.0675650220  -0.2343919888
       -0.1165121104   0.0321299851  -0.0419361861   0.0027772243   0.0072817963
       -0.0520200266   0.0375787642  -0.0145177873  -0.0279423612   0.0089868972
       -0.0049611553  -0.0084682510   0.0056275244   0.0010433132   0.0016657720
        0.0001664594   0.0007917384   0.0005744012  -0.0004821234   0.0000028650
        0.0001990814  -0.0002182722  -0.0001978141   0.0002759105   0.0000425840
        0.0000707369  -0.0000169474  -0.0002127516
        0.0177525714   0.0329162016   0.5775757208   0.0168999756   0.0277257793
       -0.0853360037   0.0011901971   0.0003421736   0.0012122925   0.0003098643
       -0.0005594966   0.0005728362   0.0000628928   0.0001539945   0.0000641112
       -0.0013427560   0.0001624179   0.0005322345   0.0439473845  -0.1196196543
       -0.1215765154  -0.0304734418   0.0026393297  -0.0435243618  -0.0569919319
        0.0407586662  -0.3236416137  -0.0062047048  -0.0106332986   0.0046042006
        0.0156564623   0.0267497283  -0.0131087866  -0.0000450304   0.0002367267
        0.0004772022  -0.0006459733  -0.0006877311   0.0014502406   0.0000857982
       -0.0005112080   0.0003121287  -0.0001694094   0.0003231721   0.0002463973
       -0.0000318985   0.0000031987   0.0001399165
       -0.0893656616  -0.0385422077   0.0168999756   0.4397231418  -0.0475516953
        0.0155145037  -0.1798955688   0.0331274924  -0.0224920469  -0.0197406360
       -0.0127740650   0.0019657551   0.0005030180   0.0012851402   0.0015510768
        0.0003020649  -0.0000917001   0.0000183453   0.0046202335   0.0038331187
       -0.0040640305  -0.0116409187  -0.0175837549   0.0071207508   0.0030162687
        0.0036742351   0.0011748371  -0.0644639918   0.0590306697   0.0345513925
       -0.0527680406   0.0087966319  -0.0473876369  -0.0182123359   0.0056493652
        0.0006205803  -0.0136134677   0.0014159238  -0.0054469662   0.0009701040
        0.0004024272  -0.0003110315  -0.0003266322  -0.0000580023   0.0003467360
        0.0008924224  -0.0006135790  -0.0000622411
       -0.0375534161  -0.1400466138   0.0277257793  -0.0475516953   0.4828959690
        0.0198980854   0.0216924560  -0.0606873592   0.0002437012  -0.0228862709
       -0.0031176756  -0.0009133846  -0.0012298636  -0.0017096873   0.0013429270
        0.0019313336  -0.0008282202   0.0004135024  -0.0103982018  -0.0239913948
        0.0055563082  -0.0056415514   0.0026823324  -0.0012266983  -0.0017752293
       -0.0051379006   0.0072285688   0.0627426744  -0.1932195052  -0.0953747313
        0.0096973739  -0.0492772536   0.0321389230   0.0261957315  -0.0057665990
        0.0017138250   0.0045843531  -0.0006870454   0.0016092321  -0.0003442254
        0.0002137470  -0.0001584277  -0.0003664376  -0.0000117024   0.0002313655
        0.0009029689  -0.0013110913  -0.0004289759
        0.0164523564   0.0278471913  -0.0853360037   0.0155145037   0.0198980854
        0.5261362622  -0.0168666066   0.0014242654  -0.0700002662   0.0076010653
       -0.0004810974   0.0008070538   0.0004429545   0.0002537436   0.0001747485
       -0.0008140672   0.0002302053  -0.0002883930  -0.0071170682  -0.0089005535
        0.0060122875   0.0017728420  -0.0019904930   0.0017828330   0.0131756822
        0.0230098593  -0.0112556919   0.0364222284  -0.0904293445  -0.1042241871
       -0.0516323462   0.0267391010  -0.2594899568   0.0157126763  -0.0030647295
        0.0018266314  -0.0309450184   0.0048052172  -0.0070386177   0.0003234704
        0.0007006267   0.0003437486   0.0002801097  -0.0002779840   0.0000664689
       -0.0003227823   0.0002359067   0.0004830824
       -0.0245671991  -0.0068355894   0.0011901971  -0.1798955688   0.0216924560
       -0.0168666066   0.4459750996  -0.0031257521   0.0073304353  -0.0927108149
       -0.0589201330   0.0241958104  -0.0139328577  -0.0224607959   0.0009723015
       -0.0004404231  -0.0000921185   0.0001773459   0.0014662261   0.0002290687
        0.0000894744   0.0008371235  -0.0028789035   0.0012720366   0.0014886007
        0.0000728843  -0.0003144951  -0.0156260276   0.0049824778   0.0007352496
       -0.0121083196   0.0019121800  -0.0055372744  -0.0608970912   0.0605046644
        0.0343248045  -0.0536271871   0.0087583993  -0.0457559918   0.0007101722
        0.0001360438   0.0001533139  -0.0030376064   0.0029334245   0.0018487145
        0.0063658734  -0.0069083065  -0.0038153159
       -0.0294750484  -0.0033718490   0.0003421736   0.0331274924  -0.0606873592
        0.0014242654  -0.0031257521   0.4973130486   0.0007749683  -0.0637342625
       -0.1640843750   0.0453375261  -0.0186522861  -0.0257564330   0.0002950730
       -0.0009140535   0.0003061838  -0.0003433847  -0.0007492426   0.0014872537
        0.0008983768   0.0000745327  -0.0036135084   0.0018269586  -0.0000220636
        0.0005957174  -0.0009838594   0.0223577035  -0.0033136303   0.0015882322
        0.0036376203   0.0000853703   0.0007553123   0.0570395730  -0.1841623692
       -0.0865323055   0.0085918901  -0.0506623972   0.0297681448  -0.0038344756
       -0.0073394468   0.0048771586   0.0033698285  -0.0002623987   0.0005295676
       -0.0076914562   0.0034661932  -0.0005582078
        0.0122775955   0.0019203916   0.0012122925  -0.0224920469   0.0002437012
       -0.0700002662   0.0073304353   0.0007749683   0.5155591505   0.0269852364
        0.0472379544  -0.0867364483  -0.0079954715  -0.0122301144   0.0054275755
        0.0003437721  -0.0001216776  -0.0000723103  -0.0005394851  -0.0002255261
        0.0005202953   0.0000462210   0.0017265180  -0.0006009707   0.0010379954
        0.0001688658   0.0015004606   0.0145611300  -0.0026320844   0.0018110455
       -0.0282577762   0.0037403129  -0.0057115419   0.0336499850  -0.0900513764
       -0.1010336668  -0.0451806114   0.0307411199  -0.2502930787   0.0127105205
        0.0219268664  -0.0116918147  -0.0003943352  -0.0024239569   0.0010087232
       -0.0040831651  -0.0007959626  -0.0008994456
       -0.0073565408  -0.0017689896   0.0003098643  -0.0197406360  -0.0228862709
        0.0076010653  -0.0927108149  -0.0637342625   0.0269852364   0.3679139567
        0.2768665132   0.1774688356  -0.2020173095  -0.1799759683  -0.1740803528
       -0.0000055276   0.0000478185   0.0000863864  -0.0005231895   0.0004374875
        0.0001186226  -0.0003835103  -0.0008647969   0.0003318925  -0.0004207243
        0.0002012563  -0.0003794511   0.0006112167  -0.0002253568   0.0001840456
        0.0005901630   0.0000622163   0.0000698694   0.0035939258   0.0007637671
       -0.0034547261   0.0026063823   0.0020068274   0.0007483926  -0.0392579765
        0.0025159267  -0.0217407073  -0.0018195591  -0.0027573034  -0.0055040545
       -0.0110798561  -0.0106888646  -0.0087449188
        0.0023695730   0.0018322826  -0.0005594966  -0.0127740650  -0.0031176756
       -0.0004810974  -0.0589201330  -0.1640843750   0.0472379544   0.2768665132
        0.4939953517   0.0580786578  -0.1793580132  -0.2255050746  -0.1647382425
        0.0007857514   0.0001179957  -0.0000486065  -0.0001195883  -0.0000129546
       -0.0000583516  -0.0011530430  -0.0000109472   0.0001092184  -0.0001842387
       -0.0000024828   0.0000869706   0.0007782875   0.0007773153  -0.0000547051
        0.0004549981   0.0006431371  -0.0006171452  -0.0138912419  -0.0284174557
        0.0055148304  -0.0034144652  -0.0064412305   0.0075687800   0.0011335432
       -0.0546782420   0.0605093696   0.0023020196   0.0030517800   0.0018653049
       -0.0148758979  -0.0181474243  -0.0144134413
       -0.0023559863  -0.0009515620   0.0005728362   0.0019657551  -0.0009133846
        0.0008070538   0.0241958104   0.0453375261  -0.0867364483   0.1774688356
        0.0580786578   0.6649649488  -0.1744254029  -0.1658863671  -0.2615510348
       -0.0003849238   0.0000510319   0.0001864705   0.0001607967   0.0000756790
       -0.0000728162   0.0004521818  -0.0002798263   0.0001270191   0.0000807411
       -0.0000301948  -0.0002700678   0.0003228544  -0.0002028941   0.0003372631
       -0.0010089905  -0.0005966579   0.0004041890  -0.0068071395  -0.0121756208
        0.0054796741   0.0137017307   0.0257559815  -0.0164545018  -0.0203271021
        0.0632493025  -0.2868858175  -0.0187271883  -0.0165337592  -0.0260884662
        0.0056880274   0.0050220879   0.0051796979
       -0.0009446288  -0.0004822596   0.0000628928   0.0005030180  -0.0012298636
        0.0004429545  -0.0139328577  -0.0186522861  -0.0079954715  -0.2020173095
       -0.1793580132  -0.1744254029   0.3576028350   0.3123517659   0.1646183744
       -0.0001258513  -0.0002513597  -0.0001561796   0.0000252060   0.0001307481
        0.0000664617   0.0001490858   0.0002519231   0.0001639775   0.0000087980
        0.0001334835  -0.0000787183   0.0001138468  -0.0000779602   0.0000711166
       -0.0000858148  -0.0000758994   0.0000806039  -0.0005723966  -0.0002976331
        0.0005171701   0.0002265490   0.0012390506  -0.0006916261  -0.0024716799
       -0.0028505244  -0.0053957088  -0.0388178901   0.0003426920  -0.0241463405
       -0.0996609100  -0.1111738640   0.0468658962
       -0.0011596008   0.0000922553   0.0001539945   0.0012851402  -0.0017096873
        0.0002537436  -0.0224607959  -0.0257564330  -0.0122301144  -0.1799759683
       -0.2255050746  -0.1658863671   0.3123517659   0.5218748809   0.0377882563
       -0.0000419589   0.0004355163   0.0001142486   0.0000232910   0.0001243281
       -0.0000272334   0.0000921695  -0.0005391355  -0.0000453506   0.0000328869
       -0.0000771075  -0.0002104035  -0.0001380123  -0.0001754231   0.0001320674
       -0.0000887916  -0.0000923058   0.0001474820  -0.0018266293  -0.0030525129
        0.0007741502   0.0003692804   0.0009224126  -0.0018512105   0.0023709253
        0.0028078588   0.0014264266  -0.0002338346  -0.0530772584   0.0577333445
       -0.1105998676  -0.2162723138   0.0817269655
        0.0011061223   0.0004366728   0.0000641112   0.0015510768   0.0013429270
        0.0001747485   0.0009723015   0.0002950730   0.0054275755  -0.1740803528
       -0.1647382425  -0.2615510348   0.1646183744   0.0377882563   0.6610183902
        0.0000911146  -0.0000278773   0.0001886065  -0.0000045425  -0.0000545377
        0.0000213763   0.0000269634   0.0002382759  -0.0002385209   0.0000105947
        0.0000123576   0.0001642782  -0.0002359833   0.0000138107  -0.0000335951
        0.0001484684   0.0000061350  -0.0001898217   0.0009988769   0.0022507727
        0.0003205976   0.0015441673   0.0015523986   0.0015887385  -0.0187504708
       -0.0179822913  -0.0253677138  -0.0230616724   0.0594142707  -0.3026372975
        0.0450649614   0.0794519986  -0.0789504387
       -0.0157939506   0.0006501937  -0.0013427560   0.0003020649   0.0019313336
       -0.0008140672  -0.0004404231  -0.0009140535   0.0003437721  -0.0000055276
        0.0007857514  -0.0003849238  -0.0001258513  -0.0000419589   0.0000911146
       -0.0083826306   0.0020316039  -0.0015973887   0.0003113112  -0.0010596939
       -0.0004688349   0.0232716662  -0.0038711719   0.0035034247   0.0001974479
       -0.0003644940   0.0010992395   0.0003663863   0.0004162162   0.0000974984
        0.0003913378   0.0003025326  -0.0002979624   0.0000093305   0.0000815050
       -0.0000544037   0.0000311302   0.0000763196  -0.0001069768  -0.0000438916
       -0.0000076665   0.0000249977   0.0000218984   0.0000557847  -0.0000243761
       -0.0001102989  -0.0000722022  -0.0000683576
        0.0025630430   0.0008596519   0.0001624179  -0.0000917001  -0.0008282202
        0.0002302053  -0.0000921185   0.0003061838  -0.0001216776   0.0000478185
        0.0001179957   0.0000510319  -0.0002513597   0.0004355163  -0.0000278773
        0.0020316039   0.0034964326   0.0001187438  -0.0002540238  -0.0002173968
        0.0002696200  -0.0038302816  -0.0046173648  -0.0004130952   0.0000322413
       -0.0005019614  -0.0001397712   0.0001386002   0.0000747054   0.0001250167
        0.0001463817  -0.0003329599  -0.0002569783   0.0000902102   0.0002262946
        0.0001834430   0.0000842050   0.0001936788   0.0000390364  -0.0001405974
        0.0001264312  -0.0000880509  -0.0001958947   0.0003203229  -0.0000378775
       -0.0002781281   0.0003406899  -0.0000941870
       -0.0022785638   0.0000769089   0.0005322345   0.0000183453   0.0004135024
       -0.0002883930   0.0001773459  -0.0003433847  -0.0000723103   0.0000863864
       -0.0000486065   0.0001864705  -0.0001561796   0.0001142486   0.0001886065
       -0.0015973887   0.0001187438   0.0027786390  -0.0001874176  -0.0000095613
       -0.0001330050   0.0035070010  -0.0003243980  -0.0041486316   0.0003373254
        0.0001638621   0.0001347651   0.0000752072   0.0001153471  -0.0006634508
        0.0000897215  -0.0003999700  -0.0001634302  -0.0000602082   0.0000386368
        0.0006216604  -0.0001189245   0.0002080505   0.0005788747   0.0002639598
       -0.0003459126   0.0001657060  -0.0001470124   0.0002480047   0.0002258401
       -0.0000095976  -0.0000254717   0.0000564241
       -0.0679867794   0.0675650220   0.0439473845   0.0046202335  -0.0103982018
       -0.0071170682   0.0014662261  -0.0007492426  -0.0005394851  -0.0005231895
       -0.0001195883   0.0001607967   0.0000252060   0.0000232910  -0.0000045425
        0.0003113112  -0.0002540238  -0.0001874176   0.0682964178  -0.0731883453
       -0.0484938817  -0.0090272859   0.0230111994   0.0141459366   0.0037393402
       -0.0038871432  -0.0029241539  -0.0007823644  -0.0025792759   0.0008601766
        0.0004342781   0.0002086409  -0.0000715275  -0.0004655309   0.0005036143
        0.0005889873  -0.0003566862  -0.0001071917  -0.0002701064   0.0001024493
        0.0000156193  -0.0000560565   0.0000046457  -0.0000293888  -0.0000232788
        0.0001417284  -0.0000149854  -0.0000157635
        0.0654397850  -0.2343919888  -0.1196196543   0.0038331187  -0.0239913948
       -0.0089005535   0.0002290687   0.0014872537  -0.0002255261   0.0004374875
       -0.0000129546   0.0000756790   0.0001307481   0.0001243281  -0.0000545377
       -0.0010596939  -0.0002173968  -0.0000095613  -0.0731883453   0.2598703547
        0.1319401379   0.0075234130  -0.0028980507  -0.0031081271  -0.0001370801
        0.0036101882  -0.0021499209  -0.0028644824  -0.0038767644   0.0023406632
        0.0002692155   0.0004194569  -0.0003989883  -0.0007718356   0.0000747232
        0.0000706223   0.0000095972  -0.0001391143   0.0000448174   0.0000052660
        0.0000147927  -0.0000487110   0.0000496857  -0.0000961071   0.0000212327
        0.0000940520   0.0000226740   0.0000224278
        0.0405667206  -0.1165121104  -0.1215765154  -0.0040640305   0.0055563082
        0.0060122875   0.0000894744   0.0008983768   0.0005202953   0.0001186226
       -0.0000583516  -0.0000728162   0.0000664617  -0.0000272334   0.0000213763
       -0.0004688349   0.0002696200  -0.0001330050  -0.0484938817   0.1319401379
        0.1315422361   0.0023801757   0.0004167556   0.0033688328   0.0086991623
       -0.0256384693  -0.0202127111   0.0012324116   0.0021949068   0.0006227442
       -0.0000491583   0.0014691322   0.0005404180  -0.0000059495  -0.0003913070
       -0.0000396182  -0.0000431428  -0.0003046138  -0.0006987330  -0.0000522847
        0.0001708527   0.0000490689   0.0000265408  -0.0000278919  -0.0000350052
       -0.0000022874   0.0000438871   0.0000911449
       -0.2893341026   0.0321299851  -0.0304734418  -0.0116409187  -0.0056415514
        0.0017728420   0.0008371235   0.0000745327   0.0000462210  -0.0003835103
       -0.0011530430   0.0004521818   0.0001490858   0.0000921695   0.0000269634
        0.0232716662  -0.0038302816   0.0035070010  -0.0090272859   0.0075234130
        0.0023801757   0.2907515158  -0.0304447606   0.0295116379  -0.0058159712
        0.0023060362  -0.0077405719   0.0005031521  -0.0001584672   0.0001438663
        0.0004719637  -0.0003468970  -0.0000043802   0.0000671855  -0.0004349852
       -0.0000420829  -0.0000375066  -0.0002148293   0.0004305811   0.0000585256
        0.0000003382  -0.0001418352  -0.0000495523  -0.0000417037   0.0000899697
        0.0001786295   0.0001400443   0.0000408722
        0.0289727721  -0.0419361861   0.0026393297  -0.0175837549   0.0026823324
       -0.0019904930  -0.0028789035  -0.0036135084   0.0017265180  -0.0008647969
       -0.0000109472  -0.0002798263   0.0002519231  -0.0005391355   0.0002382759
       -0.0038711719  -0.0046173648  -0.0003243980   0.0230111994  -0.0028980507
        0.0004167556  -0.0304447606   0.0501472589  -0.0041147273   0.0038857080
        0.0025193422   0.0013534543  -0.0009590805  -0.0004257654  -0.0001510028
       -0.0006613694   0.0004676460   0.0004989487   0.0000077669  -0.0002610957
       -0.0002087877   0.0001985595  -0.0002816887  -0.0000336731   0.0001184133
       -0.0000994549   0.0000716249   0.0002769981  -0.0005191511   0.0000874829
        0.0005404973  -0.0006142309   0.0000705182
       -0.0290680513   0.0027772243  -0.0435243618   0.0071207508  -0.0012266983
        0.0017828330   0.0012720366   0.0018269586  -0.0006009707   0.0003318925
        0.0001092184   0.0001270191   0.0001639775  -0.0000453506  -0.0002385209
        0.0035034247  -0.0004130952  -0.0041486316   0.0141459366  -0.0031081271
        0.0033688328   0.0295116379  -0.0041147273   0.0493821449  -0.0272526334
        0.0036414783  -0.0052555051  -0.0000451576  -0.0002883069   0.0011019663
        0.0005401151   0.0009042923   0.0001037071  -0.0003595489   0.0001145889
       -0.0008647254   0.0002695899  -0.0003544987  -0.0006609993  -0.0005985484
        0.0005717070  -0.0001025654   0.0005165851  -0.0004920447  -0.0003967070
       -0.0000520070   0.0000973809  -0.0000735161
       -0.0544088091   0.0072817963  -0.0569919319   0.0030162687  -0.0017752293
        0.0131756822   0.0014886007  -0.0000220636   0.0010379954  -0.0004207243
       -0.0001842387   0.0000807411   0.0000087980   0.0000328869   0.0000105947
        0.0001974479   0.0000322413   0.0003373254   0.0037393402  -0.0001370801
        0.0086991623  -0.0058159712   0.0038857080  -0.0272526334   0.0532745036
       -0.0069785873   0.0608307930   0.0004819249   0.0002589197  -0.0002255251
       -0.0008078236  -0.0024597721   0.0011099796  -0.0004123241   0.0001619824
        0.0002546492  -0.0004734394  -0.0001793525  -0.0008206826   0.0000474134
        0.0001262680  -0.0001431611  -0.0000057597  -0.0001035163  -0.0000696807
        0.0000905541   0.0000600373  -0.0000333082
        0.0080762086  -0.0520200266   0.0407586662   0.0036742351  -0.0051379006
        0.0230098593   0.0000728843   0.0005957174   0.0001688658   0.0002012563
       -0.0000024828  -0.0000301948   0.0001334835  -0.0000771075   0.0000123576
       -0.0003644940  -0.0005019614   0.0001638621  -0.0038871432   0.0036101882
       -0.0256384693   0.0023060362   0.0025193422   0.0036414783  -0.0069785873
        0.0549901573  -0.0444707032   0.0000624901  -0.0000019119   0.0009808975
       -0.0029307800  -0.0038777836   0.0021605481   0.0001077447  -0.0003300355
       -0.0003675278  -0.0005314339   0.0002080992  -0.0003625646   0.0000698371
        0.0000420753  -0.0000280670  -0.0000837162  -0.0000162009  -0.0000245768
        0.0000719787  -0.0000001687   0.0000255686
       -0.0529480883   0.0375787642  -0.3236416137   0.0011748371   0.0072285688
       -0.0112556919  -0.0003144951  -0.0009838594   0.0015004606  -0.0003794511
        0.0000869706  -0.0002700678  -0.0000787183  -0.0002104035   0.0001642782
        0.0010992395  -0.0001397712   0.0001347651  -0.0029241539  -0.0021499209
       -0.0202127111  -0.0077405719   0.0013534543  -0.0052555051   0.0608307930
       -0.0444707032   0.3578323535  -0.0002444697  -0.0007582352   0.0009591368
        0.0010545044   0.0024538985   0.0005366575   0.0000460901  -0.0000662006
       -0.0004689019   0.0005584487   0.0001981815  -0.0001421348  -0.0001551324
       -0.0000476280   0.0000943765   0.0000437427   0.0000042173   0.0000115571
       -0.0000225748  -0.0000773332   0.0000130410
        0.0028411050  -0.0145177873  -0.0062047048  -0.0644639918   0.0627426744
        0.0364222284  -0.0156260276   0.0223577035   0.0145611300   0.0006112167
        0.0007782875   0.0003228544   0.0001138468  -0.0001380123  -0.0002359833
        0.0003663863   0.0001386002   0.0000752072  -0.0007823644  -0.0028644824
        0.0012324116   0.0005031521  -0.0009590805  -0.0000451576   0.0004819249
        0.0000624901  -0.0002444697   0.0775556741  -0.0656079345  -0.0422097716
        0.0038921411  -0.0038365940  -0.0032456555  -0.0063688406   0.0012750166
       -0.0006900701   0.0011192932   0.0001764572   0.0004812549  -0.0001015896
        0.0001578017  -0.0000178871  -0.0000933134   0.0000636318  -0.0001689478
       -0.0000486129   0.0001712280  -0.0000324389
        0.0032086063  -0.0279423612  -0.0106332986   0.0590306697  -0.1932195052
       -0.0904293445   0.0049824778  -0.0033136303  -0.0026320844  -0.0002253568
        0.0007773153  -0.0002028941  -0.0000779602  -0.0001754231   0.0000138107
        0.0004162162   0.0000747054   0.0001153471  -0.0025792759  -0.0038767644
        0.0021949068  -0.0001584672  -0.0004257654  -0.0002883069   0.0002589197
       -0.0000019119  -0.0007582352  -0.0656079345   0.2260039390   0.1052947964
        0.0003166145   0.0018457439  -0.0027849607   0.0007745880   0.0003338249
        0.0002156859  -0.0003268644   0.0001587402   0.0000083815  -0.0000155019
       -0.0001250976  -0.0000185513  -0.0000202396   0.0001096321   0.0000009848
        0.0000235082  -0.0002234416  -0.0000962375
       -0.0023215644   0.0089868972   0.0046042006   0.0345513925  -0.0953747313
       -0.1042241871   0.0007352496   0.0015882322   0.0018110455   0.0001840456
       -0.0000547051   0.0003372631   0.0000711166   0.0001320674  -0.0000335951
        0.0000974984   0.0001250167  -0.0006634508   0.0008601766   0.0023406632
        0.0006227442   0.0001438663  -0.0001510028   0.0011019663  -0.0002255251
        0.0009808975   0.0009591368  -0.0422097716   0.1052947964   0.1163210944
        0.0091371734  -0.0249366085  -0.0219218540  -0.0004874987   0.0004252304
        0.0011903749  -0.0004889407   0.0006910652   0.0006095158  -0.0000513902
       -0.0000912127  -0.0003390099  -0.0000019465  -0.0000047803  -0.0001776997
        0.0000061183   0.0000481743  -0.0001975451
        0.0013991438  -0.0049611553   0.0156564623  -0.0527680406   0.0096973739
       -0.0516323462  -0.0121083196   0.0036376203  -0.0282577762   0.0005901630
        0.0004549981  -0.0010089905  -0.0000858148  -0.0000887916   0.0001484684
        0.0003913378   0.0001463817   0.0000897215   0.0004342781   0.0002692155
       -0.0000491583   0.0004719637  -0.0006613694   0.0005401151  -0.0008078236
       -0.0029307800   0.0010545044   0.0038921411   0.0003166145   0.0091371734
        0.0639536137  -0.0065048376   0.0551819705   0.0011911989  -0.0002185832
       -0.0004716474  -0.0061604592   0.0009255146  -0.0012190055  -0.0003825993
       -0.0003547786   0.0004427532   0.0000213695   0.0002077205   0.0002964533
       -0.0000321526   0.0000648566   0.0000913020
        0.0016268036  -0.0084682510   0.0267497283   0.0087966319  -0.0492772536
        0.0267391010   0.0019121800   0.0000853703   0.0037403129   0.0000622163
        0.0006431371  -0.0005966579  -0.0000758994  -0.0000923058   0.0000061350
        0.0003025326  -0.0003329599  -0.0003999700   0.0002086409   0.0004194569
        0.0014691322  -0.0003468970   0.0004676460   0.0009042923  -0.0024597721
       -0.0038777836   0.0024538985  -0.0038365940   0.0018457439  -0.0249366085
       -0.0065048376   0.0581507376  -0.0375898947   0.0000545411   0.0001195701
        0.0006165959   0.0004324515   0.0005715874   0.0006771805  -0.0002557325
       -0.0000839471   0.0001395329   0.0000877648  -0.0000793480   0.0000994427
       -0.0000040301  -0.0000914002  -0.0000722210
        0.0004345070   0.0056275244  -0.0131087866  -0.0473876369   0.0321389230
       -0.2594899568  -0.0055372744   0.0007553123  -0.0057115419   0.0000698694
       -0.0006171452   0.0004041890   0.0000806039   0.0001474820  -0.0001898217
       -0.0002979624  -0.0002569783  -0.0001634302  -0.0000715275  -0.0003989883
        0.0005404180  -0.0000043802   0.0004989487   0.0001037071   0.0011099796
        0.0021605481   0.0005366575  -0.0032456555  -0.0027849607  -0.0219218540
        0.0551819705  -0.0375898947   0.2974050416   0.0006242575  -0.0001484967
        0.0007614567  -0.0011023792   0.0004600644   0.0007905022   0.0000019759
       -0.0002049760   0.0001725134   0.0000913652   0.0001748656  -0.0000294457
        0.0000522869   0.0000377715  -0.0000996486
        0.0016427396   0.0010433132  -0.0000450304  -0.0182123359   0.0261957315
        0.0157126763  -0.0608970912   0.0570395730   0.0336499850   0.0035939258
       -0.0138912419  -0.0068071395  -0.0005723966  -0.0018266293   0.0009988769
        0.0000093305   0.0000902102  -0.0000602082  -0.0004655309  -0.0007718356
       -0.0000059495   0.0000671855   0.0000077669  -0.0003595489  -0.0004123241
        0.0001077447   0.0000460901  -0.0063688406   0.0007745880  -0.0004874987
        0.0011911989   0.0000545411   0.0006242575   0.0779046915  -0.0656557505
       -0.0408167393   0.0032713666  -0.0035008612  -0.0025520992   0.0003393845
        0.0000952874  -0.0001965250   0.0002642000  -0.0001682422   0.0001742927
       -0.0013555035   0.0004058046   0.0001245603
       -0.0007929352   0.0016657720   0.0002367267   0.0056493652  -0.0057665990
       -0.0030647295   0.0605046644  -0.1841623692  -0.0900513764   0.0007637671
       -0.0284174557  -0.0121756208  -0.0002976331  -0.0030525129   0.0022507727
        0.0000815050   0.0002262946   0.0000386368   0.0005036143   0.0000747232
       -0.0003913070  -0.0004349852  -0.0002610957   0.0001145889   0.0001619824
       -0.0003300355  -0.0000662006   0.0012750166   0.0003338249   0.0004252304
       -0.0002185832   0.0001195701  -0.0001484967  -0.0656557505   0.2169842646
        0.1044711345  -0.0001754965   0.0013237612  -0.0018615039   0.0000530212
        0.0008603055  -0.0002586186   0.0008155855  -0.0006027286   0.0003393579
       -0.0022331380   0.0010042804   0.0001414055
       -0.0001897688   0.0001664594   0.0004772022   0.0006205803   0.0017138250
        0.0018266314   0.0343248045  -0.0865323055  -0.1010336668  -0.0034547261
        0.0055148304   0.0054796741   0.0005171701   0.0007741502   0.0003205976
       -0.0000544037   0.0001834430   0.0006216604   0.0005889873   0.0000706223
       -0.0000396182  -0.0000420829  -0.0002087877  -0.0008647254   0.0002546492
       -0.0003675278  -0.0004689019  -0.0006900701   0.0002156859   0.0011903749
       -0.0004716474   0.0006165959   0.0007614567  -0.0408167393   0.1044711345
        0.1151565123   0.0087454298  -0.0267744133  -0.0241524145   0.0001235046
        0.0001697768   0.0004256729   0.0001092394   0.0001206420   0.0000883768
        0.0004350732  -0.0001341310   0.0002111674
        0.0013799148   0.0007917384  -0.0006459733  -0.0136134677   0.0045843531
       -0.0309450184  -0.0536271871   0.0085918901  -0.0451806114   0.0026063823
       -0.0034144652   0.0137017307   0.0002265490   0.0003692804   0.0015441673
        0.0000311302   0.0000842050  -0.0001189245  -0.0003566862   0.0000095972
       -0.0000431428  -0.0000375066   0.0001985595   0.0002695899  -0.0004734394
       -0.0005314339   0.0005584487   0.0011192932  -0.0003268644  -0.0004889407
       -0.0061604592   0.0004324515  -0.0011023792   0.0032713666  -0.0001754965
        0.0087454298   0.0661920102  -0.0072834459   0.0535333747  -0.0005748868
       -0.0030240858   0.0007366684  -0.0001072526  -0.0003832396  -0.0004572307
        0.0001242394   0.0000769561  -0.0001071886
       -0.0003050854   0.0005744012  -0.0006877311   0.0014159238  -0.0006870454
        0.0048052172   0.0087583993  -0.0506623972   0.0307411199   0.0020068274
       -0.0064412305   0.0257559815   0.0012390506   0.0009224126   0.0015523986
        0.0000763196   0.0001936788   0.0002080505  -0.0001071917  -0.0001391143
       -0.0003046138  -0.0002148293  -0.0002816887  -0.0003544987  -0.0001793525
        0.0002080992   0.0001981815   0.0001764572   0.0001587402   0.0006910652
        0.0009255146   0.0005715874   0.0004600644  -0.0035008612   0.0013237612
       -0.0267744133  -0.0072834459   0.0577045519  -0.0370695039  -0.0027194538
       -0.0034931012   0.0018080405  -0.0005436977  -0.0004163838  -0.0008172917
        0.0002554252   0.0004637286  -0.0002120668
        0.0008556680  -0.0004821234   0.0014502406  -0.0054469662   0.0016092321
       -0.0070386177  -0.0457559918   0.0297681448  -0.2502930787   0.0007483926
        0.0075687800  -0.0164545018  -0.0006916261  -0.0018512105   0.0015887385
       -0.0001069768   0.0000390364   0.0005788747  -0.0002701064   0.0000448174
       -0.0006987330   0.0004305811  -0.0000336731  -0.0006609993  -0.0008206826
       -0.0003625646  -0.0001421348   0.0004812549   0.0000083815   0.0006095158
       -0.0012190055   0.0006771805   0.0007905022  -0.0025520992  -0.0018615039
       -0.0241524145   0.0535333747  -0.0370695039   0.2933639277   0.0008894304
        0.0022757312  -0.0001097563   0.0002897287   0.0001953883   0.0008859868
       -0.0003649760  -0.0005261129   0.0002824497
       -0.0000394823   0.0000028650   0.0000857982   0.0009701040  -0.0003442254
        0.0003234704   0.0007101722  -0.0038344756   0.0127105205  -0.0392579765
        0.0011335432  -0.0203271021  -0.0024716799   0.0023709253  -0.0187504708
       -0.0000438916  -0.0001405974   0.0002639598   0.0001024493   0.0000052660
       -0.0000522847   0.0000585256   0.0001184133  -0.0005985484   0.0000474134
        0.0000698371  -0.0001551324  -0.0001015896  -0.0000155019  -0.0000513902
       -0.0003825993  -0.0002557325   0.0000019759   0.0003393845   0.0000530212
        0.0001235046  -0.0005748868  -0.0027194538   0.0008894304   0.0368445394
        0.0080499226   0.0294238171   0.0067911356  -0.0073425784  -0.0041729497
       -0.0029916180   0.0028487712   0.0002854012
       -0.0001936517   0.0001990814  -0.0005112080   0.0004024272   0.0002137470
        0.0007006267   0.0001360438  -0.0073394468   0.0219268664   0.0025159267
       -0.0546782420   0.0632493025  -0.0028505244   0.0028078588  -0.0179822913
       -0.0000076665   0.0001264312  -0.0003459126   0.0000156193   0.0000147927
        0.0001708527   0.0000003382  -0.0000994549   0.0005717070   0.0001262680
        0.0000420753  -0.0000476280   0.0001578017  -0.0001250976  -0.0000912127
       -0.0003547786  -0.0000839471  -0.0002049760   0.0000952874   0.0008603055
        0.0001697768  -0.0030240858  -0.0034931012   0.0022757312   0.0080499226
        0.0596972592  -0.0670557528  -0.0075317330   0.0028269580  -0.0011956926
        0.0024628052  -0.0009692194  -0.0016301892
        0.0000366295  -0.0002182722   0.0003121287  -0.0003110315  -0.0001584277
        0.0003437486   0.0001533139   0.0048771586  -0.0116918147  -0.0217407073
        0.0605093696  -0.2868858175  -0.0053957088   0.0014264266  -0.0253677138
        0.0000249977  -0.0000880509   0.0001657060  -0.0000560565  -0.0000487110
        0.0000490689  -0.0001418352   0.0000716249  -0.0001025654  -0.0001431611
       -0.0000280670   0.0000943765  -0.0000178871  -0.0000185513  -0.0003390099
        0.0004427532   0.0001395329   0.0001725134  -0.0001965250  -0.0002586186
        0.0004256729   0.0007366684   0.0018080405  -0.0001097563   0.0294238171
       -0.0670557528   0.3229381635  -0.0041883764  -0.0008077114  -0.0008040236
        0.0013731091  -0.0001499902   0.0007993228
       -0.0001921404  -0.0001978141  -0.0001694094  -0.0003266322  -0.0003664376
        0.0002801097  -0.0030376064   0.0033698285  -0.0003943352  -0.0018195591
        0.0023020196  -0.0187271883  -0.0388178901  -0.0002338346  -0.0230616724
        0.0000218984  -0.0001958947  -0.0001470124   0.0000046457   0.0000496857
        0.0000265408  -0.0000495523   0.0002769981   0.0005165851  -0.0000057597
       -0.0000837162   0.0000437427  -0.0000933134  -0.0000202396  -0.0000019465
        0.0000213695   0.0000877648   0.0000913652   0.0002642000   0.0008155855
        0.0001092394  -0.0001072526  -0.0005436977   0.0002897287   0.0067911356
       -0.0075317330  -0.0041883764   0.0346853024   0.0068007254   0.0326090468
        0.0026611545  -0.0045292401   0.0127235822
        0.0002936883   0.0002759105   0.0003231721  -0.0000580023  -0.0000117024
       -0.0002779840   0.0029334245  -0.0002623987  -0.0024239569  -0.0027573034
        0.0030517800  -0.0165337592   0.0003426920  -0.0530772584   0.0594142707
        0.0000557847   0.0003203229   0.0002480047  -0.0000293888  -0.0000961071
       -0.0000278919  -0.0000417037  -0.0005191511  -0.0004920447  -0.0001035163
       -0.0000162009   0.0000042173   0.0000636318   0.0001096321  -0.0000047803
        0.0002077205  -0.0000793480   0.0001748656  -0.0001682422  -0.0006027286
        0.0001206420  -0.0003832396  -0.0004163838   0.0001953883  -0.0073425784
        0.0028269580  -0.0008077114   0.0068007254   0.0531157068  -0.0623445713
        0.0001863076  -0.0046190312   0.0224321389
        0.0001981718   0.0000425840   0.0002463973   0.0003467360   0.0002313655
        0.0000664689   0.0018487145   0.0005295676   0.0010087232  -0.0055040545
        0.0018653049  -0.0260884662  -0.0241463405   0.0577333445  -0.3026372975
       -0.0000243761  -0.0000378775   0.0002258401  -0.0000232788   0.0000212327
       -0.0000350052   0.0000899697   0.0000874829  -0.0003967070  -0.0000696807
       -0.0000245768   0.0000115571  -0.0001689478   0.0000009848  -0.0001776997
        0.0002964533   0.0000994427  -0.0000294457   0.0001742927   0.0003393579
        0.0000883768  -0.0004572307  -0.0008172917   0.0008859868  -0.0041729497
       -0.0011956926  -0.0008040236   0.0326090468  -0.0623445713   0.3388694543
       -0.0009965259   0.0034693424  -0.0112341596
        0.0003939606   0.0000707369  -0.0000318985   0.0008924224   0.0009029689
       -0.0003227823   0.0063658734  -0.0076914562  -0.0040831651  -0.0110798561
       -0.0148758979   0.0056880274  -0.0996609100  -0.1105998676   0.0450649614
       -0.0001102989  -0.0002781281  -0.0000095976   0.0001417284   0.0000940520
       -0.0000022874   0.0001786295   0.0005404973  -0.0000520070   0.0000905541
        0.0000719787  -0.0000225748  -0.0000486129   0.0000235082   0.0000061183
       -0.0000321526  -0.0000040301   0.0000522869  -0.0013555035  -0.0022331380
        0.0004350732   0.0001242394   0.0002554252  -0.0003649760  -0.0029916180
        0.0024628052   0.0013731091   0.0026611545   0.0001863076  -0.0009965259
        0.1044303897   0.1310742380  -0.0467337618
       -0.0008408944  -0.0000169474   0.0000031987  -0.0006135790  -0.0013110913
        0.0002359067  -0.0069083065   0.0034661932  -0.0007959626  -0.0106888646
       -0.0181474243   0.0050220879  -0.1111738640  -0.2162723138   0.0794519986
       -0.0000722022   0.0003406899  -0.0000254717  -0.0000149854   0.0000226740
        0.0000438871   0.0001400443  -0.0006142309   0.0000973809   0.0000600373
       -0.0000001687  -0.0000773332   0.0001712280  -0.0002234416   0.0000481743
        0.0000648566  -0.0000914002   0.0000377715   0.0004058046   0.0010042804
       -0.0001341310   0.0000769561   0.0004637286  -0.0005261129   0.0028487712
       -0.0009692194  -0.0001499902  -0.0045292401  -0.0046190312   0.0034693424
        0.1310742380   0.2369677028  -0.0867007465
       -0.0005183196  -0.0002127516   0.0001399165  -0.0000622411  -0.0004289759
        0.0004830824  -0.0038153159  -0.0005582078  -0.0008994456  -0.0087449188
       -0.0144134413   0.0051796979   0.0468658962   0.0817269655  -0.0789504387
       -0.0000683576  -0.0000941870   0.0000564241  -0.0000157635   0.0000224278
        0.0000911449   0.0000408722   0.0000705182  -0.0000735161  -0.0000333082
        0.0000255686   0.0000130410  -0.0000324389  -0.0000962375  -0.0001975451
        0.0000913020  -0.0000722210  -0.0000996486   0.0001245603   0.0001414055
        0.0002111674  -0.0001071886  -0.0002120668   0.0002824497   0.0002854012
       -0.0016301892   0.0007993228   0.0127235822   0.0224321389  -0.0112341596
       -0.0467337618  -0.0867007465   0.0841985070
