$hessian                                                                        
        0.4497569046   0.0001312399   0.0422526108  -0.1303635755   0.0000006276
        0.0272577712  -0.0268447081  -0.0066414972   0.0042847839   0.0002607948
       -0.0052449681  -0.0028255947   0.0002033882  -0.0000010127   0.0002073168
        0.0002593414   0.0052440886  -0.0028265862  -0.0268540615   0.0066404089
        0.0042808781  -0.0458439403   0.0000156239   0.0153452607  -0.1056931393
       -0.1064594601  -0.0473458728  -0.1057637400   0.1063160822  -0.0475263275
       -0.0110670176   0.0000020419   0.0057640322   0.0009215739   0.0008352393
        0.0002554462   0.0013867072   0.0005366786   0.0003583830  -0.0016946420
        0.0001887396   0.0003488683   0.0002108887   0.0001026449  -0.0003476246
        0.0000849836  -0.0000006632   0.0000157750   0.0002204611  -0.0000009651
       -0.0001139690  -0.0016963402  -0.0001897321   0.0003488348   0.0002100281
       -0.0001037134  -0.0003473952   0.0009193104  -0.0008339062   0.0002551039
        0.0013867825  -0.0005374973   0.0003583052
        0.0001312399   0.5957833532   0.0000589985  -0.0000026001  -0.0648721824
       -0.0000006255  -0.0253221972  -0.0028918266   0.0060011611  -0.0019796779
       -0.0042932723  -0.0020081113   0.0000001851  -0.0004010541  -0.0000000653
        0.0019796838  -0.0042911248   0.0020077146   0.0253162827  -0.0028928110
       -0.0060001553   0.0000201828  -0.0454603132  -0.0002101971  -0.1120016429
       -0.2376717638  -0.0834819292   0.1118518740  -0.2370656908   0.0836333926
        0.0000042959   0.0003793196  -0.0000013430   0.0000482711   0.0006086260
        0.0007470159  -0.0011773531   0.0012432766  -0.0000548386  -0.0014099367
        0.0000450479   0.0002735703   0.0000887224  -0.0001044617  -0.0001517719
       -0.0000000049  -0.0000398383  -0.0000000033   0.0000000555   0.0001320718
        0.0000000218   0.0014089083   0.0000448489  -0.0002734287  -0.0000882554
       -0.0001041761   0.0001518116  -0.0000495979   0.0006093003  -0.0007462106
        0.0011815646   0.0012426706   0.0000549933
        0.0422526108   0.0000589985   0.5819702878   0.0219020510   0.0000011723
       -0.0779745893  -0.0071306075   0.0000257625   0.0028340197  -0.0010720693
       -0.0008752093  -0.0001306710   0.0001872451  -0.0000000550  -0.0001893585
       -0.0010722962   0.0008764957  -0.0001326013  -0.0071383791  -0.0000243852
        0.0028366247   0.0229308600  -0.0002077807  -0.3358562361  -0.0498570319
       -0.0849740457  -0.0820473175  -0.0500408711   0.0851183503  -0.0823339366
        0.0318977644   0.0000027066  -0.0127994950  -0.0009877271  -0.0000901039
        0.0013230617   0.0000015965   0.0001796900   0.0000923632  -0.0001611800
       -0.0000031915   0.0002239341  -0.0002901209  -0.0000950854   0.0002471519
        0.0000808176  -0.0000009750   0.0000356967  -0.0000681709   0.0000000335
        0.0000260427  -0.0001612361   0.0000030221   0.0002206580  -0.0002900808
        0.0000971046   0.0002451835  -0.0009842278   0.0000866992   0.0013200585
        0.0000010534  -0.0001792035   0.0000891228
       -0.1303635755  -0.0000026001   0.0219020510   0.3820678957   0.0000191655
        0.0000792677  -0.0683170434  -0.0348534832  -0.0200155565  -0.0222018007
       -0.0181480417  -0.0044391988   0.0031099920   0.0000008289  -0.0003633770
       -0.0222008198   0.0181453349  -0.0044391999  -0.0683122915   0.0348442108
       -0.0200082473  -0.0022445205   0.0000040312   0.0100450612  -0.0142185050
       -0.0059371712   0.0011623279  -0.0142333244   0.0059278840   0.0011586628
       -0.0394429362  -0.0000011776   0.0083496029  -0.0016249209  -0.0015005939
       -0.0019641988   0.0037165937   0.0090036611   0.0039288059  -0.0043531708
       -0.0004224232   0.0013653055   0.0005590143  -0.0002068663  -0.0002422554
       -0.0005013350   0.0000002125   0.0000245893   0.0002639329   0.0000003951
        0.0003689820  -0.0043529378   0.0004228452   0.0013654440   0.0005592421
        0.0002069555  -0.0002419435  -0.0016232020   0.0014978745  -0.0019633746
        0.0037137128  -0.0090010420   0.0039272516
        0.0000006276  -0.0648721824   0.0000011723   0.0000191655   0.4406253806
        0.0000188948  -0.0277523970  -0.1369873949  -0.0334345990  -0.0092482324
        0.0003524596   0.0018596266   0.0000002343  -0.0000128909  -0.0000001033
        0.0092460343   0.0003540865  -0.0018589648   0.0277384218  -0.1369528699
        0.0334194890   0.0000161656   0.0004967573  -0.0000030457  -0.0200514093
       -0.0000205161   0.0055852757   0.0200321952  -0.0000182150  -0.0055791119
        0.0000007276  -0.0418865857  -0.0000058846  -0.0032675888  -0.0045927788
       -0.0046347281  -0.0111111577  -0.0276972607  -0.0086567608   0.0003267261
        0.0010571304   0.0002297262   0.0003622944   0.0006298090   0.0001959807
       -0.0000000581   0.0000795500  -0.0000000147   0.0000000750   0.0000457955
        0.0000000825  -0.0003272204   0.0010567594  -0.0002301761  -0.0003619733
        0.0006293429  -0.0001960464   0.0032659282  -0.0045896730   0.0046316345
        0.0111114416  -0.0276967039   0.0086575531
        0.0272577712  -0.0000006255  -0.0779745893   0.0000792677   0.0000188948
        0.5280909523  -0.0148993700  -0.0325367121  -0.0847261529   0.0013680610
        0.0053183772   0.0027092344  -0.0003970041   0.0000000461   0.0008141499
        0.0013670183  -0.0053189800   0.0027106925  -0.0148944589   0.0325276155
       -0.0847264718   0.0270071378   0.0000002748  -0.0111406950  -0.0070666455
        0.0016404210   0.0032372389  -0.0070901137  -0.0016415156   0.0032456145
        0.0022556571  -0.0000039567  -0.2582375826  -0.0144289175  -0.0277854449
       -0.0163899982   0.0040240876   0.0080454811   0.0032816769   0.0016543373
        0.0001492870   0.0003185265   0.0014031662   0.0008518378   0.0004715980
       -0.0003121728   0.0000003242   0.0001789635   0.0000199316   0.0000000032
        0.0004465616   0.0016543719  -0.0001490644   0.0003196448   0.0014025238
       -0.0008517304   0.0004720145  -0.0144288655   0.0277808405  -0.0163833686
        0.0040242166  -0.0080453736   0.0032819902
       -0.0268447081  -0.0253221972  -0.0071306075  -0.0683170434  -0.0277523970
       -0.0148993700   0.4330169232  -0.0424130434   0.0027147547  -0.1634064215
       -0.0023866820   0.0329075283  -0.0218170753   0.0083160357   0.0020607729
        0.0008311930  -0.0018854668  -0.0002088385   0.0045904792   0.0075079021
        0.0040488560   0.0009406472   0.0006494240  -0.0006446747  -0.0058245413
       -0.0004016404   0.0017272968   0.0009858782  -0.0006202117   0.0006712871
       -0.0002412051  -0.0027443480  -0.0026287243  -0.0416812389   0.0020516217
        0.0097218255  -0.0869713153   0.0823248552  -0.0355966373  -0.0172942157
       -0.0026903178   0.0043134503  -0.0073469684  -0.0001007139   0.0049077232
        0.0006903535  -0.0005598485   0.0001853344  -0.0012560024   0.0031642349
       -0.0013040956   0.0000556149  -0.0002371610  -0.0001126307  -0.0000494586
        0.0001499105  -0.0000613790   0.0003721983   0.0000190315   0.0002437810
       -0.0004330934   0.0029310122  -0.0009156526
       -0.0066414972  -0.0028918266   0.0000257625  -0.0348534832  -0.1369873949
       -0.0325367121  -0.0424130434   0.4773846321  -0.0149659123   0.0029639270
       -0.0638142905  -0.0004330504   0.0229563419  -0.0026833994  -0.0054901373
       -0.0006050580   0.0020291550  -0.0003040234  -0.0075066899  -0.0272318518
       -0.0051463437   0.0003519797   0.0008038382   0.0004238899   0.0000526837
        0.0007214235   0.0000881179   0.0003345449   0.0017561886   0.0000357723
       -0.0025000397  -0.0037041937  -0.0046367163   0.0020252170  -0.0458818012
       -0.0071980968   0.0839937004  -0.1911742877   0.0629870108  -0.0220143272
       -0.0016080548   0.0059150671  -0.0008705266   0.0000391946  -0.0002435716
       -0.0000292658   0.0005097595  -0.0006225346   0.0030094463  -0.0038420334
        0.0012508308  -0.0002103159   0.0002279584   0.0001483532   0.0001158878
       -0.0003293765  -0.0001135265  -0.0003174641   0.0009539782  -0.0006864072
        0.0021579823  -0.0042776174   0.0015022278
        0.0042847839   0.0060011611   0.0028340197  -0.0200155565  -0.0334345990
       -0.0847261529   0.0027147547  -0.0149659123   0.5145868686   0.0333797121
        0.0006306136  -0.0770386199  -0.0070246472  -0.0005435212   0.0028501464
        0.0002429510  -0.0003484539   0.0002951376   0.0040483461   0.0051470603
        0.0041766937   0.0006045943   0.0008701861   0.0017198616   0.0021139716
        0.0006065634   0.0003175135  -0.0003395060   0.0000508687   0.0001673567
       -0.0133396860  -0.0246829512  -0.0141957582   0.0112250436  -0.0069949973
       -0.2679333712  -0.0364448527   0.0632004699  -0.0737718786  -0.0093794545
       -0.0005912801   0.0024643497   0.0302488024   0.0003165500  -0.0124915588
       -0.0008861677   0.0002531699   0.0004106902  -0.0011072514   0.0016242966
       -0.0000950054   0.0000106233  -0.0000884112  -0.0001004348  -0.0000456249
       -0.0000427992  -0.0001880053   0.0003807508   0.0009370879   0.0005776866
       -0.0006715870   0.0020548979   0.0001404609
        0.0002607948  -0.0019796779  -0.0010720693  -0.0222018007  -0.0092482324
        0.0013680610  -0.1634064215   0.0029639270   0.0333797121   0.4414018952
        0.0339997798   0.0035651943  -0.0883842396   0.0429374494  -0.0179527134
        0.0057766621  -0.0076406754   0.0042467862   0.0008313158   0.0006049553
        0.0002428579  -0.0000896925  -0.0003283880  -0.0003772305  -0.0003695402
        0.0000523492   0.0001382807   0.0000919405  -0.0002558474  -0.0001341395
        0.0010838076   0.0005503211  -0.0000791432  -0.0060529005  -0.0004624889
        0.0057120123  -0.0175704644   0.0032197079   0.0038384066  -0.0901151267
       -0.0838849676  -0.0368411156  -0.0442722152  -0.0022134712   0.0139961500
       -0.0010483409   0.0023804105  -0.0017603481  -0.0157086704   0.0223309383
       -0.0081160876  -0.0004996767  -0.0028890450  -0.0006100641   0.0003169227
        0.0000038206   0.0003483287  -0.0000505571  -0.0001892402   0.0001755400
        0.0000063078   0.0000483748  -0.0000684186
       -0.0052449681  -0.0042932723  -0.0008752093  -0.0181480417   0.0003524596
        0.0053183772  -0.0023866820  -0.0638142905   0.0006306136   0.0339997798
        0.4831232417   0.0115958529   0.0433716981  -0.1414731849   0.0323277539
        0.0076429501  -0.0303651878   0.0056690659   0.0018857155   0.0020295930
        0.0003480006  -0.0001365674  -0.0002036845  -0.0002821268  -0.0015198335
       -0.0001772985   0.0002204866  -0.0000247851  -0.0005502836   0.0000679381
       -0.0001166758   0.0003907206   0.0003682430  -0.0000602942   0.0006673142
        0.0004325034   0.0226079684  -0.0008722627  -0.0054911506  -0.0830206169
       -0.1892861317  -0.0651390222  -0.0024773366  -0.0454871111   0.0106524282
        0.0023913225  -0.0041169826   0.0044313555   0.0031986585  -0.0023468872
        0.0008412007  -0.0024485173  -0.0045700631  -0.0015898436   0.0003802204
        0.0009767535   0.0005069809  -0.0001130508  -0.0002974036   0.0001170965
        0.0002190560   0.0003139614  -0.0001505445
       -0.0028255947  -0.0020081113  -0.0001306710  -0.0044391988   0.0018596266
        0.0027092344   0.0329075283  -0.0004330504  -0.0770386199   0.0035651943
        0.0115958529   0.5124275107  -0.0179972758   0.0317321665  -0.0817938993
        0.0042471473  -0.0056668169   0.0035346712  -0.0002089237   0.0003041279
        0.0002955517  -0.0000980108  -0.0001324330  -0.0002223971  -0.0006310899
       -0.0001194199   0.0003263789   0.0000789098  -0.0000172623   0.0000312733
       -0.0008923282  -0.0003512368   0.0004602648   0.0296064840   0.0004848698
       -0.0122496235  -0.0091519296   0.0003046943   0.0029666318  -0.0362076398
       -0.0653265875  -0.0751179068   0.0131846883   0.0112960023  -0.2655676914
       -0.0148746400   0.0261657406  -0.0140933313   0.0044635649  -0.0069165614
        0.0027249514  -0.0008997302  -0.0019411856   0.0002000758   0.0002042334
       -0.0009610077   0.0006417624  -0.0000240847   0.0000695610  -0.0001000663
       -0.0000073044   0.0000610309  -0.0000040996
        0.0002033882   0.0000001851   0.0001872451   0.0031099920   0.0000002343
       -0.0003970041  -0.0218170753   0.0229563419  -0.0070246472  -0.0883842396
        0.0433716981  -0.0179972758   0.5062172352   0.0000099285  -0.0127785969
       -0.0883797789  -0.0433785896  -0.0179922241  -0.0218157976  -0.0229591758
       -0.0070209168   0.0001032791   0.0000001968   0.0000054636   0.0001249552
       -0.0000896764   0.0001320239   0.0001250397   0.0000898812   0.0001320020
       -0.0003665672   0.0000000921  -0.0002185913   0.0010899950   0.0000824902
       -0.0006244480  -0.0060060156   0.0006436468   0.0012167813   0.0053513356
       -0.0083910245   0.0031622860  -0.0004615520   0.0015698120  -0.0025454387
       -0.0465820797  -0.0000003961  -0.0074761272  -0.2424852269  -0.0000066567
        0.0680302549   0.0053511463   0.0083928677   0.0031596066  -0.0004603625
       -0.0015652407  -0.0025431148   0.0010890195  -0.0000825249  -0.0006241921
       -0.0060066903  -0.0006440901   0.0012169135
       -0.0000010127  -0.0004010541  -0.0000000550   0.0000008289  -0.0000128909
        0.0000000461   0.0083160357  -0.0026833994  -0.0005435212   0.0429374494
       -0.1414731849   0.0317321665   0.0000099285   0.4272640768  -0.0000033004
       -0.0429409547  -0.1414958864  -0.0317320792  -0.0083171587  -0.0026844816
        0.0005429393  -0.0000000566   0.0001981002  -0.0000000597  -0.0000596393
        0.0001641196   0.0000393556   0.0000603139   0.0001643239  -0.0000391551
        0.0000000565   0.0000215506   0.0000000277  -0.0005243722   0.0003630464
       -0.0000795891  -0.0003833357   0.0008956051  -0.0001534312   0.0100491873
       -0.0239129870   0.0073146868   0.0027649653  -0.0041438726   0.0042748005
       -0.0000004062  -0.0425088192  -0.0000026031  -0.0000063758  -0.0429457121
        0.0000022341  -0.0100488308  -0.0239216029  -0.0073128631  -0.0027636552
       -0.0041449285  -0.0042729835   0.0005240315   0.0003628286   0.0000797812
        0.0003830008   0.0008951684   0.0001536028
        0.0002073168  -0.0000000653  -0.0001893585  -0.0003633770  -0.0000001033
        0.0008141499   0.0020607729  -0.0054901373   0.0028501464  -0.0179527134
        0.0323277539  -0.0817938993  -0.0127785969  -0.0000033004   0.5131508767
       -0.0179488932  -0.0323318169  -0.0817899099   0.0020592991   0.0054894140
        0.0028486909  -0.0000179247  -0.0000001520   0.0001261031  -0.0000609859
       -0.0000100550   0.0000216326  -0.0000616299   0.0000102439   0.0000221379
       -0.0001196337   0.0000002114  -0.0003669724   0.0006509901  -0.0006610396
        0.0006340132   0.0022004543  -0.0001818025   0.0002788586   0.0041217628
       -0.0081256021   0.0031995604  -0.0145595943   0.0258747243  -0.0139637395
       -0.0076398959  -0.0000020609  -0.2663242780   0.0677823012   0.0000020223
       -0.0696750923   0.0041225202   0.0081314663   0.0031992455  -0.0145537172
       -0.0258720233  -0.0139536921   0.0006513242   0.0006604665   0.0006331857
        0.0022002208   0.0001818560   0.0002783410
        0.0002593414   0.0019796838  -0.0010722962  -0.0222008198   0.0092460343
        0.0013670183   0.0008311930  -0.0006050580   0.0002429510   0.0057766621
        0.0076429501   0.0042471473  -0.0883797789  -0.0429409547  -0.0179488932
        0.4413941893  -0.0340397941   0.0035912038  -0.1633721528  -0.0029678930
        0.0333707279  -0.0000899995   0.0003278735  -0.0003765996   0.0000924206
        0.0002559937  -0.0001344292  -0.0003687312  -0.0000520249   0.0001389282
        0.0010834730  -0.0005500760  -0.0000792685  -0.0000506127   0.0001893277
        0.0001756517   0.0000062833  -0.0000483176  -0.0000683502  -0.0004999065
        0.0028887889  -0.0006106850   0.0003170371  -0.0000037920   0.0003484934
       -0.0010475811  -0.0023796562  -0.0017594874  -0.0157078552  -0.0223321586
       -0.0081159717  -0.0901427636   0.0839280563  -0.0368864507  -0.0442783398
        0.0022180260   0.0140199725  -0.0060532164   0.0004627647   0.0057115368
       -0.0175688423  -0.0032197738   0.0038388008
        0.0052440886  -0.0042911248   0.0008764957   0.0181453349   0.0003540865
       -0.0053189800  -0.0018854668   0.0020291550  -0.0003484539  -0.0076406754
       -0.0303651878  -0.0056668169  -0.0433785896  -0.1414958864  -0.0323318169
       -0.0340397941   0.4831785500  -0.0115716801   0.0023850134  -0.0638152011
       -0.0006313043   0.0001370752  -0.0002025600   0.0002817488   0.0000248040
       -0.0005513196  -0.0000673595   0.0015202372  -0.0001767562  -0.0002209004
        0.0001164134   0.0003908212  -0.0003680734   0.0001131093  -0.0002971952
       -0.0001172513  -0.0002188088   0.0003139494   0.0001502651   0.0024492628
       -0.0045686663   0.0015900623  -0.0003804235   0.0009764042  -0.0005074537
       -0.0023914813  -0.0041199252  -0.0044320974  -0.0031999557  -0.0023489522
       -0.0008421192   0.0830655649  -0.1893056669   0.0652014497   0.0024811210
       -0.0454986879  -0.0107335696   0.0000616468   0.0006670757  -0.0004334537
       -0.0226084764  -0.0008729125   0.0054913088
       -0.0028265862   0.0020077146  -0.0001326013  -0.0044391999  -0.0018589648
        0.0027106925  -0.0002088385  -0.0003040234   0.0002951376   0.0042467862
        0.0056690659   0.0035346712  -0.0179922241  -0.0317320792  -0.0817899099
        0.0035912038  -0.0115716801   0.5124347909   0.0328970751   0.0004328758
       -0.0770374832  -0.0000980409   0.0001322491  -0.0002220676   0.0000795544
        0.0000166630   0.0000317280  -0.0006314732   0.0001204229   0.0003279473
       -0.0008919354   0.0003508879   0.0004603746  -0.0000240197  -0.0000693550
       -0.0001002704  -0.0000072843  -0.0000610287  -0.0000039737  -0.0008998626
        0.0019412561   0.0001999542   0.0002042475   0.0009613858   0.0006416245
       -0.0148727828  -0.0261665924  -0.0140925020   0.0044632008   0.0069169531
        0.0027245533  -0.0362524130   0.0653866215  -0.0751546075   0.0132105264
       -0.0113836137  -0.2655459478   0.0296043076  -0.0004835598  -0.0122488491
       -0.0091522416  -0.0003051988   0.0029667384
       -0.0268540615   0.0253162827  -0.0071383791  -0.0683122915   0.0277384218
       -0.0148944589   0.0045904792  -0.0075066899   0.0040483461   0.0008313158
        0.0018857155  -0.0002089237  -0.0218157976  -0.0083171587   0.0020592991
       -0.1633721528   0.0023850134   0.0328970751   0.4329807579   0.0424317212
        0.0027433509   0.0009351538  -0.0006493064  -0.0006426340   0.0009914205
        0.0006228252   0.0006696969  -0.0058237082   0.0004043435   0.0017307619
       -0.0002412351   0.0027442779  -0.0026291487   0.0003722971  -0.0000191511
        0.0002436861  -0.0004328223  -0.0029307442  -0.0009156338   0.0000558951
        0.0002370707  -0.0001125175  -0.0000494464  -0.0001499489  -0.0000611992
        0.0006897253   0.0005593704   0.0001852252  -0.0012553840  -0.0031640559
       -0.0013037914  -0.0172964745   0.0026892019   0.0043135281  -0.0073457272
        0.0001013060   0.0049050290  -0.0416839852  -0.0020518278   0.0097115464
       -0.0869639584  -0.0823266674  -0.0356008584
        0.0066404089  -0.0028928110  -0.0000243852   0.0348442108  -0.1369528699
        0.0325276155   0.0075079021  -0.0272318518   0.0051470603   0.0006049553
        0.0020295930   0.0003041279  -0.0229591758  -0.0026844816   0.0054894140
       -0.0029678930  -0.0638152011   0.0004328758   0.0424317212   0.4773722005
        0.0149733641  -0.0003501019   0.0008025680  -0.0004246876  -0.0003381644
        0.0017591015  -0.0000359034  -0.0000546443   0.0007209296  -0.0000889680
        0.0024992292  -0.0037030905   0.0046359126   0.0003171715   0.0009536986
        0.0006866927  -0.0021582094  -0.0042773035  -0.0015020497   0.0002100779
        0.0002281045  -0.0001480296  -0.0001160599  -0.0003291236   0.0001138757
        0.0000290977   0.0005096018   0.0006224968  -0.0030096368  -0.0038424043
       -0.0012509073   0.0220133417  -0.0016064101  -0.0059133112   0.0008754110
        0.0000383101   0.0002422419  -0.0020254139  -0.0458882757   0.0072129243
       -0.0839942279  -0.1911902848  -0.0630003596
        0.0042808781  -0.0060001553   0.0028366247  -0.0200082473   0.0334194890
       -0.0847264718   0.0040488560  -0.0051463437   0.0041766937   0.0002428579
        0.0003480006   0.0002955517  -0.0070209168   0.0005429393   0.0028486909
        0.0333707279  -0.0006313043  -0.0770374832   0.0027433509   0.0149733641
        0.5145454101   0.0006032941  -0.0008679494   0.0017156489  -0.0003406401
       -0.0000511369   0.0001692017   0.0021126757  -0.0006049701   0.0003189776
       -0.0133402405   0.0246810314  -0.0141955569   0.0003807413  -0.0009372944
        0.0005777921  -0.0006717395  -0.0020549088   0.0001409400   0.0000105392
        0.0000880964  -0.0000994530  -0.0000454250   0.0000429552  -0.0001882222
       -0.0008862442  -0.0002535205   0.0004106896  -0.0011067258  -0.0016237920
       -0.0000942891  -0.0093850801   0.0005915111   0.0024655152   0.0302441508
       -0.0003168278  -0.0124859977   0.0112148014   0.0070128686  -0.2678980685
       -0.0364476138  -0.0632120525  -0.0737761938
       -0.0458439403   0.0000201828   0.0229308600  -0.0022445205   0.0000161656
        0.0270071378   0.0009406472   0.0003519797   0.0006045943  -0.0000896925
       -0.0001365674  -0.0000980108   0.0001032791  -0.0000000566  -0.0000179247
       -0.0000899995   0.0001370752  -0.0000980409   0.0009351538  -0.0003501019
        0.0006032941   0.0463957338  -0.0000129304  -0.0222432088   0.0030258912
       -0.0012980786  -0.0142057272   0.0030223504   0.0012735167  -0.0142190722
       -0.0055623364   0.0000004711   0.0022174383  -0.0002417594  -0.0004256336
       -0.0008449979  -0.0001899452  -0.0000831812  -0.0001441165   0.0000223029
        0.0000194581   0.0000024954   0.0001152749   0.0000013340  -0.0001890713
       -0.0001109586  -0.0000001353  -0.0000862799   0.0001075527  -0.0000002438
       -0.0000454749   0.0000219212  -0.0000197954   0.0000024299   0.0001149865
       -0.0000015436  -0.0001889357  -0.0002414662   0.0004255813  -0.0008430940
       -0.0001904750   0.0000825033  -0.0001442950
        0.0000156239  -0.0454603132  -0.0002077807   0.0000040312   0.0004967573
        0.0000002748   0.0006494240   0.0008038382   0.0008701861  -0.0003283880
       -0.0002036845  -0.0001324330   0.0000001968   0.0001981002  -0.0000001520
        0.0003278735  -0.0002025600   0.0001322491  -0.0006493064   0.0008025680
       -0.0008679494  -0.0000129304   0.0439099404   0.0002439882  -0.0001836034
       -0.0001723483  -0.0262540364   0.0001788061  -0.0001205731   0.0262142669
       -0.0000020982   0.0006952883   0.0000010981  -0.0003570585   0.0001876040
       -0.0006099166  -0.0000354186  -0.0005533431   0.0003038896  -0.0001144739
        0.0000067697   0.0000123459   0.0000645623  -0.0000212039  -0.0000729588
        0.0000000083   0.0000525691   0.0000000725   0.0000000012  -0.0000385621
        0.0000000656   0.0001137499   0.0000069052  -0.0000118203  -0.0000642535
       -0.0000210008   0.0000726440   0.0003581482   0.0001860026   0.0006091769
        0.0000351055  -0.0005527541  -0.0003032104
        0.0153452607  -0.0002101971  -0.3358562361   0.0100450612  -0.0000030457
       -0.0111406950  -0.0006446747   0.0004238899   0.0017198616  -0.0003772305
       -0.0002821268  -0.0002223971   0.0000054636  -0.0000000597   0.0001261031
       -0.0003765996   0.0002817488  -0.0002220676  -0.0006426340  -0.0004246876
        0.0017156489  -0.0222432088   0.0002439882   0.3733457910  -0.0019315694
       -0.0045472746  -0.0146397999  -0.0019314050   0.0045169604  -0.0146773123
        0.0024266445  -0.0000012683   0.0002140011   0.0004885354   0.0003016678
       -0.0001104587  -0.0000427083   0.0000969355  -0.0003030854  -0.0001306031
       -0.0000487595   0.0001256953  -0.0000675886  -0.0000399771   0.0000273322
       -0.0000603381  -0.0000001662   0.0000249278  -0.0001083778   0.0000000812
        0.0001347835  -0.0001300592   0.0000487206   0.0001247716  -0.0000675853
        0.0000402679   0.0000272483   0.0004867441  -0.0003007507  -0.0001105664
       -0.0000431272  -0.0000959468  -0.0003035461
       -0.1056931393  -0.1120016429  -0.0498570319  -0.0142185050  -0.0200514093
       -0.0070666455  -0.0058245413   0.0000526837   0.0021139716  -0.0003695402
       -0.0015198335  -0.0006310899   0.0001249552  -0.0000596393  -0.0000609859
        0.0000924206   0.0000248040   0.0000795544   0.0009914205  -0.0003381644
       -0.0003406401   0.0030258912  -0.0001836034  -0.0019315694   0.1139130180
        0.1228588419   0.0531201659   0.0083609557   0.0096612795   0.0040722906
        0.0001518698  -0.0003486039   0.0000435726   0.0001083019   0.0001924203
        0.0002833378  -0.0000416728   0.0003362170  -0.0000059903  -0.0004319755
        0.0001444930   0.0001955373   0.0000393048  -0.0000366212  -0.0000781758
        0.0000032219   0.0000107141   0.0000563735   0.0001379254   0.0000634961
       -0.0000132023   0.0000832969  -0.0000207930   0.0000179289   0.0000189536
       -0.0000021883  -0.0000078026  -0.0002401144   0.0000913408  -0.0001552942
       -0.0002320468   0.0011262090   0.0001656953
       -0.1064594601  -0.2376717638  -0.0849740457  -0.0059371712  -0.0000205161
        0.0016404210  -0.0004016404   0.0007214235   0.0006065634   0.0000523492
       -0.0001772985  -0.0001194199  -0.0000896764   0.0001641196  -0.0000100550
        0.0002559937  -0.0005513196   0.0000166630   0.0006228252   0.0017591015
       -0.0000511369  -0.0012980786  -0.0001723483  -0.0045472746   0.1228588419
        0.2620326458   0.0953151046  -0.0096335836  -0.0262213237  -0.0078594857
        0.0001936912   0.0003449378  -0.0000275338   0.0000030027   0.0000575433
        0.0002711718  -0.0000101500   0.0001097019  -0.0000314587  -0.0001204504
        0.0000933086   0.0000687070  -0.0000320442   0.0000061973  -0.0000313699
        0.0000105564   0.0000154514   0.0000389893   0.0000090142   0.0000593610
       -0.0000241138   0.0002704070  -0.0000060274   0.0000161343  -0.0000038888
        0.0000548634  -0.0000093502   0.0000930942  -0.0001758356   0.0001312250
       -0.0003836321  -0.0004222221  -0.0004197352
       -0.0473458728  -0.0834819292  -0.0820473175   0.0011623279   0.0055852757
        0.0032372389   0.0017272968   0.0000881179   0.0003175135   0.0001382807
        0.0002204866   0.0003263789   0.0001320239   0.0000393556   0.0000216326
       -0.0001344292  -0.0000673595   0.0000317280   0.0006696969  -0.0000359034
        0.0001692017  -0.0142057272  -0.0262540364  -0.0146397999   0.0531201659
        0.0953151046   0.0868697409   0.0040843764   0.0079177818   0.0059055704
        0.0010415817   0.0006524082  -0.0000112994   0.0000500889   0.0000761032
       -0.0000314551  -0.0001507862  -0.0000155036  -0.0001428865   0.0001491329
        0.0000344546   0.0000794669  -0.0000077926   0.0000060261   0.0000069590
       -0.0000592053  -0.0000098198   0.0000085914  -0.0000181951  -0.0000088136
        0.0001260255   0.0000511208   0.0000460140   0.0000609887   0.0001145971
        0.0000132295  -0.0000457634  -0.0002549489  -0.0001160595  -0.0005455803
       -0.0002637324  -0.0000049326   0.0003030659
       -0.1057637400   0.1118518740  -0.0500408711  -0.0142333244   0.0200321952
       -0.0070901137   0.0009858782   0.0003345449  -0.0003395060   0.0000919405
       -0.0000247851   0.0000789098   0.0001250397   0.0000603139  -0.0000616299
       -0.0003687312   0.0015202372  -0.0006314732  -0.0058237082  -0.0000546443
        0.0021126757   0.0030223504   0.0001788061  -0.0019314050   0.0083609557
       -0.0096335836   0.0040843764   0.1140040859  -0.1227139133   0.0533199920
        0.0001529157   0.0003488559   0.0000428591  -0.0002393882  -0.0000911663
       -0.0001536807  -0.0002326859  -0.0011245851   0.0001646002   0.0000823748
        0.0000215782   0.0000173286   0.0000178254   0.0000026544  -0.0000081922
        0.0000037833  -0.0000100007   0.0000557578   0.0001378905  -0.0000623211
       -0.0000142905  -0.0004313085  -0.0001439217   0.0001950752   0.0000392581
        0.0000371060  -0.0000786047   0.0001094514  -0.0001926858   0.0002836471
       -0.0000408632  -0.0003365588  -0.0000054547
        0.1063160822  -0.2370656908   0.0851183503   0.0059278840  -0.0000182150
       -0.0016415156  -0.0006202117   0.0017561886   0.0000508687  -0.0002558474
       -0.0005502836  -0.0000172623   0.0000898812   0.0001643239   0.0000102439
       -0.0000520249  -0.0001767562   0.0001204229   0.0004043435   0.0007209296
       -0.0006049701   0.0012735167  -0.0001205731   0.0045169604   0.0096612795
       -0.0262213237   0.0079177818  -0.1227139133   0.2613723791  -0.0954867267
       -0.0001935482   0.0003457185   0.0000272493  -0.0000932988  -0.0001759068
       -0.0001319291   0.0003812888  -0.0004227975   0.0004172091  -0.0002710573
       -0.0000053807  -0.0000175896   0.0000041076   0.0000542063   0.0000085973
       -0.0000106105   0.0000166110  -0.0000389746  -0.0000090061   0.0000599889
        0.0000240789   0.0001203412   0.0000933942  -0.0000674789   0.0000328592
        0.0000058333   0.0000321993  -0.0000026339   0.0000581085  -0.0002703854
        0.0000105680   0.0001092454   0.0000328704
       -0.0475263275   0.0836333926  -0.0823339366   0.0011586628  -0.0055791119
        0.0032456145   0.0006712871   0.0000357723   0.0001673567  -0.0001341395
        0.0000679381   0.0000312733   0.0001320020  -0.0000391551   0.0000221379
        0.0001389282  -0.0002209004   0.0003279473   0.0017307619  -0.0000889680
        0.0003189776  -0.0142190722   0.0262142669  -0.0146773123   0.0040722906
       -0.0078594857   0.0059055704   0.0533199920  -0.0954867267   0.0871790881
        0.0010450349  -0.0006550401  -0.0000093793  -0.0002541076   0.0001166161
       -0.0005459093  -0.0002643497   0.0000036866   0.0003006947   0.0000509946
       -0.0000456079   0.0000597166   0.0001146836  -0.0000141794  -0.0000462301
       -0.0000594529   0.0000107963   0.0000091769  -0.0000180944   0.0000087444
        0.0001267875   0.0001495973  -0.0000346190   0.0000809642  -0.0000074558
       -0.0000069321   0.0000086944   0.0000494807  -0.0000756175  -0.0000299487
       -0.0001507160   0.0000151306  -0.0001412837
       -0.0110670176   0.0000042959   0.0318977644  -0.0394429362   0.0000007276
        0.0022556571  -0.0002412051  -0.0025000397  -0.0133396860   0.0010838076
       -0.0001166758  -0.0008923282  -0.0003665672   0.0000000565  -0.0001196337
        0.0010834730   0.0001164134  -0.0008919354  -0.0002412351   0.0024992292
       -0.0133402405  -0.0055623364  -0.0000020982   0.0024266445   0.0001518698
        0.0001936912   0.0010415817   0.0001529157  -0.0001935482   0.0010450349
        0.0565202808  -0.0000016171  -0.0094174243  -0.0008827968  -0.0027307421
       -0.0011585502   0.0003109584   0.0004733482   0.0002637903  -0.0000216152
        0.0001505151   0.0001463162  -0.0004945383  -0.0004082978   0.0003905751
        0.0001335597   0.0000000207   0.0002159665  -0.0000295225   0.0000000290
       -0.0001653502  -0.0000216691  -0.0001504624   0.0001464191  -0.0004940533
        0.0004081216   0.0003901928  -0.0008825286   0.0027305129  -0.0011585769
        0.0003111565  -0.0004734799   0.0002637830
        0.0000020419   0.0003793196   0.0000027066  -0.0000011776  -0.0418865857
       -0.0000039567  -0.0027443480  -0.0037041937  -0.0246829512   0.0005503211
        0.0003907206  -0.0003512368   0.0000000921   0.0000215506   0.0000002114
       -0.0005500760   0.0003908212   0.0003508879   0.0027442779  -0.0037030905
        0.0246810314   0.0000004711   0.0006952883  -0.0000012683  -0.0003486039
        0.0003449378   0.0006524082   0.0003488559   0.0003457185  -0.0006550401
       -0.0000016171   0.0534438720   0.0000076460  -0.0023999689  -0.0037667354
       -0.0024432725   0.0002714721   0.0005992276  -0.0006448645   0.0001462946
       -0.0000255277  -0.0000537084  -0.0003430752  -0.0000527607   0.0002031966
        0.0000000106  -0.0001715063   0.0000000037   0.0000000138  -0.0000557216
       -0.0000000007  -0.0001464900  -0.0000258623   0.0000530912   0.0003428997
       -0.0000529420  -0.0002026029   0.0024001457  -0.0037658120   0.0024427203
       -0.0002715396   0.0005992819   0.0006449989
        0.0057640322  -0.0000013430  -0.0127994950   0.0083496029  -0.0000058846
       -0.2582375826  -0.0026287243  -0.0046367163  -0.0141957582  -0.0000791432
        0.0003682430   0.0004602648  -0.0002185913   0.0000000277  -0.0003669724
       -0.0000792685  -0.0003680734   0.0004603746  -0.0026291487   0.0046359126
       -0.0141955569   0.0022174383   0.0000010981   0.0002140011   0.0000435726
       -0.0000275338  -0.0000112994   0.0000428591   0.0000272493  -0.0000093793
       -0.0094174243   0.0000076460   0.2978530906  -0.0010341864  -0.0023584069
       -0.0006406664   0.0002804740   0.0003569407   0.0005335560   0.0002513765
        0.0001417324   0.0001290659  -0.0003111790  -0.0001251062   0.0003699376
        0.0001784250   0.0000000415   0.0000473361   0.0000832513   0.0000000045
       -0.0000034170   0.0002514859  -0.0001416845   0.0001290857  -0.0003108815
        0.0001249733   0.0003697912  -0.0010344943   0.0023578420  -0.0006400392
        0.0002805236  -0.0003569624   0.0005336628
        0.0009215739   0.0000482711  -0.0009877271  -0.0016249209  -0.0032675888
       -0.0144289175  -0.0416812389   0.0020252170   0.0112250436  -0.0060529005
       -0.0000602942   0.0296064840   0.0010899950  -0.0005243722   0.0006509901
       -0.0000506127   0.0001131093  -0.0000240197   0.0003722971   0.0003171715
        0.0003807413  -0.0002417594  -0.0003570585   0.0004885354   0.0001083019
        0.0000030027   0.0000500889  -0.0002393882  -0.0000932988  -0.0002541076
       -0.0008827968  -0.0023999689  -0.0010341864   0.0521394203   0.0012823891
       -0.0123454223   0.0012418731   0.0021091067  -0.0154379207   0.0007836997
        0.0002001221   0.0003345066  -0.0058552442   0.0003077069   0.0024766823
       -0.0002797115   0.0002952319  -0.0004357534   0.0001830496  -0.0001085961
       -0.0001103608   0.0000154043   0.0000289618   0.0000291428  -0.0001123734
       -0.0001103799  -0.0001182978   0.0002801165   0.0000903596  -0.0000171170
       -0.0001147850   0.0001009077  -0.0000483847
        0.0008352393   0.0006086260  -0.0000901039  -0.0015005939  -0.0045927788
       -0.0277854449   0.0020516217  -0.0458818012  -0.0069949973  -0.0004624889
        0.0006673142   0.0004848698   0.0000824902   0.0003630464  -0.0006610396
        0.0001893277  -0.0002971952  -0.0000693550  -0.0000191511   0.0009536986
       -0.0009372944  -0.0004256336   0.0001876040   0.0003016678   0.0001924203
        0.0000575433   0.0000761032  -0.0000911663  -0.0001759068   0.0001166161
       -0.0027307421  -0.0037667354  -0.0023584069   0.0012823891   0.0528006688
        0.0086478942   0.0011647190  -0.0016426398   0.0279022102  -0.0003635062
        0.0001767314   0.0005447831  -0.0003814094   0.0007603342   0.0000447233
        0.0002477391   0.0001285697   0.0000988813  -0.0000300565  -0.0000420926
        0.0000842272   0.0000237111   0.0000463726  -0.0000597576  -0.0000503711
       -0.0000147446   0.0001328812  -0.0000902808  -0.0004593620   0.0002781518
        0.0000757425   0.0001227474   0.0002433900
        0.0002554462   0.0007470159   0.0013230617  -0.0019641988  -0.0046347281
       -0.0163899982   0.0097218255  -0.0071980968  -0.2679333712   0.0057120123
        0.0004325034  -0.0122496235  -0.0006244480  -0.0000795891   0.0006340132
        0.0001756517  -0.0001172513  -0.0001002704   0.0002436861   0.0006866927
        0.0005777921  -0.0008449979  -0.0006099166  -0.0001104587   0.0002833378
        0.0002711718  -0.0000314551  -0.0001536807  -0.0001319291  -0.0005459093
       -0.0011585502  -0.0024432725  -0.0006406664  -0.0123454223   0.0086478942
        0.3120781841  -0.0014237493   0.0041616799  -0.0185293483  -0.0003283021
        0.0000753755   0.0004073937   0.0026180640  -0.0000318329  -0.0001162543
        0.0001946081  -0.0002062694   0.0004379292  -0.0002820677   0.0002115745
        0.0001828188  -0.0000170119   0.0000254646   0.0001503699  -0.0000684184
        0.0001125222   0.0001898707  -0.0000170946  -0.0002779501   0.0004893388
        0.0000233103   0.0003589412   0.0001765832
        0.0013867072  -0.0011773531   0.0000015965   0.0037165937  -0.0111111577
        0.0040240876  -0.0869713153   0.0839937004  -0.0364448527  -0.0175704644
        0.0226079684  -0.0091519296  -0.0060060156  -0.0003833357   0.0022004543
        0.0000062833  -0.0002188088  -0.0000072843  -0.0004328223  -0.0021582094
       -0.0006717395  -0.0001899452  -0.0000354186  -0.0000427083  -0.0000416728
       -0.0000101500  -0.0001507862  -0.0002326859   0.0003812888  -0.0002643497
        0.0003109584   0.0002714721   0.0002804740   0.0012418731   0.0011647190
       -0.0014237493   0.1042841044  -0.0943397305   0.0420128862   0.0001445795
        0.0002748951  -0.0003105011   0.0008322819   0.0003064020  -0.0002800664
        0.0000798021  -0.0002013815   0.0003417108  -0.0008011208   0.0014701725
       -0.0003509939   0.0000979587  -0.0000770675   0.0000581867   0.0000173282
       -0.0000083669   0.0000139879  -0.0001145590  -0.0000756964   0.0000233349
        0.0002421308  -0.0006739424   0.0001422421
        0.0005366786   0.0012432766   0.0001796900   0.0090036611  -0.0276972607
        0.0080454811   0.0823248552  -0.1911742877   0.0632004699   0.0032197079
       -0.0008722627   0.0003046943   0.0006436468   0.0008956051  -0.0001818025
       -0.0000483176   0.0003139494  -0.0000610287  -0.0029307442  -0.0042773035
       -0.0020549088  -0.0000831812  -0.0005533431   0.0000969355   0.0003362170
        0.0001097019  -0.0000155036  -0.0011245851  -0.0004227975   0.0000036866
        0.0004733482   0.0005992276   0.0003569407   0.0021091067  -0.0016426398
        0.0041616799  -0.0943397305   0.2236089656  -0.0737333746  -0.0002814448
        0.0005045670   0.0000896504  -0.0001807207   0.0002079367  -0.0001425225
       -0.0000885422   0.0000218586  -0.0001348698  -0.0000805978  -0.0000293109
        0.0000344930  -0.0000526096   0.0002274970  -0.0000916639  -0.0000098240
        0.0000488945  -0.0000026475  -0.0001008274   0.0001227899  -0.0003588504
        0.0006739034  -0.0012350640   0.0003034511
        0.0003583830  -0.0000548386   0.0000923632   0.0039288059  -0.0086567608
        0.0032816769  -0.0355966373   0.0629870108  -0.0737718786   0.0038384066
       -0.0054911506   0.0029666318   0.0012167813  -0.0001534312   0.0002788586
       -0.0000683502   0.0001502651  -0.0000039737  -0.0009156338  -0.0015020497
        0.0001409400  -0.0001441165   0.0003038896  -0.0003030854  -0.0000059903
       -0.0000314587  -0.0001428865   0.0001646002   0.0004172091   0.0003006947
        0.0002637903  -0.0006448645   0.0005335560  -0.0154379207   0.0279022102
       -0.0185293483   0.0420128862  -0.0737333746   0.0834793644  -0.0003742816
       -0.0000575614  -0.0000203502   0.0003225265  -0.0005667535   0.0003943713
        0.0001466917  -0.0000740739   0.0002148644   0.0001381811  -0.0001490378
        0.0003049324   0.0000076151  -0.0000527870   0.0001925446   0.0000504626
       -0.0000460521   0.0001076692  -0.0000484187  -0.0002430021   0.0001769457
        0.0001422186  -0.0003033885   0.0003061093
       -0.0016946420  -0.0014099367  -0.0001611800  -0.0043531708   0.0003267261
        0.0016543373  -0.0172942157  -0.0220143272  -0.0093794545  -0.0901151267
       -0.0830206169  -0.0362076398   0.0053513356   0.0100491873   0.0041217628
       -0.0004999065   0.0024492628  -0.0008998626   0.0000558951   0.0002100779
        0.0000105392   0.0000223029  -0.0001144739  -0.0001306031  -0.0004319755
       -0.0001204504   0.0001491329   0.0000823748  -0.0002710573   0.0000509946
       -0.0000216152   0.0001462946   0.0002513765   0.0007836997  -0.0003635062
       -0.0003283021   0.0001445795  -0.0002814448  -0.0003742816   0.1053830633
        0.0940154917   0.0423502272   0.0014843772  -0.0009064824  -0.0015216937
        0.0003591740  -0.0000014301   0.0002534783   0.0002798320   0.0005291059
        0.0001063195   0.0003925576   0.0007395670   0.0001196713  -0.0000424384
        0.0000092733  -0.0000553379   0.0000156215  -0.0000237406  -0.0000170284
        0.0000982776   0.0000524796   0.0000075440
        0.0001887396   0.0000450479  -0.0000031915  -0.0004224232   0.0010571304
        0.0001492870  -0.0026903178  -0.0016080548  -0.0005912801  -0.0838849676
       -0.1892861317  -0.0653265875  -0.0083910245  -0.0239129870  -0.0081256021
        0.0028887889  -0.0045686663   0.0019412561   0.0002370707   0.0002281045
        0.0000880964   0.0000194581   0.0000067697  -0.0000487595   0.0001444930
        0.0000933086   0.0000344546   0.0000215782  -0.0000053807  -0.0000456079
        0.0001505151  -0.0000255277   0.0001417324   0.0002001221   0.0001767314
        0.0000753755   0.0002748951   0.0005045670  -0.0000575614   0.0940154917
        0.2186050535   0.0757409337  -0.0015044776  -0.0010399446  -0.0035007564
       -0.0005810848   0.0005613240  -0.0002277255  -0.0000321042   0.0000067592
       -0.0002973504  -0.0007391914  -0.0012579351  -0.0003213191   0.0000565863
        0.0001461547   0.0003480580  -0.0000291141   0.0000461069  -0.0000258053
        0.0000769661   0.0002275701   0.0000523530
        0.0003488683   0.0002735703   0.0002239341   0.0013653055   0.0002297262
        0.0003185265   0.0043134503   0.0059150671   0.0024643497  -0.0368411156
       -0.0651390222  -0.0751179068   0.0031622860   0.0073146868   0.0031995604
       -0.0006106850   0.0015900623   0.0001999542  -0.0001125175  -0.0001480296
       -0.0000994530   0.0000024954   0.0000123459   0.0001256953   0.0001955373
        0.0000687070   0.0000794669   0.0000173286  -0.0000175896   0.0000597166
        0.0001463162  -0.0000537084   0.0001290659   0.0003345066   0.0005447831
        0.0004073937  -0.0003105011   0.0000896504  -0.0000203502   0.0423502272
        0.0757409337   0.0858470942  -0.0151110085  -0.0274780733  -0.0190079044
        0.0003666812   0.0006891902   0.0003757080   0.0002230632  -0.0002070785
       -0.0000762777   0.0001195306   0.0003211197   0.0003637016  -0.0000474051
        0.0001013582   0.0001831287   0.0000294704   0.0000607104   0.0001512352
        0.0000581660   0.0000915902   0.0001933613
        0.0002108887   0.0000887224  -0.0002901209   0.0005590143   0.0003622944
        0.0014031662  -0.0073469684  -0.0008705266   0.0302488024  -0.0442722152
       -0.0024773366   0.0131846883  -0.0004615520   0.0027649653  -0.0145595943
        0.0003170371  -0.0003804235   0.0002042475  -0.0000494464  -0.0001160599
       -0.0000454250   0.0001152749   0.0000645623  -0.0000675886   0.0000393048
       -0.0000320442  -0.0000077926   0.0000178254   0.0000041076   0.0001146836
       -0.0004945383  -0.0003430752  -0.0003111790  -0.0058552442  -0.0003814094
        0.0026180640   0.0008322819  -0.0001807207   0.0003225265   0.0014843772
       -0.0015044776  -0.0151110085   0.0553492342  -0.0002385556  -0.0154832635
       -0.0007520659   0.0031149020  -0.0015150412   0.0002399572   0.0001093452
       -0.0007355969  -0.0000432908  -0.0000570453  -0.0000472459   0.0002056270
        0.0000123311   0.0000956911  -0.0001124347   0.0000504728  -0.0000684386
        0.0000169332   0.0000099713   0.0000504254
        0.0001026449  -0.0001044617  -0.0000950854  -0.0002068663   0.0006298090
        0.0008518378  -0.0001007139   0.0000391946   0.0003165500  -0.0022134712
       -0.0454871111   0.0112960023   0.0015698120  -0.0041438726   0.0258747243
       -0.0000037920   0.0009764042   0.0009613858  -0.0001499489  -0.0003291236
        0.0000429552   0.0000013340  -0.0000212039  -0.0000399771  -0.0000366212
        0.0000061973   0.0000060261   0.0000026544   0.0000542063  -0.0000141794
       -0.0004082978  -0.0000527607  -0.0001251062   0.0003077069   0.0007603342
       -0.0000318329   0.0003064020   0.0002079367  -0.0005667535  -0.0009064824
       -0.0010399446  -0.0274780733  -0.0002385556   0.0521290745  -0.0129383465
        0.0023814041  -0.0040483925   0.0024224629  -0.0005049664   0.0006716891
        0.0000001433  -0.0000089632   0.0001460330  -0.0001019058  -0.0000121777
       -0.0004282423  -0.0003144169   0.0001104005  -0.0000145634  -0.0001123621
        0.0000084977   0.0000487975   0.0000459513
       -0.0003476246  -0.0001517719   0.0002471519  -0.0002422554   0.0001959807
        0.0004715980   0.0049077232  -0.0002435716  -0.0124915588   0.0139961500
        0.0106524282  -0.2655676914  -0.0025454387   0.0042748005  -0.0139637395
        0.0003484934  -0.0005074537   0.0006416245  -0.0000611992   0.0001138757
       -0.0001882222  -0.0001890713  -0.0000729588   0.0000273322  -0.0000781758
       -0.0000313699   0.0000069590  -0.0000081922   0.0000085973  -0.0000462301
        0.0003905751   0.0002031966   0.0003699376   0.0024766823   0.0000447233
       -0.0001162543  -0.0002800664  -0.0001425225   0.0003943713  -0.0015216937
       -0.0035007564  -0.0190079044  -0.0154832635  -0.0129383465   0.3082753311
       -0.0013667881   0.0025633603  -0.0003168926   0.0000682512  -0.0003042589
        0.0003592903  -0.0000555483  -0.0003484820   0.0001821905   0.0000956431
        0.0003147776   0.0004263307  -0.0001182011  -0.0001330197   0.0001895619
        0.0000139999   0.0000027717   0.0001068145
        0.0000849836  -0.0000000049   0.0000808176  -0.0005013350  -0.0000000581
       -0.0003121728   0.0006903535  -0.0000292658  -0.0008861677  -0.0010483409
        0.0023913225  -0.0148746400  -0.0465820797  -0.0000004062  -0.0076398959
       -0.0010475811  -0.0023914813  -0.0148727828   0.0006897253   0.0000290977
       -0.0008862442  -0.0001109586   0.0000000083  -0.0000603381   0.0000032219
        0.0000105564  -0.0000592053   0.0000037833  -0.0000106105  -0.0000594529
        0.0001335597   0.0000000106   0.0001784250  -0.0002797115   0.0002477391
        0.0001946081   0.0000798021  -0.0000885422   0.0001466917   0.0003591740
       -0.0005810848   0.0003666812  -0.0007520659   0.0023814041  -0.0013667881
        0.0517742429   0.0000000536   0.0086666462  -0.0029046047  -0.0000001351
        0.0320415822   0.0003595847   0.0005815620   0.0003666538  -0.0007517066
       -0.0023807863  -0.0013656105  -0.0002798779  -0.0002479202   0.0001945152
        0.0000798309   0.0000885410   0.0001466774
       -0.0000006632  -0.0000398383  -0.0000009750   0.0000002125   0.0000795500
        0.0000003242  -0.0005598485   0.0005097595   0.0002531699   0.0023804105
       -0.0041169826   0.0261657406  -0.0000003961  -0.0425088192  -0.0000020609
       -0.0023796562  -0.0041199252  -0.0261665924   0.0005593704   0.0005096018
       -0.0002535205  -0.0000001353   0.0000525691  -0.0000001662   0.0000107141
        0.0000154514  -0.0000098198  -0.0000100007   0.0000166110   0.0000107963
        0.0000000207  -0.0001715063   0.0000000415   0.0002952319   0.0001285697
       -0.0002062694  -0.0002013815   0.0000218586  -0.0000740739  -0.0000014301
        0.0005613240   0.0006891902   0.0031149020  -0.0040483925   0.0025633603
        0.0000000536   0.0546211348   0.0000020557  -0.0000001352   0.0018255748
        0.0000011310   0.0000016505   0.0005620367  -0.0006895660  -0.0031149815
       -0.0040485388  -0.0025629347  -0.0002954111   0.0001281347   0.0002059866
        0.0002014732   0.0000218268   0.0000741823
        0.0000157750  -0.0000000033   0.0000356967   0.0000245893  -0.0000000147
        0.0001789635   0.0001853344  -0.0006225346   0.0004106902  -0.0017603481
        0.0044313555  -0.0140933313  -0.0074761272  -0.0000026031  -0.2663242780
       -0.0017594874  -0.0044320974  -0.0140925020   0.0001852252   0.0006224968
        0.0004106896  -0.0000862799   0.0000000725   0.0000249278   0.0000563735
        0.0000389893   0.0000085914   0.0000557578  -0.0000389746   0.0000091769
        0.0002159665   0.0000000037   0.0000473361  -0.0004357534   0.0000988813
        0.0004379292   0.0003417108  -0.0001348698   0.0002148644   0.0002534783
       -0.0002277255   0.0003757080  -0.0015150412   0.0024224629  -0.0003168926
        0.0086666462   0.0000020557   0.3094358348   0.0043872333   0.0000001155
       -0.0174763526   0.0002533594   0.0002278676   0.0003763029  -0.0015147885
       -0.0024215043  -0.0003161706  -0.0004353419  -0.0000988562   0.0004378907
        0.0003417179   0.0001348826   0.0002149250
        0.0002204611   0.0000000555  -0.0000681709   0.0002639329   0.0000000750
        0.0000199316  -0.0012560024   0.0030094463  -0.0011072514  -0.0157086704
        0.0031986585   0.0044635649  -0.2424852269  -0.0000063758   0.0677823012
       -0.0157078552  -0.0031999557   0.0044632008  -0.0012553840  -0.0030096368
       -0.0011067258   0.0001075527   0.0000000012  -0.0001083778   0.0001379254
        0.0000090142  -0.0000181951   0.0001378905  -0.0000090061  -0.0000180944
       -0.0000295225   0.0000000138   0.0000832513   0.0001830496  -0.0000300565
       -0.0002820677  -0.0008011208  -0.0000805978   0.0001381811   0.0002798320
       -0.0000321042   0.0002230632   0.0002399572  -0.0005049664   0.0000682512
       -0.0029046047  -0.0000001352   0.0043872333   0.2786761135   0.0000079004
       -0.0790674187   0.0002796045   0.0000319078   0.0002230039   0.0002402279
        0.0005051018   0.0000681045   0.0001829688   0.0000300853  -0.0002819839
       -0.0008011292   0.0000805746   0.0001381986
       -0.0000009651   0.0001320718   0.0000000335   0.0000003951   0.0000457955
        0.0000000032   0.0031642349  -0.0038420334   0.0016242966   0.0223309383
       -0.0023468872  -0.0069165614  -0.0000066567  -0.0429457121   0.0000020223
       -0.0223321586  -0.0023489522   0.0069169531  -0.0031640559  -0.0038424043
       -0.0016237920  -0.0000002438  -0.0000385621   0.0000000812   0.0000634961
        0.0000593610  -0.0000088136  -0.0000623211   0.0000599889   0.0000087444
        0.0000000290  -0.0000557216   0.0000000045  -0.0001085961  -0.0000420926
        0.0002115745   0.0014701725  -0.0000293109  -0.0001490378   0.0005291059
        0.0000067592  -0.0002070785   0.0001093452   0.0006716891  -0.0003042589
       -0.0000001351   0.0018255748   0.0000001155   0.0000079004   0.0520835302
       -0.0000026564  -0.0005286094   0.0000067101   0.0002069193  -0.0001100661
        0.0006716929   0.0003039147   0.0001083675  -0.0000420761  -0.0002115486
       -0.0014701770  -0.0000294210   0.0001490843
       -0.0001139690   0.0000000218   0.0000260427   0.0003689820   0.0000000825
        0.0004465616  -0.0013040956   0.0012508308  -0.0000950054  -0.0081160876
        0.0008412007   0.0027249514   0.0680302549   0.0000022341  -0.0696750923
       -0.0081159717  -0.0008421192   0.0027245533  -0.0013037914  -0.0012509073
       -0.0000942891  -0.0000454749   0.0000000656   0.0001347835  -0.0000132023
       -0.0000241138   0.0001260255  -0.0000142905   0.0000240789   0.0001267875
       -0.0001653502  -0.0000000007  -0.0000034170  -0.0001103608   0.0000842272
        0.0001828188  -0.0003509939   0.0000344930   0.0003049324   0.0001063195
       -0.0002973504  -0.0000762777  -0.0007355969   0.0000001433   0.0003592903
        0.0320415822   0.0000011310  -0.0174763526  -0.0790674187  -0.0000026564
        0.0794930868   0.0001059628   0.0002973779  -0.0000761591  -0.0007355140
       -0.0000000560   0.0003590548  -0.0001100494  -0.0000842028   0.0001828122
       -0.0003509344  -0.0000344802   0.0003048922
       -0.0016963402   0.0014089083  -0.0001612361  -0.0043529378  -0.0003272204
        0.0016543719   0.0000556149  -0.0002103159   0.0000106233  -0.0004996767
       -0.0024485173  -0.0008997302   0.0053511463  -0.0100488308   0.0041225202
       -0.0901427636   0.0830655649  -0.0362524130  -0.0172964745   0.0220133417
       -0.0093850801   0.0000219212   0.0001137499  -0.0001300592   0.0000832969
        0.0002704070   0.0000511208  -0.0004313085   0.0001203412   0.0001495973
       -0.0000216691  -0.0001464900   0.0002514859   0.0000154043   0.0000237111
       -0.0000170119   0.0000979587  -0.0000526096   0.0000076151   0.0003925576
       -0.0007391914   0.0001195306  -0.0000432908  -0.0000089632  -0.0000555483
        0.0003595847   0.0000016505   0.0002533594   0.0002796045  -0.0005286094
        0.0001059628   0.1054113552  -0.0940580246   0.0424007465   0.0014866554
        0.0009065088  -0.0015232919   0.0007843538   0.0003638056  -0.0003284808
        0.0001450078   0.0002807836  -0.0003740824
       -0.0001897321   0.0000448489   0.0000030221   0.0004228452   0.0010567594
       -0.0001490644  -0.0002371610   0.0002279584  -0.0000884112  -0.0028890450
       -0.0045700631  -0.0019411856   0.0083928677  -0.0239216029   0.0081314663
        0.0839280563  -0.1893056669   0.0653866215   0.0026892019  -0.0016064101
        0.0005915111  -0.0000197954   0.0000069052   0.0000487206  -0.0000207930
       -0.0000060274   0.0000460140  -0.0001439217   0.0000933942  -0.0000346190
       -0.0001504624  -0.0000258623  -0.0001416845   0.0000289618   0.0000463726
        0.0000254646  -0.0000770675   0.0002274970  -0.0000527870   0.0007395670
       -0.0012579351   0.0003211197  -0.0000570453   0.0001460330  -0.0003484820
        0.0005815620   0.0005620367   0.0002278676   0.0000319078   0.0000067101
        0.0002973779  -0.0940580246   0.2186273463  -0.0758064474   0.0015026773
       -0.0010333659   0.0035007963  -0.0002000859   0.0001771171  -0.0000752391
       -0.0002745131   0.0005039548   0.0000579384
        0.0003488348  -0.0002734287   0.0002206580   0.0013654440  -0.0002301761
        0.0003196448  -0.0001126307   0.0001483532  -0.0001004348  -0.0006100641
       -0.0015898436   0.0002000758   0.0031596066  -0.0073128631   0.0031992455
       -0.0368864507   0.0652014497  -0.0751546075   0.0043135281  -0.0059133112
        0.0024655152   0.0000024299  -0.0000118203   0.0001247716   0.0000179289
        0.0000161343   0.0000609887   0.0001950752  -0.0000674789   0.0000809642
        0.0001464191   0.0000530912   0.0001290857   0.0000291428  -0.0000597576
        0.0001503699   0.0000581867  -0.0000916639   0.0001925446   0.0001196713
       -0.0003213191   0.0003637016  -0.0000472459  -0.0001019058   0.0001821905
        0.0003666538  -0.0006895660   0.0003763029   0.0002230039   0.0002069193
       -0.0000761591   0.0424007465  -0.0758064474   0.0859031993  -0.0151150175
        0.0274785240  -0.0190264842   0.0003351091  -0.0005450087   0.0004081172
       -0.0003103719  -0.0000898811  -0.0000196896
        0.0002100281  -0.0000882554  -0.0002900808   0.0005592421  -0.0003619733
        0.0014025238  -0.0000494586   0.0001158878  -0.0000456249   0.0003169227
        0.0003802204   0.0002042334  -0.0004603625  -0.0027636552  -0.0145537172
       -0.0442783398   0.0024811210   0.0132105264  -0.0073457272   0.0008754110
        0.0302441508   0.0001149865  -0.0000642535  -0.0000675853   0.0000189536
       -0.0000038888   0.0001145971   0.0000392581   0.0000328592  -0.0000074558
       -0.0004940533   0.0003428997  -0.0003108815  -0.0001123734  -0.0000503711
       -0.0000684184   0.0000173282  -0.0000098240   0.0000504626  -0.0000424384
        0.0000565863  -0.0000474051   0.0002056270  -0.0000121777   0.0000956431
       -0.0007517066  -0.0031149815  -0.0015147885   0.0002402279  -0.0001100661
       -0.0007355140   0.0014866554   0.0015026773  -0.0151150175   0.0553477190
        0.0002292995  -0.0155058622  -0.0058545419   0.0003814529   0.0026174817
        0.0008320530   0.0001810316   0.0003227323
       -0.0001037134  -0.0001041761   0.0000971046   0.0002069555   0.0006293429
       -0.0008517304   0.0001499105  -0.0003293765  -0.0000427992   0.0000038206
        0.0009767535  -0.0009610077  -0.0015652407  -0.0041449285  -0.0258720233
        0.0022180260  -0.0454986879  -0.0113836137   0.0001013060   0.0000383101
       -0.0003168278  -0.0000015436  -0.0000210008   0.0000402679  -0.0000021883
        0.0000548634   0.0000132295   0.0000371060   0.0000058333  -0.0000069321
        0.0004081216  -0.0000529420   0.0001249733  -0.0001103799  -0.0000147446
        0.0001125222  -0.0000083669   0.0000488945  -0.0000460521   0.0000092733
        0.0001461547   0.0001013582   0.0000123311  -0.0004282423   0.0003147776
       -0.0023807863  -0.0040485388  -0.0024215043   0.0005051018   0.0006716929
       -0.0000000560   0.0009065088  -0.0010333659   0.0274785240   0.0002292995
        0.0521351235   0.0130198665  -0.0003087147   0.0007606939   0.0000328947
       -0.0003068269   0.0002083408   0.0005670283
       -0.0003473952   0.0001518116   0.0002451835  -0.0002419435  -0.0001960464
        0.0004720145  -0.0000613790  -0.0001135265  -0.0001880053   0.0003483287
        0.0005069809   0.0006417624  -0.0025431148  -0.0042729835  -0.0139536921
        0.0140199725  -0.0107335696  -0.2655459478   0.0049050290   0.0002422419
       -0.0124859977  -0.0001889357   0.0000726440   0.0000272483  -0.0000078026
       -0.0000093502  -0.0000457634  -0.0000786047   0.0000321993   0.0000086944
        0.0003901928  -0.0002026029   0.0003697912  -0.0001182978   0.0001328812
        0.0001898707   0.0000139879  -0.0000026475   0.0001076692  -0.0000553379
        0.0003480580   0.0001831287   0.0000956911  -0.0003144169   0.0004263307
       -0.0013656105  -0.0025629347  -0.0003161706   0.0000681045   0.0003039147
        0.0003590548  -0.0015232919   0.0035007963  -0.0190264842  -0.0155058622
        0.0130198665   0.3082537853   0.0024761266  -0.0000458773  -0.0001164367
       -0.0002798574   0.0001425610   0.0003939642
        0.0009193104  -0.0000495979  -0.0009842278  -0.0016232020   0.0032659282
       -0.0144288655   0.0003721983  -0.0003174641   0.0003807508  -0.0000505571
       -0.0001130508  -0.0000240847   0.0010890195   0.0005240315   0.0006513242
       -0.0060532164   0.0000616468   0.0296043076  -0.0416839852  -0.0020254139
        0.0112148014  -0.0002414662   0.0003581482   0.0004867441  -0.0002401144
        0.0000930942  -0.0002549489   0.0001094514  -0.0000026339   0.0000494807
       -0.0008825286   0.0024001457  -0.0010344943   0.0002801165  -0.0000902808
       -0.0000170946  -0.0001145590  -0.0001008274  -0.0000484187   0.0000156215
       -0.0000291141   0.0000294704  -0.0001124347   0.0001104005  -0.0001182011
       -0.0002798779  -0.0002954111  -0.0004353419   0.0001829688   0.0001083675
       -0.0001100494   0.0007843538  -0.0002000859   0.0003351091  -0.0058545419
       -0.0003087147   0.0024761266   0.0521415876  -0.0012804251  -0.0123349938
        0.0012418559  -0.0021087431  -0.0154373943
       -0.0008339062   0.0006093003   0.0000866992   0.0014978745  -0.0045896730
        0.0277808405   0.0000190315   0.0009539782   0.0009370879  -0.0001892402
       -0.0002974036   0.0000695610  -0.0000825249   0.0003628286   0.0006604665
        0.0004627647   0.0006670757  -0.0004835598  -0.0020518278  -0.0458882757
        0.0070128686   0.0004255813   0.0001860026  -0.0003007507   0.0000913408
       -0.0001758356  -0.0001160595  -0.0001926858   0.0000581085  -0.0000756175
        0.0027305129  -0.0037658120   0.0023578420   0.0000903596  -0.0004593620
       -0.0002779501  -0.0000756964   0.0001227899  -0.0002430021  -0.0000237406
        0.0000461069   0.0000607104   0.0000504728  -0.0000145634  -0.0001330197
       -0.0002479202   0.0001281347  -0.0000988562   0.0000300853  -0.0000420761
       -0.0000842028   0.0003638056   0.0001771171  -0.0005450087   0.0003814529
        0.0007606939  -0.0000458773  -0.0012804251   0.0528024399  -0.0086598538
       -0.0011653146  -0.0016415747  -0.0279023179
        0.0002551039  -0.0007462106   0.0013200585  -0.0019633746   0.0046316345
       -0.0163833686   0.0002437810  -0.0006864072   0.0005776866   0.0001755400
        0.0001170965  -0.0001000663  -0.0006241921   0.0000797812   0.0006331857
        0.0057115368  -0.0004334537  -0.0122488491   0.0097115464   0.0072129243
       -0.2678980685  -0.0008430940   0.0006091769  -0.0001105664  -0.0001552942
        0.0001312250  -0.0005455803   0.0002836471  -0.0002703854  -0.0000299487
       -0.0011585769   0.0024427203  -0.0006400392  -0.0000171170   0.0002781518
        0.0004893388   0.0000233349  -0.0003588504   0.0001769457  -0.0000170284
       -0.0000258053   0.0001512352  -0.0000684386  -0.0001123621   0.0001895619
        0.0001945152   0.0002059866   0.0004378907  -0.0002819839  -0.0002115486
        0.0001828122  -0.0003284808  -0.0000752391   0.0004081172   0.0026174817
        0.0000328947  -0.0001164367  -0.0123349938  -0.0086598538   0.3120368345
       -0.0014239126  -0.0041614758  -0.0185307431
        0.0013867825   0.0011815646   0.0000010534   0.0037137128   0.0111114416
        0.0040242166  -0.0004330934   0.0021579823  -0.0006715870   0.0000063078
        0.0002190560  -0.0000073044  -0.0060066903   0.0003830008   0.0022002208
       -0.0175688423  -0.0226084764  -0.0091522416  -0.0869639584  -0.0839942279
       -0.0364476138  -0.0001904750   0.0000351055  -0.0000431272  -0.0002320468
       -0.0003836321  -0.0002637324  -0.0000408632   0.0000105680  -0.0001507160
        0.0003111565  -0.0002715396   0.0002805236  -0.0001147850   0.0000757425
        0.0000233103   0.0002421308   0.0006739034   0.0001422186   0.0000982776
        0.0000769661   0.0000581660   0.0000169332   0.0000084977   0.0000139999
        0.0000798309   0.0002014732   0.0003417179  -0.0008011292  -0.0014701770
       -0.0003509344   0.0001450078  -0.0002745131  -0.0003103719   0.0008320530
       -0.0003068269  -0.0002798574   0.0012418559  -0.0011653146  -0.0014239126
        0.1042778351   0.0943394060   0.0420159716
       -0.0005374973   0.0012426706  -0.0001792035  -0.0090010420  -0.0276967039
       -0.0080453736   0.0029310122  -0.0042776174   0.0020548979   0.0000483748
        0.0003139614   0.0000610309  -0.0006440901   0.0008951684   0.0001818560
       -0.0032197738  -0.0008729125  -0.0003051988  -0.0823266674  -0.1911902848
       -0.0632120525   0.0000825033  -0.0005527541  -0.0000959468   0.0011262090
       -0.0004222221  -0.0000049326  -0.0003365588   0.0001092454   0.0000151306
       -0.0004734799   0.0005992819  -0.0003569624   0.0001009077   0.0001227474
        0.0003589412  -0.0006739424  -0.0012350640  -0.0003033885   0.0000524796
        0.0002275701   0.0000915902   0.0000099713   0.0000487975   0.0000027717
        0.0000885410   0.0000218268   0.0001348826   0.0000805746  -0.0000294210
       -0.0000344802   0.0002807836   0.0005039548  -0.0000898811   0.0001810316
        0.0002083408   0.0001425610  -0.0021087431  -0.0016415747  -0.0041614758
        0.0943394060   0.2236249894   0.0737452339
        0.0003583052   0.0000549933   0.0000891228   0.0039272516   0.0086575531
        0.0032819902  -0.0009156526   0.0015022278   0.0001404609  -0.0000684186
       -0.0001505445  -0.0000040996   0.0012169135   0.0001536028   0.0002783410
        0.0038388008   0.0054913088   0.0029667384  -0.0356008584  -0.0630003596
       -0.0737761938  -0.0001442950  -0.0003032104  -0.0003035461   0.0001656953
       -0.0004197352   0.0003030659  -0.0000054547   0.0000328704  -0.0001412837
        0.0002637830   0.0006449989   0.0005336628  -0.0000483847   0.0002433900
        0.0001765832   0.0001422421   0.0003034511   0.0003061093   0.0000075440
        0.0000523530   0.0001933613   0.0000504254   0.0000459513   0.0001068145
        0.0001466774   0.0000741823   0.0002149250   0.0001381986   0.0001490843
        0.0003048922  -0.0003740824   0.0000579384  -0.0000196896   0.0003227323
        0.0005670283   0.0003939642  -0.0154373943  -0.0279023179  -0.0185307431
        0.0420159716   0.0737452339   0.0834855243
