           1           2  0.94377731245116214     
           2           3  0.99237574609595480     
           3           4  0.98937225325107037     
           4           5   1.0065853900609227     
           5           6  0.97712075751394345     
           6           7  0.96843427872228804     
           7           8   1.1284949524194945     
           7           9   1.7706443708490525     
           8           9  0.17129565257636947     
           6          10  0.97945218314068772     
           3          11  0.99258145309115131     
          10          11   1.0073667932321244     
           1          13  0.92029692914958472     
           1          14  0.91776604895781932     
           1          15  0.84419663192784655     
           2          16  0.97084145651002074     
           2          17  0.96628999034847074     
           3          18  0.96394594350916263     
           4          19  0.97485923795970497     
           4          20  0.97577537422513116     
           5          21  0.97560247671334066     
           5          22  0.97551031065765259     
           6          23  0.96409207992917856     
           8          24  0.86715641061205151     
          10          25  0.97485750194355281     
          10          26  0.97417584318136918     
          11          27  0.95651438594027194     
          11          28  0.97384568523419990     
