           1           2  0.92447910230730335     
           2           3  0.99774521094826030     
           3           4   1.0036188933032819     
           4           5   1.3963436115456116     
           5           6   1.4698765402117679     
           6           7   1.3534118737723728     
           7           8   1.0742902898817481     
           8           9  0.98180923975417167     
           7          10   1.3595330071751313     
           4          11   1.4044555177616029     
           6          11  0.10510233275081070     
          10          11   1.4596201195490175     
           1          12  0.90921285109347982     
           1          13  0.90466588896759381     
           1          14  0.91386829381285217     
           2          15  0.96716035324344118     
           2          16  0.96543932559163270     
           3          17  0.96858313305157162     
           3          18  0.95408828702472726     
           5          19  0.96780213920577085     
           6          20  0.96589003260657058     
           9          21  0.97650362675209990     
           9          22  0.97685544699484772     
           9          23  0.97665918115411143     
          10          24  0.96301101079358575     
          11          25  0.96815399489770992     
