           1           2  0.92307014453405578     
           2           3  0.99585748682634312     
           3           4  0.99680536320591329     
           4           5   1.3992560308929824     
           5           6   1.4674385711672298     
           4           7  0.10368936277371910     
           6           7   1.3763946036329247     
           7           8   1.0304217257179082     
           5           9  0.10069680499706629     
           7           9   1.3763619444331825     
           4          10   1.3992884539144117     
           6          10  0.10067059795266903     
           9          10   1.4674386186255481     
           1          11  0.91157913936150892     
           1          12  0.90916057780355841     
           1          13  0.90914284762124431     
           2          14  0.96568097885926285     
           2          15  0.96569125306309689     
           3          16  0.96818966827402042     
           3          17  0.96818797955139069     
           5          18  0.96702511808713532     
           6          19  0.96510879815057382     
           9          20  0.96510844613792413     
          10          21  0.96701218383854393     
