$coord
        -12.008083541043          7.171379713293         -0.027247681618     n 
        -13.628633746091          5.265937562774          1.271919519936     c 
        -13.765977984390          2.754495025542         -0.156142750730     c 
        -11.364908760441          1.278679550780         -0.118826297449     c 
        -11.190598120940         -1.283926479758         -0.101197453383     c 
         -8.672354165597         -2.214748021674         -0.097119728652     c 
         -6.865300148763         -0.366724541225         -0.116934225027     c 
         -4.170209726132         -0.749201710028         -0.116511100269     c 
         -2.956415681392         -3.032194153430         -0.070323730653     c 
         -0.279759657662         -2.883289929919         -0.070423922222     c 
          1.345494426575         -5.178723355006         -0.022674123412     c 
          0.602462365068         -0.430789931714         -0.115276670808     c 
          3.187507845292          0.418539160961         -0.114219203599     c 
          3.909597425634          2.902452866172         -0.250021596544     c 
          6.549055210347          3.283616005533         -0.210135650765     c 
          7.939579280485          1.106831468911         -0.039647911741     c 
         10.665104590284          1.023985818665          0.037002383285     c 
         12.195290797076         -1.067727182948          0.258659210715     c 
         11.281723761524         -3.720418749286          0.471010717278     c 
         14.820675184531         -0.444114269385          0.271765141042     c 
         15.298595978406          2.056125399833          0.067107697712     c 
         12.526269871460          3.749401507918         -0.150484719997     s 
          5.885514579179         -1.474290284885          0.064464512326     s 
         -1.943194642189          1.668578726720         -0.172591460752     s 
         -8.347298192292          2.574954302836         -0.135423901057     s 
         -6.625722337918         -8.493828986151          0.010765994555     cl
        -11.823731446245          8.811010866189          0.999855520625     h 
        -12.728279236149          7.624214130063         -1.779158044131     h 
        -10.240886484805          6.423351267966         -0.301271189733     h 
        -15.528024663040          6.055000814094          1.527945115215     h 
        -12.903883462415          4.923965858435          3.182331061429     h 
        -14.297521435067          3.110013250947         -2.124175568882     h 
        -15.278802927019          1.575334705426          0.626353793434     h 
        -12.827221876087         -2.500811870109         -0.097331521389     h 
         -8.221082772529         -4.202649060544         -0.080175377717     h 
         -3.950635756155         -4.809678397556         -0.035499025979     h 
          2.511892927334         -5.213980348097          1.674544842498     h 
          2.595067569419         -5.225068869361         -1.660361931841     h 
          0.210410936970         -6.898325606433         -0.045564573202     h 
          2.562612976227          4.426869544432         -0.375761256446     h 
          7.411578564241          5.127155385135         -0.302959102589     h 
         10.067767707176         -3.946381613601          2.120055179809     h 
         12.853617462889         -5.039483156362          0.658181310172     h 
         10.200983801156         -4.257929842261         -1.198068997334     h 
         16.281430198078         -1.858180303515          0.432425141436     h 
         17.140516887290          2.905098807156          0.040924420675     h 
$end
