$hessian                                                                        
        0.4823838332  -0.0100258562   0.0549005755  -0.1283479956   0.0035933112
        0.0360061250  -0.0021188113  -0.0033436127   0.0065793102  -0.0002098955
        0.0005307038   0.0001076037  -0.0000604433   0.0001877333  -0.0003777552
        0.0005519929   0.0008307477   0.0004092805  -0.0348987704  -0.0026263279
        0.0131841699  -0.0094013116  -0.0031547044  -0.0094665968  -0.0556330872
        0.0552288713   0.0234905887  -0.0482420313   0.0183235504  -0.0211483032
       -0.1885812761  -0.0578790825  -0.1091566620  -0.0130663288   0.0029443855
        0.0096082010   0.0005764149   0.0002423277  -0.0007260250   0.0003523473
       -0.0010203398  -0.0000150753   0.0003363726  -0.0002078933  -0.0003967519
        0.0000404148   0.0000023818   0.0000665083   0.0001388126  -0.0002889693
        0.0000156199   0.0001278440   0.0001609060  -0.0000871646  -0.0000244018
       -0.0004303524  -0.0000250603   0.0001911590  -0.0000326297  -0.0000903301
        0.0015904642  -0.0000737654   0.0010947951  -0.0057053026  -0.0029613849
       -0.0039730533
       -0.0100258562   0.5851803985  -0.0025269036   0.0011247034  -0.0728135023
       -0.0010539564  -0.0147605055  -0.0001006965   0.0124666036   0.0007468046
       -0.0002837740  -0.0004644512  -0.0002104576   0.0001343741   0.0001063225
        0.0004318041  -0.0000020165  -0.0007404538  -0.0092591689   0.0011869997
        0.0053445531  -0.0036429391   0.0001256946  -0.0032336878   0.0553690843
       -0.2845275044  -0.0978656001   0.0195318601  -0.1623371327   0.1416692055
       -0.0576568536  -0.0624936858  -0.0413657674   0.0244807481  -0.0017715237
       -0.0160681129  -0.0002875913   0.0000540581  -0.0007751754  -0.0002844492
       -0.0018839787   0.0033380250  -0.0011871717  -0.0008836890   0.0015350894
       -0.0005061858  -0.0000895587   0.0000998238  -0.0001327566   0.0001223215
       -0.0001907050  -0.0001927308   0.0000148937  -0.0000170257  -0.0020540430
       -0.0003760997   0.0000904428  -0.0004289843   0.0002253450   0.0002209953
        0.0007232323   0.0004689979   0.0000222316  -0.0017785434   0.0000500789
       -0.0005914535
        0.0549005755  -0.0025269036   0.5385259922   0.0411996659  -0.0027976202
       -0.0919164545   0.0223718695   0.0048352382  -0.0218889902   0.0000605989
       -0.0006683063   0.0004371632  -0.0002593235   0.0000597398  -0.0002914481
        0.0002155991  -0.0003308726  -0.0003133541  -0.0088014117   0.0010865707
        0.0070810279  -0.0067326364  -0.0021101248  -0.0043479238   0.0224077711
       -0.0916198032  -0.0830344900  -0.0209657112   0.1368638910  -0.2114111105
       -0.1149217131  -0.0432320054  -0.1227736054   0.0142208359  -0.0023738541
       -0.0090519888   0.0012644754  -0.0002205585   0.0011679466  -0.0001568472
        0.0042884556  -0.0046924173   0.0001026485   0.0003440059  -0.0000564536
        0.0001762554  -0.0001930813   0.0001180318   0.0000794249   0.0000233007
        0.0001964516  -0.0000513859  -0.0000964854   0.0002644083  -0.0013279463
       -0.0000093465   0.0004797546  -0.0003707127  -0.0000594039   0.0003601630
       -0.0008046227  -0.0007434837   0.0016100630  -0.0026074097  -0.0005193522
       -0.0004627659
       -0.1283479956   0.0011247034   0.0411996659   0.4119345630  -0.0214889908
        0.0154214940  -0.0647662969   0.0093179109  -0.0157294487   0.0004997683
        0.0020267887  -0.0021985340  -0.0000002241   0.0000786271  -0.0002009597
        0.0001543923  -0.0084819735  -0.0026665482  -0.1169344695  -0.0213773320
       -0.0476556445   0.0015301240   0.0006892014   0.0018232392  -0.0063162007
        0.0071841253   0.0058715079   0.0024053692  -0.0027506696   0.0023572474
       -0.0211595285  -0.0026299367   0.0052862877  -0.0467761029   0.0372400669
        0.0108867578  -0.0044460904   0.0132094656  -0.0205857816   0.0004824729
       -0.0108057632   0.0187933548  -0.0006358799   0.0005971873   0.0002786646
        0.0005398063   0.0005234841   0.0003247926  -0.0000953804   0.0002563890
        0.0000105109  -0.0004543057  -0.0002528851   0.0003069059  -0.0008171617
        0.0005511873   0.0010008654   0.0004703236   0.0004300334   0.0004435493
       -0.0053724926  -0.0001875399  -0.0040925173  -0.0218946911  -0.0052540795
       -0.0108754096
        0.0035933112  -0.0728135023  -0.0027976202  -0.0214889908   0.5149254836
        0.0296656699   0.0116501493  -0.1015815066   0.0459641225   0.0036871351
       -0.0256015203   0.0222936402   0.0002790902   0.0033592275   0.0007278433
       -0.0216690802  -0.0137110299  -0.0170225038  -0.0230867572  -0.0764898402
       -0.0211281877  -0.0000487708  -0.0007389325  -0.0000614340   0.0217106724
        0.0010484096  -0.0143034007  -0.0139115353  -0.0003142175   0.0091863663
       -0.0051898034   0.0006626862   0.0038017651   0.0328668696  -0.2283279407
       -0.0614463877   0.0001653579   0.0037693261  -0.0026724112  -0.0006494137
        0.0011528395  -0.0006979105  -0.0002123294   0.0007636574   0.0005095149
        0.0003209630  -0.0063378226  -0.0012146881  -0.0000518133   0.0004842333
        0.0002293305  -0.0003220430  -0.0000359659   0.0001852517  -0.0002592068
        0.0007095878   0.0002007057  -0.0001436890  -0.0061033367  -0.0019637054
        0.0110509756   0.0043485333   0.0089672317   0.0017089089   0.0008316308
        0.0015768075
        0.0360061250  -0.0010539564  -0.0919164545   0.0154214940   0.0296656699
        0.4375690222  -0.0153127284   0.0439224327  -0.1255990652   0.0002284924
        0.0056434843   0.0050393477  -0.0003087787   0.0005676225  -0.0001406754
       -0.0071338303  -0.0081311190  -0.0052601179  -0.0456563333  -0.0173580351
       -0.0988776770  -0.0009270447  -0.0002382545  -0.0023470629   0.0098035748
       -0.0046779834  -0.0066623097   0.0170158927   0.0026118008  -0.0143856179
       -0.0046877531   0.0014473362   0.0116494019   0.0101538621  -0.0646085396
       -0.0624015018  -0.0042850924   0.0090566808  -0.0172189358  -0.0001295920
        0.0087346169  -0.0167173269   0.0006711987  -0.0003807578  -0.0003010546
        0.0003187316  -0.0014434137   0.0005309320  -0.0000612069  -0.0000717469
       -0.0001688252   0.0002733551   0.0001208158  -0.0000723059   0.0001470728
       -0.0000129958  -0.0003254344   0.0002765102  -0.0016791498   0.0002573192
       -0.0222651142  -0.0051360483  -0.0192265594   0.0104511648   0.0030215402
        0.0065749017
       -0.0021188113  -0.0147605055   0.0223718695  -0.0647662969   0.0116501493
       -0.0153127284   0.5271545550   0.0108891631  -0.0036979003  -0.0678665395
        0.0095179830   0.0039384344  -0.0003050644  -0.0224243606  -0.0074174476
        0.0015037135   0.0007577638   0.0015272570  -0.0049764931   0.0104128237
       -0.0190551972  -0.0003587177  -0.0000876581  -0.0000980913   0.0004313992
       -0.0005643062  -0.0001310056  -0.0040196155  -0.0003151606   0.0036456417
        0.0009702316  -0.0001088292   0.0006584306   0.0003782383   0.0032774065
       -0.0034271631  -0.1969679709  -0.0523432887  -0.0909476919  -0.1800116519
        0.0224472039   0.1075514071  -0.0033224928   0.0242026924   0.0075416826
        0.0001135370   0.0016353687   0.0004073974  -0.0035293503  -0.0024239365
       -0.0033062477   0.0008606739  -0.0007348730  -0.0003487767  -0.0000148507
        0.0000011073  -0.0001517860   0.0000905357   0.0000718049   0.0002197519
       -0.0035237690  -0.0012164478  -0.0035829148   0.0002787398   0.0001158996
       -0.0003849216
       -0.0033436127  -0.0001006965   0.0048352382   0.0093179109  -0.1015815066
        0.0439224327   0.0108891631   0.4384176870   0.0289752124   0.0098506642
       -0.1727696447  -0.0300142845  -0.0062413460  -0.0148278229  -0.0082798119
        0.0009403014  -0.0000625342   0.0012177438   0.0013573809   0.0053289935
       -0.0017719950  -0.0002375216  -0.0001761600   0.0000213540  -0.0001934665
        0.0004340044  -0.0005823546  -0.0002094560   0.0008672052  -0.0005853433
       -0.0000571994   0.0004712985  -0.0003125583   0.0047700535  -0.0208120162
        0.0217087055  -0.0515533029  -0.0607879170  -0.0318037769   0.0210275744
       -0.0458512186  -0.0178809487   0.0034869945  -0.0094141101  -0.0044026857
        0.0022826032  -0.0200197791  -0.0021457456  -0.0016810407  -0.0000393160
       -0.0013814557   0.0007123704   0.0005110360   0.0002963079   0.0000543788
       -0.0000574647  -0.0001592366   0.0001513724   0.0000147169   0.0001315584
       -0.0013938075   0.0003620210  -0.0017423147   0.0000699855   0.0000932239
       -0.0000460412
        0.0065793102   0.0124666036  -0.0218889902  -0.0157294487   0.0459641225
       -0.1255990652  -0.0036979003   0.0289752124   0.4772930812   0.0037134071
       -0.0318733020  -0.0745214738  -0.0017699724  -0.0166481438  -0.0054740064
        0.0016525162   0.0009147943   0.0016477763  -0.0078394833   0.0085020172
       -0.0187519842   0.0000654242   0.0002879945   0.0000170570  -0.0001331024
        0.0003868284   0.0004131149   0.0032043248  -0.0000337675  -0.0019286540
       -0.0001839326  -0.0006891894   0.0008489187   0.0007651325  -0.0004995787
        0.0031207461  -0.0927903830  -0.0322737266  -0.1005863143   0.1091853079
       -0.0176982326  -0.1305628157   0.0032723055  -0.0180919274  -0.0054130690
       -0.0019574980   0.0220156637   0.0044783762  -0.0028379315  -0.0015811263
       -0.0015958590   0.0005328808   0.0005196271   0.0004213639   0.0001037598
       -0.0001422910  -0.0001892911   0.0001412345   0.0000771698   0.0001472012
       -0.0027081067  -0.0006847996  -0.0019661337   0.0004321554   0.0001060515
        0.0000900209
       -0.0002098955   0.0007468046   0.0000605989   0.0004997683   0.0036871351
        0.0002284924  -0.0678665395   0.0098506642   0.0037134071   0.4871069031
       -0.0199900973  -0.0208806142  -0.1431675849  -0.0266433272  -0.0476847994
       -0.0052269030   0.0020697382  -0.0087939489   0.0001914326  -0.0008452300
        0.0004776061  -0.0001999726   0.0000854993   0.0003255190   0.0001831719
       -0.0015628059   0.0008596372   0.0000797734  -0.0000018822  -0.0000007273
        0.0001192181  -0.0000238655  -0.0002056663   0.0006484871   0.0008492268
       -0.0007397417   0.0007044218  -0.0220580814  -0.0068011371  -0.0036789420
        0.0233272906   0.0079324418  -0.1962966121   0.0293842177   0.0954119797
       -0.0468603609   0.0098186083  -0.0120504791   0.0000415161  -0.0012873176
       -0.0002224768  -0.0272605303  -0.0075236750  -0.0123727321   0.0008696846
       -0.0002381359   0.0011205117   0.0006020674   0.0003886531  -0.0004783623
        0.0000189046  -0.0001770682   0.0001184161  -0.0002980083   0.0001436485
       -0.0000179248
        0.0005307038  -0.0002837740  -0.0006683063   0.0020267887  -0.0256015203
        0.0056434843   0.0095179830  -0.1727696447  -0.0318733020  -0.0199900973
        0.4603451592  -0.0284164845  -0.0254899984  -0.0738357529  -0.0169183346
        0.0112671384   0.0046063618   0.0077517838  -0.0008506941   0.0011358650
       -0.0017985560   0.0002801295   0.0000008782  -0.0001036943   0.0001874779
        0.0006255064  -0.0006157839   0.0001026562   0.0003222851  -0.0002340814
        0.0000136874   0.0002124818   0.0003144559   0.0003869451  -0.0018181497
        0.0026340316  -0.0014189194  -0.0118895105  -0.0050245312   0.0037896895
       -0.0091944397  -0.0044710833   0.0291901949  -0.0488082202  -0.0161279071
        0.0101310365  -0.1122403607   0.1016239207  -0.0224986971  -0.0108217135
       -0.0155986179   0.0013013595   0.0010027329   0.0009069061   0.0002831400
        0.0002522707  -0.0003335253   0.0011104106  -0.0013053004   0.0034172846
       -0.0001235408   0.0001710606  -0.0001506177   0.0002526061  -0.0001062152
        0.0000429587
        0.0001076037  -0.0004644512   0.0004371632  -0.0021985340   0.0222936402
        0.0050393477   0.0039384344  -0.0300142845  -0.0745214738  -0.0208806142
       -0.0284164845   0.4987299508  -0.0475142936  -0.0177251079  -0.0973580228
       -0.0210605565  -0.0022909586  -0.0195934121   0.0006562250  -0.0019293716
        0.0017544919   0.0000923877  -0.0003196327   0.0000098551  -0.0001716377
        0.0004958030  -0.0001965155  -0.0000640802   0.0000819971   0.0001528780
       -0.0004171875   0.0002731292  -0.0003449949  -0.0008109033   0.0038662834
       -0.0033820881  -0.0000138616  -0.0140799940  -0.0039242675   0.0030348086
       -0.0182244030  -0.0054448704   0.0970588062  -0.0163679024  -0.1059606074
       -0.0126295170   0.1014397063  -0.1940738889  -0.0080628059  -0.0050272448
       -0.0052627709   0.0107917609   0.0039418904   0.0074790667  -0.0007411985
       -0.0004631123   0.0006827874  -0.0012278045   0.0030679266  -0.0042101017
        0.0001641350  -0.0002708183   0.0001138497  -0.0000511671   0.0001333896
       -0.0001263763
       -0.0000604433  -0.0002104576  -0.0002593235  -0.0000002241   0.0002790902
       -0.0003087787  -0.0003050644  -0.0062413460  -0.0017699724  -0.1431675849
       -0.0254899984  -0.0475142936   0.4831023666  -0.0035338973  -0.0352196408
       -0.0675186836   0.0055694571  -0.0061356391   0.0004167512   0.0025443063
       -0.0017668342   0.0001836002  -0.0000625723  -0.0000346853  -0.0001950814
        0.0002092904   0.0003823828  -0.0000116009   0.0000413659   0.0000073069
       -0.0002192856   0.0001196614  -0.0000767924   0.0000947861   0.0000981645
       -0.0000727765   0.0006784828   0.0003972950   0.0001205608   0.0009383545
        0.0008154873   0.0004582867  -0.0275412395  -0.0078892087  -0.0124808878
       -0.0038884887  -0.0003486993  -0.0038087836  -0.0469949985   0.0182410048
        0.0065674286  -0.1925595674   0.0148566402   0.1022419957   0.0001292271
       -0.0129407142   0.0210840260  -0.0038549928   0.0126412888  -0.0211825754
        0.0006042065   0.0003927255   0.0002187056   0.0001694801   0.0005111165
       -0.0004497097
        0.0001877333   0.0001343741   0.0000597398   0.0000786271   0.0033592275
        0.0005676225  -0.0224243606  -0.0148278229  -0.0166481438  -0.0266433272
       -0.0738357529  -0.0177251079  -0.0035338973   0.5053403767   0.0169192181
        0.0061100499  -0.1012244833   0.0541155396   0.0028001455  -0.0244077085
        0.0218048405  -0.0000035869   0.0000584584   0.0000696269  -0.0003401074
       -0.0001961897   0.0001340472   0.0000570826  -0.0001220163  -0.0000933766
        0.0000865643  -0.0002286711  -0.0001201861   0.0002581821   0.0003394891
       -0.0001252480  -0.0001066481  -0.0057063220  -0.0018359209  -0.0004306296
        0.0008013216   0.0002974114   0.0010096624   0.0011066590   0.0017294160
        0.0112622729   0.0040988714   0.0080732653   0.0180888572  -0.2459440603
       -0.0531759562   0.0149225540  -0.0480206694  -0.0106633939  -0.0015565474
        0.0009060313   0.0005096259   0.0000361794   0.0037091443  -0.0036029717
        0.0004025868  -0.0061953068  -0.0006283083  -0.0002613928   0.0008550497
        0.0003382603
       -0.0003777552   0.0001063225  -0.0002914481  -0.0002009597   0.0007278433
       -0.0001406754  -0.0074174476  -0.0082798119  -0.0054740064  -0.0476847994
       -0.0169183346  -0.0973580228  -0.0352196408   0.0169192181   0.4585312919
       -0.0064789756   0.0524270797  -0.1450276863   0.0004344695   0.0035986387
        0.0044246691  -0.0000862938  -0.0000739209  -0.0000435095   0.0002815326
       -0.0002387323   0.0000811941   0.0000614681   0.0001369387  -0.0000684119
        0.0001955958   0.0001358901  -0.0001167450  -0.0000207615   0.0000533745
        0.0000187596   0.0001676158  -0.0016921098   0.0002432285  -0.0003654344
        0.0000413581   0.0000947604   0.0111706200   0.0037578919   0.0069780277
       -0.0211376883  -0.0052149008  -0.0160826319   0.0064126435  -0.0529494068
       -0.0582302242   0.1025991085  -0.0108021193  -0.1128466505   0.0018360175
        0.0120891755  -0.0202405952  -0.0040759909   0.0090071389  -0.0159231294
        0.0000289594  -0.0021054251   0.0007230846  -0.0001222835  -0.0007261084
        0.0007487206
        0.0005519929   0.0004318041   0.0002155991   0.0001543923  -0.0216690802
       -0.0071338303   0.0015037135   0.0009403014   0.0016525162  -0.0052269030
        0.0112671384  -0.0210605565  -0.0675186836   0.0061100499  -0.0064789756
        0.5151161555   0.0071372851  -0.0015716824  -0.0676813036   0.0099315909
        0.0038611796  -0.0000463016  -0.0000493671  -0.0000225976  -0.0006120481
       -0.0008367169  -0.0006617028  -0.0001837772  -0.0001105202  -0.0002014366
        0.0000617916   0.0001105372   0.0001511445  -0.0029692442  -0.0021506180
       -0.0028967993   0.0000708613   0.0001258715   0.0002233324  -0.0001186617
       -0.0000571340  -0.0000277261   0.0005983147   0.0004723074  -0.0008423205
       -0.0035681439  -0.0012532261  -0.0035285324  -0.0000577800   0.0028432070
       -0.0028248213   0.0005760452  -0.0131427496   0.0207319037  -0.1781368181
        0.0247797302   0.1022139308  -0.1895811595  -0.0499140867  -0.0892637163
        0.0004932922   0.0010304315   0.0003705976  -0.0034257348   0.0240032441
        0.0070944939
        0.0008307477  -0.0000020165  -0.0003308726  -0.0084819735  -0.0137110299
       -0.0081311190   0.0007577638  -0.0000625342   0.0009147943   0.0020697382
        0.0046063618  -0.0022909586   0.0055694571  -0.1012244833   0.0524270797
        0.0071372851   0.4394922542   0.0212715397   0.0117322237  -0.1718249058
       -0.0260740513   0.0000033814   0.0001860672   0.0000482751   0.0005504571
        0.0002978966   0.0001362346  -0.0000505057  -0.0000126523  -0.0000052521
        0.0001072173  -0.0001222206  -0.0000413476  -0.0011918653   0.0000384523
       -0.0008089605   0.0000030571   0.0000056667   0.0000543280   0.0000849854
       -0.0000083839  -0.0001623441   0.0000791387   0.0001294186  -0.0002259137
       -0.0013093148   0.0004338229  -0.0013532291   0.0025891733  -0.0200096732
        0.0235642818  -0.0006966100   0.0005748211   0.0004674978   0.0246616422
       -0.0473495305  -0.0205520575  -0.0503626793  -0.0606026056  -0.0325234346
        0.0022729170  -0.0215151888  -0.0017426234   0.0036437635  -0.0093195368
       -0.0046418669
        0.0004092805  -0.0007404538  -0.0003133541  -0.0026665482  -0.0170225038
       -0.0052601179   0.0015272570   0.0012177438   0.0016477763  -0.0087939489
        0.0077517838  -0.0195934121  -0.0061356391   0.0541155396  -0.1450276863
       -0.0015716824   0.0212715397   0.4844037383   0.0042668744  -0.0291006512
       -0.0731146421  -0.0000597882  -0.0000213789   0.0000677197   0.0010507724
        0.0012246422   0.0006989399  -0.0001478945   0.0000884513  -0.0001533327
        0.0001673917   0.0000848247  -0.0001603823  -0.0028005049  -0.0018407896
       -0.0014986141   0.0000301687   0.0001363527   0.0001648925   0.0000525975
       -0.0000843510  -0.0004004016   0.0010511302  -0.0000489520   0.0009752795
       -0.0029147261  -0.0009409211  -0.0017067542   0.0006122000  -0.0015485711
        0.0037820644   0.0016885987   0.0115738437  -0.0199596174   0.1004711202
       -0.0206540287  -0.1229948725  -0.0882308977  -0.0321031264  -0.1008418929
       -0.0017778782   0.0234632516   0.0043254545   0.0037721169  -0.0168222455
       -0.0050407848
       -0.0348987704  -0.0092591689  -0.0088014117  -0.1169344695  -0.0230867572
       -0.0456563333  -0.0049764931   0.0013573809  -0.0078394833   0.0001914326
       -0.0008506941   0.0006562250   0.0004167512   0.0028001455   0.0004344695
       -0.0676813036   0.0117322237   0.0042668744   0.4796689227  -0.0193256120
       -0.0337635155  -0.0001828429  -0.0000494427  -0.0005186496   0.0005707274
       -0.0008069113  -0.0004783676   0.0006014381   0.0006270930  -0.0002911636
       -0.0027419566   0.0003094257   0.0039980767  -0.0001098368  -0.0016928925
       -0.0010693075   0.0002761205   0.0003033460  -0.0006772009   0.0000632381
       -0.0001771303   0.0002496900  -0.0000801099   0.0001139876   0.0000383752
        0.0000031058  -0.0000684459   0.0000337036   0.0005538503   0.0004656315
       -0.0005003185   0.0002924524  -0.0007274622   0.0000072348  -0.0033123705
        0.0244608089   0.0077241738   0.0003983372  -0.0227473361  -0.0069727167
       -0.0448941397   0.0062275733  -0.0079618488  -0.2072240833   0.0303942372
        0.0971214939
       -0.0026263279   0.0011869997   0.0010865707  -0.0213773320  -0.0764898402
       -0.0173580351   0.0104128237   0.0053289935   0.0085020172  -0.0008452300
        0.0011358650  -0.0019293716   0.0025443063  -0.0244077085   0.0035986387
        0.0099315909  -0.1718249058  -0.0291006512  -0.0193256120   0.4577556993
       -0.0290636653  -0.0001322574   0.0001731385  -0.0000909549   0.0005073103
        0.0002769397   0.0002287201  -0.0002486886   0.0001033342  -0.0004012045
        0.0007241656   0.0003571566   0.0004027770  -0.0202146953  -0.0116726789
       -0.0174440643   0.0008649673  -0.0013819787   0.0030456879   0.0001907580
        0.0001488930  -0.0001062134   0.0002080499  -0.0001388284   0.0000166373
       -0.0000738700   0.0001220772  -0.0002071434   0.0006143014  -0.0018478581
        0.0031394276   0.0001799207   0.0006669267  -0.0007333922   0.0035239251
       -0.0097435188  -0.0042443173  -0.0010062297  -0.0122780280  -0.0047842383
        0.0065607182  -0.1091963487   0.1008206329   0.0295874053  -0.0482743295
       -0.0153778577
        0.0131841699   0.0053445531   0.0070810279  -0.0476556445  -0.0211281877
       -0.0988776770  -0.0190551972  -0.0017719950  -0.0187519842   0.0004776061
       -0.0017985560   0.0017544919  -0.0017668342   0.0218048405   0.0044246691
        0.0038611796  -0.0260740513  -0.0731146421  -0.0337635155  -0.0290636653
        0.4975366329   0.0001547410   0.0001548320   0.0005744495   0.0000247202
        0.0002618348   0.0006164196   0.0010516944  -0.0002645469   0.0012391315
        0.0017793249  -0.0004478374  -0.0020407187  -0.0086357208  -0.0056200782
       -0.0060879706  -0.0006780983   0.0031252900  -0.0037146486  -0.0004328009
       -0.0000173237   0.0001198032  -0.0001026822   0.0000814999  -0.0000389587
        0.0001075138  -0.0001607652   0.0001825168  -0.0007113313   0.0039557038
       -0.0035337414  -0.0003757539   0.0005463889   0.0006941746   0.0033380562
       -0.0183579865  -0.0055390897  -0.0000326041  -0.0150278621  -0.0043918772
       -0.0075655082   0.1012542876  -0.1961049451   0.0967966852  -0.0167963754
       -0.1020270637
       -0.0094013116  -0.0036429391  -0.0067326364   0.0015301240  -0.0000487708
       -0.0009270447  -0.0003587177  -0.0002375216   0.0000654242  -0.0001999726
        0.0002801295   0.0000923877   0.0001836002  -0.0000035869  -0.0000862938
       -0.0000463016   0.0000033814  -0.0000597882  -0.0001828429  -0.0001322574
        0.0001547410  -0.0021148662  -0.0019375598  -0.0051946829  -0.0003883498
        0.0009404053   0.0005567659  -0.0002999742  -0.0004397314   0.0007951837
        0.0108783364   0.0052681859   0.0131202528   0.0003774137  -0.0002974583
       -0.0000146765   0.0002232298   0.0008204598  -0.0008386178  -0.0003756551
       -0.0000033398  -0.0001218500  -0.0000499816   0.0002211956   0.0001042159
       -0.0001518113  -0.0000359137   0.0002063173   0.0000901346  -0.0002926497
       -0.0001688032  -0.0000650854   0.0000012838  -0.0001367794   0.0002645565
        0.0000101101   0.0000517127   0.0001116671  -0.0002128445  -0.0003065067
        0.0001273040  -0.0000738228  -0.0002861636  -0.0001514962  -0.0001867557
       -0.0002731581
       -0.0031547044   0.0001256946  -0.0021101248   0.0006892014  -0.0007389325
       -0.0002382545  -0.0000876581  -0.0001761600   0.0002879945   0.0000854993
        0.0000008782  -0.0003196327  -0.0000625723   0.0000584584  -0.0000739209
       -0.0000493671   0.0001860672  -0.0000213789  -0.0000494427   0.0001731385
        0.0001548320  -0.0019375598   0.0037109959  -0.0015763156   0.0003509757
        0.0001185975   0.0006467592  -0.0001582689  -0.0005249039  -0.0000612350
        0.0048738223  -0.0037514253   0.0040461915   0.0000603660   0.0001552979
        0.0001603636   0.0008389840  -0.0006453504  -0.0005274135  -0.0001260066
       -0.0001317185   0.0000669047  -0.0001926602   0.0001509108   0.0001851367
       -0.0001659230  -0.0001735895  -0.0002497201  -0.0003530300   0.0001196441
       -0.0002978108  -0.0002842722   0.0001295702  -0.0001066537  -0.0001017241
        0.0002336179   0.0000173515  -0.0002978244   0.0003823875  -0.0001492344
        0.0001011867   0.0003135597   0.0000009665   0.0000209786   0.0002832617
        0.0001651947
       -0.0094665968  -0.0032336878  -0.0043479238   0.0018232392  -0.0000614340
       -0.0023470629  -0.0000980913   0.0000213540   0.0000170570   0.0003255190
       -0.0001036943   0.0000098551  -0.0000346853   0.0000696269  -0.0000435095
       -0.0000225976   0.0000482751   0.0000677197  -0.0005186496  -0.0000909549
        0.0005744495  -0.0051946829  -0.0015763156  -0.0008932697   0.0001215615
        0.0010416210  -0.0001343664   0.0001408485  -0.0004582487   0.0004222678
        0.0137532956   0.0045681943   0.0058070301   0.0000952164   0.0001234467
       -0.0000654121  -0.0000767473  -0.0002361786  -0.0006534800   0.0000245803
       -0.0000141964   0.0001832385  -0.0000787865   0.0002369565  -0.0001400520
        0.0001587823  -0.0001706361   0.0000963165   0.0000360649  -0.0000415879
        0.0002236953  -0.0000119623   0.0000412377   0.0003241761  -0.0002690107
        0.0000462404   0.0001819719  -0.0003692865  -0.0001022456   0.0002300798
       -0.0000211734  -0.0000734692   0.0002045362  -0.0003168374  -0.0000343034
        0.0002826829
       -0.0556330872   0.0553690843   0.0224077711  -0.0063162007   0.0217106724
        0.0098035748   0.0004313992  -0.0001934665  -0.0001331024   0.0001831719
        0.0001874779  -0.0001716377  -0.0001950814  -0.0003401074   0.0002815326
       -0.0006120481   0.0005504571   0.0010507724   0.0005707274   0.0005073103
        0.0000247202  -0.0003883498   0.0003509757   0.0001215615   0.0566584216
       -0.0635065999  -0.0270924113   0.0016447568   0.0049077818   0.0003492672
        0.0063059055  -0.0187395010  -0.0076594138  -0.0042952632   0.0002065802
        0.0033611521   0.0000702136  -0.0000927296  -0.0001185206   0.0002139720
        0.0000382126  -0.0000680359   0.0006039507  -0.0001256972   0.0001149835
        0.0000992576   0.0000683885  -0.0002662426  -0.0000509634   0.0000250681
        0.0000040927   0.0000117180   0.0000090866  -0.0001448402   0.0004430997
       -0.0012224135  -0.0014009043   0.0003833354   0.0000599533  -0.0002570080
       -0.0003506769   0.0002545692  -0.0001134297   0.0002217415  -0.0000251029
       -0.0000938815
        0.0552288713  -0.2845275044  -0.0916198032   0.0071841253   0.0010484096
       -0.0046779834  -0.0005643062   0.0004340044   0.0003868284  -0.0015628059
        0.0006255064   0.0004958030   0.0002092904  -0.0001961897  -0.0002387323
       -0.0008367169   0.0002978966   0.0012246422  -0.0008069113   0.0002769397
        0.0002618348   0.0009404053   0.0001185975   0.0010416210  -0.0635065999
        0.3159494604   0.1067283803   0.0048876062  -0.0232790814  -0.0039647915
       -0.0031296723  -0.0102962309  -0.0084536874   0.0000493483   0.0010808595
       -0.0001372136  -0.0000181405  -0.0000436358  -0.0000662119  -0.0001091301
       -0.0002156428   0.0002104463   0.0011092554  -0.0004334472  -0.0002177307
        0.0003408971  -0.0000176772   0.0000040272  -0.0001992567  -0.0002570660
        0.0001505195   0.0001404599   0.0000258674   0.0000078112   0.0005812948
        0.0000345017  -0.0008680138   0.0002212292  -0.0000731079  -0.0002020580
        0.0001302243  -0.0003643879   0.0000300075  -0.0002894678  -0.0001880721
       -0.0000956958
        0.0234905887  -0.0978656001  -0.0830344900   0.0058715079  -0.0143034007
       -0.0066623097  -0.0001310056  -0.0005823546   0.0004131149   0.0008596372
       -0.0006157839  -0.0001965155   0.0003823828   0.0001340472   0.0000811941
       -0.0006617028   0.0001362346   0.0006989399  -0.0004783676   0.0002287201
        0.0006164196   0.0005567659   0.0006467592  -0.0001343664  -0.0270924113
        0.1067283803   0.0867757934  -0.0049339859   0.0217740456   0.0087139002
        0.0004986888  -0.0172787198  -0.0050221795   0.0034091239  -0.0000573128
       -0.0014618927   0.0000127654  -0.0002647976  -0.0005114623  -0.0002768404
        0.0000561380   0.0001118301  -0.0008183722   0.0015081342   0.0002568881
       -0.0003825544  -0.0000107210   0.0001463184  -0.0000247908  -0.0000374790
       -0.0000561584  -0.0001792450   0.0000517802  -0.0001663821   0.0002818563
       -0.0004717222  -0.0000509453  -0.0000730933   0.0000296463  -0.0002703850
       -0.0001532562   0.0002976662  -0.0002472105  -0.0001576914  -0.0001036603
       -0.0000001014
       -0.0482420313   0.0195318601  -0.0209657112   0.0024053692  -0.0139115353
        0.0170158927  -0.0040196155  -0.0002094560   0.0032043248   0.0000797734
        0.0001026562  -0.0000640802  -0.0000116009   0.0000570826   0.0000614681
       -0.0001837772  -0.0000505057  -0.0001478945   0.0006014381  -0.0002486886
        0.0010516944  -0.0002999742  -0.0001582689   0.0001408485   0.0016447568
        0.0048876062  -0.0049339859   0.0487606735  -0.0227174029   0.0213797626
       -0.0008292522   0.0131250746  -0.0170843372   0.0003210647  -0.0001263998
        0.0004959819   0.0000093459   0.0000986644  -0.0001972137   0.0002271426
       -0.0007593899   0.0011328657   0.0000889384   0.0000166759  -0.0001057477
        0.0001571861   0.0000589979  -0.0001811371   0.0000462850   0.0000649856
       -0.0000368992   0.0000890506  -0.0000197160   0.0000507792   0.0000312268
       -0.0000412863  -0.0000712236  -0.0000655563   0.0000055829   0.0000377581
       -0.0007758557   0.0003187887  -0.0007955744  -0.0000345879  -0.0000253256
        0.0000124288
        0.0183235504  -0.1623371327   0.1368638910  -0.0027506696  -0.0003142175
        0.0026118008  -0.0003151606   0.0008672052  -0.0000337675  -0.0000018822
        0.0003222851   0.0000819971   0.0000413659  -0.0001220163   0.0001369387
       -0.0001105202  -0.0000126523   0.0000884513   0.0006270930   0.0001033342
       -0.0002645469  -0.0004397314  -0.0005249039  -0.0004582487   0.0049077818
       -0.0232790814   0.0217740456  -0.0227174029   0.1777058276  -0.1567572720
        0.0017398208   0.0069061151  -0.0024978909   0.0007457407   0.0005339115
       -0.0011911557  -0.0000823080   0.0001181496  -0.0001232555   0.0001792850
        0.0000745173  -0.0000656946  -0.0000136245  -0.0000269148   0.0001242188
       -0.0000820435   0.0002150984   0.0000195730  -0.0000410543   0.0000888661
        0.0001277049   0.0000332751   0.0000625444  -0.0000693314   0.0000619413
       -0.0005790232  -0.0001146922   0.0000749867  -0.0001028595   0.0000696228
       -0.0004243660   0.0001839104  -0.0000945418   0.0002439226   0.0001170368
       -0.0002278466
       -0.0211483032   0.1416692055  -0.2114111105   0.0023572474   0.0091863663
       -0.0143856179   0.0036456417  -0.0005853433  -0.0019286540  -0.0000007273
       -0.0002340814   0.0001528780   0.0000073069  -0.0000933766  -0.0000684119
       -0.0002014366  -0.0000052521  -0.0001533327  -0.0002911636  -0.0004012045
        0.0012391315   0.0007951837  -0.0000612350   0.0004222678   0.0003492672
       -0.0039647915   0.0087139002   0.0213797626  -0.1567572720   0.2323459157
       -0.0066515981   0.0104662159  -0.0146724579  -0.0000346438   0.0001349971
       -0.0001025104   0.0002520433   0.0000302641   0.0002594196  -0.0000919103
        0.0008151244  -0.0006702434  -0.0000314353  -0.0000729393   0.0000066669
       -0.0000710380  -0.0000833904   0.0001754209  -0.0000154045  -0.0000630536
        0.0000634384  -0.0000668350   0.0000210306   0.0000316274   0.0000616138
       -0.0000629557   0.0000448573  -0.0001364086  -0.0001860146  -0.0000309554
        0.0002422641   0.0003390748   0.0001177030  -0.0003494264  -0.0000913687
       -0.0001499326
       -0.1885812761  -0.0576568536  -0.1149217131  -0.0211595285  -0.0051898034
       -0.0046877531   0.0009702316  -0.0000571994  -0.0001839326   0.0001192181
        0.0000136874  -0.0004171875  -0.0002192856   0.0000865643   0.0001955958
        0.0000617916   0.0001072173   0.0001673917  -0.0027419566   0.0007241656
        0.0017793249   0.0108783364   0.0048738223   0.0137532956   0.0063059055
       -0.0031296723   0.0004986888  -0.0008292522   0.0017398208  -0.0066515981
        0.1940889054   0.0579869206   0.1090596891  -0.0001072084   0.0000866080
        0.0001920060   0.0008107433  -0.0003152815   0.0008322704   0.0007370544
        0.0002630630  -0.0000723444   0.0001559510  -0.0003142215  -0.0000714847
        0.0003108891   0.0002791675  -0.0003762617  -0.0001101245   0.0003376565
        0.0001345166   0.0001763474  -0.0000059960   0.0001004678  -0.0003334075
        0.0000375788  -0.0001125448   0.0000345213   0.0003283587   0.0004196198
       -0.0002193058   0.0000636639   0.0005845909  -0.0003485500  -0.0002592672
       -0.0002226374
       -0.0578790825  -0.0624936858  -0.0432320054  -0.0026299367   0.0006626862
        0.0014473362  -0.0001088292   0.0004712985  -0.0006891894  -0.0000238655
        0.0002124818   0.0002731292   0.0001196614  -0.0002286711   0.0001358901
        0.0001105372  -0.0001222206   0.0000848247   0.0003094257   0.0003571566
       -0.0004478374   0.0052681859  -0.0037514253   0.0045681943  -0.0187395010
       -0.0102962309  -0.0172787198   0.0131250746   0.0069061151   0.0104662159
        0.0579869206   0.0689472573   0.0436744270   0.0008546140   0.0000597729
       -0.0003797657  -0.0001642338   0.0007700837   0.0007629549   0.0002581473
        0.0002313317  -0.0000207674   0.0002566950  -0.0005292954   0.0000587178
        0.0001476871   0.0002581029   0.0001681622   0.0002734763  -0.0000060724
        0.0003930404   0.0003174831  -0.0001257724   0.0001340071   0.0001698752
       -0.0003243028  -0.0000018030   0.0003009636  -0.0003865127   0.0002242958
       -0.0001152116  -0.0004566344  -0.0000480818   0.0001619131  -0.0001554629
       -0.0002930259
       -0.1091566620  -0.0413657674  -0.1227736054   0.0052862877   0.0038017651
        0.0116494019   0.0006584306  -0.0003125583   0.0008489187  -0.0002056663
        0.0003144559  -0.0003449949  -0.0000767924  -0.0001201861  -0.0001167450
        0.0001511445  -0.0000413476  -0.0001603823   0.0039980767   0.0004027770
       -0.0020407187   0.0131202528   0.0040461915   0.0058070301  -0.0076594138
       -0.0084536874  -0.0050221795  -0.0170843372  -0.0024978909  -0.0146724579
        0.1090596891   0.0436744270   0.1282965024   0.0007135590  -0.0002934181
        0.0003894563  -0.0001901291   0.0003361124  -0.0007371470  -0.0000637428
        0.0002081143  -0.0002615735  -0.0000241849  -0.0002044681   0.0002834135
       -0.0001844396   0.0002105566  -0.0001880119  -0.0000129397   0.0001077427
       -0.0001528995   0.0000189034  -0.0000739351  -0.0003498108   0.0002492446
       -0.0000347308  -0.0001793229   0.0002861868   0.0000928219  -0.0002258923
       -0.0000019584   0.0000171644  -0.0002487192   0.0011184908   0.0001858612
        0.0001997378
       -0.0130663288   0.0244807481   0.0142208359  -0.0467761029   0.0328668696
        0.0101538621   0.0003782383   0.0047700535   0.0007651325   0.0006484871
        0.0003869451  -0.0008109033   0.0000947861   0.0002581821  -0.0000207615
       -0.0029692442  -0.0011918653  -0.0028005049  -0.0001098368  -0.0202146953
       -0.0086357208   0.0003774137   0.0000603660   0.0000952164  -0.0042952632
        0.0000493483   0.0034091239   0.0003210647   0.0007457407  -0.0000346438
       -0.0001072084   0.0008546140   0.0007135590   0.0649466783  -0.0404251668
       -0.0169829216  -0.0001762642   0.0003895312  -0.0000182047   0.0002442626
       -0.0008034581   0.0004727124  -0.0000142704  -0.0001570702   0.0000134611
       -0.0000069132   0.0002857466   0.0000479100   0.0000823070  -0.0000025868
       -0.0000029824   0.0000564718  -0.0000540430  -0.0000820429  -0.0000522611
        0.0000079594  -0.0000027714   0.0000790285  -0.0011388721  -0.0003267485
        0.0003051372  -0.0001550226   0.0001480750   0.0000398178  -0.0010133245
       -0.0003216824
        0.0029443855  -0.0017715237  -0.0023738541   0.0372400669  -0.2283279407
       -0.0646085396   0.0032774065  -0.0208120162  -0.0004995787   0.0008492268
       -0.0018181497   0.0038662834   0.0000981645   0.0003394891   0.0000533745
       -0.0021506180   0.0000384523  -0.0018407896  -0.0016928925  -0.0116726789
       -0.0056200782  -0.0002974583   0.0001552979   0.0001234467   0.0002065802
        0.0010808595  -0.0000573128  -0.0001263998   0.0005339115   0.0001349971
        0.0000866080   0.0000597729  -0.0002934181  -0.0404251668   0.2621886084
        0.0712040123   0.0001721698   0.0001861104  -0.0001529652  -0.0003011494
        0.0001519990  -0.0001738093  -0.0001931019   0.0003229972   0.0001059898
        0.0000833230  -0.0009824660  -0.0003657856   0.0001049228   0.0002632475
       -0.0000180360   0.0000425466  -0.0001100335  -0.0000243298  -0.0001343068
        0.0002350102   0.0002145277   0.0001226847  -0.0005861084  -0.0000936560
        0.0001790047   0.0003843146   0.0001141101  -0.0000859966   0.0001408467
        0.0003054113
        0.0096082010  -0.0160681129  -0.0090519888   0.0108867578  -0.0614463877
       -0.0624015018  -0.0034271631   0.0217087055   0.0031207461  -0.0007397417
        0.0026340316  -0.0033820881  -0.0000727765  -0.0001252480   0.0000187596
       -0.0028967993  -0.0008089605  -0.0014986141  -0.0010693075  -0.0174440643
       -0.0060879706  -0.0000146765   0.0001603636  -0.0000654121   0.0033611521
       -0.0001372136  -0.0014618927   0.0004959819  -0.0011911557  -0.0001025104
        0.0001920060  -0.0003797657   0.0003894563  -0.0169829216   0.0712040123
        0.0792047403  -0.0000430299   0.0004654470   0.0004186270  -0.0000841993
        0.0008746832   0.0003631203  -0.0000024268  -0.0000480209   0.0000188789
       -0.0001538007   0.0012654987   0.0003431141  -0.0000007505   0.0000658224
        0.0000976780  -0.0000715177   0.0000444244  -0.0000246439   0.0000327520
        0.0001966553   0.0000708358   0.0001089773  -0.0009583243  -0.0002639555
        0.0003159817  -0.0002644784  -0.0002484395   0.0005573011   0.0002520881
        0.0005430614
        0.0005764149  -0.0002875913   0.0012644754  -0.0044460904   0.0001653579
       -0.0042850924  -0.1969679709  -0.0515533029  -0.0927903830   0.0007044218
       -0.0014189194  -0.0000138616   0.0006784828  -0.0001066481   0.0001676158
        0.0000708613   0.0000030571   0.0000301687   0.0002761205   0.0008649673
       -0.0006780983   0.0002232298   0.0008389840  -0.0000767473   0.0000702136
       -0.0000181405   0.0000127654   0.0000093459  -0.0000823080   0.0002520433
        0.0008107433  -0.0001642338  -0.0001901291  -0.0001762642   0.0001721698
       -0.0000430299   0.2247248638   0.0581570395   0.1057031677  -0.0280456714
       -0.0069943945  -0.0098127036   0.0005772216   0.0004999944   0.0004234162
        0.0001012917  -0.0001233873   0.0002651010   0.0001382644   0.0001289604
       -0.0000593942   0.0002573599   0.0000997750  -0.0000587972  -0.0000168957
        0.0000097661   0.0000167837   0.0002152813   0.0000385212   0.0000963558
       -0.0000273368  -0.0001560032  -0.0001463735   0.0002461128  -0.0000736637
       -0.0000772832
        0.0002423277   0.0000540581  -0.0002205585   0.0132094656   0.0037693261
        0.0090566808  -0.0523432887  -0.0607879170  -0.0322737266  -0.0220580814
       -0.0118895105  -0.0140799940   0.0003972950  -0.0057063220  -0.0016921098
        0.0001258715   0.0000056667   0.0001363527   0.0003033460  -0.0013819787
        0.0031252900   0.0008204598  -0.0006453504  -0.0002361786  -0.0000927296
       -0.0000436358  -0.0002647976   0.0000986644   0.0001181496   0.0000302641
       -0.0003152815   0.0007700837   0.0003361124   0.0003895312   0.0001861104
        0.0004654470   0.0581570395   0.0726916858   0.0349263160   0.0020123175
        0.0025253833   0.0010901294  -0.0003519913   0.0007892358  -0.0001190680
       -0.0004205544   0.0000097888  -0.0001098561  -0.0011511533  -0.0005874158
       -0.0010168587   0.0003551865  -0.0000540590  -0.0000051731  -0.0000050348
       -0.0000087107   0.0000178242   0.0000580878   0.0001019117   0.0000209414
        0.0007000197   0.0001675717   0.0007931000  -0.0001314974  -0.0000840719
        0.0000198630
       -0.0007260250  -0.0007751754   0.0011679466  -0.0205857816  -0.0026724112
       -0.0172189358  -0.0909476919  -0.0318037769  -0.1005863143  -0.0068011371
       -0.0050245312  -0.0039242675   0.0001205608  -0.0018359209   0.0002432285
        0.0002233324   0.0000543280   0.0001648925  -0.0006772009   0.0030456879
       -0.0037146486  -0.0008386178  -0.0005274135  -0.0006534800  -0.0001185206
       -0.0000662119  -0.0005114623  -0.0001972137  -0.0001232555   0.0002594196
        0.0008322704   0.0007629549  -0.0007371470  -0.0000182047  -0.0001529652
        0.0004186270   0.1057031677   0.0349263160   0.1172158602   0.0151065717
        0.0040141285   0.0084560993  -0.0002212070   0.0000649008  -0.0000794110
        0.0002154943   0.0003936578   0.0003203769  -0.0003286401  -0.0000081347
       -0.0001301927   0.0000304571  -0.0000215828  -0.0000436626  -0.0000320829
        0.0000020108  -0.0000065260   0.0001027184   0.0000535585   0.0001481935
       -0.0009621654  -0.0003505514  -0.0007713596   0.0001199159   0.0000443872
       -0.0000172366
        0.0003523473  -0.0002844492  -0.0001568472   0.0004824729  -0.0006494137
       -0.0001295920  -0.1800116519   0.0210275744   0.1091853079  -0.0036789420
        0.0037896895   0.0030348086   0.0009383545  -0.0004306296  -0.0003654344
       -0.0001186617   0.0000849854   0.0000525975   0.0000632381   0.0001907580
       -0.0004328009  -0.0003756551  -0.0001260066   0.0000245803   0.0002139720
       -0.0001091301  -0.0002768404   0.0002271426   0.0001792850  -0.0000919103
        0.0007370544   0.0002581473  -0.0000637428   0.0002442626  -0.0003011494
       -0.0000841993  -0.0280456714   0.0020123175   0.0151065717   0.2079556032
       -0.0270053361  -0.1250402076   0.0006614734   0.0013555465   0.0002946105
        0.0000532847   0.0001417139  -0.0000548185  -0.0001090515  -0.0001306759
       -0.0001572816   0.0002071999  -0.0000487226   0.0000213191   0.0000215659
       -0.0000062271  -0.0000986321   0.0000944336  -0.0000242242  -0.0000928065
       -0.0000046157   0.0000002435  -0.0001429162   0.0000918440   0.0000757035
       -0.0005317658
       -0.0010203398  -0.0018839787   0.0042884556  -0.0108057632   0.0011528395
        0.0087346169   0.0224472039  -0.0458512186  -0.0176982326   0.0233272906
       -0.0091944397  -0.0182244030   0.0008154873   0.0008013216   0.0000413581
       -0.0000571340  -0.0000083839  -0.0000843510  -0.0001771303   0.0001488930
       -0.0000173237  -0.0000033398  -0.0001317185  -0.0000141964   0.0000382126
       -0.0002156428   0.0000561380  -0.0007593899   0.0000745173   0.0008151244
        0.0002630630   0.0002313317   0.0002081143  -0.0008034581   0.0001519990
        0.0008746832  -0.0069943945   0.0025253833   0.0040141285  -0.0270053361
        0.0576473195   0.0196376232   0.0009191214  -0.0060767806  -0.0025411088
        0.0004334664   0.0005766718  -0.0003852829   0.0000557249   0.0001506828
        0.0001331533  -0.0005683444  -0.0001777366  -0.0000798092  -0.0000435276
       -0.0000846869   0.0001358173   0.0000085577   0.0000394286  -0.0000366712
       -0.0000976105  -0.0000614401  -0.0000164359   0.0000276406   0.0001856382
        0.0001586019
       -0.0000150753   0.0033380250  -0.0046924173   0.0187933548  -0.0006979105
       -0.0167173269   0.1075514071  -0.0178809487  -0.1305628157   0.0079324418
       -0.0044710833  -0.0054448704   0.0004582867   0.0002974114   0.0000947604
       -0.0000277261  -0.0001623441  -0.0004004016   0.0002496900  -0.0001062134
        0.0001198032  -0.0001218500   0.0000669047   0.0001832385  -0.0000680359
        0.0002104463   0.0001118301   0.0011328657  -0.0000656946  -0.0006702434
       -0.0000723444  -0.0000207674  -0.0002615735   0.0004727124  -0.0001738093
        0.0003631203  -0.0098127036   0.0010901294   0.0084560993  -0.1250402076
        0.0196376232   0.1481941115   0.0002134940  -0.0018818565   0.0002364692
       -0.0004100457   0.0005790895   0.0005983485  -0.0000719395   0.0002322983
        0.0001577669  -0.0004337416  -0.0003330384   0.0000644747  -0.0001324911
        0.0001084777   0.0001708959   0.0000265833   0.0000249037   0.0000268160
       -0.0000079020  -0.0000054304   0.0003782104  -0.0006167731   0.0002137875
       -0.0004062961
        0.0003363726  -0.0011871717   0.0001026485  -0.0006358799  -0.0002123294
        0.0006711987  -0.0033224928   0.0034869945   0.0032723055  -0.1962966121
        0.0291901949   0.0970588062  -0.0275412395   0.0010096624   0.0111706200
        0.0005983147   0.0000791387   0.0010511302  -0.0000801099   0.0002080499
       -0.0001026822  -0.0000499816  -0.0001926602  -0.0000787865   0.0006039507
        0.0011092554  -0.0008183722   0.0000889384  -0.0000136245  -0.0000314353
        0.0001559510   0.0002566950  -0.0000241849  -0.0000142704  -0.0001931019
       -0.0000024268   0.0005772216  -0.0003519913  -0.0002212070   0.0006614734
        0.0009191214   0.0002134940   0.2294032741  -0.0318431728  -0.1126594993
       -0.0012022931  -0.0006350757   0.0037529429   0.0006195294   0.0002057215
        0.0004248341  -0.0048005168  -0.0016408892  -0.0032019329   0.0003276364
        0.0001406080  -0.0007764828   0.0003991006  -0.0001367514   0.0002378594
        0.0000103684  -0.0000218326  -0.0000143897   0.0001612649  -0.0001768413
       -0.0000244398
       -0.0002078933  -0.0008836890   0.0003440059   0.0005971873   0.0007636574
       -0.0003807578   0.0242026924  -0.0094141101  -0.0180919274   0.0293842177
       -0.0488082202  -0.0163679024  -0.0078892087   0.0011066590   0.0037578919
        0.0004723074   0.0001294186  -0.0000489520   0.0001139876  -0.0001388284
        0.0000814999   0.0002211956   0.0001509108   0.0002369565  -0.0001256972
       -0.0004334472   0.0015081342   0.0000166759  -0.0000269148  -0.0000729393
       -0.0003142215  -0.0005292954  -0.0002044681  -0.0001570702   0.0003229972
       -0.0000480209   0.0004999944   0.0007892358   0.0000649008   0.0013555465
       -0.0060767806  -0.0018818565  -0.0318431728   0.0599919347   0.0203272730
       -0.0138230273   0.0025848856   0.0115265810  -0.0005368512   0.0002430825
        0.0003050887  -0.0019086688   0.0001828840  -0.0011535598   0.0001047680
        0.0001728835   0.0001241371  -0.0000440301  -0.0000706695   0.0000609651
        0.0000123622  -0.0000370671  -0.0000300058  -0.0001310938  -0.0000195268
       -0.0000570439
       -0.0003967519   0.0015350894  -0.0000564536   0.0002786646   0.0005095149
       -0.0003010546   0.0075416826  -0.0044026857  -0.0054130690   0.0954119797
       -0.0161279071  -0.1059606074  -0.0124808878   0.0017294160   0.0069780277
       -0.0008423205  -0.0002259137   0.0009752795   0.0000383752   0.0000166373
       -0.0000389587   0.0001042159   0.0001851367  -0.0001400520   0.0001149835
       -0.0002177307   0.0002568881  -0.0001057477   0.0001242188   0.0000066669
       -0.0000714847   0.0000587178   0.0002834135   0.0000134611   0.0001059898
        0.0000188789   0.0004234162  -0.0001190680  -0.0000794110   0.0002946105
       -0.0025411088   0.0002364692  -0.1126594993   0.0203272730   0.1240591016
        0.0252286790  -0.0006012082  -0.0205000351   0.0001101279   0.0003843133
        0.0004619214  -0.0029146179  -0.0006221109  -0.0006739073  -0.0000200264
       -0.0000679554  -0.0000322985   0.0000348928   0.0000133124  -0.0000287793
       -0.0000297566  -0.0000477101   0.0000001356  -0.0000739961  -0.0000162208
       -0.0000521557
        0.0000404148  -0.0005061858   0.0001762554   0.0005398063   0.0003209630
        0.0003187316   0.0001135370   0.0022826032  -0.0019574980  -0.0468603609
        0.0101310365  -0.0126295170  -0.0038884887   0.0112622729  -0.0211376883
       -0.0035681439  -0.0013093148  -0.0029147261   0.0000031058  -0.0000738700
        0.0001075138  -0.0001518113  -0.0001659230   0.0001587823   0.0000992576
        0.0003408971  -0.0003825544   0.0001571861  -0.0000820435  -0.0000710380
        0.0003108891   0.0001476871  -0.0001844396  -0.0000069132   0.0000833230
       -0.0001538007   0.0001012917  -0.0004205544   0.0002154943   0.0000532847
        0.0004334664  -0.0004100457  -0.0012022931  -0.0138230273   0.0252286790
        0.0535900261  -0.0101517241   0.0150130518   0.0003293820   0.0002626755
        0.0001274471   0.0003736928   0.0005957498  -0.0003342064  -0.0000642526
       -0.0000819338   0.0000186328  -0.0001305483   0.0007006078  -0.0010947484
        0.0000932730  -0.0000204273   0.0000387550   0.0000676650   0.0000737217
       -0.0001330803
        0.0000023818  -0.0000895587  -0.0001930813   0.0005234841  -0.0063378226
       -0.0014434137   0.0016353687  -0.0200197791   0.0220156637   0.0098186083
       -0.1122403607   0.1014397063  -0.0003486993   0.0040988714  -0.0052149008
       -0.0012532261   0.0004338229  -0.0009409211  -0.0000684459   0.0001220772
       -0.0001607652  -0.0000359137  -0.0001735895  -0.0001706361   0.0000683885
       -0.0000176772  -0.0000107210   0.0000589979   0.0002150984  -0.0000833904
        0.0002791675   0.0002581029   0.0002105566   0.0002857466  -0.0009824660
        0.0012654987  -0.0001233873   0.0000097888   0.0003936578   0.0001417139
        0.0005766718   0.0005790895  -0.0006350757   0.0025848856  -0.0006012082
       -0.0101517241   0.1305999874  -0.1160414368  -0.0001343118   0.0004023694
       -0.0004644562   0.0002251394   0.0001540022  -0.0000612538  -0.0000013860
       -0.0000269200  -0.0000307042  -0.0002044603   0.0002822841  -0.0004408219
       -0.0000368744   0.0001357698  -0.0000813638  -0.0000454920   0.0000144420
        0.0000349019
        0.0000665083   0.0000998238   0.0001180318   0.0003247926  -0.0012146881
        0.0005309320   0.0004073974  -0.0021457456   0.0044783762  -0.0120504791
        0.1016239207  -0.1940738889  -0.0038087836   0.0080732653  -0.0160826319
       -0.0035285324  -0.0013532291  -0.0017067542   0.0000337036  -0.0002071434
        0.0001825168   0.0002063173  -0.0002497201   0.0000963165  -0.0002662426
        0.0000040272   0.0001463184  -0.0001811371   0.0000195730   0.0001754209
       -0.0003762617   0.0001681622  -0.0001880119   0.0000479100  -0.0003657856
        0.0003431141   0.0002651010  -0.0001098561   0.0003203769  -0.0000548185
       -0.0003852829   0.0005983485   0.0037529429   0.0115265810  -0.0205000351
        0.0150130518  -0.1160414368   0.2252145772   0.0002380771  -0.0001123379
       -0.0002429063   0.0004371691   0.0001104122   0.0006588694  -0.0001936723
       -0.0000582038   0.0004052189  -0.0003364345   0.0007302286  -0.0007946856
        0.0000067673  -0.0000854572   0.0002308073  -0.0000033765  -0.0000271072
        0.0000896891
        0.0001388126  -0.0001327566   0.0000794249  -0.0000953804  -0.0000518133
       -0.0000612069  -0.0035293503  -0.0016810407  -0.0028379315   0.0000415161
       -0.0224986971  -0.0080628059  -0.0469949985   0.0180888572   0.0064126435
       -0.0000577800   0.0025891733   0.0006122000   0.0005538503   0.0006143014
       -0.0007113313   0.0000901346  -0.0003530300   0.0000360649  -0.0000509634
       -0.0001992567  -0.0000247908   0.0000462850  -0.0000410543  -0.0000154045
       -0.0001101245   0.0002734763  -0.0000129397   0.0000823070   0.0001049228
       -0.0000007505   0.0001382644  -0.0011511533  -0.0003286401  -0.0001090515
        0.0000557249  -0.0000719395   0.0006195294  -0.0005368512   0.0001101279
        0.0003293820  -0.0001343118   0.0002380771   0.0542104384  -0.0218785246
       -0.0055981306  -0.0056870029   0.0267877190   0.0104166390   0.0001915961
       -0.0005132265   0.0000546259  -0.0001032877   0.0004501602  -0.0000487555
        0.0001629652   0.0002956521  -0.0001058144   0.0001328580  -0.0000882708
       -0.0000793620
       -0.0002889693   0.0001223215   0.0000233007   0.0002563890   0.0004842333
       -0.0000717469  -0.0024239365  -0.0000393160  -0.0015811263  -0.0012873176
       -0.0108217135  -0.0050272448   0.0182410048  -0.2459440603  -0.0529494068
        0.0028432070  -0.0200096732  -0.0015485711   0.0004656315  -0.0018478581
        0.0039557038  -0.0002926497   0.0001196441  -0.0000415879   0.0000250681
       -0.0002570660  -0.0000374790   0.0000649856   0.0000888661  -0.0000630536
        0.0003376565  -0.0000060724   0.0001077427  -0.0000025868   0.0002632475
        0.0000658224   0.0001289604  -0.0005874158  -0.0000081347  -0.0001306759
        0.0001506828   0.0002322983   0.0002057215   0.0002430825   0.0003843133
        0.0002626755   0.0004023694  -0.0001123379  -0.0218785246   0.2851325690
        0.0617650789   0.0038026870  -0.0073352526  -0.0043941333  -0.0002677340
        0.0004404318  -0.0004967250   0.0002910690   0.0002657041  -0.0001785314
       -0.0000919574  -0.0010771816  -0.0001790115  -0.0002607042   0.0002124574
        0.0001548302
        0.0000156199  -0.0001907050   0.0001964516   0.0000105109   0.0002293305
       -0.0001688252  -0.0033062477  -0.0013814557  -0.0015958590  -0.0002224768
       -0.0155986179  -0.0052627709   0.0065674286  -0.0531759562  -0.0582302242
       -0.0028248213   0.0235642818   0.0037820644  -0.0005003185   0.0031394276
       -0.0035337414  -0.0001688032  -0.0002978108   0.0002236953   0.0000040927
        0.0001505195  -0.0000561584  -0.0000368992   0.0001277049   0.0000634384
        0.0001345166   0.0003930404  -0.0001528995  -0.0000029824  -0.0000180360
        0.0000976780  -0.0000593942  -0.0010168587  -0.0001301927  -0.0001572816
        0.0001331533   0.0001577669   0.0004248341   0.0003050887   0.0004619214
        0.0001274471  -0.0004644562  -0.0002429063  -0.0055981306   0.0617650789
        0.0691349862   0.0056966833  -0.0195789085  -0.0060058790  -0.0000594235
        0.0002587744   0.0007724138   0.0000948981   0.0002739184   0.0004297469
       -0.0000980924   0.0013713530   0.0001907888  -0.0000411598   0.0000111336
       -0.0001314950
        0.0001278440  -0.0001927308  -0.0000513859  -0.0004543057  -0.0003220430
        0.0002733551   0.0008606739   0.0007123704   0.0005328808  -0.0272605303
        0.0013013595   0.0107917609  -0.1925595674   0.0149225540   0.1025991085
        0.0005760452  -0.0006966100   0.0016885987   0.0002924524   0.0001799207
       -0.0003757539  -0.0000650854  -0.0002842722  -0.0000119623   0.0000117180
        0.0001404599  -0.0001792450   0.0000890506   0.0000332751  -0.0000668350
        0.0001763474   0.0003174831   0.0000189034   0.0000564718   0.0000425466
       -0.0000715177   0.0002573599   0.0003551865   0.0000304571   0.0002071999
       -0.0005683444  -0.0004337416  -0.0048005168  -0.0019086688  -0.0029146179
        0.0003736928   0.0002251394   0.0004371691  -0.0056870029   0.0038026870
        0.0056966833   0.2258785821  -0.0182570603  -0.1172484158   0.0009398585
        0.0001770136  -0.0002506970   0.0006460106   0.0001378950  -0.0002980815
        0.0000691214   0.0001347158  -0.0001576412   0.0002645799  -0.0002528771
       -0.0000090221
        0.0001609060   0.0000148937  -0.0000964854  -0.0002528851  -0.0000359659
        0.0001208158  -0.0007348730   0.0005110360   0.0005196271  -0.0075236750
        0.0010027329   0.0039418904   0.0148566402  -0.0480206694  -0.0108021193
       -0.0131427496   0.0005748211   0.0115738437  -0.0007274622   0.0006669267
        0.0005463889   0.0000012838   0.0001295702   0.0000412377   0.0000090866
        0.0000258674   0.0000517802  -0.0000197160   0.0000625444   0.0000210306
       -0.0000059960  -0.0001257724  -0.0000739351  -0.0000540430  -0.0001100335
        0.0000444244   0.0000997750  -0.0000540590  -0.0000215828  -0.0000487226
       -0.0001777366  -0.0003330384  -0.0016408892   0.0001828840  -0.0006221109
        0.0005957498   0.0001540022   0.0001104122   0.0267877190  -0.0073352526
       -0.0195789085  -0.0182570603   0.0538994180   0.0117714169  -0.0003441691
       -0.0014732488   0.0033800734  -0.0001089107   0.0003855695  -0.0005618844
        0.0000934053   0.0000996243  -0.0001465899   0.0002565861  -0.0003771522
        0.0001137134
       -0.0000871646  -0.0000170257   0.0002644083   0.0003069059   0.0001852517
       -0.0000723059  -0.0003487767   0.0002963079   0.0004213639  -0.0123727321
        0.0009069061   0.0074790667   0.1022419957  -0.0106633939  -0.1128466505
        0.0207319037   0.0004674978  -0.0199596174   0.0000072348  -0.0007333922
        0.0006941746  -0.0001367794  -0.0001066537   0.0003241761  -0.0001448402
        0.0000078112  -0.0001663821   0.0000507792  -0.0000693314   0.0000316274
        0.0001004678   0.0001340071  -0.0003498108  -0.0000820429  -0.0000243298
       -0.0000246439  -0.0000587972  -0.0000051731  -0.0000436626   0.0000213191
       -0.0000798092   0.0000644747  -0.0032019329  -0.0011535598  -0.0006739073
       -0.0003342064  -0.0000612538   0.0006588694   0.0104166390  -0.0043941333
       -0.0060058790  -0.1172484158   0.0117714169   0.1344730056   0.0000706420
        0.0037252104  -0.0048853240   0.0004585085  -0.0003138906   0.0002368815
       -0.0001638295  -0.0003522426   0.0001747263  -0.0002268780   0.0004797800
        0.0002054090
       -0.0000244018  -0.0020540430  -0.0013279463  -0.0008171617  -0.0002592068
        0.0001470728  -0.0000148507   0.0000543788   0.0001037598   0.0008696846
        0.0002831400  -0.0007411985   0.0001292271  -0.0015565474   0.0018360175
       -0.1781368181   0.0246616422   0.1004711202  -0.0033123705   0.0035239251
        0.0033380562   0.0002645565  -0.0001017241  -0.0002690107   0.0004430997
        0.0005812948   0.0002818563   0.0000312268   0.0000619413   0.0000616138
       -0.0003334075   0.0001698752   0.0002492446  -0.0000522611  -0.0001343068
        0.0000327520  -0.0000168957  -0.0000050348  -0.0000320829   0.0000215659
       -0.0000435276  -0.0001324911   0.0003276364   0.0001047680  -0.0000200264
       -0.0000642526  -0.0000013860  -0.0001936723   0.0001915961  -0.0002677340
       -0.0000594235   0.0009398585  -0.0003441691   0.0000706420   0.2092076314
       -0.0284043056  -0.1195918466  -0.0305560945   0.0023084182   0.0156404795
        0.0001196865   0.0000833606  -0.0001711391   0.0007827448   0.0013392410
        0.0003062226
       -0.0004303524  -0.0003760997  -0.0000093465   0.0005511873   0.0007095878
       -0.0000129958   0.0000011073  -0.0000574647  -0.0001422910  -0.0002381359
        0.0002522707  -0.0004631123  -0.0129407142   0.0009060313   0.0120891755
        0.0247797302  -0.0473495305  -0.0206540287   0.0244608089  -0.0097435188
       -0.0183579865   0.0000101101   0.0002336179   0.0000462404  -0.0012224135
        0.0000345017  -0.0004717222  -0.0000412863  -0.0005790232  -0.0000629557
        0.0000375788  -0.0003243028  -0.0000347308   0.0000079594   0.0002350102
        0.0001966553   0.0000097661  -0.0000087107   0.0000020108  -0.0000062271
       -0.0000846869   0.0001084777   0.0001406080   0.0001728835  -0.0000679554
       -0.0000819338  -0.0000269200  -0.0000582038  -0.0005132265   0.0004404318
        0.0002587744   0.0001770136  -0.0014732488   0.0037252104  -0.0284043056
        0.0597977864   0.0223037198  -0.0074850903   0.0025121785   0.0041886180
        0.0003099117   0.0008671877  -0.0002860740   0.0008779043  -0.0061379813
       -0.0022974796
       -0.0000250603   0.0000904428   0.0004797546   0.0010008654   0.0002007057
       -0.0003254344  -0.0001517860  -0.0001592366  -0.0001892911   0.0011205117
       -0.0003335253   0.0006827874   0.0210840260   0.0005096259  -0.0202405952
        0.1022139308  -0.0205520575  -0.1229948725   0.0077241738  -0.0042443173
       -0.0055390897   0.0000517127   0.0000173515   0.0001819719  -0.0014009043
       -0.0008680138  -0.0000509453  -0.0000712236  -0.0001146922   0.0000448573
       -0.0001125448  -0.0000018030  -0.0001793229  -0.0000027714   0.0002145277
        0.0000708358   0.0000167837   0.0000178242  -0.0000065260  -0.0000986321
        0.0001358173   0.0001708959  -0.0007764828   0.0001241371  -0.0000322985
        0.0000186328  -0.0000307042   0.0004052189   0.0000546259  -0.0004967250
        0.0007724138  -0.0002506970   0.0033800734  -0.0048853240  -0.1195918466
        0.0223037198   0.1427066798  -0.0106884121   0.0012860384   0.0082492187
       -0.0003806362   0.0004612190   0.0005836540   0.0002657346  -0.0019404079
        0.0000954115
        0.0001911590  -0.0004289843  -0.0003707127   0.0004703236  -0.0001436890
        0.0002765102   0.0000905357   0.0001513724   0.0001412345   0.0006020674
        0.0011104106  -0.0012278045  -0.0038549928   0.0000361794  -0.0040759909
       -0.1895811595  -0.0503626793  -0.0882308977   0.0003983372  -0.0010062297
       -0.0000326041   0.0001116671  -0.0002978244  -0.0003692865   0.0003833354
        0.0002212292  -0.0000730933  -0.0000655563   0.0000749867  -0.0001364086
        0.0000345213   0.0003009636   0.0002861868   0.0000790285   0.0001226847
        0.0001089773   0.0002152813   0.0000580878   0.0001027184   0.0000944336
        0.0000085577   0.0000265833   0.0003991006  -0.0000440301   0.0000348928
       -0.0001305483  -0.0002044603  -0.0003364345  -0.0001032877   0.0002910690
        0.0000948981   0.0006460106  -0.0001089107   0.0004585085  -0.0305560945
       -0.0074850903  -0.0106884121   0.2198678557   0.0574698327   0.1034960994
        0.0000008114  -0.0001923275   0.0002668829   0.0007071708   0.0004288520
        0.0002481526
       -0.0000326297   0.0002253450  -0.0000594039   0.0004300334  -0.0061033367
       -0.0016791498   0.0000718049   0.0000147169   0.0000771698   0.0003886531
       -0.0013053004   0.0030679266   0.0126412888   0.0037091443   0.0090071389
       -0.0499140867  -0.0606026056  -0.0321031264  -0.0227473361  -0.0122780280
       -0.0150278621  -0.0002128445   0.0003823875  -0.0001022456   0.0000599533
       -0.0000731079   0.0000296463   0.0000055829  -0.0001028595  -0.0001860146
        0.0003283587  -0.0003865127   0.0000928219  -0.0011388721  -0.0005861084
       -0.0009583243   0.0000385212   0.0001019117   0.0000535585  -0.0000242242
        0.0000394286   0.0000249037  -0.0001367514  -0.0000706695   0.0000133124
        0.0007006078   0.0002822841   0.0007302286   0.0004501602   0.0002657041
        0.0002739184   0.0001378950   0.0003855695  -0.0003138906   0.0023084182
        0.0025121785   0.0012860384   0.0574698327   0.0726203771   0.0359306312
       -0.0004021420   0.0002285831   0.0000082294  -0.0004222233   0.0007408982
       -0.0001655066
       -0.0000903301   0.0002209953   0.0003601630   0.0004435493  -0.0019637054
        0.0002573192   0.0002197519   0.0001315584   0.0001472012  -0.0004783623
        0.0034172846  -0.0042101017  -0.0211825754  -0.0036029717  -0.0159231294
       -0.0892637163  -0.0325234346  -0.1008418929  -0.0069727167  -0.0047842383
       -0.0043918772  -0.0003065067  -0.0001492344   0.0002300798  -0.0002570080
       -0.0002020580  -0.0002703850   0.0000377581   0.0000696228  -0.0000309554
        0.0004196198   0.0002242958  -0.0002258923  -0.0003267485  -0.0000936560
       -0.0002639555   0.0000963558   0.0000209414   0.0001481935  -0.0000928065
       -0.0000366712   0.0000268160   0.0002378594   0.0000609651  -0.0000287793
       -0.0010947484  -0.0004408219  -0.0007946856  -0.0000487555  -0.0001785314
        0.0004297469  -0.0002980815  -0.0005618844   0.0002368815   0.0156404795
        0.0041886180   0.0082492187   0.1034960994   0.0359306312   0.1166289344
        0.0001486588   0.0002851070   0.0003951874  -0.0003277760  -0.0000128121
       -0.0001280875
        0.0015904642   0.0007232323  -0.0008046227  -0.0053724926   0.0110509756
       -0.0222651142  -0.0035237690  -0.0013938075  -0.0027081067   0.0000189046
       -0.0001235408   0.0001641350   0.0006042065   0.0004025868   0.0000289594
        0.0004932922   0.0022729170  -0.0017778782  -0.0448941397   0.0065607182
       -0.0075655082   0.0001273040   0.0001011867  -0.0000211734  -0.0003506769
        0.0001302243  -0.0001532562  -0.0007758557  -0.0004243660   0.0002422641
       -0.0002193058  -0.0001152116  -0.0000019584   0.0003051372   0.0001790047
        0.0003159817  -0.0000273368   0.0007000197  -0.0009621654  -0.0000046157
       -0.0000976105  -0.0000079020   0.0000103684   0.0000123622  -0.0000297566
        0.0000932730  -0.0000368744   0.0000067673   0.0001629652  -0.0000919574
       -0.0000980924   0.0000691214   0.0000934053  -0.0001638295   0.0001196865
        0.0003099117  -0.0003806362   0.0000008114  -0.0004021420   0.0001486588
        0.0528365586  -0.0059454672   0.0109111045  -0.0012639009  -0.0139055672
        0.0251221292
       -0.0000737654   0.0004689979  -0.0007434837  -0.0001875399   0.0043485333
       -0.0051360483  -0.0012164478   0.0003620210  -0.0006847996  -0.0001770682
        0.0001710606  -0.0002708183   0.0003927255  -0.0061953068  -0.0021054251
        0.0010304315  -0.0215151888   0.0234632516   0.0062275733  -0.1091963487
        0.1012542876  -0.0000738228   0.0003135597  -0.0000734692   0.0002545692
       -0.0003643879   0.0002976662   0.0003187887   0.0001839104   0.0003390748
        0.0000636639  -0.0004566344   0.0000171644  -0.0001550226   0.0003843146
       -0.0002644784  -0.0001560032   0.0001675717  -0.0003505514   0.0000002435
       -0.0000614401  -0.0000054304  -0.0000218326  -0.0000370671  -0.0000477101
       -0.0000204273   0.0001357698  -0.0000854572   0.0002956521  -0.0010771816
        0.0013713530   0.0001347158   0.0000996243  -0.0003522426   0.0000833606
        0.0008671877   0.0004612190  -0.0001923275   0.0002285831   0.0002851070
       -0.0059454672   0.1286593599  -0.1166588899  -0.0005819995   0.0025130613
       -0.0007103194
        0.0010947951   0.0000222316   0.0016100630  -0.0040925173   0.0089672317
       -0.0192265594  -0.0035829148  -0.0017423147  -0.0019661337   0.0001184161
       -0.0001506177   0.0001138497   0.0002187056  -0.0006283083   0.0007230846
        0.0003705976  -0.0017426234   0.0043254545  -0.0079618488   0.1008206329
       -0.1961049451  -0.0002861636   0.0000009665   0.0002045362  -0.0001134297
        0.0000300075  -0.0002472105  -0.0007955744  -0.0000945418   0.0001177030
        0.0005845909  -0.0000480818  -0.0002487192   0.0001480750   0.0001141101
       -0.0002484395  -0.0001463735   0.0007931000  -0.0007713596  -0.0001429162
       -0.0000164359   0.0003782104  -0.0000143897  -0.0000300058   0.0000001356
        0.0000387550  -0.0000813638   0.0002308073  -0.0001058144  -0.0001790115
        0.0001907888  -0.0001576412  -0.0001465899   0.0001747263  -0.0001711391
       -0.0002860740   0.0005836540   0.0002668829   0.0000082294   0.0003951874
        0.0109111045  -0.1166588899   0.2292093020   0.0038187997   0.0110483486
       -0.0194441360
       -0.0057053026  -0.0017785434  -0.0026074097  -0.0218946911   0.0017089089
        0.0104511648   0.0002787398   0.0000699855   0.0004321554  -0.0002980083
        0.0002526061  -0.0000511671   0.0001694801  -0.0002613928  -0.0001222835
       -0.0034257348   0.0036437635   0.0037721169  -0.2072240833   0.0295874053
        0.0967966852  -0.0001514962   0.0000209786  -0.0003168374   0.0002217415
       -0.0002894678  -0.0001576914  -0.0000345879   0.0002439226  -0.0003494264
       -0.0003485500   0.0001619131   0.0011184908   0.0000398178  -0.0000859966
        0.0005573011   0.0002461128  -0.0001314974   0.0001199159   0.0000918440
        0.0000276406  -0.0006167731   0.0001612649  -0.0001310938  -0.0000739961
        0.0000676650  -0.0000454920  -0.0000033765   0.0001328580  -0.0002607042
       -0.0000411598   0.0002645799   0.0002565861  -0.0002268780   0.0007827448
        0.0008779043   0.0002657346   0.0007071708  -0.0004222233  -0.0003277760
       -0.0012639009  -0.0005819995   0.0038187997   0.2371823356  -0.0328632037
       -0.1124375894
       -0.0029613849   0.0000500789  -0.0005193522  -0.0052540795   0.0008316308
        0.0030215402   0.0001158996   0.0000932239   0.0001060515   0.0001436485
       -0.0001062152   0.0001333896   0.0005111165   0.0008550497  -0.0007261084
        0.0240032441  -0.0093195368  -0.0168222455   0.0303942372  -0.0482743295
       -0.0167963754  -0.0001867557   0.0002832617  -0.0000343034  -0.0000251029
       -0.0001880721  -0.0001036603  -0.0000253256   0.0001170368  -0.0000913687
       -0.0002592672  -0.0001554629   0.0001858612  -0.0010133245   0.0001408467
        0.0002520881  -0.0000736637  -0.0000840719   0.0000443872   0.0000757035
        0.0001856382   0.0002137875  -0.0001768413  -0.0000195268  -0.0000162208
        0.0000737217   0.0000144420  -0.0000271072  -0.0000882708   0.0002124574
        0.0000111336  -0.0002528771  -0.0003771522   0.0004797800   0.0013392410
       -0.0061379813  -0.0019404079   0.0004288520   0.0007408982  -0.0000128121
       -0.0139055672   0.0025130613   0.0110483486  -0.0328632037   0.0586247229
        0.0215935944
       -0.0039730533  -0.0005914535  -0.0004627659  -0.0108754096   0.0015768075
        0.0065749017  -0.0003849216  -0.0000460412   0.0000900209  -0.0000179248
        0.0000429587  -0.0001263763  -0.0004497097   0.0003382603   0.0007487206
        0.0070944939  -0.0046418669  -0.0050407848   0.0971214939  -0.0153778577
       -0.1020270637  -0.0002731581   0.0001651947   0.0002826829  -0.0000938815
       -0.0000956958  -0.0000001014   0.0000124288  -0.0002278466  -0.0001499326
       -0.0002226374  -0.0002930259   0.0001997378  -0.0003216824   0.0003054113
        0.0005430614  -0.0000772832   0.0000198630  -0.0000172366  -0.0005317658
        0.0001586019  -0.0004062961  -0.0000244398  -0.0000570439  -0.0000521557
       -0.0001330803   0.0000349019   0.0000896891  -0.0000793620   0.0001548302
       -0.0001314950  -0.0000090221   0.0001137134   0.0002054090   0.0003062226
       -0.0022974796   0.0000954115   0.0002481526  -0.0001655066  -0.0001280875
        0.0251221292  -0.0007103194  -0.0194441360  -0.1124375894   0.0215935944
        0.1191567967
