           1           2  0.94317876499735831     
           2           3   1.0074951306471489     
           3           4   1.0082018798294958     
           4           5   1.0041168727164524     
           5           6   1.0213743846257066     
           1           8  0.90935828430133692     
           1           9  0.84377374164017482     
           1          10  0.92443043307049866     
           2          11  0.96425883184098238     
           2          12  0.96909029205567709     
           3          13  0.96627529944730717     
           3          14  0.96536739014307904     
           4          15  0.97439337790002178     
           4          16  0.97140154240967225     
           5          17  0.97613613863826154     
           5          18  0.97793536666981029     
           6          19  0.98559294679329479     
           6          20  0.98634585795306284     
           6          21  0.97980217344665643     
