           1           2  0.92535151292391860     
           2           3   1.0077386563594577     
           3           4   1.0047774623896666     
           4           5   1.0067060446556553     
           5           6   1.0061924935506763     
           6           7   1.0063956435854651     
           7           8   1.0081741184060982     
           8           9   1.0205733095197640     
           1          10  0.90303879866071535     
           1          11  0.91355542317841332     
           1          12  0.90937836969396724     
           2          13  0.96717303329069393     
           2          14  0.96125883766499920     
           3          15  0.97052570896268209     
           3          16  0.96093838639097151     
           4          17  0.97214000195117978     
           4          18  0.97096055725815589     
           5          19  0.97498404561391849     
           5          20  0.97200979132277210     
           6          21  0.97665713967135082     
           6          22  0.97571444818041853     
           7          23  0.97482025016832818     
           7          24  0.97596275104422170     
           8          25  0.97604974559075997     
           8          26  0.97768333117825645     
           9          27  0.98623598436558146     
           9          28  0.98661755088847658     
           9          29  0.98699921408297819     
