           1           2  0.93039009885804147     
           2           3   1.0240639479700882     
           3           4   1.8409446304694406     
           4           5   1.0894429424937349     
           5           6   1.3749771849759262     
           6           7   1.4566859477368641     
           5           8  0.10019398106008062     
           7           8   1.4320331165484852     
           6           9  0.10510798141223054     
           8           9   1.4291835381083573     
           5          10   1.3717385747326034     
           7          10  0.10624269543636958     
           9          10   1.4602915703218000     
           1          12  0.91834991053477966     
           1          13  0.91988653800345188     
           1          14  0.84201110168848625     
           2          15  0.95986475158000772     
           2          16  0.96670545795790741     
           3          17  0.96141506250668907     
           4          18  0.96143665887402630     
           6          19  0.96954999765669947     
           7          20  0.97005066435335618     
           8          21  0.97069625291848838     
           9          22  0.97000731392066575     
          10          23  0.96643700766177620     
