           1           2  0.94336187066272204     
           2           3   1.0072933592939126     
           3           4  0.99350528139385197     
           4           5   1.0072836822855427     
           5           6   1.4141105096615922     
           6           7   1.4455018786549125     
           5           8  0.10939701328075596     
           7           8   1.4374502259001276     
           6           9  0.11167732611464226     
           8           9   1.4413704828112479     
           5          10   1.4147508535072491     
           7          10  0.11172409692602975     
           9          10   1.4417434370520419     
           1          12  0.84374876975772073     
           1          13  0.92097007807893405     
           1          14  0.91787871126252818     
           2          15  0.97266351730712008     
           2          16  0.96390882239776321     
           3          17  0.97237277383864684     
           3          18  0.96629397764482294     
           4          19  0.96470944111376666     
           4          20  0.96589602302317035     
           6          21  0.96987101378373430     
           7          22  0.97156665524223795     
           8          23  0.97161165495171709     
           9          24  0.97065223065442241     
          10          25  0.94734947762872812     
