           1           2  0.96414189655589666     
           2           3   1.0289093945236907     
           3           4   1.8511875358637586     
           4           5   1.0942537089816777     
           5           6   1.3755410228290519     
           6           7   1.4559131110199477     
           5           8  0.10123277017728849     
           7           8   1.4330061994312839     
           6           9  0.10477649082699658     
           8           9   1.4279162915850034     
           5          10   1.3718536392386182     
           7          10  0.10642000153135560     
           9          10   1.4617469213889311     
           1          12  0.89308220697763885     
           1          13  0.89622353149051948     
           1          14  0.83163729608362302     
           2          15  0.96126235633897417     
           2          16  0.94725849975350296     
           3          17  0.95640082704596252     
           4          18  0.95948170840337088     
           6          19  0.96785407159574355     
           7          20  0.97061747185560587     
           8          21  0.97161564866809802     
           9          22  0.97131106160055958     
          10          23  0.96629179657968522     
