$hessian                                                                        
        0.5681682177   0.0044683595   0.0183419435  -0.0710272890   0.0076151287
        0.0019453051   0.0004128866  -0.0179653815  -0.0069629757   0.0000001692
       -0.0007903351  -0.0002641911  -0.0002779134  -0.0000060576  -0.0005365526
       -0.0013247701   0.0005114234  -0.0018353257   0.0004078788  -0.0000350122
        0.0002958610   0.0001485187  -0.0002049191  -0.0001759128  -0.0001906381
        0.0001059283   0.0003441253   0.0002325418  -0.0001693530  -0.0002908636
        0.0001052470   0.0003077312  -0.0000175549   0.0000521449  -0.0001003596
       -0.0001699200  -0.0003047690   0.0004970683  -0.0000075199   0.0003328401
       -0.0003908335   0.0000922216  -0.0109836143   0.0025799140   0.0066519129
       -0.1867364824  -0.0457745434  -0.1369263792  -0.0486939892  -0.0203311644
        0.0269315063  -0.2472558575   0.0491185083   0.0893653720  -0.0026565442
        0.0303665772   0.0076387960   0.0012243907  -0.0086491753  -0.0016414699
        0.0001126068   0.0000658523   0.0005024338  -0.0017455751  -0.0012193565
       -0.0032808121
        0.0044683595   0.4865726925  -0.0241530627   0.0128398481  -0.1765325646
       -0.0209292362  -0.0058892449  -0.0145724517  -0.0099636419   0.0017144872
        0.0003375696   0.0002754851  -0.0015958879  -0.0018547907   0.0007099026
        0.0018243333   0.0017603627   0.0007506617  -0.0000832794  -0.0008595510
       -0.0003888345  -0.0002320719   0.0007328869   0.0001240394   0.0004555378
       -0.0004866798  -0.0001990985  -0.0004244835   0.0001164118   0.0001407873
        0.0003823869  -0.0000180638  -0.0002026844  -0.0001812472  -0.0001965590
       -0.0000303182   0.0008117414  -0.0006845294  -0.0000302089  -0.0004993619
        0.0005768299  -0.0002797309   0.0043418820   0.0006341071  -0.0018376186
       -0.0470559811  -0.0607508098  -0.0435679545  -0.0223284434  -0.1404111162
        0.1325337235   0.0476291891  -0.0508017650  -0.0209938973   0.0042503304
       -0.0183525450  -0.0065815745   0.0007452026  -0.0275502018  -0.0036856123
        0.0006131730   0.0014943992   0.0009614040  -0.0017864699   0.0008463681
       -0.0026525302
        0.0183419435  -0.0241530627   0.5831270826   0.0035489633  -0.0237053838
       -0.0759390101  -0.0027306992  -0.0269899132  -0.0097844352   0.0011834225
       -0.0002880374   0.0008112783   0.0011089548   0.0004343751  -0.0007713772
       -0.0031707697   0.0002020105  -0.0015453739   0.0001623927  -0.0009985719
       -0.0002613649  -0.0002056112   0.0006336624  -0.0001758234   0.0007334609
       -0.0002025595  -0.0005913662  -0.0006319939   0.0002143111   0.0000629755
        0.0004089608   0.0001109647  -0.0006973119  -0.0003962355  -0.0002546959
        0.0001710364   0.0000149232   0.0003516346  -0.0005099511  -0.0000604147
       -0.0000593534   0.0002512499   0.0072429201  -0.0014027777  -0.0020725138
       -0.1422076905  -0.0439757644  -0.1798201235   0.0304552563   0.1326242018
       -0.2333442662   0.0885324107  -0.0206079453  -0.0792149852   0.0020794729
       -0.0111201596  -0.0024892606  -0.0014500244   0.0211749733   0.0053474533
        0.0002550292  -0.0007141951   0.0016211662  -0.0032146717  -0.0012737136
       -0.0041750790
       -0.0710272890   0.0128398481   0.0035489633   0.5143932322  -0.0131145564
       -0.0237330098  -0.0988101572  -0.0109926447  -0.0606534901  -0.0319984424
       -0.0014476705  -0.0219781054  -0.0014185140  -0.0023006862   0.0004438352
        0.0007377548   0.0001834290  -0.0008910859  -0.0008313801   0.0004816107
        0.0016539620  -0.0000367635  -0.0001254944   0.0001122962   0.0003740650
       -0.0000624040   0.0001657610  -0.0002455095  -0.0001103720  -0.0000723179
       -0.0001897429   0.0005689837   0.0015649788   0.0001212346  -0.0000240019
        0.0000542644  -0.0007385046   0.0022145205  -0.0010079736   0.0005822681
       -0.0008032307  -0.0005638948  -0.0004602435  -0.0000389290   0.0002169200
        0.0010047983  -0.0169055094  -0.0041011640   0.0005809112  -0.0040605525
       -0.0011026622   0.0010925067   0.0213942010   0.0047658814  -0.2487029419
        0.0484354881   0.0416947038  -0.0691323278  -0.0364215676   0.0570889355
        0.0046241885   0.0015998748   0.0037548017   0.0000808570  -0.0013103366
       -0.0009615996
        0.0076151287  -0.1765325646  -0.0237053838  -0.0131145564   0.4448867491
       -0.0467312659  -0.0088786671  -0.0608987712  -0.0126709269   0.0014983742
        0.0021720242   0.0060353104   0.0035113901   0.0008614146  -0.0011483957
       -0.0018212114  -0.0013950681   0.0001680308  -0.0005199211   0.0003567723
       -0.0003956575   0.0002051783  -0.0007908931  -0.0000184261  -0.0005690927
        0.0000915022   0.0000217158   0.0003949187  -0.0001766326  -0.0000383270
        0.0000031057  -0.0003423095   0.0000253682   0.0001840945   0.0000162127
        0.0000242071  -0.0009125704   0.0003795592   0.0004671864   0.0005227204
       -0.0003998131   0.0003291763  -0.0021209074   0.0000803681   0.0006427786
       -0.0013968348  -0.0069495101  -0.0043760752  -0.0002740240  -0.0210176296
        0.0005113059   0.0080201779  -0.0088691398  -0.0045469444   0.0540450084
       -0.0551721997  -0.0074857568  -0.0402829472  -0.1096634977   0.1021111824
        0.0075358861   0.0021590914   0.0123641672  -0.0136452505  -0.0087956648
       -0.0215832699
        0.0019453051  -0.0209292362  -0.0759390101  -0.0237330098  -0.0467312659
        0.4889576339  -0.0520400060  -0.0114372268  -0.1493472732  -0.0099118026
        0.0022588098   0.0044997898   0.0010690829  -0.0002680618  -0.0002447364
       -0.0005192900  -0.0008548337  -0.0000885714  -0.0003996131   0.0002926786
       -0.0001002057   0.0002163781  -0.0004706955  -0.0000990872  -0.0002471778
       -0.0000264290  -0.0001743007   0.0002846066  -0.0000755295  -0.0000865065
       -0.0007953218   0.0001891586   0.0000087120   0.0003149618   0.0002165726
       -0.0000821036   0.0016221272   0.0001762863  -0.0003099816   0.0000837269
        0.0000537183  -0.0001790150  -0.0004751545   0.0002439692  -0.0000747533
        0.0005244843  -0.0175923368  -0.0052880092  -0.0011154406   0.0204632095
        0.0075234997   0.0017060986  -0.0089584135  -0.0021818327   0.0428920765
       -0.0066355762  -0.0517879699   0.0569182077   0.0969909664  -0.1807884246
       -0.0151103734  -0.0034847032  -0.0284607402  -0.0032298660  -0.0034210611
       -0.0057571140
        0.0004128866  -0.0058892449  -0.0027306992  -0.0988101572  -0.0088786671
       -0.0520400060   0.4830836187  -0.0051801181  -0.0298311099  -0.2145076476
        0.0444206552   0.0251294694  -0.0161965218   0.0137149391   0.0007188327
        0.0001871224  -0.0017339421  -0.0003313633   0.0018446835   0.0020217259
        0.0002724280  -0.0004776747   0.0000356105  -0.0000464010  -0.0008526458
       -0.0000915122  -0.0000372509   0.0000643572   0.0000154497  -0.0004055407
        0.0000098933  -0.0029851168   0.0021220821  -0.0012499748   0.0002595869
        0.0000824704  -0.0296886380  -0.0004991401   0.0081868232   0.0001473329
        0.0017690064  -0.0013481448   0.0002197512  -0.0000291320  -0.0001155888
        0.0005837322   0.0000348131   0.0004786982   0.0003618479   0.0002367031
        0.0000541065  -0.0003801370  -0.0000957444   0.0005045120  -0.0194324922
       -0.0039159495  -0.0229822570   0.0045820409   0.0010834445   0.0036371531
       -0.0690830917  -0.0385752927   0.0650866528  -0.0408182861   0.0042819257
        0.0035951334
       -0.0179653815  -0.0145724517  -0.0269899132  -0.0109926447  -0.0608987712
       -0.0114372268  -0.0051801181   0.5263602108  -0.0136759612   0.0468350093
       -0.0774733033  -0.0036505029   0.0282777602  -0.0120296676  -0.0018383792
        0.0018801440   0.0012872546  -0.0015663700   0.0004948671  -0.0032260147
        0.0035845898   0.0017139745  -0.0012107332   0.0001130168  -0.0000549564
       -0.0006202668   0.0003866926   0.0000000055  -0.0001385113  -0.0003066945
       -0.0011617283  -0.0014297789   0.0021013576  -0.0013794362  -0.0003118192
        0.0003559569  -0.0155587228   0.0045220640   0.0014945990  -0.0014643211
        0.0008788315  -0.0007621418   0.0000522442   0.0000829540   0.0000371993
        0.0003422322  -0.0058798053  -0.0021205498   0.0000055957   0.0016002180
       -0.0006648985  -0.0009189066  -0.0002237783   0.0004085007   0.0022646814
        0.0017073066   0.0035705459   0.0076392476   0.0026427297   0.0103266505
       -0.0390277945  -0.1003076874   0.0869868238   0.0041982485  -0.2607589802
       -0.0463532949
       -0.0069629757  -0.0099636419  -0.0097844352  -0.0606534901  -0.0126709269
       -0.1493472732  -0.0298311099  -0.0136759612   0.4769020843   0.0327878727
       -0.0051253154  -0.0617369255  -0.0059682224   0.0011359445   0.0016778024
        0.0001982543  -0.0001278392  -0.0023094913   0.0014011832   0.0022515912
        0.0044462430  -0.0003716019   0.0003937359  -0.0000094886   0.0001583685
        0.0002477872   0.0000031750  -0.0004628848  -0.0002919249  -0.0009329220
        0.0024177682   0.0033561441   0.0043803731   0.0008651033   0.0000055420
       -0.0004509646   0.0135618319  -0.0017890522  -0.0014740003   0.0000234616
       -0.0018168931  -0.0018696791  -0.0000450615   0.0001307372   0.0002506819
        0.0004658173  -0.0015734493   0.0001829349   0.0006106333   0.0006067064
        0.0016233009  -0.0003528934  -0.0000297112  -0.0000128488  -0.0006166406
        0.0004052270   0.0015053690  -0.0139049720  -0.0028934840  -0.0246287256
        0.0643933674   0.0880469884  -0.1844798963   0.0022861906  -0.0466222046
       -0.0539353141
        0.0000001692   0.0017144872   0.0011834225  -0.0319984424   0.0014983742
       -0.0099118026  -0.2145076476   0.0468350093   0.0327878727   0.6221925416
       -0.0302157250  -0.1113790843  -0.1036163939   0.1072127642  -0.0206242281
        0.0009739172  -0.0282987991   0.0084593204  -0.0074514449   0.0278571442
       -0.0078058082  -0.0055295175   0.0025347924   0.0020997059  -0.0004260376
       -0.0122188155   0.0048975537   0.0003449616   0.0000939232  -0.0000301754
       -0.0479079990  -0.0012237596   0.0121591674  -0.0053850907   0.0010113721
        0.0026767262  -0.1851063175  -0.1304091790   0.0851457018   0.0062157133
        0.0063962816  -0.0036771648  -0.0002711891  -0.0004908000  -0.0004802601
        0.0002625612   0.0003195027   0.0001485348   0.0001306333  -0.0004350531
        0.0000342939   0.0009493463  -0.0003583658  -0.0002088075  -0.0025963279
       -0.0005249728  -0.0031851287   0.0011325967   0.0003324958   0.0004617808
       -0.0200793722   0.0007869170   0.0067318369  -0.0073266601   0.0075824060
        0.0005165429
       -0.0007903351   0.0003375696  -0.0002880374  -0.0014476705   0.0021720242
        0.0022588098   0.0444206552  -0.0774733033  -0.0051253154  -0.0302157250
        0.6158892606  -0.1575646374   0.0324191823  -0.2775705486   0.0646168032
       -0.0027709819  -0.0347316441   0.0115071854   0.0793691876  -0.0066929352
       -0.0190187669   0.0005075969  -0.0017570756   0.0023970992  -0.0126054499
       -0.0496125983   0.0208458774   0.0005760758   0.0006502441  -0.0004445475
       -0.0527146071   0.0426506087  -0.0024408910   0.0029588553  -0.0012662957
        0.0015885534  -0.0569348188  -0.1672062712   0.0643077663  -0.0182066134
       -0.0381913664   0.0192545193  -0.0001836848  -0.0002462069   0.0006678722
        0.0000067812   0.0001418973   0.0001671945  -0.0001156017  -0.0001448716
        0.0001758182  -0.0008257992   0.0000761253  -0.0006343268  -0.0006988625
        0.0005379442  -0.0008440054   0.0003150969  -0.0001029301   0.0001341186
       -0.0131746298   0.0044252402   0.0034427398   0.0301113484  -0.0118848671
       -0.0050038296
       -0.0002641911   0.0002754851   0.0008112783  -0.0219781054   0.0060353104
        0.0044997898   0.0251294694  -0.0036505029  -0.0617369255  -0.1113790843
       -0.1575646374   0.2113020669   0.0053246760   0.0510984310  -0.0551294942
       -0.0000797022   0.0161166526  -0.0040480627  -0.0242904377  -0.0058819932
        0.0057075138   0.0023692955   0.0025008453   0.0044749751   0.0036143401
        0.0204345991  -0.0081773199   0.0000612937  -0.0003442145   0.0001642702
        0.0312173716  -0.0159150300  -0.0050885664   0.0013139931   0.0019056788
        0.0050199202   0.0568379641   0.0780688190  -0.0850564116   0.0051616957
        0.0145362669  -0.0052434188   0.0003068785  -0.0000449476  -0.0007889461
        0.0000870561   0.0003199432   0.0002630874   0.0001618184   0.0001336269
       -0.0003011562   0.0000923719   0.0001727254   0.0001743170  -0.0036589157
       -0.0012070413  -0.0033928931  -0.0003197354   0.0000819878   0.0008988779
        0.0244250742  -0.0051432468  -0.0047017542   0.0058668735  -0.0019287578
        0.0003488520
       -0.0002779134  -0.0015958879   0.0011089548  -0.0014185140   0.0035113901
        0.0010690829  -0.0161965218   0.0282777602  -0.0059682224  -0.1036163939
        0.0324191823   0.0053246760   0.6251705837  -0.0448662418  -0.1016793484
       -0.1608459393  -0.1139917714   0.0582699854  -0.2857745876   0.1101586792
        0.0259999962  -0.0147707373   0.0095545797   0.0015004075  -0.0479360281
       -0.0536856646   0.0290133705   0.0016655894  -0.0006059592   0.0015848170
       -0.0334661013   0.0294864113  -0.0013107194   0.0020386225   0.0010740179
       -0.0009991084   0.0506959678  -0.0024712734  -0.0117856411  -0.0043798309
        0.0005113092   0.0022496719  -0.0028029702  -0.0013736718   0.0006286261
       -0.0000141362   0.0001800279  -0.0004083661  -0.0034721422   0.0002191519
       -0.0019340240   0.0016969424   0.0005531777  -0.0030862856  -0.0002811995
       -0.0003209691  -0.0008248691   0.0000718754  -0.0001994329   0.0001769650
       -0.0010971789   0.0017918352   0.0001571386  -0.0049893866   0.0013733495
        0.0009128926
       -0.0000060576  -0.0018547907   0.0004343751  -0.0023006862   0.0008614146
       -0.0002680618   0.0137149391  -0.0120296676   0.0011359445   0.1072127642
       -0.2775705486   0.0510984310  -0.0448662418   0.5982757973  -0.1364611633
       -0.1106575873  -0.1593581212   0.0565854292   0.0242123408  -0.0825645313
        0.0102930122   0.0413079741  -0.0338390921   0.0007244849  -0.0011690567
        0.0427285711  -0.0159825040  -0.0031970945  -0.0025020183   0.0036576908
        0.0279866186  -0.0293344103   0.0031673939   0.0024041123   0.0031401163
       -0.0012574622  -0.0516327189  -0.0443001670   0.0257779406   0.0009080901
       -0.0020532864   0.0028734662  -0.0012782023  -0.0014078882  -0.0001300292
       -0.0000564661   0.0002024515  -0.0003911230  -0.0021924298   0.0011121715
       -0.0013705723   0.0008836843   0.0017827186  -0.0010295355  -0.0005422911
       -0.0003819637  -0.0003315810   0.0001561014  -0.0002993899   0.0006005550
       -0.0019228632   0.0003335531   0.0009364250   0.0010350707  -0.0009409184
       -0.0000631160
       -0.0005365526   0.0007099026  -0.0007713772   0.0004438352  -0.0011483957
       -0.0002447364   0.0007188327  -0.0018383792   0.0016778024  -0.0206242281
        0.0646168032  -0.0551294942  -0.1016793484  -0.1364611633   0.1611437900
        0.0579855969   0.0591555044  -0.0551705223   0.0506299843  -0.0102625831
       -0.0483577461  -0.0078997584   0.0066384980   0.0024717992   0.0111788562
       -0.0033106757  -0.0057157849   0.0020009811   0.0031510825   0.0047242850
       -0.0035518468   0.0030406087  -0.0009451898  -0.0004694602  -0.0004781290
        0.0007405376   0.0067744758   0.0150770448  -0.0100092656   0.0024214352
        0.0031090479   0.0041817579  -0.0001113969   0.0006714298  -0.0000910810
       -0.0001041254  -0.0000520386  -0.0000311840   0.0004589609  -0.0002898960
        0.0008382169  -0.0005161762  -0.0005141585   0.0002657722   0.0001371244
        0.0000707538   0.0001362933  -0.0000207858   0.0001200009  -0.0002493643
        0.0009614865  -0.0010385172   0.0004039373   0.0018021096  -0.0009667403
        0.0001315539
       -0.0013247701   0.0018243333  -0.0031707697   0.0007377548  -0.0018212114
       -0.0005192900   0.0001871224   0.0018801440   0.0001982543   0.0009739172
       -0.0027709819  -0.0000797022  -0.1608459393  -0.1106575873   0.0579855969
        0.1995319058   0.1410786214  -0.0746122394  -0.0387484856  -0.0381579274
        0.0178443280   0.0033804277   0.0042649575  -0.0024764995  -0.0023748754
        0.0052601293  -0.0001348012  -0.0035708416  -0.0014324235   0.0013813649
        0.0043118117   0.0011960712  -0.0018240602  -0.0022159234  -0.0025834874
        0.0011794470  -0.0038982713   0.0014862050   0.0017190889   0.0007543903
       -0.0012924273   0.0003286875   0.0025294665   0.0005471388  -0.0004836935
       -0.0000464331   0.0002805995   0.0002423413   0.0014796832  -0.0002468946
        0.0012369446  -0.0021871092  -0.0001377687   0.0021646592   0.0002577033
        0.0000501863   0.0004028662  -0.0001689294   0.0001808134  -0.0002301036
        0.0009546409   0.0007360189  -0.0009395617   0.0002827546   0.0003154909
       -0.0002128579
        0.0005114234   0.0017603627   0.0002020105   0.0001834290  -0.0013950681
       -0.0008548337  -0.0017339421   0.0012872546  -0.0001278392  -0.0282987991
       -0.0347316441   0.0161166526  -0.1139917714  -0.1593581212   0.0591555044
        0.1410786214   0.2003521016  -0.0789399336  -0.0034568119  -0.0089166503
        0.0019286482  -0.0013512969   0.0092169249  -0.0030629822   0.0025223578
        0.0002973562   0.0012081729  -0.0008227536   0.0001862731   0.0000353799
        0.0035049938   0.0013233600  -0.0017261616  -0.0022560946  -0.0020685199
        0.0009550453   0.0017391111  -0.0032067422   0.0017382307  -0.0009730191
       -0.0030731251   0.0016742901   0.0015556559   0.0013997843  -0.0007458567
       -0.0001350908  -0.0003568810   0.0003438113   0.0017785453  -0.0011155512
        0.0011453451  -0.0003245304  -0.0012150126   0.0015060962  -0.0000107144
        0.0001658296   0.0001421190  -0.0001912871   0.0000851911  -0.0002461974
        0.0012376255  -0.0010951418  -0.0007221342  -0.0005656516   0.0004580195
        0.0002746324
       -0.0018353257   0.0007506617  -0.0015453739  -0.0008910859   0.0001680308
       -0.0000885714  -0.0003313633  -0.0015663700  -0.0023094913   0.0084593204
        0.0115071854  -0.0040480627   0.0582699854   0.0565854292  -0.0551705223
       -0.0746122394  -0.0789399336   0.0591514006   0.0098054911   0.0104329410
       -0.0024530146  -0.0009833762  -0.0038055171  -0.0012009562   0.0015497641
        0.0009723600   0.0056529440   0.0008858050   0.0001445731  -0.0005281868
       -0.0012656435  -0.0007853448   0.0009562907   0.0007607508   0.0007113951
       -0.0015323635   0.0011520628   0.0026316868   0.0049553786   0.0002023936
        0.0011755830   0.0000145689  -0.0001783253   0.0000653274  -0.0002662442
        0.0002562680   0.0003523607  -0.0003003202  -0.0005185824  -0.0000044412
       -0.0012523734  -0.0005292521  -0.0002208947  -0.0003803950  -0.0001653147
        0.0000194294  -0.0001463593   0.0000986698   0.0000938498   0.0003001047
       -0.0004339089   0.0000081919   0.0002028826   0.0003039063  -0.0002965041
       -0.0000113355
        0.0004078788  -0.0000832794   0.0001623927  -0.0008313801  -0.0005199211
       -0.0003996131   0.0018446835   0.0004948671   0.0014011832  -0.0074514449
        0.0793691876  -0.0242904377  -0.2857745876   0.0242123408   0.0506299843
       -0.0387484856  -0.0034568119   0.0098054911   0.6298992610  -0.0264094229
       -0.1227160859  -0.0696182093   0.0665405772  -0.0117698628  -0.1715342145
       -0.0622323703   0.0557536942  -0.0509481777  -0.0162034484   0.0189101446
        0.0470944301  -0.0522582230   0.0045002031  -0.0005269562   0.0051470896
        0.0001390845  -0.0538494207  -0.0105987700   0.0161754578   0.0016714813
       -0.0028459039   0.0010624630  -0.0004377224   0.0006099008   0.0007187134
        0.0001335937  -0.0002829837   0.0000454236   0.0000057807  -0.0005423226
        0.0003339262  -0.0004209086  -0.0001679779  -0.0008662231   0.0000159634
       -0.0002346397   0.0000490578  -0.0000366546  -0.0000817841   0.0001774263
       -0.0001097146  -0.0003513215   0.0001965380  -0.0007851958  -0.0001047830
       -0.0000189613
       -0.0000350122  -0.0008595510  -0.0009985719   0.0004816107   0.0003567723
        0.0002926786   0.0020217259  -0.0032260147   0.0022515912   0.0278571442
       -0.0066929352  -0.0058819932   0.1101586792  -0.0825645313  -0.0102625831
       -0.0381579274  -0.0089166503   0.0104329410  -0.0264094229   0.5751437376
       -0.1462269153   0.0651702330  -0.2591074111   0.0500520678  -0.1466736329
       -0.1655754153   0.0823308101   0.0154760392   0.0025583717  -0.0041927455
       -0.0014031403  -0.0468301189   0.0142868973   0.0029428061  -0.0015050059
        0.0020913225  -0.0115964464  -0.0047514466   0.0050890210  -0.0015296757
        0.0044435350  -0.0012438128   0.0014343851  -0.0038003654   0.0000984695
        0.0000536310   0.0002331809   0.0001705785   0.0005022344   0.0005268217
        0.0002929233  -0.0005559983   0.0013043819   0.0012966371  -0.0000707170
       -0.0001210658  -0.0000139520   0.0001907403  -0.0001196698   0.0001533318
       -0.0004755040  -0.0000001976   0.0001232747   0.0006182480  -0.0004964221
       -0.0001419706
        0.0002958610  -0.0003888345  -0.0002613649   0.0016539620  -0.0003956575
       -0.0001002057   0.0002724280   0.0035845898   0.0044462430  -0.0078058082
       -0.0190187669   0.0057075138   0.0259999962   0.0102930122  -0.0483577461
        0.0178443280   0.0019286482  -0.0024530146  -0.1227160859  -0.1462269153
        0.1795031285  -0.0121473800   0.0553807331  -0.0479305396   0.0797667074
        0.0589491188  -0.0789541215   0.0121280999   0.0036197511  -0.0013121763
       -0.0121554737   0.0264712620  -0.0109267668   0.0008409311   0.0016789884
        0.0052447288   0.0173068934   0.0034478159  -0.0060100781  -0.0003642976
        0.0008065589  -0.0003297899   0.0009713616  -0.0004950721   0.0009555731
       -0.0002236647  -0.0002687176   0.0001693821  -0.0001550430  -0.0000248565
        0.0002605735  -0.0008108983  -0.0003182823   0.0007239244   0.0002628014
        0.0000905246   0.0000969913  -0.0000792684  -0.0001338734  -0.0002671433
       -0.0000410279   0.0004792950  -0.0000848836  -0.0008444223   0.0005406780
       -0.0001202281
        0.0001485187  -0.0002320719  -0.0002056112  -0.0000367635   0.0002051783
        0.0002163781  -0.0004776747   0.0017139745  -0.0003716019  -0.0055295175
        0.0005075969   0.0023692955  -0.0147707373   0.0413079741  -0.0078997584
        0.0033804277  -0.0013512969  -0.0009833762  -0.0696182093   0.0651702330
       -0.0121473800   0.0790841875  -0.0880560375   0.0126827849   0.0030600283
       -0.0160154823   0.0051723853   0.0067313130  -0.0015746181  -0.0018657675
       -0.0033835776  -0.0007659339   0.0025223147   0.0005007993  -0.0013712579
        0.0004100887   0.0007356846  -0.0011993885   0.0005479321  -0.0001637421
        0.0011188075  -0.0006444768   0.0006626110  -0.0007481508  -0.0001312539
       -0.0000402164   0.0002270854   0.0000328508   0.0001257107   0.0002462821
        0.0000590995  -0.0004268712   0.0005597607   0.0003794604   0.0000183545
        0.0000529248  -0.0000603485   0.0001192395   0.0000707780   0.0000685694
        0.0002090128   0.0000066217  -0.0001610525  -0.0003285780   0.0001270210
        0.0000094676
       -0.0002049191   0.0007328869   0.0006336624  -0.0001254944  -0.0007908931
       -0.0004706955   0.0000356105  -0.0012107332   0.0003937359   0.0025347924
       -0.0017570756   0.0025008453   0.0095545797  -0.0338390921   0.0066384980
        0.0042649575   0.0092169249  -0.0038055171   0.0665405772  -0.2591074111
        0.0553807331  -0.0880560375   0.3302544751  -0.0721271669   0.0146296885
       -0.0496831855   0.0110528380  -0.0069183293   0.0063415180  -0.0011560666
       -0.0026495633   0.0016871396   0.0022502978  -0.0005978344  -0.0032120812
        0.0013468167   0.0001333702   0.0038514352  -0.0019840872   0.0014293701
       -0.0037697061   0.0007660917  -0.0011601688   0.0023911754  -0.0004832504
       -0.0000966853  -0.0001689211  -0.0001458085  -0.0002490814  -0.0005094953
       -0.0001380902   0.0006786387  -0.0009174181  -0.0007253190   0.0001571726
        0.0002441622   0.0001039372  -0.0000792937   0.0000988509  -0.0002092685
       -0.0000447987   0.0000709260   0.0001106597   0.0002234486   0.0000765183
        0.0000671541
       -0.0001759128   0.0001240394  -0.0001758234   0.0001122962  -0.0000184261
       -0.0000990872  -0.0000464010   0.0001130168  -0.0000094886   0.0020997059
        0.0023970992   0.0044749751   0.0015004075   0.0007244849   0.0024717992
       -0.0024764995  -0.0030629822  -0.0012009562  -0.0117698628   0.0500520678
       -0.0479305396   0.0126827849  -0.0721271669   0.0425440824  -0.0039916623
        0.0216812350  -0.0023531288  -0.0003626022  -0.0024696291  -0.0019611673
        0.0036295629   0.0013312908   0.0048684438   0.0000776688   0.0013270189
       -0.0005732167  -0.0005897669  -0.0008805629   0.0008870757  -0.0006594017
        0.0005113699  -0.0008200097  -0.0004122469   0.0004592673  -0.0007255562
        0.0000341852   0.0001596028  -0.0000438073   0.0000756749   0.0000461323
       -0.0001411483   0.0002820581  -0.0001358451   0.0002282758  -0.0000557843
        0.0000429476   0.0001559071   0.0000237735   0.0000994335   0.0002620106
       -0.0000242123  -0.0001652646   0.0000233273   0.0000462348  -0.0002091294
        0.0001180323
       -0.0001906381   0.0004555378   0.0007334609   0.0003740650  -0.0005690927
       -0.0002471778  -0.0008526458  -0.0000549564   0.0001583685  -0.0004260376
       -0.0126054499   0.0036143401  -0.0479360281  -0.0011690567   0.0111788562
       -0.0023748754   0.0025223578   0.0015497641  -0.1715342145  -0.1466736329
        0.0797667074   0.0030600283   0.0146296885  -0.0039916623   0.5909746292
       -0.0280146730  -0.1135690872  -0.2658303574   0.0664366165   0.0403330789
       -0.0851955008   0.1104715521  -0.0283327634  -0.0064143378  -0.0342189535
        0.0148491547  -0.0077629708   0.0275808989  -0.0084489802  -0.0043926982
        0.0008611627   0.0022722297  -0.0021444969   0.0012532706   0.0021287849
       -0.0001010065  -0.0000942350  -0.0002852553  -0.0004795115  -0.0002268733
       -0.0003470040   0.0005334886  -0.0006940046  -0.0012819234   0.0003105850
        0.0001345062   0.0001498307  -0.0001208491   0.0000688620  -0.0001509096
        0.0002541603  -0.0000354106  -0.0000943174   0.0002492122  -0.0000581145
        0.0000145045
        0.0001059283  -0.0004866798  -0.0002025595  -0.0000624040   0.0000915022
       -0.0000264290  -0.0000915122  -0.0006202668   0.0002477872  -0.0122188155
       -0.0496125983   0.0204345991  -0.0536856646   0.0427285711  -0.0033106757
        0.0052601293   0.0002973562   0.0009723600  -0.0622323703  -0.1655754153
        0.0589491188  -0.0160154823  -0.0496831855   0.0216812350  -0.0280146730
        0.6062959025  -0.1659159739   0.0640842145  -0.0681340929  -0.0063091060
        0.0277470990  -0.2739159318   0.0780503880  -0.0034495149  -0.0357993121
        0.0140488280   0.0797756872  -0.0070235217  -0.0196556256  -0.0013623693
        0.0018265305   0.0017397760   0.0004534602  -0.0005952680  -0.0008591571
        0.0000780826   0.0000050476  -0.0000370530   0.0000718380   0.0000791437
       -0.0002120279  -0.0000764732   0.0004954418   0.0003644188  -0.0000798763
       -0.0001742608  -0.0000178115  -0.0000086788  -0.0000456804  -0.0000256805
       -0.0003891824  -0.0000744955  -0.0000187533   0.0001105777  -0.0000787865
        0.0001023422
        0.0003441253  -0.0001990985  -0.0005913662   0.0001657610   0.0000217158
       -0.0001743007  -0.0000372509   0.0003866926   0.0000031750   0.0048975537
        0.0208458774  -0.0081773199   0.0290133705  -0.0159825040  -0.0057157849
       -0.0001348012   0.0012081729   0.0056529440   0.0557536942   0.0823308101
       -0.0789541215   0.0051723853   0.0110528380  -0.0023531288  -0.1135690872
       -0.1659159739   0.1903832019   0.0357334651  -0.0052201177  -0.0430718801
        0.0020136365   0.0517358047  -0.0584031691   0.0047555301   0.0245828262
       -0.0070346113  -0.0280199450  -0.0060853579   0.0046331200   0.0030969328
        0.0011960953   0.0049824189   0.0013467623  -0.0000426628  -0.0014193373
        0.0000724011  -0.0000654014  -0.0000284732   0.0001804351  -0.0000018213
        0.0000460955  -0.0004272253   0.0001907176   0.0008724906  -0.0000571791
       -0.0000680097  -0.0002576179   0.0001030355  -0.0000734601  -0.0000630100
       -0.0001380519   0.0000758329  -0.0001240715  -0.0002655477   0.0000270239
       -0.0002052533
        0.0002325418  -0.0004244835  -0.0006319939  -0.0002455095   0.0003949187
        0.0002846066   0.0000643572   0.0000000055  -0.0004628848   0.0003449616
        0.0005760758   0.0000612937   0.0016655894  -0.0031970945   0.0020009811
       -0.0035708416  -0.0008227536   0.0008858050  -0.0509481777   0.0154760392
        0.0121280999   0.0067313130  -0.0069183293  -0.0003626022  -0.2658303574
        0.0640842145   0.0357334651   0.3376685529  -0.0873237475  -0.0534785034
       -0.0373288440   0.0117423949   0.0082332298   0.0094960719   0.0036342900
       -0.0045962406   0.0016748033   0.0004800977   0.0005068305  -0.0016702712
        0.0020351384  -0.0002661838   0.0021507508  -0.0006564568  -0.0017372304
        0.0000235478   0.0001284494   0.0002027662   0.0004466312   0.0002473011
        0.0002372231  -0.0007661667   0.0007057944   0.0012296946  -0.0002098291
       -0.0001353694  -0.0000723063   0.0001225340  -0.0000188780   0.0001483638
       -0.0000496928   0.0000205134  -0.0000129527  -0.0000019648  -0.0000281203
       -0.0000314612
       -0.0001693530   0.0001164118   0.0002143111  -0.0001103720  -0.0001766326
       -0.0000755295   0.0000154497  -0.0001385113  -0.0002919249   0.0000939232
        0.0006502441  -0.0003442145  -0.0006059592  -0.0025020183   0.0031510825
       -0.0014324235   0.0001862731   0.0001445731  -0.0162034484   0.0025583717
        0.0036197511  -0.0015746181   0.0063415180  -0.0024696291   0.0664366165
       -0.0681340929  -0.0052201177  -0.0873237475   0.0774060844   0.0048089944
        0.0414033635  -0.0146043518  -0.0056502236  -0.0015498565   0.0028985907
       -0.0016076717  -0.0011711342  -0.0036679750   0.0039326438   0.0026671559
       -0.0016693301  -0.0000908137  -0.0010077160   0.0000176449   0.0003745084
       -0.0001009697   0.0001250787  -0.0000207592  -0.0001344832   0.0000349732
       -0.0000031351   0.0003339320   0.0001414733  -0.0003032577   0.0001281201
        0.0002043753  -0.0000118874   0.0000647717   0.0000814537  -0.0000943299
        0.0001492442   0.0000586076  -0.0000410946   0.0000915046   0.0000718116
       -0.0000212759
       -0.0002908636   0.0001407873   0.0000629755  -0.0000723179  -0.0000383270
       -0.0000865065  -0.0004055407  -0.0003066945  -0.0009329220  -0.0000301754
       -0.0004445475   0.0001642702   0.0015848170   0.0036576908   0.0047242850
        0.0013813649   0.0000353799  -0.0005281868   0.0189101446  -0.0041927455
       -0.0013121763  -0.0018657675  -0.0011560666  -0.0019611673   0.0403330789
       -0.0063091060  -0.0430718801  -0.0534785034   0.0048089944   0.0359954818
       -0.0043210821   0.0034355966   0.0026169872  -0.0025649581  -0.0028798086
       -0.0010357077   0.0019066642   0.0032311744   0.0046729174  -0.0005614150
        0.0001042317  -0.0000392399  -0.0012202393   0.0001760030  -0.0000914298
       -0.0000744271   0.0000349452   0.0001551945  -0.0000446322  -0.0000371119
        0.0000400992   0.0005295869  -0.0001685098   0.0001343885  -0.0000625484
        0.0000324335   0.0001948121  -0.0000791157   0.0000422847   0.0001874647
        0.0001704357  -0.0000749759   0.0000559010   0.0002554942  -0.0000916280
        0.0000544392
        0.0001052470   0.0003823869   0.0004089608  -0.0001897429   0.0000031057
       -0.0007953218   0.0000098933  -0.0011617283   0.0024177682  -0.0479079990
       -0.0527146071   0.0312173716  -0.0334661013   0.0279866186  -0.0035518468
        0.0043118117   0.0035049938  -0.0012656435   0.0470944301  -0.0014031403
       -0.0121554737  -0.0033835776  -0.0026495633   0.0036295629  -0.0851955008
        0.0277470990   0.0020136365  -0.0373288440   0.0414033635  -0.0043210821
        0.6123137948  -0.0602864961  -0.1109535308  -0.1538957504  -0.1012209145
        0.0699897965  -0.2842818155   0.1071832988   0.0224290910  -0.0158756494
        0.0100589396   0.0008901096  -0.0011481623   0.0003288498   0.0018091648
       -0.0000862916   0.0001004066  -0.0002616960  -0.0004586536   0.0000751056
       -0.0003498766  -0.0000552424  -0.0005254918  -0.0006729893   0.0002569468
        0.0003198699  -0.0000759013  -0.0000952001   0.0002129979  -0.0003157069
       -0.0009257641   0.0003076105   0.0000088382   0.0002021714   0.0003472953
       -0.0000952313
        0.0003077312  -0.0000180638   0.0001109647   0.0005689837  -0.0003423095
        0.0001891586  -0.0029851168  -0.0014297789   0.0033561441  -0.0012237596
        0.0426506087  -0.0159150300   0.0294864113  -0.0293344103   0.0030406087
        0.0011960712   0.0013233600  -0.0007853448  -0.0522582230  -0.0468301189
        0.0264712620  -0.0007659339   0.0016871396   0.0013312908   0.1104715521
       -0.2739159318   0.0517358047   0.0117423949  -0.0146043518   0.0034355966
       -0.0602864961   0.5856951861  -0.1571619847  -0.1011358793  -0.1475209776
        0.0704549523   0.0244749880  -0.0828735765   0.0084060272   0.0414675204
       -0.0336252314   0.0034253314   0.0002731064  -0.0002276345   0.0018939116
       -0.0001239060   0.0000084785  -0.0002009387  -0.0002726385  -0.0002658954
       -0.0001305241  -0.0002457690   0.0000409673  -0.0006129880   0.0001527495
       -0.0000534613   0.0002184768  -0.0000361999   0.0001022521   0.0000376869
       -0.0008555604  -0.0000786134   0.0004710588   0.0000479740  -0.0003876374
        0.0002285352
       -0.0000175549  -0.0002026844  -0.0006973119   0.0015649788   0.0000253682
        0.0000087120   0.0021220821   0.0021013576   0.0043803731   0.0121591674
       -0.0024408910  -0.0050885664  -0.0013107194   0.0031673939  -0.0009451898
       -0.0018240602  -0.0017261616   0.0009562907   0.0045002031   0.0142868973
       -0.0109267668   0.0025223147   0.0022502978   0.0048684438  -0.0283327634
        0.0780503880  -0.0584031691   0.0082332298  -0.0056502236   0.0026169872
       -0.1109535308  -0.1571619847   0.1906342836   0.0675446603   0.0672302263
       -0.0771365276   0.0555956382  -0.0138686800  -0.0496798254  -0.0117132078
        0.0127186390   0.0002565804   0.0001854554   0.0005221764  -0.0017174801
        0.0000771723   0.0001070119  -0.0000578989   0.0002643839   0.0000792843
       -0.0000658024  -0.0000356853   0.0004724865   0.0006210259   0.0001501757
       -0.0000418566   0.0001589325   0.0000303736   0.0000452435   0.0000303935
       -0.0004502419  -0.0000015329  -0.0000300519  -0.0003120717   0.0000372442
        0.0002165677
        0.0000521449  -0.0001812472  -0.0003962355   0.0001212346   0.0001840945
        0.0003149618  -0.0012499748  -0.0013794362   0.0008651033  -0.0053850907
        0.0029588553   0.0013139931   0.0020386225   0.0024041123  -0.0004694602
       -0.0022159234  -0.0022560946   0.0007607508  -0.0005269562   0.0029428061
        0.0008409311   0.0005007993  -0.0005978344   0.0000776688  -0.0064143378
       -0.0034495149   0.0047555301   0.0094960719  -0.0015498565  -0.0025649581
       -0.1538957504  -0.1011358793   0.0675446603   0.1900721097   0.1319189002
       -0.0937299128  -0.0361002125  -0.0333301538   0.0237252592   0.0030833544
        0.0034103879  -0.0027609360   0.0007576971   0.0003798931  -0.0015470049
        0.0000488447  -0.0000550704   0.0001952639   0.0004033206   0.0001154608
        0.0001935805  -0.0003545913   0.0001663835   0.0008381208  -0.0001419296
       -0.0002046740  -0.0000213866   0.0000035343  -0.0001629172   0.0002139549
       -0.0004819453   0.0000601845  -0.0000132266   0.0001889781  -0.0002383998
       -0.0001366578
       -0.0001003596  -0.0001965590  -0.0002546959  -0.0000240019   0.0000162127
        0.0002165726   0.0002595869  -0.0003118192   0.0000055420   0.0010113721
       -0.0012662957   0.0019056788   0.0010740179   0.0031401163  -0.0004781290
       -0.0025834874  -0.0020685199   0.0007113951   0.0051470896  -0.0015050059
        0.0016789884  -0.0013712579  -0.0032120812   0.0013270189  -0.0342189535
       -0.0357993121   0.0245828262   0.0036342900   0.0028985907  -0.0028798086
       -0.1012209145  -0.1475209776   0.0672302263   0.1319189002   0.1817245793
       -0.0938896970  -0.0023766434  -0.0051860955   0.0045232099  -0.0017389964
        0.0085730167  -0.0038791930   0.0001100307  -0.0000163294  -0.0013208901
        0.0000128419   0.0000676911   0.0001515672   0.0003246138   0.0001661129
        0.0001934742   0.0000014316   0.0005387876   0.0005498286  -0.0000044178
       -0.0000221347  -0.0000980127   0.0000903566  -0.0000876245   0.0000044050
        0.0000215111   0.0000785338  -0.0001641605   0.0000329902  -0.0000108866
       -0.0001161464
       -0.0001699200  -0.0000303182   0.0001710364   0.0000542644   0.0000242071
       -0.0000821036   0.0000824704   0.0003559569  -0.0004509646   0.0026767262
        0.0015885534   0.0050199202  -0.0009991084  -0.0012574622   0.0007405376
        0.0011794470   0.0009550453  -0.0015323635   0.0001390845   0.0020913225
        0.0052447288   0.0004100887   0.0013468167  -0.0005732167   0.0148491547
        0.0140488280  -0.0070346113  -0.0045962406  -0.0016076717  -0.0010357077
        0.0699897965   0.0704549523  -0.0771365276  -0.0937299128  -0.0938896970
        0.0815762201   0.0114392234   0.0116859711  -0.0054283586  -0.0008335051
       -0.0051036422  -0.0003003676  -0.0008228056  -0.0007928701   0.0009135075
       -0.0000538300  -0.0000617884   0.0001191769  -0.0001775524  -0.0000496114
        0.0000353683   0.0004564421   0.0000338732  -0.0001778926  -0.0000028621
        0.0000136066   0.0000536867  -0.0000494410   0.0000204513  -0.0001038399
        0.0001288262  -0.0000058748   0.0000483015   0.0000296540   0.0001793516
       -0.0000665303
       -0.0003047690   0.0008117414   0.0000149232  -0.0007385046  -0.0009125704
        0.0016221272  -0.0296886380  -0.0155587228   0.0135618319  -0.1851063175
       -0.0569348188   0.0568379641   0.0506959678  -0.0516327189   0.0067744758
       -0.0038982713   0.0017391111   0.0011520628  -0.0538494207  -0.0115964464
        0.0173068934   0.0007356846   0.0001333702  -0.0005897669  -0.0077629708
        0.0797756872  -0.0280199450   0.0016748033  -0.0011711342   0.0019066642
       -0.2842818155   0.0244749880   0.0555956382  -0.0361002125  -0.0023766434
        0.0114392234   0.6248720940  -0.0355521609  -0.1209799028  -0.0703522814
        0.0692143148  -0.0168399598  -0.0008246851   0.0005556552  -0.0006280747
        0.0001209808  -0.0001804804   0.0000841264   0.0002060202  -0.0001422207
        0.0001920032   0.0008787809  -0.0009045093  -0.0002844601  -0.0003480316
        0.0000910333  -0.0006292245  -0.0004588650  -0.0002669283  -0.0004964279
       -0.0048007716   0.0014440189   0.0011663558  -0.0006687769  -0.0010105653
        0.0008134720
        0.0004970683  -0.0006845294   0.0003516346   0.0022145205   0.0003795592
        0.0001762863  -0.0004991401   0.0045220640  -0.0017890522  -0.1304091790
       -0.1672062712   0.0780688190  -0.0024712734  -0.0443001670   0.0150770448
        0.0014862050  -0.0032067422   0.0026316868  -0.0105987700  -0.0047514466
        0.0034478159  -0.0011993885   0.0038514352  -0.0008805629   0.0275808989
       -0.0070235217  -0.0060853579   0.0004800977  -0.0036679750   0.0032311744
        0.1071832988  -0.0828735765  -0.0138686800  -0.0333301538  -0.0051860955
        0.0116859711  -0.0355521609   0.5585006362  -0.1632037231   0.0689222318
       -0.2487813510   0.0708209711   0.0006400508  -0.0000630259   0.0020807598
       -0.0000864139   0.0001136010  -0.0002520550  -0.0005848848  -0.0004100736
       -0.0002605766  -0.0008766978  -0.0001815365  -0.0009489710   0.0007083523
        0.0002772615   0.0006065564   0.0006431614   0.0008164237   0.0004772872
        0.0026161874  -0.0006584360  -0.0002271622   0.0026359891   0.0005337672
       -0.0011398667
       -0.0000075199  -0.0000302089  -0.0005099511  -0.0010079736   0.0004671864
       -0.0003099816   0.0081868232   0.0014945990  -0.0014740003   0.0851457018
        0.0643077663  -0.0850564116  -0.0117856411   0.0257779406  -0.0100092656
        0.0017190889   0.0017382307   0.0049553786   0.0161754578   0.0050890210
       -0.0060100781   0.0005479321  -0.0019840872   0.0008870757  -0.0084489802
       -0.0196556256   0.0046331200   0.0005068305   0.0039326438   0.0046729174
        0.0224290910   0.0084060272  -0.0496798254   0.0237252592   0.0045232099
       -0.0054283586  -0.1209799028  -0.1632037231   0.1980491441  -0.0165804049
        0.0678193984  -0.0545139427  -0.0001082393   0.0003771770  -0.0005616372
       -0.0000834504  -0.0000789391   0.0000744404   0.0001975232   0.0001809808
        0.0000507112  -0.0001600328   0.0002325539   0.0006233153  -0.0003109085
       -0.0001589050  -0.0002775394  -0.0005146691  -0.0003165537  -0.0002439439
        0.0016044149   0.0002644586  -0.0004077389  -0.0002503999   0.0008168489
        0.0005365715
        0.0003328401  -0.0004993619  -0.0000604147   0.0005822681   0.0005227204
        0.0000837269   0.0001473329  -0.0014643211   0.0000234616   0.0062157133
       -0.0182066134   0.0051616957  -0.0043798309   0.0009080901   0.0024214352
        0.0007543903  -0.0009730191   0.0002023936   0.0016714813  -0.0015296757
       -0.0003642976  -0.0001637421   0.0014293701  -0.0006594017  -0.0043926982
       -0.0013623693   0.0030969328  -0.0016702712   0.0026671559  -0.0005614150
       -0.0158756494   0.0414675204  -0.0117132078   0.0030833544  -0.0017389964
       -0.0008335051  -0.0703522814   0.0689222318  -0.0165804049   0.0833408215
       -0.0891218364   0.0185744414   0.0008278837  -0.0001669509   0.0003609274
       -0.0000109220   0.0000126615   0.0000704661  -0.0001227815   0.0000096936
       -0.0000642850  -0.0007546085   0.0000913023   0.0002028567   0.0001909340
       -0.0000489712   0.0002254279   0.0001817111   0.0002371716   0.0004957498
        0.0004260073  -0.0004900469  -0.0000721397  -0.0000319527  -0.0006657553
       -0.0000104437
       -0.0003908335   0.0005768299  -0.0000593534  -0.0008032307  -0.0003998131
        0.0000537183   0.0017690064   0.0008788315  -0.0018168931   0.0063962816
       -0.0381913664   0.0145362669   0.0005113092  -0.0020532864   0.0031090479
       -0.0012924273  -0.0030731251   0.0011755830  -0.0028459039   0.0044435350
        0.0008065589   0.0011188075  -0.0037697061   0.0005113699   0.0008611627
        0.0018265305   0.0011960953   0.0020351384  -0.0016693301   0.0001042317
        0.0100589396  -0.0336252314   0.0127186390   0.0034103879   0.0085730167
       -0.0051036422   0.0692143148  -0.2487813510   0.0678193984  -0.0891218364
        0.3146407341  -0.0940721177  -0.0007907991   0.0007001217  -0.0016226096
        0.0001391410  -0.0001328467   0.0002278433   0.0006364273   0.0001153838
        0.0002996823   0.0006498132  -0.0002053439   0.0006051934  -0.0002492388
       -0.0001477850  -0.0002917791  -0.0004881607  -0.0004025730  -0.0004703004
        0.0005505718   0.0002855880  -0.0004437673  -0.0013688711   0.0004111869
        0.0007168348
        0.0000922216  -0.0002797309   0.0002512499  -0.0005638948   0.0003291763
       -0.0001790150  -0.0013481448  -0.0007621418  -0.0018696791  -0.0036771648
        0.0192545193  -0.0052434188   0.0022496719   0.0028734662   0.0041817579
        0.0003286875   0.0016742901   0.0000145689   0.0010624630  -0.0012438128
       -0.0003297899  -0.0006444768   0.0007660917  -0.0008200097   0.0022722297
        0.0017397760   0.0049824189  -0.0002661838  -0.0000908137  -0.0000392399
        0.0008901096   0.0034253314   0.0002565804  -0.0027609360  -0.0038791930
       -0.0003003676  -0.0168399598   0.0708209711  -0.0545139427   0.0185744414
       -0.0940721177   0.0537940932   0.0001516766  -0.0010343887   0.0008229872
        0.0000160195   0.0000448838   0.0000075960  -0.0002188083  -0.0000432939
       -0.0000514033   0.0000022369   0.0004514918  -0.0003781339  -0.0000650346
       -0.0000613739  -0.0001208691   0.0003524725   0.0001652356   0.0000752039
       -0.0001633832  -0.0000026028   0.0001924702   0.0005557569  -0.0000757642
       -0.0007330574
       -0.0109836143   0.0043418820   0.0072429201  -0.0004602435  -0.0021209074
       -0.0004751545   0.0002197512   0.0000522442  -0.0000450615  -0.0002711891
       -0.0001836848   0.0003068785  -0.0028029702  -0.0012782023  -0.0001113969
        0.0025294665   0.0015556559  -0.0001783253  -0.0004377224   0.0014343851
        0.0009713616   0.0006626110  -0.0011601688  -0.0004122469  -0.0021444969
        0.0004534602   0.0013467623   0.0021507508  -0.0010077160  -0.0012202393
       -0.0011481623   0.0002731064   0.0001854554   0.0007576971   0.0001100307
       -0.0008228056  -0.0008246851   0.0006400508  -0.0001082393   0.0008278837
       -0.0007907991   0.0001516766  -0.0042874695   0.0017887674   0.0048397734
        0.0009237763   0.0002522312   0.0004667962  -0.0004305626   0.0005924108
       -0.0010952156   0.0151928204  -0.0051302304  -0.0117390494  -0.0000749714
        0.0006155416   0.0005291219   0.0000742574  -0.0004465682  -0.0000086387
        0.0002474303  -0.0001004571   0.0000698887   0.0002796426   0.0001089677
        0.0001057385
        0.0025799140   0.0006341071  -0.0014027777  -0.0000389290   0.0000803681
        0.0002439692  -0.0000291320   0.0000829540   0.0001307372  -0.0004908000
       -0.0002462069  -0.0000449476  -0.0013736718  -0.0014078882   0.0006714298
        0.0005471388   0.0013997843   0.0000653274   0.0006099008  -0.0038003654
       -0.0004950721  -0.0007481508   0.0023911754   0.0004592673   0.0012532706
       -0.0005952680  -0.0000426628  -0.0006564568   0.0000176449   0.0001760030
        0.0003288498  -0.0002276345   0.0005221764   0.0003798931  -0.0000163294
       -0.0007928701   0.0005556552  -0.0000630259   0.0003771770  -0.0001669509
        0.0007001217  -0.0010343887   0.0017887674   0.0046598404  -0.0009183553
       -0.0001937326  -0.0007019220   0.0000961149   0.0000777232  -0.0004076041
        0.0001491497  -0.0044482011  -0.0041312354   0.0026420670   0.0002022175
        0.0002816157  -0.0002074120  -0.0004144007   0.0004796959  -0.0002314621
        0.0000882309   0.0004693480  -0.0001636324   0.0001488644   0.0004008244
       -0.0001998379
        0.0066519129  -0.0018376186  -0.0020725138   0.0002169200   0.0006427786
       -0.0000747533  -0.0001155888   0.0000371993   0.0002506819  -0.0004802601
        0.0006678722  -0.0007889461   0.0006286261  -0.0001300292  -0.0000910810
       -0.0004836935  -0.0007458567  -0.0002662442   0.0007187134   0.0000984695
        0.0009555731  -0.0001312539  -0.0004832504  -0.0007255562   0.0021287849
       -0.0008591571  -0.0014193373  -0.0017372304   0.0003745084  -0.0000914298
        0.0018091648   0.0018939116  -0.0017174801  -0.0015470049  -0.0013208901
        0.0009135075  -0.0006280747   0.0020807598  -0.0005616372   0.0003609274
       -0.0016226096   0.0008229872   0.0048397734  -0.0009183553   0.0027539832
       -0.0001618694  -0.0001083602  -0.0008298085  -0.0005977838  -0.0004316113
        0.0005363350  -0.0117407927   0.0028285399   0.0014230070   0.0002480641
       -0.0001509962   0.0003058969  -0.0002805271   0.0001886136   0.0000732185
        0.0001698187  -0.0000218488   0.0003269929   0.0001313734  -0.0001820693
        0.0002766041
       -0.1867364824  -0.0470559811  -0.1422076905   0.0010047983  -0.0013968348
        0.0005244843   0.0005837322   0.0003422322   0.0004658173   0.0002625612
        0.0000067812   0.0000870561  -0.0000141362  -0.0000564661  -0.0001041254
       -0.0000464331  -0.0001350908   0.0002562680   0.0001335937   0.0000536310
       -0.0002236647  -0.0000402164  -0.0000966853   0.0000341852  -0.0001010065
        0.0000780826   0.0000724011   0.0000235478  -0.0001009697  -0.0000744271
       -0.0000862916  -0.0001239060   0.0000771723   0.0000488447   0.0000128419
       -0.0000538300   0.0001209808  -0.0000864139  -0.0000834504  -0.0000109220
        0.0001391410   0.0000160195   0.0009237763  -0.0001937326  -0.0001618694
        0.2023459755   0.0502575214   0.1570531423   0.0032106726   0.0014014133
       -0.0003650873  -0.0225610027  -0.0043038481  -0.0164261883   0.0007379152
        0.0012284093   0.0009330812   0.0000641606  -0.0000689707  -0.0000704858
       -0.0000257665  -0.0000778294   0.0002055601   0.0001616983   0.0001766746
        0.0000456316
       -0.0457745434  -0.0607508098  -0.0439757644  -0.0169055094  -0.0069495101
       -0.0175923368   0.0000348131  -0.0058798053  -0.0015734493   0.0003195027
        0.0001418973   0.0003199432   0.0001800279   0.0002024515  -0.0000520386
        0.0002805995  -0.0003568810   0.0003523607  -0.0002829837   0.0002331809
       -0.0002687176   0.0002270854  -0.0001689211   0.0001596028  -0.0000942350
        0.0000050476  -0.0000654014   0.0001284494   0.0001250787   0.0000349452
        0.0001004066   0.0000084785   0.0001070119  -0.0000550704   0.0000676911
       -0.0000617884  -0.0001804804   0.0001136010  -0.0000789391   0.0000126615
       -0.0001328467   0.0000448838   0.0002522312  -0.0007019220  -0.0001083602
        0.0502575214   0.0646437518   0.0492712495   0.0112293132   0.0057235556
        0.0118354313   0.0018266202   0.0044466290   0.0035673696  -0.0002528119
        0.0002924092  -0.0006606544  -0.0005570409  -0.0008342604  -0.0002544027
        0.0000914762  -0.0000878493   0.0002979522  -0.0008380332  -0.0001409662
       -0.0012988972
       -0.1369263792  -0.0435679545  -0.1798201235  -0.0041011640  -0.0043760752
       -0.0052880092   0.0004786982  -0.0021205498   0.0001829349   0.0001485348
        0.0001671945   0.0002630874  -0.0004083661  -0.0003911230  -0.0000311840
        0.0002423413   0.0003438113  -0.0003003202   0.0000454236   0.0001705785
        0.0001693821   0.0000328508  -0.0001458085  -0.0000438073  -0.0002852553
       -0.0000370530  -0.0000284732   0.0002027662  -0.0000207592   0.0001551945
       -0.0002616960  -0.0002009387  -0.0000578989   0.0001952639   0.0001515672
        0.0001191769   0.0000841264  -0.0002520550   0.0000744404   0.0000704661
        0.0002278433   0.0000075960   0.0004667962   0.0000961149  -0.0008298085
        0.1570531423   0.0492712495   0.1958210026  -0.0187742975  -0.0023016417
       -0.0205107515   0.0022757890   0.0024313355   0.0094507151  -0.0001456378
        0.0001941004   0.0003219105   0.0001310228   0.0005603874   0.0003939769
       -0.0000967336  -0.0001024399   0.0001874057  -0.0004276920  -0.0000977839
       -0.0002364467
       -0.0486939892  -0.0223284434   0.0304552563   0.0005809112  -0.0002740240
       -0.0011154406   0.0003618479   0.0000055957   0.0006106333   0.0001306333
       -0.0001156017   0.0001618184  -0.0034721422  -0.0021924298   0.0004589609
        0.0014796832   0.0017785453  -0.0005185824   0.0000057807   0.0005022344
       -0.0001550430   0.0001257107  -0.0002490814   0.0000756749  -0.0004795115
        0.0000718380   0.0001804351   0.0004466312  -0.0001344832  -0.0000446322
       -0.0004586536  -0.0002726385   0.0002643839   0.0004033206   0.0003246138
       -0.0001775524   0.0002060202  -0.0005848848   0.0001975232  -0.0001227815
        0.0006364273  -0.0002188083  -0.0004305626   0.0000777232  -0.0005977838
        0.0032106726   0.0112293132  -0.0187742975   0.0483021496   0.0249045816
       -0.0322055966  -0.0027899118  -0.0137116166   0.0220976419  -0.0000389241
        0.0009022319  -0.0002994174   0.0008555235  -0.0004095126  -0.0000144873
        0.0003840315  -0.0002554129  -0.0002275520  -0.0000064398   0.0000950245
       -0.0001531341
       -0.0203311644  -0.1404111162   0.1326242018  -0.0040605525  -0.0210176296
        0.0204632095   0.0002367031   0.0016002180   0.0006067064  -0.0004350531
       -0.0001448716   0.0001336269   0.0002191519   0.0011121715  -0.0002898960
       -0.0002468946  -0.0011155512  -0.0000044412  -0.0005423226   0.0005268217
       -0.0000248565   0.0002462821  -0.0005094953   0.0000461323  -0.0002268733
        0.0000791437  -0.0000018213   0.0002473011   0.0000349732  -0.0000371119
        0.0000751056  -0.0002658954   0.0000792843   0.0001154608   0.0001661129
       -0.0000496114  -0.0001422207  -0.0004100736   0.0001809808   0.0000096936
        0.0001153838  -0.0000432939   0.0005924108  -0.0004076041  -0.0004316113
        0.0014014133   0.0057235556  -0.0023016417   0.0249045816   0.1550046357
       -0.1482430800  -0.0029153468   0.0055747609  -0.0006988624  -0.0000913337
       -0.0000368808   0.0003999335   0.0008686460  -0.0057815844  -0.0015863492
       -0.0001138993  -0.0001267226  -0.0009864179   0.0001889113   0.0002896478
        0.0001649193
        0.0269315063   0.1325337235  -0.2333442662  -0.0011026622   0.0005113059
        0.0075234997   0.0000541065  -0.0006648985   0.0016233009   0.0000342939
        0.0001758182  -0.0003011562  -0.0019340240  -0.0013705723   0.0008382169
        0.0012369446   0.0011453451  -0.0012523734   0.0003339262   0.0002929233
        0.0002605735   0.0000590995  -0.0001380902  -0.0001411483  -0.0003470040
       -0.0002120279   0.0000460955   0.0002372231  -0.0000031351   0.0000400992
       -0.0003498766  -0.0001305241  -0.0000658024   0.0001935805   0.0001934742
        0.0000353683   0.0001920032  -0.0002605766   0.0000507112  -0.0000642850
        0.0002996823  -0.0000514033  -0.0010952156   0.0001491497   0.0005363350
       -0.0003650873   0.0118354313  -0.0205107515  -0.0322055966  -0.1482430800
        0.2567810825   0.0080684181   0.0065259098  -0.0119623900   0.0001486256
       -0.0005778368   0.0001518063  -0.0002395040  -0.0018488524   0.0005227570
        0.0004315840  -0.0000356895  -0.0004448476  -0.0002180561  -0.0001774797
       -0.0003357071
       -0.2472558575   0.0476291891   0.0885324107   0.0010925067   0.0080201779
        0.0017060986  -0.0003801370  -0.0009189066  -0.0003528934   0.0009493463
       -0.0008257992   0.0000923719   0.0016969424   0.0008836843  -0.0005161762
       -0.0021871092  -0.0003245304  -0.0005292521  -0.0004209086  -0.0005559983
       -0.0008108983  -0.0004268712   0.0006786387   0.0002820581   0.0005334886
       -0.0000764732  -0.0004272253  -0.0007661667   0.0003339320   0.0005295869
       -0.0000552424  -0.0002457690  -0.0000356853  -0.0003545913   0.0000014316
        0.0004564421   0.0008787809  -0.0008766978  -0.0001600328  -0.0007546085
        0.0006498132   0.0000022369   0.0151928204  -0.0044482011  -0.0117407927
       -0.0225610027   0.0018266202   0.0022757890  -0.0027899118  -0.0029153468
        0.0080684181   0.2561480928  -0.0474244149  -0.0860747281   0.0009599589
       -0.0010196567  -0.0008622160   0.0010107252  -0.0003420545  -0.0000339949
       -0.0002893608   0.0000914721  -0.0000714211  -0.0002208942  -0.0001411104
       -0.0003300961
        0.0491185083  -0.0508017650  -0.0206079453   0.0213942010  -0.0088691398
       -0.0089584135  -0.0000957444  -0.0002237783  -0.0000297112  -0.0003583658
        0.0000761253   0.0001727254   0.0005531777   0.0017827186  -0.0005141585
       -0.0001377687  -0.0012150126  -0.0002208947  -0.0001679779   0.0013043819
       -0.0003182823   0.0005597607  -0.0009174181  -0.0001358451  -0.0006940046
        0.0004954418   0.0001907176   0.0007057944   0.0001414733  -0.0001685098
       -0.0005254918   0.0000409673   0.0004724865   0.0001663835   0.0005387876
        0.0000338732  -0.0009045093  -0.0001815365   0.0002325539   0.0000913023
       -0.0002053439   0.0004514918  -0.0051302304  -0.0041312354   0.0028285399
       -0.0043038481   0.0044466290   0.0024313355  -0.0137116166   0.0055747609
        0.0065259098  -0.0474244149   0.0585190687   0.0189188001   0.0003996035
       -0.0052920077  -0.0015485005   0.0006968904  -0.0003631111  -0.0001353531
       -0.0000415834  -0.0005816529   0.0001498934  -0.0001900659  -0.0001383532
        0.0002292869
        0.0893653720  -0.0209938973  -0.0792149852   0.0047658814  -0.0045469444
       -0.0021818327   0.0005045120   0.0004085007  -0.0000128488  -0.0002088075
       -0.0006343268   0.0001743170  -0.0030862856  -0.0010295355   0.0002657722
        0.0021646592   0.0015060962  -0.0003803950  -0.0008662231   0.0012966371
        0.0007239244   0.0003794604  -0.0007253190   0.0002282758  -0.0012819234
        0.0003644188   0.0008724906   0.0012296946  -0.0003032577   0.0001343885
       -0.0006729893  -0.0006129880   0.0006210259   0.0008381208   0.0005498286
       -0.0001778926  -0.0002844601  -0.0009489710   0.0006233153   0.0002028567
        0.0006051934  -0.0003781339  -0.0117390494   0.0026420670   0.0014230070
       -0.0164261883   0.0035673696   0.0094507151   0.0220976419  -0.0006988624
       -0.0119623900  -0.0860747281   0.0189188001   0.0796153462  -0.0003105523
       -0.0002602430   0.0004354700  -0.0004284471   0.0008491160   0.0004507657
        0.0000073757  -0.0001064830  -0.0005446418  -0.0001759204   0.0001528006
       -0.0001656937
       -0.0026565442   0.0042503304   0.0020794729  -0.2487029419   0.0540450084
        0.0428920765  -0.0194324922   0.0022646814  -0.0006166406  -0.0025963279
       -0.0006988625  -0.0036589157  -0.0002811995  -0.0005422911   0.0001371244
        0.0002577033  -0.0000107144  -0.0001653147   0.0000159634  -0.0000707170
        0.0002628014   0.0000183545   0.0001571726  -0.0000557843   0.0003105850
       -0.0000798763  -0.0000571791  -0.0002098291   0.0001281201  -0.0000625484
        0.0002569468   0.0001527495   0.0001501757  -0.0001419296  -0.0000044178
       -0.0000028621  -0.0003480316   0.0007083523  -0.0003109085   0.0001909340
       -0.0002492388  -0.0000650346  -0.0000749714   0.0002022175   0.0002480641
        0.0007379152  -0.0002528119  -0.0001456378  -0.0000389241  -0.0000913337
        0.0001486256   0.0009599589   0.0003996035  -0.0003105523   0.2853345149
       -0.0609118240  -0.0475680140  -0.0142192561   0.0005891626   0.0064744230
        0.0006959924   0.0002392731   0.0005674957  -0.0000764207  -0.0002245841
        0.0000591327
        0.0303665772  -0.0183525450  -0.0111201596   0.0484354881  -0.0551721997
       -0.0066355762  -0.0039159495   0.0017073066   0.0004052270  -0.0005249728
        0.0005379442  -0.0012070413  -0.0003209691  -0.0003819637   0.0000707538
        0.0000501863   0.0001658296   0.0000194294  -0.0002346397  -0.0001210658
        0.0000905246   0.0000529248   0.0002441622   0.0000429476   0.0001345062
       -0.0001742608  -0.0000680097  -0.0001353694   0.0002043753   0.0000324335
        0.0003198699  -0.0000534613  -0.0000418566  -0.0002046740  -0.0000221347
        0.0000136066   0.0000910333   0.0002772615  -0.0001589050  -0.0000489712
       -0.0001477850  -0.0000613739   0.0006155416   0.0002816157  -0.0001509962
        0.0012284093   0.0002924092   0.0001941004   0.0009022319  -0.0000368808
       -0.0005778368  -0.0010196567  -0.0052920077  -0.0002602430  -0.0609118240
        0.0710439308   0.0150127195  -0.0147062656   0.0046354201   0.0045429106
        0.0003252555   0.0001424216   0.0001161516  -0.0004987324   0.0002216276
       -0.0002588063
        0.0076387960  -0.0065815745  -0.0024892606   0.0416947038  -0.0074857568
       -0.0517879699  -0.0229822570   0.0035705459   0.0015053690  -0.0031851287
       -0.0008440054  -0.0033928931  -0.0008248691  -0.0003315810   0.0001362933
        0.0004028662   0.0001421190  -0.0001463593   0.0000490578  -0.0000139520
        0.0000969913  -0.0000603485   0.0001039372   0.0001559071   0.0001498307
       -0.0000178115  -0.0002576179  -0.0000723063  -0.0000118874   0.0001948121
       -0.0000759013   0.0002184768   0.0001589325  -0.0000213866  -0.0000980127
        0.0000536867  -0.0006292245   0.0006065564  -0.0002775394   0.0002254279
       -0.0002917791  -0.0001208691   0.0005291219  -0.0002074120   0.0003058969
        0.0009330812  -0.0006606544   0.0003219105  -0.0002994174   0.0003999335
        0.0001518063  -0.0008622160  -0.0015485005   0.0004354700  -0.0475680140
        0.0150127195   0.0604198006   0.0256850136  -0.0023627422  -0.0064984841
       -0.0005893819   0.0002508333   0.0007723464  -0.0001374476   0.0001505479
        0.0002617707
        0.0012243907   0.0007452026  -0.0014500244  -0.0691323278  -0.0402829472
        0.0569182077   0.0045820409   0.0076392476  -0.0139049720   0.0011325967
        0.0003150969  -0.0003197354   0.0000718754   0.0001561014  -0.0000207858
       -0.0001689294  -0.0001912871   0.0000986698  -0.0000366546   0.0001907403
       -0.0000792684   0.0001192395  -0.0000792937   0.0000237735  -0.0001208491
       -0.0000086788   0.0001030355   0.0001225340   0.0000647717  -0.0000791157
       -0.0000952001  -0.0000361999   0.0000303736   0.0000035343   0.0000903566
       -0.0000494410  -0.0004588650   0.0006431614  -0.0005146691   0.0001817111
       -0.0004881607   0.0003524725   0.0000742574  -0.0004144007  -0.0002805271
        0.0000641606  -0.0005570409   0.0001310228   0.0008555235   0.0008686460
       -0.0002395040   0.0010107252   0.0006968904  -0.0004284471  -0.0142192561
       -0.0147062656   0.0256850136   0.0755593769   0.0453876085  -0.0628915827
       -0.0012218930  -0.0003215069  -0.0032679094   0.0004520090   0.0002879582
        0.0001834133
       -0.0086491753  -0.0275502018   0.0211749733  -0.0364215676  -0.1096634977
        0.0969909664   0.0010834445   0.0026427297  -0.0028934840   0.0003324958
       -0.0001029301   0.0000819878  -0.0001994329  -0.0002993899   0.0001200009
        0.0001808134   0.0000851911   0.0000938498  -0.0000817841  -0.0001196698
       -0.0001338734   0.0000707780   0.0000988509   0.0000994335   0.0000688620
       -0.0000456804  -0.0000734601  -0.0000188780   0.0000814537   0.0000422847
        0.0002129979   0.0001022521   0.0000452435  -0.0001629172  -0.0000876245
        0.0000204513  -0.0002669283   0.0008164237  -0.0003165537   0.0002371716
       -0.0004025730   0.0001652356  -0.0004465682   0.0004796959   0.0001886136
       -0.0000689707  -0.0008342604   0.0005603874  -0.0004095126  -0.0057815844
       -0.0018488524  -0.0003420545  -0.0003631111   0.0008491160   0.0005891626
        0.0046354201  -0.0023627422   0.0453876085   0.1351474808  -0.1108354399
       -0.0009265679   0.0006443470  -0.0011965266  -0.0001689772   0.0005166780
       -0.0007716115
       -0.0016414699  -0.0036856123   0.0053474533   0.0570889355   0.1021111824
       -0.1807884246   0.0036371531   0.0103266505  -0.0246287256   0.0004617808
        0.0001341186   0.0008988779   0.0001769650   0.0006005550  -0.0002493643
       -0.0002301036  -0.0002461974   0.0003001047   0.0001774263   0.0001533318
       -0.0002671433   0.0000685694  -0.0002092685   0.0002620106  -0.0001509096
       -0.0000256805  -0.0000630100   0.0001483638  -0.0000943299   0.0001874647
       -0.0003157069   0.0000376869   0.0000303935   0.0002139549   0.0000044050
       -0.0001038399  -0.0004964279   0.0004772872  -0.0002439439   0.0004957498
       -0.0004703004   0.0000752039  -0.0000086387  -0.0002314621   0.0000732185
       -0.0000704858  -0.0002544027   0.0003939769  -0.0000144873  -0.0015863492
        0.0005227570  -0.0000339949  -0.0001353531   0.0004507657   0.0064744230
        0.0045429106  -0.0064984841  -0.0628915827  -0.1108354399   0.2083322610
       -0.0032451880  -0.0008129129  -0.0041100469   0.0001556739   0.0001991807
        0.0000784949
        0.0001126068   0.0006131730   0.0002550292   0.0046241885   0.0075358861
       -0.0151103734  -0.0690830917  -0.0390277945   0.0643933674  -0.0200793722
       -0.0131746298   0.0244250742  -0.0010971789  -0.0019228632   0.0009614865
        0.0009546409   0.0012376255  -0.0004339089  -0.0001097146  -0.0004755040
       -0.0000410279   0.0002090128  -0.0000447987  -0.0000242123   0.0002541603
       -0.0003891824  -0.0001380519  -0.0000496928   0.0001492442   0.0001704357
       -0.0009257641  -0.0008555604  -0.0004502419  -0.0004819453   0.0000215111
        0.0001288262  -0.0048007716   0.0026161874   0.0016044149   0.0004260073
        0.0005505718  -0.0001633832   0.0002474303   0.0000882309   0.0001698187
       -0.0000257665   0.0000914762  -0.0000967336   0.0003840315  -0.0001138993
        0.0004315840  -0.0002893608  -0.0000415834   0.0000073757   0.0006959924
        0.0003252555  -0.0005893819  -0.0012218930  -0.0009265679  -0.0032451880
        0.0888794712   0.0449358129  -0.0728972781   0.0013770096  -0.0011925912
        0.0006423687
        0.0000658523   0.0014943992  -0.0007141951   0.0015998748   0.0021590914
       -0.0034847032  -0.0385752927  -0.1003076874   0.0880469884   0.0007869170
        0.0044252402  -0.0051432468   0.0017918352   0.0003335531  -0.0010385172
        0.0007360189  -0.0010951418   0.0000081919  -0.0003513215  -0.0000001976
        0.0004792950   0.0000066217   0.0000709260  -0.0001652646  -0.0000354106
       -0.0000744955   0.0000758329   0.0000205134   0.0000586076  -0.0000749759
        0.0003076105  -0.0000786134  -0.0000015329   0.0000601845   0.0000785338
       -0.0000058748   0.0014440189  -0.0006584360   0.0002644586  -0.0004900469
        0.0002855880  -0.0000026028  -0.0001004571   0.0004693480  -0.0000218488
       -0.0000778294  -0.0000878493  -0.0001024399  -0.0002554129  -0.0001267226
       -0.0000356895   0.0000914721  -0.0005816529  -0.0001064830   0.0002392731
        0.0001424216   0.0002508333  -0.0003215069   0.0006443470  -0.0008129129
        0.0449358129   0.1137658561  -0.1023171066  -0.0118787274  -0.0209171157
        0.0249017939
        0.0005024338   0.0009614040   0.0016211662   0.0037548017   0.0123641672
       -0.0284607402   0.0650866528   0.0869868238  -0.1844798963   0.0067318369
        0.0034427398  -0.0047017542   0.0001571386   0.0009364250   0.0004039373
       -0.0009395617  -0.0007221342   0.0002028826   0.0001965380   0.0001232747
       -0.0000848836  -0.0001610525   0.0001106597   0.0000233273  -0.0000943174
       -0.0000187533  -0.0001240715  -0.0000129527  -0.0000410946   0.0000559010
        0.0000088382   0.0004710588  -0.0000300519  -0.0000132266  -0.0001641605
        0.0000483015   0.0011663558  -0.0002271622  -0.0004077389  -0.0000721397
       -0.0004437673   0.0001924702   0.0000698887  -0.0001636324   0.0003269929
        0.0002055601   0.0002979522   0.0001874057  -0.0002275520  -0.0009864179
       -0.0004448476  -0.0000714211   0.0001498934  -0.0005446418   0.0005674957
        0.0001161516   0.0007723464  -0.0032679094  -0.0011965266  -0.0041100469
       -0.0728972781  -0.1023171066   0.2160854674  -0.0006901291   0.0003202056
        0.0034684743
       -0.0017455751  -0.0017864699  -0.0032146717   0.0000808570  -0.0136452505
       -0.0032298660  -0.0408182861   0.0041982485   0.0022861906  -0.0073266601
        0.0301113484   0.0058668735  -0.0049893866   0.0010350707   0.0018021096
        0.0002827546  -0.0005656516   0.0003039063  -0.0007851958   0.0006182480
       -0.0008444223  -0.0003285780   0.0002234486   0.0000462348   0.0002492122
        0.0001105777  -0.0002655477  -0.0000019648   0.0000915046   0.0002554942
        0.0002021714   0.0000479740  -0.0003120717   0.0001889781   0.0000329902
        0.0000296540  -0.0006687769   0.0026359891  -0.0002503999  -0.0000319527
       -0.0013688711   0.0005557569   0.0002796426   0.0001488644   0.0001313734
        0.0001616983  -0.0008380332  -0.0004276920  -0.0000064398   0.0001889113
       -0.0002180561  -0.0002208942  -0.0001900659  -0.0001759204  -0.0000764207
       -0.0004987324  -0.0001374476   0.0004520090  -0.0001689772   0.0001556739
        0.0013770096  -0.0118787274  -0.0006901291   0.0537257979  -0.0085023963
       -0.0016670426
       -0.0012193565   0.0008463681  -0.0012737136  -0.0013103366  -0.0087956648
       -0.0034210611   0.0042819257  -0.2607589802  -0.0466222046   0.0075824060
       -0.0118848671  -0.0019287578   0.0013733495  -0.0009409184  -0.0009667403
        0.0003154909   0.0004580195  -0.0002965041  -0.0001047830  -0.0004964221
        0.0005406780   0.0001270210   0.0000765183  -0.0002091294  -0.0000581145
       -0.0000787865   0.0000270239  -0.0000281203   0.0000718116  -0.0000916280
        0.0003472953  -0.0003876374   0.0000372442  -0.0002383998  -0.0000108866
        0.0001793516  -0.0010105653   0.0005337672   0.0008168489  -0.0006657553
        0.0004111869  -0.0000757642   0.0001089677   0.0004008244  -0.0001820693
        0.0001766746  -0.0001409662  -0.0000977839   0.0000950245   0.0002896478
       -0.0001774797  -0.0001411104  -0.0001383532   0.0001528006  -0.0002245841
        0.0002216276   0.0001505479   0.0002879582   0.0005166780   0.0001991807
       -0.0011925912  -0.0209171157   0.0003202056  -0.0085023963   0.3007241489
        0.0529189544
       -0.0032808121  -0.0026525302  -0.0041750790  -0.0009615996  -0.0215832699
       -0.0057571140   0.0035951334  -0.0463532949  -0.0539353141   0.0005165429
       -0.0050038296   0.0003488520   0.0009128926  -0.0000631160   0.0001315539
       -0.0002128579   0.0002746324  -0.0000113355  -0.0000189613  -0.0001419706
       -0.0001202281   0.0000094676   0.0000671541   0.0001180323   0.0000145045
        0.0001023422  -0.0002052533  -0.0000314612  -0.0000212759   0.0000544392
       -0.0000952313   0.0002285352   0.0002165677  -0.0001366578  -0.0001161464
       -0.0000665303   0.0008134720  -0.0011398667   0.0005365715  -0.0000104437
        0.0007168348  -0.0007330574   0.0001057385  -0.0001998379   0.0002766041
        0.0000456316  -0.0012988972  -0.0002364467  -0.0001531341   0.0001649193
       -0.0003357071  -0.0003300961   0.0002292869  -0.0001656937   0.0000591327
       -0.0002588063   0.0002617707   0.0001834133  -0.0007716115   0.0000784949
        0.0006423687   0.0249017939   0.0034684743  -0.0016670426   0.0529189544
        0.0602503987
