   98
          1          1          1
          1          2          2
          1          3          3
          2          4          5
          1          6          6
          1          7          7
          1          8          8
          1          9          9
          3         10         12
          1         13         13
          1         14         14
          1         15         15
          1         16         16
          1         17         17
          2         18         19
          1         20         20
          1         21         21
          2         22         23
          1         24         24
          2         25         26
          1         27         27
          3         28         30
          1         31         31
          1         32         32
          2         33         34
          2         35         36
          1         37         37
          4         38         41
          2         42         43
          1         44         44
          2         45         46
          2         47         48
          1         49         49
          2         50         51
          1         52         52
          3         53         55
          2         56         57
          1         58         58
          1         59         59
          2         60         61
          1         62         62
          1         63         63
          1         64         64
          2         65         66
          1         67         67
          1         68         68
          2         69         70
          1         71         71
          1         72         72
          1         73         73
          1         74         74
          1         75         75
          1         76         76
          2         77         78
          2         79         80
          4         81         84
          2         85         86
          1         87         87
          2         88         89
          1         90         90
          1         91         91
          1         92         92
          1         93         93
          1         94         94
          1         95         95
          1         96         96
          2         97         98
          2         99        100
          1        101        101
          1        102        102
          1        103        103
          1        104        104
          2        105        106
          2        107        108
          1        109        109
          1        110        110
          1        111        111
          1        112        112
          1        113        113
          1        114        114
          1        115        115
          1        116        116
          2        117        118
          1        119        119
          1        120        120
          1        121        121
          1        122        122
          2        123        124
          1        125        125
          2        126        127
          1        128        128
          2        129        130
          1        131        131
          1        132        132
          1        133        133
          2        134        135
          1        136        136
          1        137        137
