           1           2  0.93936071368122942     
           2           3   1.0050951023280716     
           2           4  0.99417814463502319     
           4           5   1.2999052430259204     
           5           6   1.5574782471541595     
           4           7   1.5234415830664843     
           6           7  0.11653050543982844     
           7           8   1.2850013606359625     
           6           9   1.2804865258237126     
           8           9   1.2497863484363489     
           9          10   1.2788710404233017     
          10          11   1.5584225080375136     
          11          12   1.3192393476398032     
           8          13   1.2763707438102945     
          10          13  0.11872731140291821     
          12          13   1.5592464021083958     
           1          14  0.88489560168432924     
           1          15  0.88955147665136935     
           1          16  0.88997348996525194     
           2          17  0.95670691683041809     
           3          18  0.97779465426493262     
           3          19  0.97817710377897193     
           3          20  0.97775193759170320     
           5          21  0.96595034073086095     
           6          22  0.96805565935464777     
           7          23  0.95942462974909526     
          10          24  0.96858283739290985     
          11          25  0.97145380298191175     
          12          26  0.97120263524089567     
          13          27  0.96704767218814514     
