   -0.46617710
    0.01554832
   -0.05126421
    0.00063802
   -0.03210217
   -0.03002790
    0.00834993
    0.00675398
   -0.02958902
   -0.02956187
    0.00703993
    0.00703956
   -0.02952433
   -0.02959493
    0.00689484
    0.00652759
   -0.02965005
   -0.02950343
   -0.02358531
   -0.06897622
   -0.07259864
   -0.07265513
   -0.09129701
   -0.16879361
    0.16879361
    0.17734933
    0.19109557
    0.04316552
    0.05038721
    0.04767316
    0.03865649
    0.04493353
    0.05516404
    0.05571555
    0.05610110
    0.05621336
    0.05634915
    0.05542165
    0.04679325
    0.05229626
