           1           2  0.99265500263862116     
           2           3   1.0198008859447714     
           3           4   1.6063682348518955     
           4           5   1.2700485332204385     
           3           6  0.11822744253313214     
           5           6   1.6342581076347209     
           3           7   1.1572607644008501     
           6           7   1.1901718423162553     
           1           9  0.95735062972330898     
           1          10  0.95736572372223261     
           1          11  0.18981487089130339     
           8          11  0.69632416384640483     
           2          12  0.96921031077380715     
           2          13  0.96609206607441189     
           4          14  0.96110622599008089     
           5          15  0.96423271779910102     
           6          16  0.97090356370833220     
