   17
          2          1          2
          1          3          3
          1          4          4
          1          5          5
          1          6          6
          1          7          7
          2          8          9
          3         10         12
          1         13         13
          1         14         14
          1         15         15
          2         16         17
          2         18         19
          1         20         20
          2         21         22
          1         23         23
          2         24         25
