           1           2  0.96122880652220188     
           2           3  0.99782687122864067     
           3           4   1.0105280056222599     
           4           5   1.5320469757776460     
           5           6   1.2753948019085013     
           6           7   1.2741884041472316     
           7           8   1.5624130006844714     
           8           9   1.3177078109891383     
           7          10  0.11868456269713334     
           9          10   1.5621146368312313     
           6          11   1.2609798246788588     
          10          11   1.2754136081832017     
           5          12  0.11413604353556200     
          11          12   1.2721863776846662     
           4          13   1.2895707370217380     
          12          13   1.5705135494353797     
           1          15  0.89547859902623361     
           1          16  0.89084926230489203     
           1          17  0.88955050522859358     
           2          18  0.96702291965328357     
           2          19  0.96504153981783403     
           3          20  0.95918230153961159     
           3          21  0.96703580401651756     
           5          22  0.96430203001027714     
           7          23  0.96805952442626619     
           8          24  0.97094575854614285     
           9          25  0.97110925853288155     
          10          26  0.96907131578260397     
          12          27  0.96857754393165019     
          13          28  0.96812535120221221     
