$coord
        -11.070041300905          0.231874897081          3.136591333120     n 
        -11.196248370159         -1.687350726106          1.074886980593     c 
        -10.010955282357         -0.753552139788         -1.385814540103     c 
         -7.239560807469         -0.211980012520         -1.141268631800     c 
         -6.349588993488          2.254819068567         -0.988065380776     c 
         -3.813740137662          2.743832297707         -0.724983777837     c 
         -2.044422998260          0.772425921514         -0.600868436410     c 
          0.590926603687          1.355382958255         -0.340378733772     c 
          2.501043926944         -0.360932871152         -0.246479080942     c 
          5.137883797388          0.218372232397          0.005899861419     c 
          6.902146382292         -1.756146124268          0.042486491389     c 
          9.457305936578         -1.292968443693          0.278305019758     c 
         11.110187374643         -3.217063789173          0.304634359950     f 
         10.305064194179          1.182106815777          0.485650216149     c 
          8.604912630410          3.159922222281          0.456289893674     c 
          6.057248671079          2.700604972330          0.220708654790     c 
         -2.963932558251         -1.710671294152         -0.748161098041     c 
         -5.504618784261         -2.179110639788         -1.010411877109     c 
        -11.846307250240         -0.436678939492          4.783849087355     h 
        -12.025204611778          1.843227030768          2.633961407185     h 
         -9.228306539098          0.721820754354          3.499346448485     h 
        -13.174401069691         -2.221906154093          0.764705534588     h 
        -10.235184874535         -3.413023467599          1.696852934119     h 
        -10.987552348527          0.955895231968         -2.018827508574     h 
        -10.289371924069         -2.140664399109         -2.897649755018     h 
         -7.673056367728          3.796593077337         -1.089573457295     h 
         -3.160594413108          4.667419526304         -0.616552312357     h 
          1.061528952132          3.327391780970         -0.224606655055     h 
          2.031894268284         -2.332152287307         -0.379992383460     h 
          6.280904195694         -3.683085913782         -0.118448325614     h 
         12.302708441780          1.516581611236          0.667995831302     h 
          9.280784380644          5.074534765723          0.620452702559     h 
          4.763536903683          4.267049207481          0.206185363294     h 
         -1.673204271854         -3.276951603136         -0.652135969146     h 
         -6.175643422395         -4.096718520558         -1.124557617990     h 
$end
