$coord
         -6.285017975829          1.352966026167         -2.201001192115     n 
         -5.475133518398         -0.226818655246          0.010700271210     c 
         -6.359349904038          0.915812730124          2.502173745901     c 
         -2.655095679281         -0.664428817104         -0.011582696505     c 
         -1.686004364398         -3.116264943055         -0.068806942687     c 
          0.883745662276         -3.554868744549         -0.080527587297     c 
         -0.991806453853          1.356588399320          0.039156131350     c 
          1.639815269273          0.987639100743          0.028298967533     c 
          2.604506104249         -1.532483134101         -0.033980530834     c 
          5.236938967105         -1.901476879033         -0.045577732119     c 
          6.861909175765          0.136088219664          0.002494064843     c 
          5.925200520710          2.584559453670          0.063723632985     c 
          3.354693676180          3.018087178009          0.077270494579     c 
         -5.658666724077          0.576520268275         -3.863122693519     h 
         -5.554957382711          3.143432321147         -2.066159122559     h 
         -8.216455175152          1.505029293020         -2.284690007843     h 
         -6.389805267142         -2.085613802264         -0.210024687947     h 
         -5.810092368671         -0.260548708763          4.101507968993     h 
         -8.405769503776          1.138068354260          2.544460614011     h 
         -5.527178811690          2.776054676272          2.785537009092     h 
         -2.973164292056         -4.690939651299         -0.102998926862     h 
          1.594410791953         -5.459936612734         -0.124726696306     h 
         -1.716112997184          3.252165234387          0.093211244754     h 
          5.973603778250         -3.796677054868         -0.093894429628     h 
          8.874731978657         -0.175162431961         -0.007982960946     h 
          7.216604494683          4.158994781824          0.099774381273     h 
          2.638683609345          4.921269436068          0.122604494570     h 
$end
