   -0.14594744
   -0.02821489
   -0.08993453
   -0.01463929
   -0.03948562
   -0.03015562
    0.02435697
   -0.05034125
   -0.02290306
    0.01284748
   -0.02925234
   -0.02550966
   -0.02079153
   -0.02482064
   -0.02866546
   -0.03843138
   -0.06907224
    0.25689110
    0.25970109
    0.27959993
    0.09931986
    0.10119007
    0.06728817
    0.09014121
    0.04437664
    0.05441812
    0.04393685
    0.04494212
    0.03489865
    0.04212609
    0.04609870
    0.04426022
    0.03776189
    0.04581997
    0.02818983
