           1           2  0.93611555626791965     
           2           3  0.99209944521816096     
           3           4   1.0057172588532983     
           4           5   1.3907486586664384     
           5           6   1.4782112860138792     
           6           7   1.3444543542229896     
           7           8   1.1275379106783214     
           8           9   1.7358781431777561     
           9          10   1.1244777388072735     
          10          11   1.3568366894161594     
          11          12   1.4676948154908638     
          12          13   1.4232205860632539     
          11          14  0.10344686527485719     
          13          14   1.4282433996627530     
          10          15   1.3581328039369871     
          12          15  0.10198230401576329     
          14          15   1.4627902997318638     
           7          16   1.3611595212991254     
           4          17   1.3656835447926254     
          16          17   1.4443639235906129     
           1          18  0.92000798253702043     
           1          19  0.91789776755173869     
           1          20  0.82122349273611772     
           2          21  0.96877789053145047     
           2          22  0.96902276559254252     
           3          23  0.96927614566962006     
           3          24  0.96146083713848851     
           5          25  0.96754260625492916     
           6          26  0.96373232023165967     
           8          27  0.95792432972549024     
           9          28  0.95798761590189296     
          11          29  0.96588267061172850     
          12          30  0.97005172788273786     
          13          31  0.97054214969128860     
          14          32  0.96981114314114192     
          15          33  0.96838692392649361     
          16          34  0.96767319410139252     
          17          35  0.95786275123223574     
