$hessian                                                                        
        0.5550938146  -0.0051748381  -0.0620816156  -0.0682136094  -0.0069795011
       -0.0374087250  -0.0385425952  -0.0021646358  -0.0246534063   0.0041196690
        0.0049079077  -0.0027534668  -0.0034181669   0.0003722068   0.0033030826
        0.0008925128   0.0012044703   0.0002885802  -0.0004032768   0.0006385085
       -0.0002318050   0.0002394346  -0.0000254088   0.0001271305  -0.0005354392
       -0.0005299267  -0.0000441287   0.0004407879  -0.0014258808   0.0000372020
       -0.0461390544   0.0065680512   0.0034550716  -0.1024927586  -0.0743027757
        0.0904535263  -0.3038886179   0.0777808762   0.0278494676   0.0045919758
        0.0009231630   0.0066223126  -0.0015491212  -0.0018555864  -0.0042180954
       -0.0001996317  -0.0002050095  -0.0002443680  -0.0000324502   0.0002513399
       -0.0011203161   0.0000702227   0.0000139868   0.0001074020  -0.0000827206
       -0.0000171361   0.0001156190   0.0000159908   0.0000203603   0.0002232654
       -0.0000480596   0.0000663585   0.0000947411   0.0000810936  -0.0000665305
        0.0000785261
       -0.0051748381   0.5870056475  -0.0090885933  -0.0028121249  -0.0671634507
       -0.0071124543   0.0046472234   0.0025517188   0.0067699283  -0.0004048372
        0.0000284371   0.0002475258   0.0001261691  -0.0000760801  -0.0002448809
       -0.0000505789  -0.0000909436   0.0000639425  -0.0000006972  -0.0000890094
        0.0001688608   0.0000007679  -0.0000362981  -0.0000361494  -0.0000152234
       -0.0000203934  -0.0002188859  -0.0000328469   0.0000106412   0.0000139617
        0.0034788645  -0.3065567364  -0.0888930332  -0.0730464297  -0.1429177659
        0.1164579472   0.0790727224  -0.0701921974  -0.0075217516   0.0072123179
        0.0011507640   0.0165096040  -0.0133892256  -0.0040991796  -0.0271224792
        0.0002541544   0.0004241195  -0.0002864885   0.0001392341   0.0002377925
        0.0003672675   0.0000776221   0.0000015893   0.0003686561   0.0000455245
       -0.0000514663   0.0002873586  -0.0000082840  -0.0000592961  -0.0000664962
       -0.0000556905  -0.0000549110  -0.0003590205  -0.0000638239  -0.0000029821
       -0.0003048196
       -0.0620816156  -0.0090885933   0.4796742836  -0.0180934077  -0.0117829501
       -0.1351826852  -0.0243382200  -0.0001176594   0.0053365309   0.0075054684
        0.0042545731  -0.0017131257  -0.0038263132   0.0008117155   0.0008467803
        0.0011419923   0.0011895314   0.0001427393  -0.0004026522   0.0007089877
       -0.0002306666   0.0002466759  -0.0000286214  -0.0000873265  -0.0006250261
       -0.0005479434  -0.0000723346   0.0005169494  -0.0015175566   0.0000822238
        0.0017475525  -0.0842098985  -0.0732141643   0.0860474840   0.1134404108
       -0.1807240519   0.0321065155  -0.0087238146  -0.0472848535  -0.0120794084
       -0.0003448903  -0.0300508139  -0.0083803920  -0.0044144377  -0.0166878210
        0.0003556018   0.0001608654   0.0000378182   0.0000814828   0.0001851941
       -0.0005208899   0.0000847687   0.0000073091  -0.0000924744  -0.0000507341
       -0.0000272741  -0.0001537021   0.0000246489   0.0000005920  -0.0000751425
       -0.0000403576   0.0000445591  -0.0000303352   0.0000589869  -0.0000000987
        0.0000000112
       -0.0682136094  -0.0028121249  -0.0180934077   0.4341864065   0.0075347675
       -0.0730410281  -0.1839290867   0.0525660935   0.0164454961  -0.0500687606
       -0.0066818508   0.0071908162   0.0076873573  -0.0050691817  -0.0017916563
       -0.0037148036  -0.0022250323  -0.0001255593   0.0005545592  -0.0018224050
        0.0000005106  -0.0005873889  -0.0000096080  -0.0001968103   0.0013580973
        0.0010378670  -0.0001617277  -0.0011818483   0.0030172744  -0.0000241815
        0.0017067641  -0.0037115632  -0.0003491916   0.0087469807   0.0032742051
        0.0076728764  -0.0122640615  -0.0009496405  -0.0192159369  -0.0843586138
       -0.0573901323   0.0723641539  -0.0413524266   0.0076581087   0.0087738387
       -0.0095000791   0.0045405182   0.0020723548   0.0012049307   0.0012540918
       -0.0005224649  -0.0000683824   0.0001763812  -0.0000909985  -0.0000433354
        0.0000139356  -0.0002302991  -0.0000557808  -0.0000713919  -0.0003591958
       -0.0000250069  -0.0001072839  -0.0001890644  -0.0000819118  -0.0002230284
       -0.0001285247
       -0.0069795011  -0.0671634507  -0.0117829501   0.0075347675   0.5259362975
        0.0028839101   0.0456502057  -0.0857118518  -0.0048389343  -0.0157229365
        0.0052489557   0.0006350614  -0.0032171964  -0.0020673797  -0.0003470547
       -0.0005979444   0.0007938407  -0.0002135984  -0.0001753362   0.0000258594
       -0.0002375643   0.0002457223   0.0000053007   0.0000616440  -0.0000682409
        0.0000127746   0.0005094305   0.0004715149  -0.0008293843   0.0001114492
       -0.0124391673  -0.0019962381  -0.0221644857   0.0075126879   0.0020292393
        0.0120108069   0.0027348547   0.0010581183   0.0058558345  -0.0615967426
       -0.1212238875   0.0844444624   0.0122214403  -0.2483715990  -0.0653338952
        0.0268928258  -0.0099003613  -0.0019463784  -0.0022923662   0.0015320321
        0.0002310034   0.0000641527   0.0001013415  -0.0007385126  -0.0000903609
       -0.0000300054  -0.0005624886   0.0000203596  -0.0000164986   0.0001198103
       -0.0000274444   0.0000471863   0.0007255657  -0.0001412943   0.0005197101
        0.0005768839
       -0.0374087250  -0.0071124543  -0.1351826852  -0.0730410281   0.0028839101
        0.4281730891   0.0409943865  -0.0033983964  -0.0579801229  -0.0048292822
       -0.0057682322  -0.0000458371   0.0059794149  -0.0005869560   0.0096721985
       -0.0011293218  -0.0015604504   0.0008201393   0.0003834300  -0.0009266916
       -0.0010253246  -0.0003105235   0.0000843385   0.0001380181   0.0007637546
        0.0007149895  -0.0006669159  -0.0005590094   0.0018974285  -0.0001801347
       -0.0046942784  -0.0072389700  -0.0106366911  -0.0066149556   0.0024351852
       -0.0208912993  -0.0034305683   0.0012567802   0.0020766870   0.0755481071
        0.0890417234  -0.1441677402   0.0072232900  -0.0702570557  -0.0664401159
        0.0020990160  -0.0009940980  -0.0002338013  -0.0008942901  -0.0005076865
       -0.0041046020  -0.0001097824  -0.0000198032   0.0004655248   0.0000792936
        0.0000512014   0.0001345675  -0.0000082178   0.0000056863   0.0001681537
        0.0000523664  -0.0000606273  -0.0001645117  -0.0000930765   0.0000601788
        0.0000714038
       -0.0385425952   0.0046472234  -0.0243382200  -0.1839290867   0.0456502057
        0.0409943865   0.6218700157   0.0818597972  -0.0420376849  -0.2578390873
       -0.1819808427   0.0193726826  -0.0577955759  -0.0126020416   0.0056742526
        0.0037818779   0.0075958513   0.0000392434  -0.0041509101   0.0025806366
        0.0002870758   0.0015207199  -0.0010254744  -0.0000319390  -0.0031526550
       -0.0025722675   0.0003114618   0.0031306037  -0.0078759784  -0.0001671107
        0.0006290376  -0.0003573922  -0.0006607368   0.0006760512  -0.0002427255
       -0.0010411841  -0.0033146022  -0.0000888301  -0.0046313268  -0.0241899480
        0.0013364720   0.0034137591  -0.0079750059   0.0084826103  -0.0003976679
       -0.0514172227   0.0532988741   0.0019019895   0.0024437536   0.0012607937
        0.0006894045   0.0001186812   0.0000573689  -0.0000176576  -0.0002409816
       -0.0000333279   0.0001024162   0.0001444154  -0.0001505616   0.0001563439
        0.0000675032  -0.0000981577   0.0000926790  -0.0018349890   0.0002577664
        0.0002878326
       -0.0021646358   0.0025517188  -0.0001176594   0.0525660935  -0.0857118518
       -0.0033983964   0.0818597972   0.6628017373  -0.0026826639  -0.1656208534
       -0.2543258498   0.0154894388  -0.0201291586   0.0109982501   0.0025414130
        0.0061574535   0.0034108556  -0.0002927821  -0.0015134538   0.0023351616
        0.0001552970   0.0013193185   0.0004593804  -0.0001586544  -0.0031163436
       -0.0012524553   0.0000236250   0.0049523876  -0.0062353152  -0.0005265135
       -0.0004607066   0.0008599311   0.0001362340   0.0004128423   0.0000046781
        0.0006181286  -0.0007621072   0.0008358534  -0.0008290642  -0.0151027227
        0.0049433886   0.0021904414   0.0275024240  -0.0137038778  -0.0047783050
        0.0527750068  -0.2994561750  -0.0098789070  -0.0218283815  -0.0291873214
        0.0017032575   0.0002235371   0.0002439549   0.0002343484   0.0001088731
        0.0001529085   0.0002016275   0.0001209996   0.0002547359  -0.0000282502
        0.0001612440   0.0001475347  -0.0002759815   0.0025383861  -0.0001272430
       -0.0003266336
       -0.0246534063   0.0067699283   0.0053365309   0.0164454961  -0.0048389343
       -0.0579801229  -0.0420376849  -0.0026826639   0.1174322709   0.0196505433
        0.0167263223  -0.0378921835   0.0058037521   0.0005535390  -0.0012724605
       -0.0005855555  -0.0008661445   0.0023455129   0.0004582300  -0.0003563569
        0.0004104457  -0.0002269317   0.0000898634  -0.0000090531   0.0004069666
        0.0002747727  -0.0005195424  -0.0005053530   0.0010706453   0.0003588086
        0.0010615423   0.0005463823   0.0005213926   0.0007166997  -0.0001519218
        0.0012586573  -0.0036433591  -0.0000420879  -0.0040653411   0.0171242748
       -0.0043994126  -0.0003796829   0.0067515655  -0.0022726216   0.0007197811
        0.0032955062  -0.0099568806  -0.0296620988  -0.0002098563  -0.0004495009
        0.0025549169  -0.0000245025  -0.0000094754   0.0001547083   0.0000058264
        0.0000159460   0.0002711418  -0.0000010265   0.0000364225   0.0002793144
        0.0000055196   0.0000115696  -0.0001016758   0.0001617533  -0.0000693912
        0.0002386796
        0.0041196690  -0.0004048372   0.0075054684  -0.0500687606  -0.0157229365
       -0.0048292822  -0.2578390873  -0.1656208534   0.0196505433   0.6619853785
        0.0713991128  -0.0480232281  -0.2381625430   0.0390835127   0.0154670885
       -0.0488248255  -0.0142805645   0.0043037194   0.0037785932  -0.0096531071
        0.0005469036  -0.0041558806  -0.0000406031   0.0003168962   0.0096991461
        0.0059628628  -0.0002572814  -0.0277725308   0.0308803241   0.0019778570
       -0.0006513092   0.0001151446  -0.0000825821  -0.0000716248   0.0002002928
        0.0004146360   0.0009694325  -0.0002288882   0.0002228896  -0.0032437781
        0.0009551498   0.0017205175   0.0015388786  -0.0016028996   0.0000080135
        0.0057615262  -0.0009653032   0.0002274833  -0.0563029745   0.0595849346
        0.0016472567   0.0008390742   0.0016395535  -0.0003134340  -0.0011392697
        0.0004068693   0.0000665066  -0.0002850301   0.0001347340  -0.0002324994
       -0.0003388586   0.0000118139  -0.0000086484   0.0001647746  -0.0018543121
       -0.0003288238
        0.0049079077   0.0000284371   0.0042545731  -0.0066818508   0.0052489557
       -0.0057682322  -0.1819808427  -0.2543258498   0.0167263223   0.0713991128
        0.6623648596  -0.0100004138   0.0667802625  -0.0844427295  -0.0055802324
       -0.0226228974   0.0015282696   0.0019227374  -0.0033106341  -0.0034667860
        0.0003962067  -0.0012452655  -0.0019829410   0.0001383239   0.0042643771
       -0.0045623874  -0.0001301554   0.0267157560  -0.0059593477  -0.0022261010
       -0.0000623741   0.0000043327   0.0002346867  -0.0000122903   0.0005335637
        0.0002233679   0.0008899841   0.0002842307   0.0007152068   0.0023452390
        0.0004063150   0.0000864052   0.0027586695   0.0018824588   0.0003369146
       -0.0218604909  -0.0271554070   0.0026153438   0.0606768215  -0.2903837868
       -0.0040334511  -0.0023608452   0.0003870472   0.0001040856  -0.0011417362
       -0.0000919956   0.0000452344  -0.0001476953  -0.0002607260  -0.0000184915
        0.0012409259  -0.0005909928  -0.0000530772  -0.0005521337   0.0005544794
        0.0000107461
       -0.0027534668   0.0002475258  -0.0017131257   0.0071908162   0.0006350614
       -0.0000458371   0.0193726826   0.0154894388  -0.0378921835  -0.0480232281
       -0.0100004138   0.1229133186   0.0156698817  -0.0028122809  -0.0514918034
        0.0044288159   0.0013009795  -0.0010825426   0.0003667824   0.0010202972
        0.0073686698   0.0004079391   0.0000379101  -0.0004824888  -0.0004408552
       -0.0003806711   0.0074255019   0.0019715581  -0.0027148437  -0.0009223340
       -0.0001661307  -0.0002608939   0.0002558978   0.0000357085  -0.0000849034
        0.0001579278  -0.0007061559   0.0000683640  -0.0002063379   0.0028151468
        0.0004304782   0.0001637304  -0.0006316119   0.0006153346  -0.0005948258
       -0.0006206943   0.0000302611   0.0002551878   0.0015422569  -0.0034656577
       -0.0366699084  -0.0002384089  -0.0001699992  -0.0029208513   0.0001143087
       -0.0000604101  -0.0004627429  -0.0001415741  -0.0000673502  -0.0021787023
        0.0000184987   0.0000053950   0.0004012595  -0.0002122697   0.0001363783
       -0.0022778098
       -0.0034181669   0.0001261691  -0.0038263132   0.0076873573  -0.0032171964
        0.0059794149  -0.0577955759  -0.0201291586   0.0058037521  -0.2381625430
        0.0667802625   0.0156698817   0.6280252721  -0.0121312349  -0.0424438950
       -0.1570421441  -0.1134155875   0.0103408401  -0.0542161021  -0.0035136886
        0.0046733987   0.0050226588  -0.0116889815  -0.0008202031  -0.0210259150
        0.0280692642   0.0013811578  -0.1003605455   0.0715747638   0.0029470292
        0.0001831833   0.0000646106   0.0001450591  -0.0001454954  -0.0001595711
       -0.0000015438  -0.0004849211   0.0000018538  -0.0005059163  -0.0015253709
       -0.0000405954  -0.0007251923  -0.0001656576  -0.0002433468  -0.0004659397
        0.0002822225   0.0015173956  -0.0004942589  -0.0088896332   0.0061055427
        0.0006589486   0.0049584568   0.0054991047  -0.0004538810  -0.0047089797
        0.0013980803   0.0010990788   0.0012021086  -0.0002619336  -0.0000381451
       -0.0050276180   0.0012283455   0.0011499364   0.0056074090  -0.0175640981
       -0.0000732088
        0.0003722068  -0.0000760801   0.0008117155  -0.0050691817  -0.0020673797
       -0.0005869560  -0.0126020416   0.0109982501   0.0005535390   0.0390835127
       -0.0844427295  -0.0028122809  -0.0121312349   0.5953028712  -0.0050058481
       -0.0618030530  -0.1985746362   0.0067336682  -0.0563406242   0.0401964901
        0.0043385558  -0.0126278568  -0.0556593195   0.0017208057   0.0823625020
        0.0055572583  -0.0071762700   0.0222812308  -0.2519181839   0.0013330813
       -0.0000240484  -0.0001261040  -0.0000028020  -0.0000637868  -0.0001724916
       -0.0000109767   0.0000022600  -0.0002426415   0.0000002835  -0.0005531758
        0.0001069143   0.0003267401  -0.0000371987  -0.0003355616   0.0000750352
        0.0004904907  -0.0001404801  -0.0000250372   0.0268577640  -0.0112514720
       -0.0019872449  -0.0161266824  -0.0250437795   0.0017992925   0.0017785126
        0.0011292017  -0.0000025584  -0.0003950088  -0.0004100808   0.0000161810
        0.0007515407   0.0014046603  -0.0000169602   0.0037938728  -0.0242347061
       -0.0000819633
        0.0033030826  -0.0002448809   0.0008467803  -0.0017916563  -0.0003470547
        0.0096721985   0.0056742526   0.0025414130  -0.0012724605   0.0154670885
       -0.0055802324  -0.0514918034  -0.0424438950  -0.0050058481   0.1364148823
        0.0099765877   0.0114562105  -0.0539785780   0.0053103673  -0.0000384229
        0.0012416960  -0.0008745663   0.0015783278  -0.0064535828   0.0007310009
       -0.0024473741   0.0015679482   0.0037377428  -0.0033301836  -0.0538757326
        0.0001446646  -0.0001256237  -0.0001367573   0.0002597060  -0.0000428295
       -0.0003963775   0.0005748579  -0.0000584092   0.0003247487  -0.0017965236
        0.0002183792  -0.0001398380  -0.0001362634   0.0002731894  -0.0000661139
       -0.0004376790  -0.0000778228  -0.0037935168   0.0009121702  -0.0004909069
        0.0029069357  -0.0002079532  -0.0001841211   0.0006048945   0.0010874691
       -0.0000459622   0.0083728622  -0.0001042374   0.0000138061   0.0000497717
        0.0011288110   0.0000045255   0.0086877402  -0.0005150271   0.0019338205
        0.0009143025
        0.0008925128  -0.0000505789   0.0011419923  -0.0037148036  -0.0005979444
       -0.0011293218   0.0037818779   0.0061574535  -0.0005855555  -0.0488248255
       -0.0226228974   0.0044288159  -0.1570421441  -0.0618030530   0.0099765877
        0.6536211484  -0.0413666372  -0.0446359828  -0.3373792498   0.0074824307
        0.0240847450  -0.0136614212   0.0920061436   0.0000315036  -0.0539621478
       -0.0187876831   0.0044181480   0.0463173411  -0.0424613048  -0.0034675515
       -0.0000537200  -0.0000791948   0.0000134476  -0.0000241744  -0.0000714722
        0.0000736473   0.0001763857  -0.0001268694   0.0001162787  -0.0000028318
        0.0000197564   0.0002226002   0.0001469817  -0.0001906397   0.0000492592
        0.0002077292  -0.0002005349   0.0000596461   0.0005772674  -0.0019721473
       -0.0001084913  -0.0678738311   0.0782377875   0.0021883478  -0.0230623881
        0.0016895775   0.0019603295   0.0000870351   0.0023836506   0.0006113017
       -0.0004648990  -0.0003679871   0.0000454457   0.0002581573   0.0027221443
        0.0005048068
        0.0012044703  -0.0000909436   0.0011895314  -0.0022250323   0.0007938407
       -0.0015604504   0.0075958513   0.0034108556  -0.0008661445  -0.0142805645
        0.0015282696   0.0013009795  -0.1134155875  -0.1985746362   0.0114562105
       -0.0413666372   0.6392940950  -0.0023736291   0.0843137733  -0.1036038606
       -0.0064443208   0.0340192940   0.0011731980  -0.0028488637  -0.0179430629
       -0.0027151399   0.0015160532   0.0005690582  -0.0540314069   0.0006416527
       -0.0001636962  -0.0000183601  -0.0000668092  -0.0000601441   0.0002178169
       -0.0000805768   0.0001653637   0.0001437116   0.0001515130   0.0004126023
        0.0000601238   0.0002304639   0.0001439351   0.0001376131   0.0001495543
        0.0003262884  -0.0004371107   0.0000574500   0.0025090564   0.0013659622
       -0.0001936138   0.0765214824  -0.2817573512  -0.0041089183  -0.0218251605
        0.0030728102   0.0017677919   0.0022563537  -0.0053441655  -0.0000152661
       -0.0005386605   0.0006818510   0.0000689518   0.0017810165  -0.0053071730
        0.0000284407
        0.0002885802   0.0000639425   0.0001427393  -0.0001255593  -0.0002135984
        0.0008201393   0.0000392434  -0.0002927821   0.0023455129   0.0043037194
        0.0019227374  -0.0010825426   0.0103408401   0.0067336682  -0.0539785780
       -0.0446359828  -0.0023736291   0.1229501292   0.0232471029   0.0000001714
       -0.0492319070   0.0008243749  -0.0078229900   0.0011165545   0.0044437691
        0.0016140049  -0.0058924382  -0.0039984359   0.0044791975   0.0019323298
       -0.0000158108  -0.0001269073   0.0002145497   0.0000156947  -0.0001643812
        0.0000251007   0.0000496999  -0.0000956841   0.0001606928  -0.0001772604
        0.0002151903   0.0001125886   0.0000237058   0.0001839131  -0.0000253318
       -0.0000230732   0.0000293427   0.0000268148  -0.0001751763   0.0001549859
       -0.0012927088   0.0021331390  -0.0040513216  -0.0334982609   0.0022333447
       -0.0001696422   0.0003645983   0.0006191295  -0.0000597380   0.0078292002
        0.0000342355   0.0000156684   0.0000108258   0.0005547196  -0.0000421483
        0.0069499914
       -0.0004032768  -0.0000006972  -0.0004026522   0.0005545592  -0.0001753362
        0.0003834300  -0.0041509101  -0.0015134538   0.0004582300   0.0037785932
       -0.0033106341   0.0003667824  -0.0542161021  -0.0563406242   0.0053103673
       -0.3373792498   0.0843137733   0.0232471029   0.6711381687   0.0149569337
       -0.0463360611  -0.1188634643   0.0286596725   0.0053894901   0.0544139046
        0.0031610800  -0.0045117205  -0.0332773716   0.0309517846   0.0020452164
        0.0000371088   0.0000002047   0.0000212592   0.0000009421  -0.0000331903
        0.0000328845  -0.0000866738  -0.0000022061  -0.0000499616  -0.0000694829
       -0.0000018715  -0.0000690299   0.0000019388  -0.0000851844  -0.0000577527
       -0.0000801258   0.0002593519  -0.0000238112   0.0003568550  -0.0001878734
       -0.0000232209  -0.0116925247   0.0044493588   0.0010623660  -0.1569319620
       -0.1291807658   0.0115655534  -0.0112711032   0.0273193598   0.0007659262
       -0.0018077392  -0.0037256252   0.0008365013  -0.0000520840   0.0004859430
       -0.0000108994
        0.0006385085  -0.0000890094   0.0007089877  -0.0018224050   0.0000258594
       -0.0009266916   0.0025806366   0.0023351616  -0.0003563569  -0.0096531071
       -0.0034667860   0.0010202972  -0.0035136886   0.0401964901  -0.0000384229
        0.0074824307  -0.1036038606   0.0000001714   0.0149569337   0.6575423283
       -0.0078793359   0.1073011124  -0.3011957811  -0.0057605219  -0.0503697489
       -0.0606427765   0.0050836625   0.0315140763  -0.0232458355  -0.0025073167
       -0.0000294865  -0.0000622634  -0.0000223333  -0.0000722455   0.0000124956
       -0.0000181294   0.0000449984  -0.0000174308   0.0000664995   0.0001587703
       -0.0000146341   0.0001504669   0.0000304182   0.0000016162   0.0000855051
        0.0002730158  -0.0000947331  -0.0000053335  -0.0002003414  -0.0001333387
        0.0000412109   0.0286015172  -0.0079203952  -0.0022484887  -0.1291682431
       -0.1902214691   0.0124902250   0.0039954483  -0.0068418313  -0.0002124670
       -0.0034099608  -0.0029709788   0.0004181481   0.0006613605   0.0004071723
       -0.0000897764
       -0.0002318050   0.0001688608  -0.0002306666   0.0000005106  -0.0002375643
       -0.0010253246   0.0002870758   0.0001552970   0.0004104457   0.0005469036
        0.0003962067   0.0073686698   0.0046733987   0.0043385558   0.0012416960
        0.0240847450  -0.0064443208  -0.0492319070  -0.0463360611  -0.0078793359
        0.1204454459   0.0043645865   0.0007921807  -0.0498786747  -0.0037801989
        0.0005193540   0.0019775776   0.0020208721  -0.0024072181  -0.0051465254
       -0.0000183075  -0.0000481840  -0.0000027799  -0.0000366250  -0.0000581651
       -0.0000064491  -0.0000758733  -0.0000223251  -0.0001043874   0.0003018399
        0.0000868511  -0.0000408442   0.0000476972   0.0000882025  -0.0000736402
       -0.0000087088  -0.0000360037   0.0000157386  -0.0000540682   0.0000257896
       -0.0000478561   0.0008019767  -0.0002417877   0.0017455204   0.0115693838
        0.0125384029  -0.0366909333   0.0010497290  -0.0021459390   0.0019535043
        0.0008279103   0.0004582987   0.0076414624  -0.0000349813  -0.0000471562
       -0.0003200720
        0.0002394346   0.0000007679   0.0002466759  -0.0005873889   0.0002457223
       -0.0003105235   0.0015207199   0.0013193185  -0.0002269317  -0.0041558806
       -0.0012452655   0.0004079391   0.0050226588  -0.0126278568  -0.0008745663
       -0.0136614212   0.0340192940   0.0008243749  -0.1188634643   0.1073011124
        0.0043645865   0.6717802668  -0.0075138140  -0.0460910511  -0.1918988485
       -0.1510228059   0.0140176550  -0.0552258837  -0.0103709487   0.0049570652
        0.0000099900  -0.0000190758   0.0000194593  -0.0000309870   0.0000165111
        0.0000229829   0.0000066648   0.0000195227   0.0000272248   0.0000887394
        0.0000159103   0.0000147150  -0.0000036710   0.0000074472   0.0000201554
        0.0001280131   0.0001120134   0.0000102708   0.0003045491  -0.0001577451
        0.0000031252  -0.0057803485   0.0017489445   0.0011561276   0.0055497744
       -0.0180096351  -0.0001223136  -0.2941491184   0.0496952922   0.0208123084
        0.0056431773   0.0056023563  -0.0004631022  -0.0059369761   0.0008629341
        0.0011838224
       -0.0000254088  -0.0000362981  -0.0000286214  -0.0000096080   0.0000053007
        0.0000843385  -0.0010254744   0.0004593804   0.0000898634  -0.0000406031
       -0.0019829410   0.0000379101  -0.0116889815  -0.0556593195   0.0015783278
        0.0920061436   0.0011731980  -0.0078229900   0.0286596725  -0.3011957811
        0.0007921807  -0.0075138140   0.6414332476  -0.0063143648  -0.0722042845
       -0.2262913950   0.0086088676  -0.0680856184   0.0434687899   0.0051847030
       -0.0000036607   0.0000332583   0.0000036040   0.0000121362   0.0000157681
       -0.0000057260   0.0000032923   0.0000171748  -0.0000044955  -0.0000191161
        0.0000241829  -0.0000201710  -0.0000340796   0.0000194760  -0.0000127325
       -0.0000320154   0.0001763365  -0.0000279236   0.0000260845   0.0001209562
        0.0000336566   0.0012342729   0.0006181939   0.0000108747   0.0053272427
       -0.0247929731  -0.0000763946   0.0496829711  -0.0534219850  -0.0039321154
       -0.0178164522  -0.0250242358   0.0018198980   0.0015473008   0.0008396653
        0.0000013103
        0.0001271305  -0.0000361494  -0.0000873265  -0.0001968103   0.0000616440
        0.0001380181  -0.0000319390  -0.0001586544  -0.0000090531   0.0003168962
        0.0001383239  -0.0004824888  -0.0008202031   0.0017208057  -0.0064535828
        0.0000315036  -0.0028488637   0.0011165545   0.0053894901  -0.0057605219
       -0.0498786747  -0.0460910511  -0.0063143648   0.1239352979   0.0128464673
        0.0151308686  -0.0508628223   0.0057171645   0.0002434051   0.0005782964
       -0.0000198971   0.0000210576   0.0000090167  -0.0000186931   0.0000253238
        0.0000298581  -0.0000101385   0.0000123523   0.0000336094   0.0000461272
       -0.0000395312  -0.0000005965   0.0000528612  -0.0000266540   0.0000148904
       -0.0000291740  -0.0000103585  -0.0000444718  -0.0000259720   0.0000113833
        0.0001412117   0.0011635545  -0.0000639145   0.0083119605  -0.0004043015
        0.0018166372   0.0013345226   0.0208421467  -0.0039069611  -0.0375970317
       -0.0000882562  -0.0000806783   0.0013017992   0.0012030943   0.0000648503
        0.0084710126
       -0.0005354392  -0.0000152234  -0.0006250261   0.0013580973  -0.0000682409
        0.0007637546  -0.0031526550  -0.0031163436   0.0004069666   0.0096991461
        0.0042643771  -0.0004408552  -0.0210259150   0.0823625020   0.0007310009
       -0.0539621478  -0.0179430629   0.0044437691   0.0544139046  -0.0503697489
       -0.0037801989  -0.1918988485  -0.0722042845   0.0128464673   0.6569442672
       -0.0166704604  -0.0452550665  -0.3355820949   0.0107629911   0.0244365688
        0.0000469144   0.0000206566   0.0000352875   0.0000358130   0.0000005475
        0.0000564070  -0.0000587016   0.0000276641  -0.0000673841  -0.0000692278
       -0.0000184240  -0.0001478112  -0.0000202169  -0.0000203791  -0.0000853615
        0.0001714608  -0.0001274523   0.0000109083  -0.0004431152  -0.0000502937
       -0.0000419176  -0.0003684207  -0.0001610211  -0.0000095448   0.0005777717
        0.0023258330   0.0005738620  -0.0215316514  -0.0211569558   0.0022889300
       -0.0714405579   0.0809351430   0.0018444480  -0.0231583835   0.0012221763
        0.0020147957
       -0.0005299267  -0.0000203934  -0.0005479434   0.0010378670   0.0000127746
        0.0007149895  -0.0025722675  -0.0012524553   0.0002747727   0.0059628628
       -0.0045623874  -0.0003806711   0.0280692642   0.0055572583  -0.0024473741
       -0.0187876831  -0.0027151399   0.0016140049   0.0031610800  -0.0606427765
        0.0005193540  -0.1510228059  -0.2262913950   0.0151308686  -0.0166704604
        0.6699934239  -0.0066500900   0.0878997618  -0.1048669221  -0.0065293065
        0.0000874046   0.0000433183   0.0000346232   0.0000474016  -0.0000602009
        0.0000051937  -0.0000493766  -0.0000189142  -0.0000578760  -0.0000889177
       -0.0000136562  -0.0000999101  -0.0001464726   0.0000158611  -0.0000494973
        0.0003964913   0.0000629049  -0.0000210632   0.0013515596  -0.0006251599
       -0.0001322279  -0.0003249150   0.0007586373   0.0000238837   0.0020532768
       -0.0053083289   0.0000016316   0.0021952916   0.0035222767  -0.0001698274
        0.0809184813  -0.2762919088  -0.0031199647  -0.0229879171   0.0027031835
        0.0018864298
       -0.0000441287  -0.0002188859  -0.0000723346  -0.0001617277   0.0005094305
       -0.0006669159   0.0003114618   0.0000236250  -0.0005195424  -0.0002572814
       -0.0001301554   0.0074255019   0.0013811578  -0.0071762700   0.0015679482
        0.0044181480   0.0015160532  -0.0058924382  -0.0045117205   0.0050836625
        0.0019775776   0.0140176550   0.0086088676  -0.0508628223  -0.0452550665
       -0.0066500900   0.1203577898   0.0232174184   0.0000835780  -0.0486117778
       -0.0000089226   0.0000373852  -0.0000383733  -0.0000298869   0.0000363554
        0.0000306600  -0.0000395626   0.0000414707  -0.0000287769   0.0002174162
       -0.0000943244   0.0000354883  -0.0000249423  -0.0001020507  -0.0000271084
        0.0000044669   0.0000142847   0.0001727125  -0.0000296431   0.0000419718
       -0.0002985190   0.0000040124  -0.0000032719  -0.0003558049   0.0005644922
       -0.0000309862   0.0078177783   0.0019157382   0.0017238040   0.0017408674
        0.0018144489  -0.0031924191  -0.0355645672   0.0024964663  -0.0001220350
        0.0018126567
        0.0004407879  -0.0000328469   0.0005169494  -0.0011818483   0.0004715149
       -0.0005590094   0.0031306037   0.0049523876  -0.0005053530  -0.0277725308
        0.0267157560   0.0019715581  -0.1003605455   0.0222812308   0.0037377428
        0.0463173411   0.0005690582  -0.0039984359  -0.0332773716   0.0315140763
        0.0020208721  -0.0552258837  -0.0680856184   0.0057171645  -0.3355820949
        0.0878997618   0.0232174184   0.6759200177   0.0239340706  -0.0483894650
       -0.0001121510   0.0002006609  -0.0000033355   0.0000631217   0.0001501341
        0.0000877129   0.0001549907   0.0001277243   0.0000663183   0.0000675320
        0.0001030229   0.0000418090   0.0000323813  -0.0000449462   0.0000025581
       -0.0020592184   0.0011050079   0.0000958815  -0.0050980581   0.0014954563
        0.0007136679  -0.0020027452  -0.0039772722   0.0008098595   0.0000163578
        0.0006135795  -0.0000093016  -0.0022296304  -0.0035489803   0.0008369404
       -0.0124817463   0.0046484372   0.0010299542  -0.1487593098  -0.1310922153
        0.0125984932
       -0.0014258808   0.0000106412  -0.0015175566   0.0030172744  -0.0008293843
        0.0018974285  -0.0078759784  -0.0062353152   0.0010706453   0.0308803241
       -0.0059593477  -0.0027148437   0.0715747638  -0.2519181839  -0.0033301836
       -0.0424613048  -0.0540314069   0.0044791975   0.0309517846  -0.0232458355
       -0.0024072181  -0.0103709487   0.0434687899   0.0002434051   0.0107629911
       -0.1048669221   0.0000835780   0.0239340706   0.6157035165  -0.0101698068
        0.0000232229   0.0001849199   0.0000207003   0.0000715953   0.0000035834
        0.0000547842  -0.0001870499   0.0000703423  -0.0001936694  -0.0005022714
        0.0000488349  -0.0002606362   0.0001031581  -0.0001478966  -0.0001618962
       -0.0023519646   0.0004305230   0.0000994447   0.0001971568   0.0001056392
       -0.0000893934  -0.0029057506  -0.0028428397   0.0003672353   0.0007948316
        0.0002387002  -0.0000671287  -0.0033754524  -0.0028436238   0.0004317648
        0.0281045806  -0.0078105801  -0.0022514995  -0.1289591523  -0.1995341550
        0.0144156487
        0.0000372020   0.0000139617   0.0000822238  -0.0000241815   0.0001114492
       -0.0001801347  -0.0001671107  -0.0005265135   0.0003588086   0.0019778570
       -0.0022261010  -0.0009223340   0.0029470292   0.0013330813  -0.0538757326
       -0.0034675515   0.0006416527   0.0019323298   0.0020452164  -0.0025073167
       -0.0051465254   0.0049570652   0.0051847030   0.0005782964   0.0244365688
       -0.0065293065  -0.0486117778  -0.0483894650  -0.0101698068   0.1223277129
        0.0000486209   0.0001606650  -0.0000939336   0.0000121880   0.0002047468
        0.0001018602  -0.0000178639   0.0001008714   0.0000917519  -0.0000047389
       -0.0003010532  -0.0000313302   0.0000618284  -0.0001482595   0.0001932455
        0.0001961566  -0.0000970528  -0.0003603883   0.0007094321  -0.0001399368
        0.0033423661   0.0007781115   0.0004416676   0.0068861118  -0.0000243692
       -0.0000360058   0.0000613525   0.0008781018   0.0004810450   0.0074466504
        0.0006799093  -0.0002662301   0.0003022441   0.0123299934   0.0142737391
       -0.0344827975
       -0.0461390544   0.0034788645   0.0017475525   0.0017067641  -0.0124391673
       -0.0046942784   0.0006290376  -0.0004607066   0.0010615423  -0.0006513092
       -0.0000623741  -0.0001661307   0.0001831833  -0.0000240484   0.0001446646
       -0.0000537200  -0.0001636962  -0.0000158108   0.0000371088  -0.0000294865
       -0.0000183075   0.0000099900  -0.0000036607  -0.0000198971   0.0000469144
        0.0000874046  -0.0000089226  -0.0001121510   0.0000232229   0.0000486209
        0.0442901607  -0.0057693024  -0.0017431704   0.0023514031  -0.0141265962
       -0.0027999069  -0.0018726247   0.0287792586   0.0094508566   0.0003513405
        0.0000966359   0.0003993073  -0.0007274456  -0.0001863307  -0.0029038584
       -0.0001082623   0.0004519438  -0.0002197878   0.0000410905   0.0001997070
       -0.0001020986   0.0000038948   0.0000284607  -0.0000095448   0.0000284734
        0.0000096784  -0.0000222963   0.0000191263   0.0000089465  -0.0000296232
        0.0000176004  -0.0000056043  -0.0000272284  -0.0000515206   0.0001068504
       -0.0000716823
        0.0065680512  -0.3065567364  -0.0842098985  -0.0037115632  -0.0019962381
       -0.0072389700  -0.0003573922   0.0008599311   0.0005463823   0.0001151446
        0.0000043327  -0.0002608939   0.0000646106  -0.0001261040  -0.0001256237
       -0.0000791948  -0.0000183601  -0.0001269073   0.0000002047  -0.0000622634
       -0.0000481840  -0.0000190758   0.0000332583   0.0000210576   0.0000206566
        0.0000433183   0.0000373852   0.0002006609   0.0001849199   0.0001606650
       -0.0057693024   0.3385814305   0.0972109182  -0.0020908011  -0.0217747551
       -0.0022180522   0.0049912786  -0.0109585039  -0.0041537514   0.0000932943
        0.0007494891   0.0009263746  -0.0000948593   0.0013075872  -0.0007362278
       -0.0000493143  -0.0001656723   0.0000673725   0.0001029714  -0.0001181112
        0.0000954419  -0.0000014650   0.0000011461  -0.0000153929   0.0000063047
        0.0000151798  -0.0000258990   0.0000097068   0.0000122493   0.0000168934
        0.0000299901  -0.0000040089   0.0000430604  -0.0000299064  -0.0000120887
        0.0000342498
        0.0034550716  -0.0888930332  -0.0732141643  -0.0003491916  -0.0221644857
       -0.0106366911  -0.0006607368   0.0001362340   0.0005213926  -0.0000825821
        0.0002346867   0.0002558978   0.0001450591  -0.0000028020  -0.0001367573
        0.0000134476  -0.0000668092   0.0002145497   0.0000212592  -0.0000223333
       -0.0000027799   0.0000194593   0.0000036040   0.0000090167   0.0000352875
        0.0000346232  -0.0000383733  -0.0000033355   0.0000207003  -0.0000939336
       -0.0017431704   0.0972109182   0.0787250400   0.0002504949   0.0193779794
        0.0078490284   0.0019582779  -0.0049916527   0.0013114827  -0.0000101509
       -0.0008152626  -0.0000969462  -0.0029104226  -0.0005171768  -0.0047833639
       -0.0002183654   0.0001996863   0.0000910744   0.0001028554   0.0002002896
       -0.0001030678   0.0000016856   0.0000178459  -0.0000278553   0.0000153134
        0.0000010760   0.0000006332   0.0000089745   0.0000030526   0.0000350985
        0.0000088137  -0.0000031925   0.0000465748  -0.0000580443   0.0000360519
        0.0000741439
       -0.1024927586  -0.0730464297   0.0860474840   0.0087469807   0.0075126879
       -0.0066149556   0.0006760512   0.0004128423   0.0007166997  -0.0000716248
       -0.0000122903   0.0000357085  -0.0001454954  -0.0000637868   0.0002597060
       -0.0000241744  -0.0000601441   0.0000156947   0.0000009421  -0.0000722455
       -0.0000366250  -0.0000309870   0.0000121362  -0.0000186931   0.0000358130
        0.0000474016  -0.0000298869   0.0000631217   0.0000715953   0.0000121880
        0.0023514031  -0.0020908011   0.0002504949   0.1078174515   0.0836401471
       -0.0982032031  -0.0163677017  -0.0161555422   0.0213234694  -0.0008012011
       -0.0000024596  -0.0031087308   0.0003716789   0.0000493100  -0.0001183949
       -0.0001951463   0.0000627963  -0.0002110346   0.0000004337  -0.0002865825
       -0.0001790275  -0.0000162032  -0.0000307830  -0.0000266087   0.0000330448
        0.0000101715  -0.0000312815   0.0000250186  -0.0000055332  -0.0000270033
        0.0000291315  -0.0000231532  -0.0000315570  -0.0000057785   0.0000306630
       -0.0000244432
       -0.0743027757  -0.1429177659   0.1134404108   0.0032742051   0.0020292393
        0.0024351852  -0.0002427255   0.0000046781  -0.0001519218   0.0002002928
        0.0005335637  -0.0000849034  -0.0001595711  -0.0001724916  -0.0000428295
       -0.0000714722   0.0002178169  -0.0001643812  -0.0000331903   0.0000124956
       -0.0000581651   0.0000165111   0.0000157681   0.0000253238   0.0000005475
       -0.0000602009   0.0000363554   0.0001501341   0.0000035834   0.0002047468
       -0.0141265962  -0.0217747551   0.0193779794   0.0836401471   0.1543885138
       -0.1287641393   0.0019413569   0.0065600000  -0.0044223922  -0.0002109581
        0.0012960201  -0.0006126839   0.0000851819   0.0004540746  -0.0012191988
       -0.0000625757  -0.0002594687   0.0000083021  -0.0000734228  -0.0002431120
       -0.0000786802  -0.0000182325  -0.0000400266  -0.0000128757  -0.0000237609
        0.0000066027  -0.0000186831  -0.0000039604   0.0000063968   0.0000215251
        0.0000077556   0.0000088365   0.0000415492   0.0000131091  -0.0000697689
        0.0000394764
        0.0904535263   0.1164579472  -0.1807240519   0.0076728764   0.0120108069
       -0.0208912993  -0.0010411841   0.0006181286   0.0012586573   0.0004146360
        0.0002233679   0.0001579278  -0.0000015438  -0.0000109767  -0.0003963775
        0.0000736473  -0.0000805768   0.0000251007   0.0000328845  -0.0000181294
       -0.0000064491   0.0000229829  -0.0000057260   0.0000298581   0.0000564070
        0.0000051937   0.0000306600   0.0000877129   0.0000547842   0.0001018602
       -0.0027999069  -0.0022180522   0.0078490284  -0.0982032031  -0.1287641393
        0.1989826546   0.0060158706   0.0027912697  -0.0015774669  -0.0029608510
       -0.0008052118  -0.0049360799   0.0002076393   0.0003101036   0.0000588543
        0.0001390060  -0.0002266034  -0.0000958951  -0.0001911119  -0.0003115606
        0.0000219362  -0.0000316525  -0.0000259837   0.0000339554   0.0000331638
       -0.0000014248   0.0000289862   0.0000123287  -0.0000063636   0.0000296780
        0.0000291735  -0.0000146364   0.0000292158  -0.0000224020   0.0000177829
       -0.0000107532
       -0.3038886179   0.0790727224   0.0321065155  -0.0122640615   0.0027348547
       -0.0034305683  -0.0033146022  -0.0007621072  -0.0036433591   0.0009694325
        0.0008899841  -0.0007061559  -0.0004849211   0.0000022600   0.0005748579
        0.0001763857   0.0001653637   0.0000496999  -0.0000866738   0.0000449984
       -0.0000758733   0.0000066648   0.0000032923  -0.0000101385  -0.0000587016
       -0.0000493766  -0.0000395626   0.0001549907  -0.0001870499  -0.0000178639
       -0.0018726247   0.0049912786   0.0019582779  -0.0163677017   0.0019413569
        0.0060158706   0.3364284348  -0.0884706769  -0.0329902335   0.0005048930
       -0.0000713873   0.0004384867   0.0001886156  -0.0000095168   0.0002059013
        0.0000179086  -0.0002911322  -0.0001847791  -0.0000802805   0.0000295524
       -0.0002032021  -0.0000163828   0.0000029000   0.0000003139  -0.0000061540
        0.0000064687  -0.0000235214   0.0000057698  -0.0000040427  -0.0000085000
       -0.0000045414  -0.0000068190  -0.0000187313  -0.0000078324  -0.0000329237
        0.0000025653
        0.0777808762  -0.0701921974  -0.0087238146  -0.0009496405   0.0010581183
        0.0012567802  -0.0000888301   0.0008358534  -0.0000420879  -0.0002288882
        0.0002842307   0.0000683640   0.0000018538  -0.0002426415  -0.0000584092
       -0.0001268694   0.0001437116  -0.0000956841  -0.0000022061  -0.0000174308
       -0.0000223251   0.0000195227   0.0000171748   0.0000123523   0.0000276641
       -0.0000189142   0.0000414707   0.0001277243   0.0000703423   0.0001008714
        0.0287792586  -0.0109585039  -0.0049916527  -0.0161555422   0.0065600000
        0.0027912697  -0.0884706769   0.0721042934   0.0101039644   0.0003250511
        0.0002051574   0.0001804911  -0.0008614098   0.0001971197  -0.0005290240
       -0.0002051607   0.0000304008  -0.0000726856   0.0000192898  -0.0001016971
       -0.0000312145   0.0000119317  -0.0000051881  -0.0000171502  -0.0000060975
        0.0000082028  -0.0000185627   0.0000003160   0.0000121565   0.0000072482
        0.0000128133   0.0000104459   0.0000335217  -0.0000109803  -0.0000006345
        0.0000062771
        0.0278494676  -0.0075217516  -0.0472848535  -0.0192159369   0.0058558345
        0.0020766870  -0.0046313268  -0.0008290642  -0.0040653411   0.0002228896
        0.0007152068  -0.0002063379  -0.0005059163   0.0000002835   0.0003247487
        0.0001162787   0.0001515130   0.0001606928  -0.0000499616   0.0000664995
       -0.0001043874   0.0000272248  -0.0000044955   0.0000336094  -0.0000673841
       -0.0000578760  -0.0000287769   0.0000663183  -0.0001936694   0.0000917519
        0.0094508566  -0.0041537514   0.0013114827   0.0213234694  -0.0044223922
       -0.0015774669  -0.0329902335   0.0101039644   0.0496399918  -0.0007815337
        0.0004660839  -0.0003365300  -0.0007676093  -0.0001872237   0.0000087650
       -0.0001033286  -0.0000223336   0.0000140182   0.0000330254   0.0000385021
       -0.0002146807   0.0000100097   0.0000014752   0.0000306386  -0.0000035148
       -0.0000002901   0.0000107652   0.0000084120  -0.0000006282   0.0000468363
        0.0000005065   0.0000002490   0.0000367548   0.0000082871  -0.0000061360
        0.0000316321
        0.0045919758   0.0072123179  -0.0120794084  -0.0843586138  -0.0615967426
        0.0755481071  -0.0241899480  -0.0151027227   0.0171242748  -0.0032437781
        0.0023452390   0.0028151468  -0.0015253709  -0.0005531758  -0.0017965236
       -0.0000028318   0.0004126023  -0.0001772604  -0.0000694829   0.0001587703
        0.0003018399   0.0000887394  -0.0000191161   0.0000461272  -0.0000692278
       -0.0000889177   0.0002174162   0.0000675320  -0.0005022714  -0.0000047389
        0.0003513405   0.0000932943  -0.0000101509  -0.0008012011  -0.0002109581
       -0.0029608510   0.0005048930   0.0003250511  -0.0007815337   0.1058949417
        0.0684935879  -0.0788452890   0.0019184789  -0.0011015325   0.0003592362
        0.0007405066  -0.0005731054  -0.0002177117   0.0001567375   0.0005269853
        0.0003407139   0.0000334996   0.0000666447  -0.0000119472  -0.0000493441
        0.0000159003   0.0000811161   0.0000044690   0.0000373898   0.0000173584
       -0.0000128721   0.0000390720   0.0000629772  -0.0000304435   0.0000216875
       -0.0000288988
        0.0009231630   0.0011507640  -0.0003448903  -0.0573901323  -0.1212238875
        0.0890417234   0.0013364720   0.0049433886  -0.0043994126   0.0009551498
        0.0004063150   0.0004304782  -0.0000405954   0.0001069143   0.0002183792
        0.0000197564   0.0000601238   0.0002151903  -0.0000018715  -0.0000146341
        0.0000868511   0.0000159103   0.0000241829  -0.0000395312  -0.0000184240
       -0.0000136562  -0.0000943244   0.0001030229   0.0000488349  -0.0003010532
        0.0000966359   0.0007494891  -0.0008152626  -0.0000024596   0.0012960201
       -0.0008052118  -0.0000713873   0.0002051574   0.0004660839   0.0684935879
        0.1353412240  -0.1016812387  -0.0153106069  -0.0239537251   0.0186420272
        0.0006391168   0.0006774903  -0.0006975604   0.0002359137   0.0001757586
        0.0001430799   0.0000442617   0.0000086966   0.0001230640   0.0000097980
        0.0000028598   0.0001176455  -0.0000023731   0.0000066492  -0.0000423311
       -0.0000023321  -0.0000014020  -0.0001558840  -0.0000326063   0.0000034363
       -0.0001078224
        0.0066223126   0.0165096040  -0.0300508139   0.0723641539   0.0844444624
       -0.1441677402   0.0034137591   0.0021904414  -0.0003796829   0.0017205175
        0.0000864052   0.0001637304  -0.0007251923   0.0003267401  -0.0001398380
        0.0002226002   0.0002304639   0.0001125886  -0.0000690299   0.0001504669
       -0.0000408442   0.0000147150  -0.0000201710  -0.0000005965  -0.0001478112
       -0.0000999101   0.0000354883   0.0000418090  -0.0002606362  -0.0000313302
        0.0003993073   0.0009263746  -0.0000969462  -0.0031087308  -0.0006126839
       -0.0049360799   0.0004384867   0.0001804911  -0.0003365300  -0.0788452890
       -0.1016812387   0.1735739918  -0.0020501913  -0.0025416547   0.0060324027
       -0.0003654059   0.0001836304   0.0004567746   0.0000225416  -0.0000004396
       -0.0001787075   0.0000254075  -0.0000026817  -0.0000828343  -0.0000123208
       -0.0000106844  -0.0000643981  -0.0000015093  -0.0000042598   0.0000015958
       -0.0000127046   0.0000096455   0.0000679074   0.0000525745  -0.0000043654
        0.0000618624
       -0.0015491212  -0.0133892256  -0.0083803920  -0.0413524266   0.0122214403
        0.0072232900  -0.0079750059   0.0275024240   0.0067515655   0.0015388786
        0.0027586695  -0.0006316119  -0.0001656576  -0.0000371987  -0.0001362634
        0.0001469817   0.0001439351   0.0000237058   0.0000019388   0.0000304182
        0.0000476972  -0.0000036710  -0.0000340796   0.0000528612  -0.0000202169
       -0.0001464726  -0.0000249423   0.0000323813   0.0001031581   0.0000618284
       -0.0007274456  -0.0000948593  -0.0029104226   0.0003716789   0.0000851819
        0.0002076393   0.0001886156  -0.0008614098  -0.0007676093   0.0019184789
       -0.0153106069  -0.0020501913   0.0528679433  -0.0128524125  -0.0018259269
       -0.0046425093   0.0013188165   0.0016038005  -0.0006517236  -0.0011043186
        0.0004594515  -0.0000507009  -0.0000913452   0.0000315370   0.0000220702
       -0.0000120585   0.0000591740   0.0000015826  -0.0000199429   0.0000937959
        0.0000309447  -0.0000207361   0.0000515556   0.0000169841  -0.0001893774
        0.0000594578
       -0.0018555864  -0.0040991796  -0.0044144377   0.0076581087  -0.2483715990
       -0.0702570557   0.0084826103  -0.0137038778  -0.0022726216  -0.0016028996
        0.0018824588   0.0006153346  -0.0002433468  -0.0003355616   0.0002731894
       -0.0001906397   0.0001376131   0.0001839131  -0.0000851844   0.0000016162
        0.0000882025   0.0000074472   0.0000194760  -0.0000266540  -0.0000203791
        0.0000158611  -0.0001020507  -0.0000449462  -0.0001478966  -0.0001482595
       -0.0001863307   0.0013075872  -0.0005171768   0.0000493100   0.0004540746
        0.0003101036  -0.0000095168   0.0001971197  -0.0001872237  -0.0011015325
       -0.0239537251  -0.0025416547  -0.0128524125   0.2857560232   0.0804454013
        0.0017481785   0.0001195419  -0.0010701652   0.0002715401   0.0005059624
       -0.0002887315   0.0000181381   0.0000646028   0.0001393005  -0.0000150781
        0.0000191937   0.0001173288   0.0000124912   0.0000238404  -0.0000408656
       -0.0000209049   0.0000167539  -0.0001610339  -0.0000190662   0.0000901150
       -0.0001448431
       -0.0042180954  -0.0271224792  -0.0166878210   0.0087738387  -0.0653338952
       -0.0664401159  -0.0003976679  -0.0047783050   0.0007197811   0.0000080135
        0.0003369146  -0.0005948258  -0.0004659397   0.0000750352  -0.0000661139
        0.0000492592   0.0001495543  -0.0000253318  -0.0000577527   0.0000855051
       -0.0000736402   0.0000201554  -0.0000127325   0.0000148904  -0.0000853615
       -0.0000494973  -0.0000271084   0.0000025581  -0.0001618962   0.0001932455
       -0.0029038584  -0.0007362278  -0.0047833639  -0.0001183949  -0.0012191988
        0.0000588543   0.0002059013  -0.0005290240   0.0000087650   0.0003592362
        0.0186420272   0.0060324027  -0.0018259269   0.0804454013   0.0800347500
        0.0002381183  -0.0000469362   0.0013422449   0.0003796294   0.0002367333
        0.0002054557   0.0000231879   0.0000046267   0.0000498749  -0.0000255555
       -0.0000039151   0.0000092737  -0.0000044891   0.0000050891   0.0000224012
       -0.0000130361   0.0000141435   0.0000069046   0.0000561801  -0.0000009228
       -0.0000005231
       -0.0001996317   0.0002541544   0.0003556018  -0.0095000791   0.0268928258
        0.0020990160  -0.0514172227   0.0527750068   0.0032955062   0.0057615262
       -0.0218604909  -0.0006206943   0.0002822225   0.0004904907  -0.0004376790
        0.0002077292   0.0003262884  -0.0000230732  -0.0000801258   0.0002730158
       -0.0000087088   0.0001280131  -0.0000320154  -0.0000291740   0.0001714608
        0.0003964913   0.0000044669  -0.0020592184  -0.0023519646   0.0001961566
       -0.0001082623  -0.0000493143  -0.0002183654  -0.0001951463  -0.0000625757
        0.0001390060   0.0000179086  -0.0002051607  -0.0001033286   0.0007405066
        0.0006391168  -0.0003654059  -0.0046425093   0.0017481785   0.0002381183
        0.0664150992  -0.0585823720  -0.0059863647  -0.0026627346  -0.0033709537
        0.0013434342   0.0001336819   0.0002299506  -0.0000143094  -0.0000034989
        0.0000528105  -0.0000169122   0.0000686533   0.0001099293  -0.0000325165
       -0.0000100767   0.0000905136  -0.0000121175  -0.0030482957   0.0022360747
        0.0001973435
       -0.0002050095   0.0004241195   0.0001608654   0.0045405182  -0.0099003613
       -0.0009940980   0.0532988741  -0.2994561750  -0.0099568806  -0.0009653032
       -0.0271554070   0.0000302611   0.0015173956  -0.0001404801  -0.0000778228
       -0.0002005349  -0.0004371107   0.0000293427   0.0002593519  -0.0000947331
       -0.0000360037   0.0001120134   0.0001763365  -0.0000103585  -0.0001274523
        0.0000629049   0.0000142847   0.0011050079   0.0004305230  -0.0000970528
        0.0004519438  -0.0001656723   0.0001996863   0.0000627963  -0.0002594687
       -0.0002266034  -0.0002911322   0.0000304008  -0.0000223336  -0.0005731054
        0.0006774903   0.0001836304   0.0013188165   0.0001195419  -0.0000469362
       -0.0585823720   0.3363026483   0.0108611345  -0.0027244729  -0.0019305127
        0.0000558921   0.0000939272   0.0002434940  -0.0000816016   0.0000644501
       -0.0000093026  -0.0000547071   0.0000371769  -0.0000029332   0.0000103206
        0.0001099393  -0.0000404170   0.0000508579   0.0006971713   0.0011251147
        0.0000081225
       -0.0002443680  -0.0002864885   0.0000378182   0.0020723548  -0.0019463784
       -0.0002338013   0.0019019895  -0.0098789070  -0.0296620988   0.0002274833
        0.0026153438   0.0002551878  -0.0004942589  -0.0000250372  -0.0037935168
        0.0000596461   0.0000574500   0.0000268148  -0.0000238112  -0.0000053335
        0.0000157386   0.0000102708  -0.0000279236  -0.0000444718   0.0000109083
       -0.0000210632   0.0001727125   0.0000958815   0.0000994447  -0.0003603883
       -0.0002197878   0.0000673725   0.0000910744  -0.0002110346   0.0000083021
       -0.0000958951  -0.0001847791  -0.0000726856   0.0000140182  -0.0002177117
       -0.0006975604   0.0004567746   0.0016038005  -0.0010701652   0.0013422449
       -0.0059863647   0.0108611345   0.0199747723   0.0013618333   0.0004938278
        0.0110373178  -0.0000047774  -0.0000259454  -0.0000981017  -0.0000000611
       -0.0000104755  -0.0000790378  -0.0000071413  -0.0000151157  -0.0000117037
       -0.0000041558  -0.0000045163   0.0000728244   0.0002540836  -0.0001152799
        0.0008817168
       -0.0000324502   0.0001392341   0.0000814828   0.0012049307  -0.0022923662
       -0.0008942901   0.0024437536  -0.0218283815  -0.0002098563  -0.0563029745
        0.0606768215   0.0015422569  -0.0088896332   0.0268577640   0.0009121702
        0.0005772674   0.0025090564  -0.0001751763   0.0003568550  -0.0002003414
       -0.0000540682   0.0003045491   0.0000260845  -0.0000259720  -0.0004431152
        0.0013515596  -0.0000296431  -0.0050980581   0.0001971568   0.0007094321
        0.0000410905   0.0001029714   0.0001028554   0.0000004337  -0.0000734228
       -0.0001911119  -0.0000802805   0.0000192898   0.0000330254   0.0001567375
        0.0002359137   0.0000225416  -0.0006517236   0.0002715401   0.0003796294
       -0.0026627346  -0.0027244729   0.0013618333   0.0703211283  -0.0636585194
       -0.0036589791  -0.0008802971  -0.0011214948   0.0001135822   0.0000974551
       -0.0000968679  -0.0000185871   0.0000407160  -0.0001340592  -0.0000089504
       -0.0004555837   0.0000317890   0.0000070623  -0.0000480663  -0.0002892549
        0.0000007630
        0.0002513399   0.0002377925   0.0001851941   0.0012540918   0.0015320321
       -0.0005076865   0.0012607937  -0.0291873214  -0.0004495009   0.0595849346
       -0.2903837868  -0.0034656577   0.0061055427  -0.0112514720  -0.0004909069
       -0.0019721473   0.0013659622   0.0001549859  -0.0001878734  -0.0001333387
        0.0000257896  -0.0001577451   0.0001209562   0.0000113833  -0.0000502937
       -0.0006251599   0.0000419718   0.0014954563   0.0001056392  -0.0001399368
        0.0001997070  -0.0001181112   0.0002002896  -0.0002865825  -0.0002431120
       -0.0003115606   0.0000295524  -0.0001016971   0.0000385021   0.0005269853
        0.0001757586  -0.0000004396  -0.0011043186   0.0005059624   0.0002367333
       -0.0033709537  -0.0019305127   0.0004938278  -0.0636585194   0.3289050762
        0.0040158001   0.0000626199   0.0005226580  -0.0000716589  -0.0001159270
        0.0000552358  -0.0000260560  -0.0000061095   0.0000521243   0.0000012532
        0.0001633558   0.0000033545   0.0000234722  -0.0000239092   0.0003919598
        0.0000342011
       -0.0011203161   0.0003672675  -0.0005208899  -0.0005224649   0.0002310034
       -0.0041046020   0.0006894045   0.0017032575   0.0025549169   0.0016472567
       -0.0040334511  -0.0366699084   0.0006589486  -0.0019872449   0.0029069357
       -0.0001084913  -0.0001936138  -0.0012927088  -0.0000232209   0.0000412109
       -0.0000478561   0.0000031252   0.0000336566   0.0001412117  -0.0000419176
       -0.0001322279  -0.0002985190   0.0007136679  -0.0000893934   0.0033423661
       -0.0001020986   0.0000954419  -0.0001030678  -0.0001790275  -0.0000786802
        0.0000219362  -0.0002032021  -0.0000312145  -0.0002146807   0.0003407139
        0.0001430799  -0.0001787075   0.0004594515  -0.0002887315   0.0002054557
        0.0013434342   0.0000558921   0.0110373178  -0.0036589791   0.0040158001
        0.0232966829   0.0001041561   0.0000835982   0.0005779720  -0.0000094271
        0.0000196048   0.0001926804   0.0000059563   0.0000295955   0.0000413639
        0.0000164195  -0.0000023603  -0.0004339998  -0.0000133892   0.0000175095
       -0.0004538993
        0.0000702227   0.0000776221   0.0000847687  -0.0000683824   0.0000641527
       -0.0001097824   0.0001186812   0.0002235371  -0.0000245025   0.0008390742
       -0.0023608452  -0.0002384089   0.0049584568  -0.0161266824  -0.0002079532
       -0.0678738311   0.0765214824   0.0021331390  -0.0116925247   0.0286015172
        0.0008019767  -0.0057803485   0.0012342729   0.0011635545  -0.0003684207
       -0.0003249150   0.0000040124  -0.0020027452  -0.0029057506   0.0007781115
        0.0000038948  -0.0000014650   0.0000016856  -0.0000162032  -0.0000182325
       -0.0000316525  -0.0000163828   0.0000119317   0.0000100097   0.0000334996
        0.0000442617   0.0000254075  -0.0000507009   0.0000181381   0.0000231879
        0.0001336819   0.0000939272  -0.0000047774  -0.0008802971   0.0000626199
        0.0001041561   0.0823899163  -0.0864516638  -0.0041238756   0.0006224559
        0.0008863282  -0.0002920817  -0.0005191987   0.0013826399  -0.0000038158
       -0.0000084051  -0.0000258464  -0.0001425067   0.0001075571  -0.0010070301
        0.0000493469
        0.0000139868   0.0000015893   0.0000073091   0.0001763812   0.0001013415
       -0.0000198032   0.0000573689   0.0002439549  -0.0000094754   0.0016395535
        0.0003870472  -0.0001699992   0.0054991047  -0.0250437795  -0.0001841211
        0.0782377875  -0.2817573512  -0.0040513216   0.0044493588  -0.0079203952
       -0.0002417877   0.0017489445   0.0006181939  -0.0000639145  -0.0001610211
        0.0007586373  -0.0000032719  -0.0039772722  -0.0028428397   0.0004416676
        0.0000284607   0.0000011461   0.0000178459  -0.0000307830  -0.0000400266
       -0.0000259837   0.0000029000  -0.0000051881   0.0000014752   0.0000666447
        0.0000086966  -0.0000026817  -0.0000913452   0.0000646028   0.0000046267
        0.0002299506   0.0002434940  -0.0000259454  -0.0011214948   0.0005226580
        0.0000835982  -0.0864516638   0.3150957767   0.0042695681  -0.0007497467
        0.0010133939   0.0000125666  -0.0000101644  -0.0004051688  -0.0000067593
       -0.0000443969   0.0001549675  -0.0000159196   0.0004874462  -0.0012007506
       -0.0000176731
        0.0001074020   0.0003686561  -0.0000924744  -0.0000909985  -0.0007385126
        0.0004655248  -0.0000176576   0.0002343484   0.0001547083  -0.0003134340
        0.0001040856  -0.0029208513  -0.0004538810   0.0017992925   0.0006048945
        0.0021883478  -0.0041089183  -0.0334982609   0.0010623660  -0.0022484887
        0.0017455204   0.0011561276   0.0000108747   0.0083119605  -0.0000095448
        0.0000238837  -0.0003558049   0.0008098595   0.0003672353   0.0068861118
       -0.0000095448  -0.0000153929  -0.0000278553  -0.0000266087  -0.0000128757
        0.0000339554   0.0000003139  -0.0000171502   0.0000306386  -0.0000119472
        0.0001230640  -0.0000828343   0.0000315370   0.0001393005   0.0000498749
       -0.0000143094  -0.0000816016  -0.0000981017   0.0001135822  -0.0000716589
        0.0005779720  -0.0041238756   0.0042695681   0.0227216619  -0.0002884839
       -0.0001122426  -0.0026651980   0.0000093298  -0.0001040342  -0.0003844774
       -0.0001405155  -0.0000246978  -0.0018077390   0.0000219352   0.0000952646
        0.0003507742
       -0.0000827206   0.0000455245  -0.0000507341  -0.0000433354  -0.0000903609
        0.0000792936  -0.0002409816   0.0001088731   0.0000058264  -0.0011392697
       -0.0011417362   0.0001143087  -0.0047089797   0.0017785126   0.0010874691
       -0.0230623881  -0.0218251605   0.0022333447  -0.1569319620  -0.1291682431
        0.0115693838   0.0055497744   0.0053272427  -0.0004043015   0.0005777717
        0.0020532768   0.0005644922   0.0000163578   0.0007948316  -0.0000243692
        0.0000284734   0.0000063047   0.0000153134   0.0000330448  -0.0000237609
        0.0000331638  -0.0000061540  -0.0000060975  -0.0000035148  -0.0000493441
        0.0000097980  -0.0000123208   0.0000220702  -0.0000150781  -0.0000255555
       -0.0000034989   0.0000644501  -0.0000000611   0.0000974551  -0.0001159270
       -0.0000094271   0.0006224559  -0.0007497467  -0.0002884839   0.1781841388
        0.1415237826  -0.0144049309   0.0008600198   0.0009295895  -0.0002837803
        0.0002204704   0.0004206698  -0.0000423982   0.0000566016   0.0000732548
       -0.0001527182
       -0.0000171361  -0.0000514663  -0.0000272741   0.0000139356  -0.0000300054
        0.0000512014  -0.0000333279   0.0001529085   0.0000159460   0.0004068693
       -0.0000919956  -0.0000604101   0.0013980803   0.0011292017  -0.0000459622
        0.0016895775   0.0030728102  -0.0001696422  -0.1291807658  -0.1902214691
        0.0125384029  -0.0180096351  -0.0247929731   0.0018166372   0.0023258330
       -0.0053083289  -0.0000309862   0.0006135795   0.0002387002  -0.0000360058
        0.0000096784   0.0000151798   0.0000010760   0.0000101715   0.0000066027
       -0.0000014248   0.0000064687   0.0000082028  -0.0000002901   0.0000159003
        0.0000028598  -0.0000106844  -0.0000120585   0.0000191937  -0.0000039151
        0.0000528105  -0.0000093026  -0.0000104755  -0.0000968679   0.0000552358
        0.0000196048   0.0008863282   0.0010133939  -0.0001122426   0.1415237826
        0.2151282587  -0.0140078919  -0.0007235407   0.0006385569   0.0000165471
       -0.0009560758  -0.0010939936   0.0000923985   0.0000763925   0.0001184297
       -0.0000346090
        0.0001156190   0.0002873586  -0.0001537021  -0.0002302991  -0.0005624886
        0.0001345675   0.0001024162   0.0002016275   0.0002711418   0.0000665066
        0.0000452344  -0.0004627429   0.0010990788  -0.0000025584   0.0083728622
        0.0019603295   0.0017677919   0.0003645983   0.0115655534   0.0124902250
       -0.0366909333  -0.0001223136  -0.0000763946   0.0013345226   0.0005738620
        0.0000016316   0.0078177783  -0.0000093016  -0.0000671287   0.0000613525
       -0.0000222963  -0.0000258990   0.0000006332  -0.0000312815  -0.0000186831
        0.0000289862  -0.0000235214  -0.0000185627   0.0000107652   0.0000811161
        0.0001176455  -0.0000643981   0.0000591740   0.0001173288   0.0000092737
       -0.0000169122  -0.0000547071  -0.0000790378  -0.0000185871  -0.0000260560
        0.0001926804  -0.0002920817   0.0000125666  -0.0026651980  -0.0144049309
       -0.0140078919   0.0260024396  -0.0002677656  -0.0001083341  -0.0024156665
       -0.0000238235  -0.0000253964  -0.0002140663  -0.0001605409  -0.0000473094
       -0.0018558564
        0.0000159908  -0.0000082840   0.0000246489  -0.0000557808   0.0000203596
       -0.0000082178   0.0001444154   0.0001209996  -0.0000010265  -0.0002850301
       -0.0001476953  -0.0001415741   0.0012021086  -0.0003950088  -0.0001042374
        0.0000870351   0.0022563537   0.0006191295  -0.0112711032   0.0039954483
        0.0010497290  -0.2941491184   0.0496829711   0.0208421467  -0.0215316514
        0.0021952916   0.0019157382  -0.0022296304  -0.0033754524   0.0008781018
        0.0000191263   0.0000097068   0.0000089745   0.0000250186  -0.0000039604
        0.0000123287   0.0000057698   0.0000003160   0.0000084120   0.0000044690
       -0.0000023731  -0.0000015093   0.0000015826   0.0000124912  -0.0000044891
        0.0000686533   0.0000371769  -0.0000071413   0.0000407160  -0.0000061095
        0.0000059563  -0.0005191987  -0.0000101644   0.0000093298   0.0008600198
       -0.0007235407  -0.0002677656   0.3278233205  -0.0545246968  -0.0246018659
        0.0007379729   0.0006564412  -0.0002762101  -0.0009946857   0.0002097297
        0.0000395418
        0.0000203603  -0.0000592961   0.0000005920  -0.0000713919  -0.0000164986
        0.0000056863  -0.0001505616   0.0002547359   0.0000364225   0.0001347340
       -0.0002607260  -0.0000673502  -0.0002619336  -0.0004100808   0.0000138061
        0.0023836506  -0.0053441655  -0.0000597380   0.0273193598  -0.0068418313
       -0.0021459390   0.0496952922  -0.0534219850  -0.0039069611  -0.0211569558
        0.0035222767   0.0017238040  -0.0035489803  -0.0028436238   0.0004810450
        0.0000089465   0.0000122493   0.0000030526  -0.0000055332   0.0000063968
       -0.0000063636  -0.0000040427   0.0000121565  -0.0000006282   0.0000373898
        0.0000066492  -0.0000042598  -0.0000199429   0.0000238404   0.0000050891
        0.0001099293  -0.0000029332  -0.0000151157  -0.0001340592   0.0000521243
        0.0000295955   0.0013826399  -0.0004051688  -0.0001040342   0.0009295895
        0.0006385569  -0.0001083341  -0.0545246968   0.0642849367   0.0040036585
       -0.0009923766   0.0007503244   0.0000327639  -0.0011514173   0.0000420621
        0.0000832086
        0.0002232654  -0.0000664962  -0.0000751425  -0.0003591958   0.0001198103
        0.0001681537   0.0001563439  -0.0000282502   0.0002793144  -0.0002324994
       -0.0000184915  -0.0021787023  -0.0000381451   0.0000161810   0.0000497717
        0.0006113017  -0.0000152661   0.0078292002   0.0007659262  -0.0002124670
        0.0019535043   0.0208123084  -0.0039321154  -0.0375970317   0.0022889300
       -0.0001698274   0.0017408674   0.0008369404   0.0004317648   0.0074466504
       -0.0000296232   0.0000168934   0.0000350985  -0.0000270033   0.0000215251
        0.0000296780  -0.0000085000   0.0000072482   0.0000468363   0.0000173584
       -0.0000423311   0.0000015958   0.0000937959  -0.0000408656   0.0000224012
       -0.0000325165   0.0000103206  -0.0000117037  -0.0000089504   0.0000012532
        0.0000413639  -0.0000038158  -0.0000067593  -0.0003844774  -0.0002837803
        0.0000165471  -0.0024156665  -0.0246018659   0.0040036585   0.0257970589
       -0.0002477309  -0.0000936729  -0.0023650252   0.0000674563  -0.0000186593
       -0.0004137451
       -0.0000480596  -0.0000556905  -0.0000403576  -0.0000250069  -0.0000274444
        0.0000523664   0.0000675032   0.0001612440   0.0000055196  -0.0003388586
        0.0012409259   0.0000184987  -0.0050276180   0.0007515407   0.0011288110
       -0.0004648990  -0.0005386605   0.0000342355  -0.0018077392  -0.0034099608
        0.0008279103   0.0056431773  -0.0178164522  -0.0000882562  -0.0714405579
        0.0809184813   0.0018144489  -0.0124817463   0.0281045806   0.0006799093
        0.0000176004   0.0000299901   0.0000088137   0.0000291315   0.0000077556
        0.0000291735  -0.0000045414   0.0000128133   0.0000005065  -0.0000128721
       -0.0000023321  -0.0000127046   0.0000309447  -0.0000209049  -0.0000130361
       -0.0000100767   0.0001099393  -0.0000041558  -0.0004555837   0.0001633558
        0.0000164195  -0.0000084051  -0.0000443969  -0.0001405155   0.0002204704
       -0.0009560758  -0.0000238235   0.0007379729  -0.0009923766  -0.0002477309
        0.0847309879  -0.0885799137  -0.0037185269   0.0006481761   0.0009435817
       -0.0003275060
        0.0000663585  -0.0000549110   0.0000445591  -0.0001072839   0.0000471863
       -0.0000606273  -0.0000981577   0.0001475347   0.0000115696   0.0000118139
       -0.0005909928   0.0000053950   0.0012283455   0.0014046603   0.0000045255
       -0.0003679871   0.0006818510   0.0000156684  -0.0037256252  -0.0029709788
        0.0004582987   0.0056023563  -0.0250242358  -0.0000806783   0.0809351430
       -0.2762919088  -0.0031924191   0.0046484372  -0.0078105801  -0.0002662301
       -0.0000056043  -0.0000040089  -0.0000031925  -0.0000231532   0.0000088365
       -0.0000146364  -0.0000068190   0.0000104459   0.0000002490   0.0000390720
       -0.0000014020   0.0000096455  -0.0000207361   0.0000167539   0.0000141435
        0.0000905136  -0.0000404170  -0.0000045163   0.0000317890   0.0000033545
       -0.0000023603  -0.0000258464   0.0001549675  -0.0000246978   0.0004206698
       -0.0010939936  -0.0000253964   0.0006564412   0.0007503244  -0.0000936729
       -0.0885799137   0.3095978069   0.0031915394  -0.0007698136   0.0010597068
        0.0000128337
        0.0000947411  -0.0003590205  -0.0000303352  -0.0001890644   0.0007255657
       -0.0001645117   0.0000926790  -0.0002759815  -0.0001016758  -0.0000086484
       -0.0000530772   0.0004012595   0.0011499364  -0.0000169602   0.0086877402
        0.0000454457   0.0000689518   0.0000108258   0.0008365013   0.0004181481
        0.0076414624  -0.0004631022   0.0018198980   0.0013017992   0.0018444480
       -0.0031199647  -0.0355645672   0.0010299542  -0.0022514995   0.0003022441
       -0.0000272284   0.0000430604   0.0000465748  -0.0000315570   0.0000415492
        0.0000292158  -0.0000187313   0.0000335217   0.0000367548   0.0000629772
       -0.0001558840   0.0000679074   0.0000515556  -0.0001610339   0.0000069046
       -0.0000121175   0.0000508579   0.0000728244   0.0000070623   0.0000234722
       -0.0004339998  -0.0001425067  -0.0000159196  -0.0018077390  -0.0000423982
        0.0000923985  -0.0002140663  -0.0002762101   0.0000327639  -0.0023650252
       -0.0037185269   0.0031915394   0.0248432397  -0.0002852097  -0.0001323855
       -0.0027668327
        0.0000810936  -0.0000638239   0.0000589869  -0.0000819118  -0.0001412943
       -0.0000930765  -0.0018349890   0.0025383861   0.0001617533   0.0001647746
       -0.0005521337  -0.0002122697   0.0056074090   0.0037938728  -0.0005150271
        0.0002581573   0.0017810165   0.0005547196  -0.0000520840   0.0006613605
       -0.0000349813  -0.0059369761   0.0015473008   0.0012030943  -0.0231583835
       -0.0229879171   0.0024964663  -0.1487593098  -0.1289591523   0.0123299934
       -0.0000515206  -0.0000299064  -0.0000580443  -0.0000057785   0.0000131091
       -0.0000224020  -0.0000078324  -0.0000109803   0.0000082871  -0.0000304435
       -0.0000326063   0.0000525745   0.0000169841  -0.0000190662   0.0000561801
       -0.0030482957   0.0006971713   0.0002540836  -0.0000480663  -0.0000239092
       -0.0000133892   0.0001075571   0.0004874462   0.0000219352   0.0000566016
        0.0000763925  -0.0001605409  -0.0009946857  -0.0011514173   0.0000674563
        0.0006481761  -0.0007698136  -0.0002852097   0.1770695236   0.1431459647
       -0.0158705898
       -0.0000665305  -0.0000029821  -0.0000000987  -0.0002230284   0.0005197101
        0.0000601788   0.0002577664  -0.0001272430  -0.0000693912  -0.0018543121
        0.0005544794   0.0001363783  -0.0175640981  -0.0242347061   0.0019338205
        0.0027221443  -0.0053071730  -0.0000421483   0.0004859430   0.0004071723
       -0.0000471562   0.0008629341   0.0008396653   0.0000648503   0.0012221763
        0.0027031835  -0.0001220350  -0.1310922153  -0.1995341550   0.0142737391
        0.0001068504  -0.0000120887   0.0000360519   0.0000306630  -0.0000697689
        0.0000177829  -0.0000329237  -0.0000006345  -0.0000061360   0.0000216875
        0.0000034363  -0.0000043654  -0.0001893774   0.0000901150  -0.0000009228
        0.0022360747   0.0011251147  -0.0001152799  -0.0002892549   0.0003919598
        0.0000175095  -0.0010070301  -0.0012007506   0.0000952646   0.0000732548
        0.0001184297  -0.0000473094   0.0002097297   0.0000420621  -0.0000186593
        0.0009435817   0.0010597068  -0.0001323855   0.1431459647   0.2226344670
       -0.0160296882
        0.0000785261  -0.0003048196   0.0000000112  -0.0001285247   0.0005768839
        0.0000714038   0.0002878326  -0.0003266336   0.0002386796  -0.0003288238
        0.0000107461  -0.0022778098  -0.0000732088  -0.0000819633   0.0009143025
        0.0005048068   0.0000284407   0.0069499914  -0.0000108994  -0.0000897764
       -0.0003200720   0.0011838224   0.0000013103   0.0084710126   0.0020147957
        0.0018864298   0.0018126567   0.0125984932   0.0144156487  -0.0344827975
       -0.0000716823   0.0000342498   0.0000741439  -0.0000244432   0.0000394764
       -0.0000107532   0.0000025653   0.0000062771   0.0000316321  -0.0000288988
       -0.0001078224   0.0000618624   0.0000594578  -0.0001448431  -0.0000005231
        0.0001973435   0.0000081225   0.0008817168   0.0000007630   0.0000342011
       -0.0004538993   0.0000493469  -0.0000176731   0.0003507742  -0.0001527182
       -0.0000346090  -0.0018558564   0.0000395418   0.0000832086  -0.0004137451
       -0.0003275060   0.0000128337  -0.0027668327  -0.0158705898  -0.0160296882
        0.0227241018
