   44
          4          1          4
          2          5          6
          4          7         10
          1         11         11
          1         12         12
          3         13         15
          1         16         16
          2         17         18
          3         19         21
          1         22         22
          2         23         24
          2         25         26
          1         27         27
          4         28         31
          1         32         32
          4         33         36
          2         37         38
          1         39         39
          2         40         41
          2         42         43
          1         44         44
          3         45         47
          2         48         49
          2         50         51
          4         52         55
          4         56         59
          1         60         60
          2         61         62
          2         63         64
          4         65         68
          1         69         69
          2         70         71
          4         72         75
          3         76         78
          2         79         80
          2         81         82
          2         83         84
          4         85         88
          2         89         90
          1         91         91
          1         92         92
          2         93         94
          1         95         95
          2         96         97
