   15
          1          1          1
          2          2          3
          1          4          4
          1          5          5
          2          6          7
          2          8          9
          1         10         10
          1         11         11
          1         12         12
          1         13         13
          1         14         14
          1         15         15
          1         16         16
          1         17         17
          1         18         18
