$hessian                                                                        
        0.5170759319   0.0088038871   0.0659132509  -0.1164729742   0.0065609408
        0.0518650359  -0.0244138089  -0.0126412421   0.0113367737   0.0007640429
       -0.0037764458   0.0015482671  -0.0004606173  -0.0006647437  -0.0017413812
       -0.0001875908   0.0006010669   0.0000458557  -0.0006118495   0.0003557701
       -0.0009289745  -0.0005214573   0.0026684763   0.0000217697  -0.0032957046
        0.0084121436  -0.0021791770  -0.1278827984  -0.1339978083  -0.0219376274
       -0.1365942581   0.1224750198  -0.0131232594  -0.0903734496  -0.0001342395
       -0.1075406399   0.0050875586  -0.0001374117  -0.0022433857  -0.0210155263
        0.0015469657   0.0179471102   0.0005055393  -0.0000801500   0.0003234335
       -0.0002690533  -0.0001240734  -0.0002580116  -0.0001492882  -0.0000609241
        0.0002900001  -0.0001650680  -0.0001226820   0.0000322421  -0.0010196282
        0.0003154504   0.0006287179
        0.0088038871   0.5762878889   0.0124955850  -0.0011996726  -0.0673303597
        0.0041403708  -0.0226021356  -0.0047128944   0.0150274636  -0.0006937250
       -0.0027128935   0.0006101046  -0.0007114224  -0.0001262233  -0.0011692251
       -0.0001523403   0.0003438227   0.0000159031  -0.0000219519   0.0006620924
       -0.0009133896   0.0003359974   0.0001349864   0.0004635325   0.0057959270
       -0.0078794672   0.0023644628  -0.1303671449  -0.2481876595  -0.0325233075
        0.1268864129  -0.2023734545   0.0148139260  -0.0020828370  -0.0449236492
       -0.0010554409  -0.0017552945   0.0006856138   0.0024588188   0.0191402666
        0.0008756963  -0.0176626370  -0.0002388050   0.0001374884   0.0002725902
       -0.0001783207  -0.0000739805  -0.0000892660  -0.0001144241   0.0000475012
        0.0001684618   0.0000317526   0.0001658652  -0.0000713803  -0.0008761697
       -0.0010203735   0.0006534274
        0.0659132509   0.0124955850   0.5322225113   0.0474164412  -0.0046370760
       -0.1165203504   0.0043854073   0.0071784986   0.0047506801  -0.0019240337
        0.0000333122  -0.0010920048  -0.0001437531   0.0005078941   0.0003555230
       -0.0000498719  -0.0001177213  -0.0001680798   0.0004252965   0.0000358967
       -0.0000428659   0.0000660366  -0.0016852338   0.0009485724  -0.0008448298
        0.0006446086   0.0010105200  -0.0232206069  -0.0356411373  -0.0520787860
       -0.0153424872   0.0178822675  -0.0421388732  -0.1069315173   0.0032909121
       -0.2968384764   0.0241082364   0.0011559364  -0.0269744006   0.0057630570
       -0.0013669788  -0.0027739164  -0.0001452909  -0.0000758772   0.0001985450
        0.0000062470   0.0000291885   0.0002077117  -0.0000095199   0.0000565582
       -0.0002221867   0.0000104095   0.0000440018  -0.0003061112   0.0005175284
        0.0001693647  -0.0005380123
       -0.1164729742  -0.0011996726   0.0474164412   0.4493539976  -0.0388748175
        0.0473225160  -0.1057099394  -0.0550835149  -0.0168709078  -0.0281151376
       -0.0227649217  -0.0078329992  -0.0051220063   0.0027304835   0.0004333687
       -0.0009152144  -0.0003639720  -0.0000966110   0.0015968812   0.0032003911
       -0.0001857479   0.0070657739  -0.0019923318   0.0022123718  -0.0000750536
       -0.0013743042   0.0004082733  -0.0120396539  -0.0027958585   0.0092418101
       -0.0137664217   0.0038919547   0.0097816954   0.0089890999   0.0007263289
       -0.0018350491  -0.0753693903   0.0086334645  -0.0820522371  -0.1102582752
        0.1068169934  -0.0080723769   0.0005219349  -0.0017804551   0.0001369557
       -0.0009204474  -0.0010714766   0.0000748795  -0.0000365046   0.0001150578
        0.0000724752   0.0001739250   0.0005775804  -0.0000083160   0.0010994059
        0.0006090707  -0.0001465420
        0.0065609408  -0.0673303597  -0.0046370760  -0.0388748175   0.5012178500
        0.0096044092  -0.0630884305  -0.1534260979  -0.0227194509  -0.0078931900
       -0.0016475488  -0.0031864572   0.0006768066   0.0022257134   0.0005196728
       -0.0000075579  -0.0005965368   0.0000591086   0.0041936108  -0.0043892162
       -0.0005491232  -0.0153247743  -0.0353712878  -0.0052616919  -0.0002280895
       -0.0005615706   0.0002819279  -0.0153256977  -0.0011224472   0.0144177000
        0.0130826102   0.0037477640  -0.0133757823   0.0001489239   0.0004774246
        0.0006468885   0.0119941668  -0.0433401737   0.0143868600   0.1031109450
       -0.2006868317   0.0088051555   0.0023327428   0.0014037310   0.0004212169
        0.0001809665  -0.0000268422   0.0000957411  -0.0000094912   0.0000845997
        0.0002494156  -0.0009710873  -0.0012607181   0.0000385920  -0.0005585774
        0.0006025478   0.0002028933
        0.0518650359   0.0041403708  -0.1165203504   0.0473225160   0.0096044092
        0.4712102375  -0.0200840228  -0.0265611533  -0.0638904754  -0.0022488780
       -0.0039932801   0.0008345335  -0.0013330449  -0.0011815407   0.0074073544
       -0.0001459712   0.0000796862  -0.0004573406  -0.0008314562  -0.0007573929
        0.0072401470  -0.0015581527  -0.0005795892  -0.0022444946  -0.0001944877
        0.0016949777  -0.0008596349   0.0000409782   0.0018385724   0.0025128084
        0.0037425242  -0.0058388148   0.0010155243   0.0185070679   0.0020185288
       -0.0214306606  -0.0904052003   0.0123287680  -0.2331027177  -0.0051677995
        0.0064759419  -0.0454546806   0.0007307608   0.0002944838  -0.0020565105
       -0.0001680353  -0.0001660334   0.0002238753   0.0002360036   0.0002242241
       -0.0019539639  -0.0001038400  -0.0000883817  -0.0002405649  -0.0002039980
        0.0004662230  -0.0022330864
       -0.0244138089  -0.0226021356   0.0043854073  -0.1057099394  -0.0630884305
       -0.0200840228   0.6437354223  -0.0293519408   0.0552435076  -0.3144657864
        0.0661723864  -0.0237098294  -0.0458010204  -0.0752091736  -0.0132893638
       -0.0409664143   0.0346793174  -0.0004948889   0.0563768436   0.0135338127
        0.0079182416  -0.1310519390   0.0551429722  -0.0052766645  -0.0006130833
       -0.0003177213   0.0001811588  -0.0041384454  -0.0009067484   0.0036300645
       -0.0009098157   0.0001915523   0.0003669086   0.0005806232   0.0003164859
        0.0002047004  -0.0117790062  -0.0144557637  -0.0081549292   0.0079864030
        0.0096886224   0.0023376813  -0.0151066864   0.0052678584  -0.0017141199
       -0.0005579580  -0.0027963798  -0.0013536237  -0.0001194887   0.0008312565
        0.0000450698  -0.0010482086  -0.0029277503  -0.0013517923  -0.0119976913
        0.0258317797   0.0011164944
       -0.0126412421  -0.0047128944   0.0071784986  -0.0550835149  -0.1534260979
       -0.0265611533  -0.0293519408   0.6267160551   0.0471425778  -0.0074453859
       -0.0923537852  -0.0032018932  -0.0154097707   0.0373878216   0.0016289175
        0.0333984715  -0.0211097899   0.0023866142  -0.0447799468  -0.0643412369
       -0.0111506943   0.1241453717  -0.2816034409  -0.0085820331  -0.0007746345
       -0.0005137877  -0.0001943938  -0.0007705807   0.0002429481   0.0004684739
       -0.0003007257   0.0012829510   0.0005369538  -0.0000600410   0.0009569396
        0.0011024544  -0.0072322836  -0.0018358183  -0.0040840948  -0.0108004363
       -0.0277941531  -0.0054421063   0.0275515828  -0.0080989108   0.0020689247
       -0.0034141258  -0.0030669931  -0.0016043896   0.0009500633   0.0004866960
        0.0000221069  -0.0030785837  -0.0029389640  -0.0016264156   0.0050977231
       -0.0052775391  -0.0000883477
        0.0113367737   0.0150274636   0.0047506801  -0.0168709078  -0.0227194509
       -0.0638904754   0.0552435076   0.0471425778   0.1524864741  -0.0314451628
        0.0040475122  -0.0496396568  -0.0068548723  -0.0054577006  -0.0016823749
       -0.0009908477   0.0030547408  -0.0066080179   0.0030074019  -0.0044437486
       -0.0001944736   0.0022928009  -0.0174213489  -0.0505112350  -0.0001739660
       -0.0001655312   0.0000897434   0.0034072201   0.0006558361  -0.0022517955
       -0.0006010107   0.0002934325   0.0000624464  -0.0002161364   0.0003117501
        0.0009668938  -0.0155785355  -0.0203947551  -0.0051508231   0.0005266238
        0.0008436906   0.0017424237   0.0007777031  -0.0003277592   0.0010537842
       -0.0013306712  -0.0013952483   0.0079809152   0.0000156327   0.0000959259
        0.0004440114  -0.0014698828  -0.0015342701   0.0083199499  -0.0010756707
        0.0023868833   0.0020315301
        0.0007640429  -0.0006937250  -0.0019240337  -0.0281151376  -0.0078931900
       -0.0022488780  -0.3144657864  -0.0074453859  -0.0314451628   0.6490231315
       -0.0049352196   0.0618683697  -0.1804894895  -0.0761487331  -0.0233653394
        0.0579326855  -0.0438227899   0.0022074510  -0.0548025312  -0.0253851220
       -0.0083531175  -0.0233234413   0.0877323032   0.0056337889   0.0001148766
       -0.0005949584   0.0000243377   0.0001499201   0.0003260105   0.0003013129
       -0.0007175012   0.0005839549  -0.0000965551   0.0000827820  -0.0004087962
       -0.0003545401  -0.0004523910  -0.0000391382  -0.0001726675   0.0013623232
        0.0020008031   0.0003023342  -0.0856322363   0.0960621219   0.0038807355
       -0.0215692874  -0.0235511643  -0.0049604800   0.0001487895   0.0026266316
       -0.0006099219  -0.0004652358  -0.0007074975  -0.0000451627   0.0004544865
        0.0022938948  -0.0006424711
       -0.0037764458  -0.0027128935   0.0000333122  -0.0227649217  -0.0016475488
       -0.0039932801   0.0661723864  -0.0923537852   0.0040475122  -0.0049352196
        0.6769058970   0.0545595456  -0.1535219446  -0.2483192351  -0.0380645669
        0.0154178496  -0.0666539544  -0.0047163663  -0.0252842768  -0.0072680201
       -0.0032933307   0.0324546819   0.0103195183   0.0046981015   0.0003370362
        0.0004056273  -0.0000934785  -0.0007037322   0.0000410463   0.0007635580
        0.0002759860  -0.0006001318   0.0001314311   0.0000816526   0.0000950024
       -0.0004094316  -0.0018984236  -0.0017563886  -0.0007520527  -0.0029472657
        0.0009170498  -0.0000124653   0.0970668350  -0.2603313077  -0.0112668486
        0.0002329840   0.0017382448   0.0001313065   0.0024954876  -0.0048838157
       -0.0008825477  -0.0006099449   0.0006923263  -0.0000334217   0.0019072753
       -0.0045876312  -0.0008469772
        0.0015482671   0.0006101046  -0.0010920048  -0.0078329992  -0.0031864572
        0.0008345335  -0.0237098294  -0.0032018932  -0.0496396568   0.0618683697
        0.0545595456   0.1256924475  -0.0309705545  -0.0289417324  -0.0533490978
        0.0078955485  -0.0113702048   0.0008306998  -0.0078791778  -0.0030045854
       -0.0072293022   0.0002035904   0.0106645842   0.0037312286  -0.0001422208
       -0.0000923445   0.0002389146   0.0003159989   0.0003103960  -0.0000472850
        0.0000488916   0.0003222480  -0.0004020930  -0.0000546688   0.0001379574
       -0.0000232072  -0.0008546387  -0.0012026144  -0.0006943751   0.0000358667
        0.0002845183  -0.0001819690   0.0034702843  -0.0111999613  -0.0333100739
       -0.0026224009  -0.0027236548  -0.0001305750  -0.0007182960  -0.0009828276
        0.0079764090  -0.0000860819  -0.0000309463  -0.0002637246  -0.0005159492
       -0.0009521321   0.0070591313
       -0.0004606173  -0.0007114224  -0.0001437531  -0.0051220063   0.0006768066
       -0.0013330449  -0.0458010204  -0.0154097707  -0.0068548723  -0.1804894895
       -0.1535219446  -0.0309705545   0.6773240051  -0.0092304498   0.0651599999
       -0.1339279341   0.1300474548   0.0024595754  -0.0228213054   0.0325954072
        0.0002093557   0.0030185796  -0.0088340527   0.0002472195   0.0000729389
       -0.0000671927  -0.0000238134  -0.0001840145  -0.0001522696   0.0001459824
       -0.0000688562  -0.0000235329  -0.0000013377  -0.0001053336  -0.0000431936
       -0.0000408114  -0.0004567297  -0.0008078056  -0.0002712005  -0.0000768288
        0.0002815433   0.0001757310   0.0065961914   0.0089220069   0.0014663623
       -0.2983146632   0.0310659344  -0.0279143296   0.0060355317  -0.0158551358
       -0.0008801931  -0.0056898377   0.0011721962  -0.0015225217   0.0004713901
       -0.0001045792   0.0000922062
       -0.0006647437  -0.0001262233   0.0005078941   0.0027304835   0.0022257134
       -0.0011815407  -0.0752091736   0.0373878216  -0.0054577006  -0.0761487331
       -0.2483192351  -0.0289417324  -0.0092304498   0.6623261777   0.0524318115
        0.0517015764  -0.3039308612  -0.0185605335   0.0900896012   0.0144658519
        0.0120530041  -0.0067764454  -0.0644151442  -0.0068507292   0.0002668100
        0.0003232218  -0.0000004555  -0.0000932838  -0.0000829195  -0.0000189199
        0.0001009879  -0.0006205487   0.0000349215  -0.0000059106   0.0000619698
       -0.0000095913  -0.0007153550  -0.0008271399   0.0001263056   0.0003041300
        0.0001008552   0.0000961087  -0.0153403845  -0.0265858301  -0.0042473467
        0.0309235314  -0.0471422074   0.0022782780   0.0078443111  -0.0253990704
       -0.0017502226   0.0008518857   0.0011094847  -0.0005169941  -0.0006288380
       -0.0005519164   0.0000074430
       -0.0017413812  -0.0011692251   0.0003555230   0.0004333687   0.0005196728
        0.0074073544  -0.0132893638   0.0016289175  -0.0016823749  -0.0233653394
       -0.0380645669  -0.0533490978   0.0651599999   0.0524318115   0.1278775475
       -0.0047840358  -0.0098005396  -0.0493361671   0.0054995428   0.0049165000
        0.0030051982   0.0004118353  -0.0065063437  -0.0060955469  -0.0000636004
        0.0000225890   0.0001429110  -0.0003644795  -0.0000845574   0.0002648881
        0.0001008622  -0.0000959373  -0.0002683478  -0.0000965695  -0.0000338653
       -0.0001165900   0.0009287599   0.0007998036   0.0003064284   0.0000539446
       -0.0001315009   0.0000584925  -0.0008055381  -0.0017341461   0.0006568329
       -0.0280230982   0.0023149974  -0.0370822605   0.0013784952  -0.0044468255
        0.0006249652  -0.0015077187  -0.0005217789   0.0076884868   0.0000743161
       -0.0000450049  -0.0004582429
       -0.0001875908  -0.0001523403  -0.0000498719  -0.0009152144  -0.0000075579
       -0.0001459712  -0.0409664143   0.0333984715  -0.0009908477   0.0579326855
        0.0154178496   0.0078955485  -0.1339279341   0.0517015764  -0.0047840358
        0.6673499819   0.0024107994   0.0652859646  -0.3371900723   0.0696964238
       -0.0270581798  -0.0467491413  -0.0750753485  -0.0134492849   0.0000583291
        0.0002330026   0.0000657743  -0.0000295728  -0.0000814289   0.0000162690
        0.0003946766  -0.0002352321   0.0000249805  -0.0000739712  -0.0000078958
       -0.0000031609   0.0000279511  -0.0003753976   0.0002003425   0.0001578957
        0.0001078160   0.0001322852  -0.0012788047  -0.0038136220  -0.0014697117
       -0.0152396774   0.0280401001   0.0007381210  -0.1336874450  -0.1222622291
       -0.0235957522  -0.0143533003   0.0040441284  -0.0014433261  -0.0013223813
       -0.0030391157  -0.0013691435
        0.0006010669   0.0003438227  -0.0001177213  -0.0003639720  -0.0005965368
        0.0000796862   0.0346793174  -0.0211097899   0.0030547408  -0.0438227899
       -0.0666539544  -0.0113702048   0.1300474548  -0.3039308612  -0.0098005396
        0.0024107994   0.6771721202   0.0545465777  -0.0079868261  -0.0992224359
       -0.0059593535  -0.0189019142   0.0399847565   0.0015084776  -0.0001513077
        0.0001183468   0.0000953799   0.0001170913   0.0000439193  -0.0000646894
       -0.0002754294  -0.0000252915  -0.0000841355  -0.0000245274  -0.0001022713
        0.0000065113   0.0000950596   0.0003369910   0.0000494233  -0.0000121658
        0.0002705865  -0.0000732791  -0.0030637183  -0.0033662266  -0.0014595603
        0.0042177419  -0.0049542744  -0.0000987741  -0.1224297051  -0.2096733084
       -0.0312989073   0.0273442575  -0.0052356209   0.0025398114  -0.0024804328
       -0.0033999718  -0.0015534433
        0.0000458557   0.0000159031  -0.0001680798  -0.0000966110   0.0000591086
       -0.0004573406  -0.0004948889   0.0023866142  -0.0066080179   0.0022074510
       -0.0047163663   0.0008306998   0.0024595754  -0.0185605335  -0.0493361671
        0.0652859646   0.0545465777   0.1295209015  -0.0348775421   0.0032425635
       -0.0522489959  -0.0075917307  -0.0051057136   0.0010877943  -0.0001432676
       -0.0000119548  -0.0001633154   0.0000522455   0.0000196364  -0.0000360838
        0.0001220456   0.0000651812   0.0001413713  -0.0000124527  -0.0000146061
       -0.0000357834  -0.0000351134  -0.0001016829  -0.0000633447   0.0000099215
       -0.0000114609  -0.0000400109  -0.0014544478  -0.0016079303   0.0081426652
       -0.0015277969   0.0026823217   0.0013231316  -0.0235083864  -0.0313164104
       -0.0411786782   0.0008106913  -0.0001787862   0.0015560901  -0.0012515132
       -0.0013924614   0.0077331641
       -0.0006118495  -0.0000219519   0.0004252965   0.0015968812   0.0041936108
       -0.0008314562   0.0563768436  -0.0447799468   0.0030074019  -0.0548025312
       -0.0252842768  -0.0078791778  -0.0228213054   0.0900896012   0.0054995428
       -0.3371900723  -0.0079868261  -0.0348775421   0.6636385531  -0.0160189148
        0.0623791783  -0.1820770754  -0.0781962646  -0.0232301246  -0.0014772787
       -0.0000328954   0.0000952692   0.0000833268   0.0001578375  -0.0000210631
        0.0004939228   0.0003631520  -0.0001478358   0.0001025500   0.0000059213
       -0.0000487715  -0.0005870927   0.0003361710  -0.0001217597   0.0000800049
        0.0007849883  -0.0000517558  -0.0002282291  -0.0006480280  -0.0000145826
        0.0001248613   0.0025283696  -0.0006929407  -0.0202069620  -0.0002839797
       -0.0025249112  -0.0858164082   0.0972848292   0.0037563182  -0.0166781391
       -0.0224913968  -0.0047210857
        0.0003557701   0.0006620924   0.0000358967   0.0032003911  -0.0043892162
       -0.0007573929   0.0135338127  -0.0643412369  -0.0044437486  -0.0253851220
       -0.0072680201  -0.0030045854   0.0325954072   0.0144658519   0.0049165000
        0.0696964238  -0.0992224359   0.0032425635  -0.0160189148   0.6792405966
        0.0529463766  -0.1533835410  -0.2525763038  -0.0376142967   0.0008952856
       -0.0003725563  -0.0000342615   0.0001020135   0.0001323318  -0.0000414026
       -0.0006019481   0.0001174706   0.0000042139  -0.0000829993  -0.0002151008
        0.0000053050  -0.0000290455   0.0002072696  -0.0000378960  -0.0008249341
       -0.0012408888  -0.0003530286  -0.0005060161   0.0005948165   0.0000236362
        0.0032745719  -0.0050187945  -0.0008447233  -0.0237563634   0.0015252716
       -0.0028255747   0.0976770189  -0.2641968201  -0.0111135746  -0.0007418107
        0.0018956725  -0.0001040070
       -0.0009289745  -0.0009133896  -0.0000428659  -0.0001857479  -0.0005491232
        0.0072401470   0.0079182416  -0.0111506943  -0.0001944736  -0.0083531175
       -0.0032933307  -0.0072293022   0.0002093557   0.0120530041   0.0030051982
       -0.0270581798  -0.0059593535  -0.0522489959   0.0623791783   0.0529463766
        0.1301048374  -0.0305225102  -0.0290786045  -0.0542006213  -0.0000312211
       -0.0001224094  -0.0001443627  -0.0002570693   0.0000389966   0.0002051109
        0.0000087603   0.0001125642   0.0003814425  -0.0000064505  -0.0000689429
       -0.0000903530   0.0006894524   0.0007415713   0.0003395910   0.0000225037
       -0.0003018514  -0.0001750893  -0.0000267294   0.0000329791  -0.0005409008
       -0.0006633698  -0.0009773071   0.0078456351  -0.0048732938  -0.0000435797
        0.0009268197   0.0037486230  -0.0110588188  -0.0363830481  -0.0020694513
       -0.0024080867   0.0012012309
       -0.0005214573   0.0003359974   0.0000660366   0.0070657739  -0.0153247743
       -0.0015581527  -0.1310519390   0.1241453717   0.0022928009  -0.0233234413
        0.0324546819   0.0002035904   0.0030185796  -0.0067764454   0.0004118353
       -0.0467491413  -0.0189019142  -0.0075917307  -0.1820770754  -0.1533835410
       -0.0305225102   0.6891296179  -0.0007895368   0.0646859638  -0.0033036631
        0.0002603608   0.0001934582  -0.0000302309  -0.0000395545   0.0000590730
       -0.0000323190  -0.0015425277   0.0003213108   0.0000567851   0.0000613191
       -0.0000376540  -0.0000534112  -0.0011054101   0.0002611667  -0.0018031162
       -0.0035659696  -0.0006810798  -0.0065105476   0.0017806629  -0.0014564766
        0.0008285421  -0.0001557979   0.0001508236  -0.0063956017   0.0005743214
       -0.0016881201   0.0064332702   0.0076927645   0.0013296281  -0.3046806247
        0.0342799916  -0.0264399632
        0.0026684763   0.0001349864  -0.0016852338  -0.0019923318  -0.0353712878
       -0.0005795892   0.0551429722  -0.2816034409  -0.0174213489   0.0877323032
        0.0103195183   0.0106645842  -0.0088340527  -0.0644151442  -0.0065063437
       -0.0750753485   0.0399847565  -0.0051057136  -0.0781962646  -0.2525763038
       -0.0290786045  -0.0007895368   0.6556510211   0.0533531844   0.0000831329
        0.0007867563  -0.0001993315   0.0004115699   0.0004851421  -0.0001885081
        0.0010109977   0.0000682888  -0.0004213284  -0.0002088002  -0.0001444083
       -0.0003549395   0.0012504653   0.0000322149   0.0008479496  -0.0023329050
       -0.0039697567  -0.0005809509   0.0007755275   0.0010553137  -0.0005329748
       -0.0001757039  -0.0006935192  -0.0000321717   0.0006542248   0.0009081063
       -0.0006490524  -0.0150278147  -0.0250911174  -0.0042804442   0.0329030884
       -0.0455611260   0.0027508171
        0.0000217697   0.0004635325   0.0009485724   0.0022123718  -0.0052616919
       -0.0022444946  -0.0052766645  -0.0085820331  -0.0505112350   0.0056337889
        0.0046981015   0.0037312286   0.0002472195  -0.0068507292  -0.0060955469
       -0.0134492849   0.0015084776   0.0010877943  -0.0232301246  -0.0376142967
       -0.0542006213   0.0646859638   0.0533531844   0.1281147721   0.0010087240
       -0.0000845974   0.0012038532   0.0000477375   0.0001458589   0.0000991039
       -0.0003858924  -0.0004829853   0.0000439359   0.0000299315  -0.0003446744
        0.0002092855  -0.0001003732  -0.0002893560   0.0007434240  -0.0008602134
       -0.0008662084   0.0010304500  -0.0015764545  -0.0004025956   0.0071332794
        0.0001792702  -0.0000255317  -0.0007093174  -0.0016025326  -0.0005976963
        0.0076865370  -0.0007303154  -0.0015544709   0.0003564554  -0.0268549214
        0.0027877120  -0.0386274764
       -0.0032957046   0.0057959270  -0.0008448298  -0.0000750536  -0.0002280895
       -0.0001944877  -0.0006130833  -0.0007746345  -0.0001739660   0.0001148766
        0.0003370362  -0.0001422208   0.0000729389   0.0002668100  -0.0000636004
        0.0000583291  -0.0001513077  -0.0001432676  -0.0014772787   0.0008952856
       -0.0000312211  -0.0033036631   0.0000831329   0.0010087240   0.0067524061
        0.0041099994  -0.0012718141  -0.0006594441  -0.0002806065   0.0000068746
        0.0031501220  -0.0107338529   0.0022752331  -0.0000040907  -0.0004418189
        0.0007255529   0.0002361785  -0.0003503159  -0.0003191093   0.0000313864
        0.0003254128  -0.0000690546  -0.0002374031   0.0004621474  -0.0000817625
       -0.0002697285   0.0003129321  -0.0001061748  -0.0005984820   0.0000696936
       -0.0001259714  -0.0002614689   0.0000024610   0.0000294447   0.0003791629
        0.0002997877  -0.0004783492
        0.0084121436  -0.0078794672   0.0006446086  -0.0013743042  -0.0005615706
        0.0016949777  -0.0003177213  -0.0005137877  -0.0001655312  -0.0005949584
        0.0004056273  -0.0000923445  -0.0000671927   0.0003232218   0.0000225890
        0.0002330026   0.0001183468  -0.0000119548  -0.0000328954  -0.0003725563
       -0.0001224094   0.0002603608   0.0007867563  -0.0000845974   0.0041099994
       -0.0036032981   0.0022338961   0.0004328945   0.0007935012  -0.0000724737
       -0.0124203812   0.0119068860  -0.0035022567  -0.0003001802  -0.0003495815
       -0.0007148967  -0.0000645027   0.0001816823   0.0003265279   0.0005002714
       -0.0001498341  -0.0000970170   0.0000047210   0.0001506885   0.0001076354
       -0.0000001905   0.0003087723   0.0000490325  -0.0001105759   0.0002348194
       -0.0000622116   0.0001542745   0.0004959857  -0.0000825075   0.0011752346
       -0.0022761920  -0.0000710665
       -0.0021791770   0.0023644628   0.0010105200   0.0004082733   0.0002819279
       -0.0008596349   0.0001811588  -0.0001943938   0.0000897434   0.0000243377
       -0.0000934785   0.0002389146  -0.0000238134  -0.0000004555   0.0001429110
        0.0000657743   0.0000953799  -0.0001633154   0.0000952692  -0.0000342615
       -0.0001443627   0.0001934582  -0.0001993315   0.0012038532  -0.0012718141
        0.0022338961   0.0029293822  -0.0002359341  -0.0000046101  -0.0003156587
        0.0031557922  -0.0043541230  -0.0035813610   0.0001869230  -0.0000723694
        0.0002411477   0.0001686564   0.0000181424   0.0005721278   0.0000560626
       -0.0002215441   0.0006906631   0.0000785226  -0.0000461903   0.0004445187
       -0.0000222949   0.0000639533   0.0003761558  -0.0000199478   0.0000804120
       -0.0002261930  -0.0000224889   0.0000541426  -0.0007002816  -0.0008387583
        0.0000284406  -0.0019491303
       -0.1278827984  -0.1303671449  -0.0232206069  -0.0120396539  -0.0153256977
        0.0000409782  -0.0041384454  -0.0007705807   0.0034072201   0.0001499201
       -0.0007037322   0.0003159989  -0.0001840145  -0.0000932838  -0.0003644795
       -0.0000295728   0.0001170913   0.0000522455   0.0000833268   0.0001020135
       -0.0002570693  -0.0000302309   0.0004115699   0.0000477375  -0.0006594441
        0.0004328945  -0.0002359341   0.1391421962   0.1485967430   0.0236760218
        0.0115241676   0.0103419491   0.0022878729  -0.0065196890  -0.0121852554
       -0.0057924032   0.0005400568  -0.0000651773  -0.0000938034  -0.0002051983
       -0.0003285903  -0.0002046099  -0.0000343760  -0.0000176792   0.0001214653
        0.0000105284  -0.0000828428  -0.0000036472   0.0000400328  -0.0000058964
        0.0001152245   0.0000671470   0.0000404076   0.0000041148   0.0001660475
       -0.0000967883   0.0001036740
       -0.1339978083  -0.2481876595  -0.0356411373  -0.0027958585  -0.0011224472
        0.0018385724  -0.0009067484   0.0002429481   0.0006558361   0.0003260105
        0.0000410463   0.0003103960  -0.0001522696  -0.0000829195  -0.0000845574
       -0.0000814289   0.0000439193   0.0000196364   0.0001578375   0.0001323318
        0.0000389966  -0.0000395545   0.0004851421   0.0001458589  -0.0002806065
        0.0007935012  -0.0000046101   0.1485967430   0.2713373823   0.0394997743
       -0.0093795548  -0.0239480307  -0.0033843334  -0.0022472462  -0.0005538367
       -0.0027395562   0.0000452903   0.0002037223  -0.0001771305   0.0010595204
        0.0006984480  -0.0005047799  -0.0000048634  -0.0000903238  -0.0000094881
        0.0000179335  -0.0000282729  -0.0000217890   0.0000154747   0.0000149017
        0.0000578138  -0.0000352763   0.0000305264   0.0000493187  -0.0002975944
       -0.0000103791  -0.0000488212
       -0.0219376274  -0.0325233075  -0.0520787860   0.0092418101   0.0144177000
        0.0025128084   0.0036300645   0.0004684739  -0.0022517955   0.0003013129
        0.0007635580  -0.0000472850   0.0001459824  -0.0000189199   0.0002648881
        0.0000162690  -0.0000646894  -0.0000360838  -0.0000210631  -0.0000414026
        0.0002051109   0.0000590730  -0.0001885081   0.0000991039   0.0000068746
       -0.0000724737  -0.0003156587   0.0236760218   0.0394997743   0.0539889373
        0.0010248849   0.0013352748   0.0030578583  -0.0170259489  -0.0244566550
       -0.0055224564   0.0006525829   0.0007051547  -0.0004516654   0.0002447725
        0.0001059977   0.0003817588  -0.0000558905   0.0000069066  -0.0000532960
        0.0000247030   0.0000364403   0.0000558485  -0.0000119335  -0.0000028718
        0.0000224007  -0.0000149688  -0.0000231345   0.0001283040   0.0000430806
        0.0000526822   0.0000400079
       -0.1365942581   0.1268864129  -0.0153424872  -0.0137664217   0.0130826102
        0.0037425242  -0.0009098157  -0.0003007257  -0.0006010107  -0.0007175012
        0.0002759860   0.0000488916  -0.0000688562   0.0001009879   0.0001008622
        0.0003946766  -0.0002754294   0.0001220456   0.0004939228  -0.0006019481
        0.0000087603  -0.0000323190   0.0010109977  -0.0003858924   0.0031501220
       -0.0124203812   0.0031557922   0.0115241676  -0.0093795548   0.0010248849
        0.1417946797  -0.1259860777   0.0114071027  -0.0069850827   0.0102952648
       -0.0064034108   0.0006212000  -0.0000363995  -0.0002907670  -0.0020639953
       -0.0004058796   0.0026589640   0.0000230833  -0.0003015093   0.0001484657
        0.0002108323  -0.0002709144   0.0001722930   0.0004050010  -0.0001211386
        0.0001231987   0.0004624524   0.0002038210  -0.0000179043   0.0020581124
       -0.0017561223   0.0003276874
        0.1224750198  -0.2023734545   0.0178822675   0.0038919547   0.0037477640
       -0.0058388148   0.0001915523   0.0012829510   0.0002934325   0.0005839549
       -0.0006001318   0.0003222480  -0.0000235329  -0.0006205487  -0.0000959373
       -0.0002352321  -0.0000252915   0.0000651812   0.0003631520   0.0001174706
        0.0001125642  -0.0015425277   0.0000682888  -0.0004829853  -0.0107338529
        0.0119068860  -0.0043541230   0.0103419491  -0.0239480307   0.0013352748
       -0.1259860777   0.2084705794  -0.0155207298   0.0029128679   0.0014735603
        0.0045429669  -0.0002393418   0.0007255191   0.0001066302  -0.0015163943
        0.0009379485   0.0007111155  -0.0000161026  -0.0002530161  -0.0001208247
       -0.0000231284  -0.0003178542  -0.0000671230   0.0001811064  -0.0002315424
        0.0001225304   0.0000449753  -0.0002437451   0.0001533971  -0.0006703422
       -0.0001173529   0.0008329295
       -0.0131232594   0.0148139260  -0.0421388732   0.0097816954  -0.0133757823
        0.0010155243   0.0003669086   0.0005369538   0.0000624464  -0.0000965551
        0.0001314311  -0.0004020930  -0.0000013377   0.0000349215  -0.0002683478
        0.0000249805  -0.0000841355   0.0001413713  -0.0001478358   0.0000042139
        0.0003814425   0.0003213108  -0.0004213284   0.0000439359   0.0022752331
       -0.0035022567  -0.0035813610   0.0022878729  -0.0033843334   0.0030578583
        0.0114071027  -0.0155207298   0.0482244836  -0.0172967124   0.0202208100
       -0.0038993943   0.0005968902  -0.0004342393  -0.0004627721   0.0036610300
        0.0001504242  -0.0030017687  -0.0001146071   0.0000956047  -0.0007146012
        0.0000082147  -0.0000452461  -0.0004516464   0.0000153038  -0.0000796485
        0.0002628494   0.0000103722  -0.0000128087   0.0007811931   0.0000233927
        0.0008722236   0.0009497527
       -0.0903734496  -0.0020828370  -0.1069315173   0.0089890999   0.0001489239
        0.0185070679   0.0005806232  -0.0000600410  -0.0002161364   0.0000827820
        0.0000816526  -0.0000546688  -0.0001053336  -0.0000059106  -0.0000965695
       -0.0000739712  -0.0000245274  -0.0000124527   0.0001025500  -0.0000829993
       -0.0000064505   0.0000567851  -0.0002088002   0.0000299315  -0.0000040907
       -0.0003001802   0.0001869230  -0.0065196890  -0.0022472462  -0.0170259489
       -0.0069850827   0.0029128679  -0.0172967124   0.0967564395   0.0017524846
        0.1180502086  -0.0028200308  -0.0002807136   0.0038401096   0.0001808958
        0.0001547498   0.0007652331  -0.0001132438   0.0001204721   0.0000902768
        0.0000382429  -0.0000022087   0.0000499596   0.0000254557   0.0000355509
        0.0000620839   0.0000198004   0.0000458492   0.0000288651   0.0001622168
        0.0000429128   0.0000297974
       -0.0001342395  -0.0449236492   0.0032909121   0.0007263289   0.0004774246
        0.0020185288   0.0003164859   0.0009569396   0.0003117501  -0.0004087962
        0.0000950024   0.0001379574  -0.0000431936   0.0000619698  -0.0000338653
       -0.0000078958  -0.0001022713  -0.0000146061   0.0000059213  -0.0002151008
       -0.0000689429   0.0000613191  -0.0001444083  -0.0003446744  -0.0004418189
       -0.0003495815  -0.0000723694  -0.0121852554  -0.0005538367  -0.0244566550
        0.0102952648   0.0014735603   0.0202208100   0.0017524846   0.0426294956
       -0.0009131741  -0.0005657757   0.0008023250   0.0004409144   0.0001744699
        0.0000849129  -0.0008320063   0.0001430644  -0.0001311513   0.0000308049
        0.0000525810  -0.0000336866   0.0000190273   0.0000683996  -0.0000032676
        0.0000656230   0.0000289217   0.0000152070   0.0000657657   0.0001617339
       -0.0001398838   0.0001341997
       -0.1075406399  -0.0010554409  -0.2968384764  -0.0018350491   0.0006468885
       -0.0214306606   0.0002047004   0.0011024544   0.0009668938  -0.0003545401
       -0.0004094316  -0.0000232072  -0.0000408114  -0.0000095913  -0.0001165900
       -0.0000031609   0.0000065113  -0.0000357834  -0.0000487715   0.0000053050
       -0.0000903530  -0.0000376540  -0.0003549395   0.0002092855   0.0007255529
       -0.0007148967   0.0002411477  -0.0057924032  -0.0027395562  -0.0055224564
       -0.0064034108   0.0045429669  -0.0038993943   0.1180502086  -0.0009131741
        0.3286087983   0.0039084604  -0.0001737122  -0.0026809617  -0.0004617605
        0.0001120035   0.0004649825   0.0000430676  -0.0000172533   0.0000089202
       -0.0001034542  -0.0000576362   0.0000007818  -0.0000542119  -0.0000638849
        0.0000638836  -0.0000313685  -0.0000913725   0.0000821597  -0.0002247538
        0.0001847599  -0.0000089701
        0.0050875586  -0.0017552945   0.0241082364  -0.0753693903   0.0119941668
       -0.0904052003  -0.0117790062  -0.0072322836  -0.0155785355  -0.0004523910
       -0.0018984236  -0.0008546387  -0.0004567297  -0.0007153550   0.0009287599
        0.0000279511   0.0000950596  -0.0000351134  -0.0005870927  -0.0000290455
        0.0006894524  -0.0000534112   0.0012504653  -0.0001003732   0.0002361785
       -0.0000645027   0.0001686564   0.0005400568   0.0000452903   0.0006525829
        0.0006212000  -0.0002393418   0.0005968902  -0.0028200308  -0.0005657757
        0.0039084604   0.0929483037  -0.0061803462   0.0945943121  -0.0083072520
        0.0051800305  -0.0176236159   0.0002219785  -0.0000410883  -0.0003507368
        0.0000081560  -0.0000782079  -0.0000539653   0.0000889880   0.0000278344
       -0.0002780738   0.0000802588   0.0000767050   0.0000271311  -0.0000353260
        0.0001301128  -0.0003942288
       -0.0001374117   0.0006856138   0.0011559364   0.0086334645  -0.0433401737
        0.0123287680  -0.0144557637  -0.0018358183  -0.0203947551  -0.0000391382
       -0.0017563886  -0.0012026144  -0.0008078056  -0.0008271399   0.0007998036
       -0.0003753976   0.0003369910  -0.0001016829   0.0003361710   0.0002072696
        0.0007415713  -0.0011054101   0.0000322149  -0.0002893560  -0.0003503159
        0.0001816823   0.0000181424  -0.0000651773   0.0002037223   0.0007051547
       -0.0000363995   0.0007255191  -0.0004342393  -0.0002807136   0.0008023250
       -0.0001737122  -0.0061803462   0.0494841816  -0.0166160930   0.0146065889
       -0.0044402382   0.0241913753   0.0000289580  -0.0001452265  -0.0001542092
       -0.0000790396  -0.0002130236   0.0000580125   0.0001430895  -0.0000037341
       -0.0002120509   0.0000854888   0.0000615732  -0.0000795473   0.0000791582
       -0.0001593499  -0.0003405038
       -0.0022433857   0.0024588188  -0.0269744006  -0.0820522371   0.0143868600
       -0.2331027177  -0.0081549292  -0.0040840948  -0.0051508231  -0.0001726675
       -0.0007520527  -0.0006943751  -0.0002712005   0.0001263056   0.0003064284
        0.0002003425   0.0000494233  -0.0000633447  -0.0001217597  -0.0000378960
        0.0003395910   0.0002611667   0.0008479496   0.0007434240  -0.0003191093
        0.0003265279   0.0005721278  -0.0000938034  -0.0001771305  -0.0004516654
       -0.0002907670   0.0001066302  -0.0004627721   0.0038401096   0.0004409144
       -0.0026809617   0.0945943121  -0.0166160930   0.2724833701  -0.0055989452
        0.0031800171  -0.0043680076   0.0000572606  -0.0000519633  -0.0002472333
        0.0000426610  -0.0000351651  -0.0000969764   0.0000796784   0.0000341092
       -0.0001223815   0.0000445450   0.0000922776   0.0001206440   0.0001987288
       -0.0002954383  -0.0001499263
       -0.0210155263   0.0191402666   0.0057630570  -0.1102582752   0.1031109450
       -0.0051677995   0.0079864030  -0.0108004363   0.0005266238   0.0013623232
       -0.0029472657   0.0000358667  -0.0000768288   0.0003041300   0.0000539446
        0.0001578957  -0.0000121658   0.0000099215   0.0000800049  -0.0008249341
        0.0000225037  -0.0018031162  -0.0023329050  -0.0008602134   0.0000313864
        0.0005002714   0.0000560626  -0.0002051983   0.0010595204   0.0002447725
       -0.0020639953  -0.0015163943   0.0036610300   0.0001808958   0.0001744699
       -0.0004617605  -0.0083072520   0.0146065889  -0.0055989452   0.1351779555
       -0.1204656490   0.0022163824  -0.0008808604   0.0002129397  -0.0003389064
       -0.0000186110  -0.0000061466  -0.0001232352  -0.0000028986   0.0000706472
       -0.0000867115  -0.0001402646  -0.0001932272  -0.0000042195  -0.0002040378
       -0.0000806551   0.0000516261
        0.0015469657   0.0008756963  -0.0013669788   0.1068169934  -0.2006868317
        0.0064759419   0.0096886224  -0.0277941531   0.0008436906   0.0020008031
        0.0009170498   0.0002845183   0.0002815433   0.0001008552  -0.0001315009
        0.0001078160   0.0002705865  -0.0000114609   0.0007849883  -0.0012408888
       -0.0003018514  -0.0035659696  -0.0039697567  -0.0008662084   0.0003254128
       -0.0001498341  -0.0002215441  -0.0003285903   0.0006984480   0.0001059977
       -0.0004058796   0.0009379485   0.0001504242   0.0001547498   0.0000849129
        0.0001120035   0.0051800305  -0.0044402382   0.0031800171  -0.1204656490
        0.2334615623  -0.0081131507  -0.0014712428   0.0005538396  -0.0000065870
        0.0000917461   0.0001619962   0.0000346609  -0.0000424358   0.0000994503
       -0.0000278426  -0.0002827005  -0.0002705361  -0.0001373193  -0.0004172039
        0.0003898933  -0.0000028101
        0.0179471102  -0.0176626370  -0.0027739164  -0.0080723769   0.0088051555
       -0.0454546806   0.0023376813  -0.0054421063   0.0017424237   0.0003023342
       -0.0000124653  -0.0001819690   0.0001757310   0.0000961087   0.0000584925
        0.0001322852  -0.0000732791  -0.0000400109  -0.0000517558  -0.0003530286
       -0.0001750893  -0.0006810798  -0.0005809509   0.0010304500  -0.0000690546
       -0.0000970170   0.0006906631  -0.0002046099  -0.0005047799   0.0003817588
        0.0026589640   0.0007111155  -0.0030017687   0.0007652331  -0.0008320063
        0.0004649825  -0.0176236159   0.0241913753  -0.0043680076   0.0022163824
       -0.0081131507   0.0517182692  -0.0000641601  -0.0000257852   0.0002874192
        0.0000592167   0.0000397905   0.0000124110   0.0000327473   0.0000161083
       -0.0000256737   0.0000082019  -0.0000148591  -0.0001408371   0.0001307655
       -0.0001475884  -0.0002249165
        0.0005055393  -0.0002388050  -0.0001452909   0.0005219349   0.0023327428
        0.0007307608  -0.0151066864   0.0275515828   0.0007777031  -0.0856322363
        0.0970668350   0.0034702843   0.0065961914  -0.0153403845  -0.0008055381
       -0.0012788047  -0.0030637183  -0.0014544478  -0.0002282291  -0.0005060161
       -0.0000267294  -0.0065105476   0.0007755275  -0.0015764545  -0.0002374031
        0.0000047210   0.0000785226  -0.0000343760  -0.0000048634  -0.0000558905
        0.0000230833  -0.0000161026  -0.0001146071  -0.0001132438   0.0001430644
        0.0000430676   0.0002219785   0.0000289580   0.0000572606  -0.0008808604
       -0.0014712428  -0.0000641601   0.1012356121  -0.1067348659  -0.0014821990
        0.0009269814  -0.0009065301   0.0003622130   0.0001846312  -0.0008297455
       -0.0000541976   0.0000065899  -0.0001036092   0.0002215296  -0.0002001548
        0.0013124520   0.0000381734
       -0.0000801500   0.0001374884  -0.0000758772  -0.0017804551   0.0014037310
        0.0002944838   0.0052678584  -0.0080989108  -0.0003277592   0.0960621219
       -0.2603313077  -0.0111999613   0.0089220069  -0.0265858301  -0.0017341461
       -0.0038136220  -0.0033662266  -0.0016079303  -0.0006480280   0.0005948165
        0.0000329791   0.0017806629   0.0010553137  -0.0004025956   0.0004621474
        0.0001506885  -0.0000461903  -0.0000176792  -0.0000903238   0.0000069066
       -0.0003015093  -0.0002530161   0.0000956047   0.0001204721  -0.0001311513
       -0.0000172533  -0.0000410883  -0.0001452265  -0.0000519633   0.0002129397
        0.0005538396  -0.0000257852  -0.1067348659   0.2956761712   0.0145133643
        0.0005596042   0.0009364894   0.0004207443   0.0005288927  -0.0011951931
       -0.0000203836  -0.0001296338   0.0000954782   0.0002002632  -0.0003696744
       -0.0004068305  -0.0000545007
        0.0003234335   0.0002725902   0.0001985450   0.0001369557   0.0004212169
       -0.0020565105  -0.0017141199   0.0020689247   0.0010537842   0.0038807355
       -0.0112668486  -0.0333100739   0.0014663623  -0.0042473467   0.0006568329
       -0.0014697117  -0.0014595603   0.0081426652  -0.0000145826   0.0000236362
       -0.0005409008  -0.0014564766  -0.0005329748   0.0071332794  -0.0000817625
        0.0001076354   0.0004445187   0.0001214653  -0.0000094881  -0.0000532960
        0.0001484657  -0.0001208247  -0.0007146012   0.0000902768   0.0000308049
        0.0000089202  -0.0003507368  -0.0001542092  -0.0002472333  -0.0003389064
       -0.0000065870   0.0002874192  -0.0014821990   0.0145133643   0.0238126526
        0.0004809111   0.0002488349  -0.0026132919   0.0000736873  -0.0001856555
       -0.0000765280   0.0002289378   0.0001782323  -0.0020344854  -0.0000427353
        0.0001182551  -0.0000916963
       -0.0002690533  -0.0001783207   0.0000062470  -0.0009204474   0.0001809665
       -0.0001680353  -0.0005579580  -0.0034141258  -0.0013306712  -0.0215692874
        0.0002329840  -0.0026224009  -0.2983146632   0.0309235314  -0.0280230982
       -0.0152396774   0.0042177419  -0.0015277969   0.0001248613   0.0032745719
       -0.0006633698   0.0008285421  -0.0001757039   0.0001792702  -0.0002697285
       -0.0000001905  -0.0000222949   0.0000105284   0.0000179335   0.0000247030
        0.0002108323  -0.0000231284   0.0000082147   0.0000382429   0.0000525810
       -0.0001034542   0.0000081560  -0.0000790396   0.0000426610  -0.0000186110
        0.0000917461   0.0000592167   0.0009269814   0.0005596042   0.0004809111
        0.3344794244  -0.0349176133   0.0331147299   0.0009303852  -0.0007253769
        0.0003657840  -0.0007153266   0.0000175206  -0.0000605053   0.0003167988
       -0.0000556818   0.0002398893
       -0.0001240734  -0.0000739805   0.0000291885  -0.0010714766  -0.0000268422
       -0.0001660334  -0.0027963798  -0.0030669931  -0.0013952483  -0.0235511643
        0.0017382448  -0.0027236548   0.0310659344  -0.0471422074   0.0023149974
        0.0280401001  -0.0049542744   0.0026823217   0.0025283696  -0.0050187945
       -0.0009773071  -0.0001557979  -0.0006935192  -0.0000255317   0.0003129321
        0.0003087723   0.0000639533  -0.0000828428  -0.0000282729   0.0000364403
       -0.0002709144  -0.0003178542  -0.0000452461  -0.0000022087  -0.0000336866
       -0.0000576362  -0.0000782079  -0.0002130236  -0.0000351651  -0.0000061466
        0.0001619962   0.0000397905  -0.0009065301   0.0009364894   0.0002488349
       -0.0349176133   0.0580281683  -0.0007354579   0.0007902787   0.0007397562
        0.0004255183   0.0013619177  -0.0002554805   0.0001570965  -0.0001361768
       -0.0000884977   0.0001631391
       -0.0002580116  -0.0000892660   0.0002077117   0.0000748795   0.0000957411
        0.0002238753  -0.0013536237  -0.0016043896   0.0079809152  -0.0049604800
        0.0001313065  -0.0001305750  -0.0279143296   0.0022782780  -0.0370822605
        0.0007381210  -0.0000987741   0.0013231316  -0.0006929407  -0.0008447233
        0.0078456351   0.0001508236  -0.0000321717  -0.0007093174  -0.0001061748
        0.0000490325   0.0003761558  -0.0000036472  -0.0000217890   0.0000558485
        0.0001722930  -0.0000671230  -0.0004516464   0.0000499596   0.0000190273
        0.0000007818  -0.0000539653   0.0000580125  -0.0000969764  -0.0001232352
        0.0000346609   0.0000124110   0.0003622130   0.0004207443  -0.0026132919
        0.0331147299  -0.0007354579   0.0277222633   0.0004990392   0.0002475389
       -0.0025009158   0.0000765460  -0.0000023306  -0.0002395918   0.0002278034
        0.0001616831  -0.0019241542
       -0.0001492882  -0.0001144241  -0.0000095199  -0.0000365046  -0.0000094912
        0.0002360036  -0.0001194887   0.0009500633   0.0000156327   0.0001487895
        0.0024954876  -0.0007182960   0.0060355317   0.0078443111   0.0013784952
       -0.1336874450  -0.1224297051  -0.0235083864  -0.0202069620  -0.0237563634
       -0.0048732938  -0.0063956017   0.0006542248  -0.0016025326  -0.0005984820
       -0.0001105759  -0.0000199478   0.0000400328   0.0000154747  -0.0000119335
        0.0004050010   0.0001811064   0.0000153038   0.0000254557   0.0000683996
       -0.0000542119   0.0000889880   0.0001430895   0.0000796784  -0.0000028986
       -0.0000424358   0.0000327473   0.0001846312   0.0005288927   0.0000736873
        0.0009303852   0.0007902787   0.0004990392   0.1530853900   0.1347620104
        0.0283476926   0.0006173647  -0.0008071022   0.0002819774  -0.0003648991
       -0.0011632411  -0.0001621356
       -0.0000609241   0.0000475012   0.0000565582   0.0001150578   0.0000845997
        0.0002242241   0.0008312565   0.0004866960   0.0000959259   0.0026266316
       -0.0048838157  -0.0009828276  -0.0158551358  -0.0253990704  -0.0044468255
       -0.1222622291  -0.2096733084  -0.0313164104  -0.0002839797   0.0015252716
       -0.0000435797   0.0005743214   0.0009081063  -0.0005976963   0.0000696936
        0.0002348194   0.0000804120  -0.0000058964   0.0000149017  -0.0000028718
       -0.0001211386  -0.0002315424  -0.0000796485   0.0000355509  -0.0000032676
       -0.0000638849   0.0000278344  -0.0000037341   0.0000341092   0.0000706472
        0.0000994503   0.0000161083  -0.0008297455  -0.0011951931  -0.0001856555
       -0.0007253769   0.0007397562   0.0002475389   0.1347620104   0.2364362152
        0.0365222215   0.0007774864   0.0008957314   0.0004124076   0.0002539359
       -0.0000831173   0.0000298944
        0.0002900001   0.0001684618  -0.0002221867   0.0000724752   0.0002494156
       -0.0019539639   0.0000450698   0.0000221069   0.0004440114  -0.0006099219
       -0.0008825477   0.0079764090  -0.0008801931  -0.0017502226   0.0006249652
       -0.0235957522  -0.0312989073  -0.0411786782  -0.0025249112  -0.0028255747
        0.0009268197  -0.0016881201  -0.0006490524   0.0076865370  -0.0001259714
       -0.0000622116  -0.0002261930   0.0001152245   0.0000578138   0.0000224007
        0.0001231987   0.0001225304   0.0002628494   0.0000620839   0.0000656230
        0.0000638836  -0.0002780738  -0.0002120509  -0.0001223815  -0.0000867115
       -0.0000278426  -0.0000256737  -0.0000541976  -0.0000203836  -0.0000765280
        0.0003657840   0.0004255183  -0.0025009158   0.0283476926   0.0365222215
        0.0309803008   0.0004325419   0.0002342022  -0.0023841213  -0.0000102178
       -0.0001391005  -0.0002975348
       -0.0001650680   0.0000317526   0.0000104095   0.0001739250  -0.0009710873
       -0.0001038400  -0.0010482086  -0.0030785837  -0.0014698828  -0.0004652358
       -0.0006099449  -0.0000860819  -0.0056898377   0.0008518857  -0.0015077187
       -0.0143533003   0.0273442575   0.0008106913  -0.0858164082   0.0976770189
        0.0037486230   0.0064332702  -0.0150278147  -0.0007303154  -0.0002614689
        0.0001542745  -0.0000224889   0.0000671470  -0.0000352763  -0.0000149688
        0.0004624524   0.0000449753   0.0000103722   0.0000198004   0.0000289217
       -0.0000313685   0.0000802588   0.0000854888   0.0000445450  -0.0001402646
       -0.0002827005   0.0000082019   0.0000065899  -0.0001296338   0.0002289378
       -0.0007153266   0.0013619177   0.0000765460   0.0006173647   0.0007774864
        0.0004325419   0.0999250441  -0.1071814375  -0.0016718534   0.0008692663
       -0.0010415004   0.0002676498
       -0.0001226820   0.0001658652   0.0000440018   0.0005775804  -0.0012607181
       -0.0000883817  -0.0029277503  -0.0029389640  -0.0015342701  -0.0007074975
        0.0006923263  -0.0000309463   0.0011721962   0.0011094847  -0.0005217789
        0.0040441284  -0.0052356209  -0.0001787862   0.0972848292  -0.2641968201
       -0.0110588188   0.0076927645  -0.0250911174  -0.0015544709   0.0000024610
        0.0004959857   0.0000541426   0.0000404076   0.0000305264  -0.0000231345
        0.0002038210  -0.0002437451  -0.0000128087   0.0000458492   0.0000152070
       -0.0000913725   0.0000767050   0.0000615732   0.0000922776  -0.0001932272
       -0.0002705361  -0.0000148591  -0.0001036092   0.0000954782   0.0001782323
        0.0000175206  -0.0002554805  -0.0000023306  -0.0008071022   0.0008957314
        0.0002342022  -0.1071814375   0.2954690338   0.0141490469   0.0008850428
        0.0004617902   0.0003600548
        0.0000322421  -0.0000713803  -0.0003061112  -0.0000083160   0.0000385920
       -0.0002405649  -0.0013517923  -0.0016264156   0.0083199499  -0.0000451627
       -0.0000334217  -0.0002637246  -0.0015225217  -0.0005169941   0.0076884868
       -0.0014433261   0.0025398114   0.0015560901   0.0037563182  -0.0111135746
       -0.0363830481   0.0013296281  -0.0042804442   0.0003564554   0.0000294447
       -0.0000825075  -0.0007002816   0.0000041148   0.0000493187   0.0001283040
       -0.0000179043   0.0001533971   0.0007811931   0.0000288651   0.0000657657
        0.0000821597   0.0000271311  -0.0000795473   0.0001206440  -0.0000042195
       -0.0001373193  -0.0001408371   0.0002215296   0.0002002632  -0.0020344854
       -0.0000605053   0.0001570965  -0.0002395918   0.0002819774   0.0004124076
       -0.0023841213  -0.0016718534   0.0141490469   0.0259695085   0.0004143504
        0.0001759055  -0.0023100257
       -0.0010196282  -0.0008761697   0.0005175284   0.0010994059  -0.0005585774
       -0.0002039980  -0.0119976913   0.0050977231  -0.0010756707   0.0004544865
        0.0019072753  -0.0005159492   0.0004713901  -0.0006288380   0.0000743161
       -0.0013223813  -0.0024804328  -0.0012515132  -0.0166781391  -0.0007418107
       -0.0020694513  -0.3046806247   0.0329030884  -0.0268549214   0.0003791629
        0.0011752346  -0.0008387583   0.0001660475  -0.0002975944   0.0000430806
        0.0020581124  -0.0006703422   0.0000233927   0.0001622168   0.0001617339
       -0.0002247538  -0.0000353260   0.0000791582   0.0001987288  -0.0002040378
       -0.0004172039   0.0001307655  -0.0002001548  -0.0003696744  -0.0000427353
        0.0003167988  -0.0001361768   0.0002278034  -0.0003648991   0.0002539359
       -0.0000102178   0.0008692663   0.0008850428   0.0004143504   0.3305259951
       -0.0352863718   0.0314580032
        0.0003154504  -0.0010203735   0.0001693647   0.0006090707   0.0006025478
        0.0004662230   0.0258317797  -0.0052775391   0.0023868833   0.0022938948
       -0.0045876312  -0.0009521321  -0.0001045792  -0.0005519164  -0.0000450049
       -0.0030391157  -0.0033999718  -0.0013924614  -0.0224913968   0.0018956725
       -0.0024080867   0.0342799916  -0.0455611260   0.0027877120   0.0002997877
       -0.0022761920   0.0000284406  -0.0000967883  -0.0000103791   0.0000526822
       -0.0017561223  -0.0001173529   0.0008722236   0.0000429128  -0.0001398838
        0.0001847599   0.0001301128  -0.0001593499  -0.0002954383  -0.0000806551
        0.0003898933  -0.0001475884   0.0013124520  -0.0004068305   0.0001182551
       -0.0000556818  -0.0000884977   0.0001616831  -0.0011632411  -0.0000831173
       -0.0001391005  -0.0010415004   0.0004617902   0.0001759055  -0.0352863718
        0.0603302573  -0.0020243208
        0.0006287179   0.0006534274  -0.0005380123  -0.0001465420   0.0002028933
       -0.0022330864   0.0011164944  -0.0000883477   0.0020315301  -0.0006424711
       -0.0008469772   0.0070591313   0.0000922062   0.0000074430  -0.0004582429
       -0.0013691435  -0.0015534433   0.0077331641  -0.0047210857  -0.0001040070
        0.0012012309  -0.0264399632   0.0027508171  -0.0386274764  -0.0004783492
       -0.0000710665  -0.0019491303   0.0001036740  -0.0000488212   0.0000400079
        0.0003276874   0.0008329295   0.0009497527   0.0000297974   0.0001341997
       -0.0000089701  -0.0003942288  -0.0003405038  -0.0001499263   0.0000516261
       -0.0000028101  -0.0002249165   0.0000381734  -0.0000545007  -0.0000916963
        0.0002398893   0.0001631391  -0.0019241542  -0.0001621356   0.0000298944
       -0.0002975348   0.0002676498   0.0003600548  -0.0023100257   0.0314580032
       -0.0020243208   0.0297983553
