           1           2  0.92591592705284531     
           2           3   1.0074950379691563     
           3           4   1.0047432369478273     
           4           5   1.0071056672563563     
           5           6   1.0056225802853065     
           6           7   1.0080639459744796     
           7           8   1.0062298496969906     
           8           9   1.0077586651101955     
           9          10   1.0061791140599381     
          10          11   1.0088398809859895     
          11          12   1.0065370019140294     
          12          13   1.0217265235710569     
           1          14  0.90256482449066866     
           1          15  0.91378352834175303     
           1          16  0.90947858442402318     
           2          17  0.96715584937060139     
           2          18  0.96165755112800755     
           3          19  0.97090252176685499     
           3          20  0.96106946803753224     
           4          21  0.97035404467773112     
           4          22  0.97061637321655347     
           5          23  0.97540879147647019     
           5          24  0.97444135815715771     
           6          25  0.97523259115199590     
           6          26  0.97426260408983700     
           7          27  0.97716910887714303     
           7          28  0.97520437089836221     
           8          29  0.97623724852021210     
           8          30  0.97360033472778218     
           9          31  0.97675372491101797     
           9          32  0.97711475823699301     
          10          33  0.97576748006968095     
          10          34  0.97445625126168323     
          11          35  0.97470260120147745     
          11          36  0.97709345931515590     
          12          37  0.97728769350110101     
          12          38  0.97709540839590014     
          13          39  0.98720703998636650     
          13          40  0.98652603671493366     
          13          41  0.98534792384501002     
