           1           2  0.93410283065397348     
           2           3   1.0031357637421932     
           3           4   1.2962290952396140     
           4           5   1.5588924966361386     
           3           6   1.5214071921761703     
           5           6  0.11691630607529353     
           6           7   1.2814619381475254     
           5           8   1.2774573299646990     
           7           8   1.2557192615924624     
           8           9   1.2764775201025926     
           9          10   1.5597951722566052     
          10          11   1.3199751914805222     
           7          12   1.2747670530678765     
           9          12  0.11998997894472524     
          11          12   1.5600945824736541     
           1          14  0.92211072430453878     
           1          15  0.83920541200060073     
           1          16  0.91876449248105785     
           2          17  0.96582509664429739     
           2          18  0.96936149145751926     
           4          19  0.96462256643991506     
           5          20  0.96637096535195521     
           6          21  0.96715762019193052     
           9          22  0.96813782591192554     
          10          23  0.97040840893335056     
          11          24  0.97062442999106935     
          12          25  0.96898117888185653     
