   34
          1          1          1
          1          2          2
          2          3          4
          3          5          7
          2          8          9
          1         10         10
          8         11         18
          1         19         19
          1         20         20
          1         21         21
          1         22         22
          5         23         27
          1         28         28
          1         29         29
          3         30         32
          3         33         35
          1         36         36
          3         37         39
          3         40         42
          1         43         43
          9         44         52
          4         53         56
          4         57         60
          2         61         62
          4         63         66
          2         67         68
          1         69         69
          3         70         72
          1         73         73
          3         74         76
          1         77         77
          1         78         78
          2         79         80
          1         81         81
