$hessian                                                                        
        0.4638170599  -0.0023878752  -0.0020146156  -0.1699607490   0.0071185656
        0.0044569966  -0.0208928774  -0.0055821091  -0.0044561879  -0.0000422970
        0.0010171229  -0.0001066187  -0.0000888771  -0.0001043218  -0.0000167763
       -0.0001270073   0.0003843534  -0.0000555651   0.0000865997   0.0002897227
       -0.0003500403   0.0005758811  -0.0036644474  -0.0031047738  -0.0005330651
        0.0058992695  -0.0024893263  -0.0728637960   0.0805155909  -0.0344844887
       -0.0812885475  -0.0148352657   0.0944310140  -0.0757881495  -0.0720770090
       -0.0529491238  -0.0194242805  -0.0005847529   0.0026942438  -0.0237546920
        0.0034669410  -0.0017548745   0.0016406031   0.0008099184   0.0005347486
       -0.0001192846   0.0000445879  -0.0000057087  -0.0000361925  -0.0001659070
       -0.0001083953  -0.0002579043  -0.0002675012   0.0000018511  -0.0002576697
        0.0001882316  -0.0000514064  -0.0000347691   0.0000634200  -0.0000468107
       -0.0001064586   0.0000278816   0.0000808341  -0.0000287321   0.0000755060
        0.0000094130   0.0002486866   0.0000702530  -0.0003173421  -0.0014939446
       -0.0000554123  -0.0001887189   0.0007304635  -0.0002467630   0.0002916717
       -0.0023878752   0.5720894370   0.0059896345   0.0003053955  -0.0692050559
        0.0005920852  -0.0213642680  -0.0008897156  -0.0020310488   0.0010242728
       -0.0000154325   0.0002768696  -0.0001089141   0.0000572598  -0.0003105985
        0.0000975001  -0.0000118203   0.0000510561  -0.0000548723  -0.0000532562
       -0.0001881712  -0.0011496360  -0.0025412004  -0.0026190378   0.0038537228
       -0.0092493910   0.0047426616   0.0847533709  -0.2353268303   0.0838376714
       -0.0131764291  -0.0491080682   0.0314082044  -0.0710603773  -0.2048593112
       -0.1222428608  -0.0066645485   0.0002823022   0.0004405137   0.0293862308
       -0.0008488604   0.0001189919   0.0000025322   0.0004045871   0.0007189375
       -0.0003197150   0.0003023841  -0.0000083463  -0.0020095351  -0.0018231840
       -0.0007674193   0.0000230253   0.0001361294  -0.0000948359   0.0000420827
       -0.0002044770   0.0000253106  -0.0000257276   0.0001152633  -0.0000064437
       -0.0000968304   0.0000458879  -0.0000406570   0.0000287294   0.0000993372
        0.0000592808   0.0000617539   0.0000377680   0.0002008236  -0.0010548629
        0.0003008904  -0.0000545963  -0.0001050250   0.0002653567  -0.0000980255
       -0.0020146156   0.0059896345   0.5917413608   0.0015873137   0.0004411994
       -0.0705261469  -0.0190217412  -0.0010089099  -0.0011158851  -0.0000180630
        0.0003270892   0.0001653150  -0.0000108984  -0.0001949037  -0.0005328546
       -0.0000090273  -0.0000221340  -0.0000168271   0.0001191238  -0.0000826307
       -0.0002151806  -0.0013737371  -0.0029138322  -0.0026545828  -0.0018276984
        0.0051405744  -0.0011739441  -0.0351365006   0.0826828600  -0.0757387555
        0.0964218086   0.0362104490  -0.2993066892  -0.0541395563  -0.1272709954
       -0.1422444796   0.0288422709  -0.0003933284  -0.0008518322  -0.0101545716
        0.0007561670   0.0007196685  -0.0016190636   0.0000254254   0.0014905664
       -0.0002539449   0.0002862380  -0.0001740937  -0.0003131534   0.0000685541
       -0.0002358160  -0.0000100459  -0.0001073451  -0.0001250703   0.0000616173
        0.0000166555   0.0001018317   0.0000420784   0.0001278928  -0.0001071362
       -0.0000335531  -0.0001944126   0.0000492950   0.0000034492   0.0000320662
        0.0003095629  -0.0000153355   0.0000612572   0.0003037438  -0.0013103302
        0.0000642557  -0.0000821447   0.0001841739  -0.0000418265   0.0002200944
       -0.1699607490   0.0003053955   0.0015873137   0.4228732868  -0.0303106487
       -0.0323900745  -0.0650671252  -0.0215208202  -0.0205049363   0.0022573984
        0.0005873261   0.0042638923   0.0001346794   0.0003065262   0.0001367047
       -0.0001715152  -0.0001769818   0.0000057917   0.0002648781   0.0001433349
        0.0005275288  -0.0175777788  -0.0139278053  -0.0175697696  -0.0001059272
       -0.0018807912   0.0005176800  -0.0123153062   0.0074117311  -0.0026016705
       -0.0139350041  -0.0009108475   0.0066870427  -0.0116955968  -0.0026966271
       -0.0026508082  -0.0653753360  -0.0142560110   0.0750986763  -0.0654395774
        0.0717905300  -0.0182643889   0.0021590175   0.0054136463   0.0066473840
       -0.0001751391   0.0018456018  -0.0004096576  -0.0002603079   0.0004516999
        0.0003566686   0.0000866299   0.0002044704  -0.0000264511   0.0002050366
       -0.0007714377   0.0000341235  -0.0000827696   0.0000006127   0.0001046288
        0.0000545166   0.0000293469  -0.0000667777   0.0000022304  -0.0001402130
       -0.0002208105  -0.0010857427  -0.0005276864  -0.0001551280  -0.0048353566
       -0.0003688222  -0.0007428251   0.0000455580  -0.0010015296  -0.0003641372
        0.0071185656  -0.0692050559   0.0004411994  -0.0303106487   0.4897133819
       -0.0314464413  -0.0189346218  -0.1126753191  -0.0495123505  -0.0071979358
       -0.0257690517  -0.0170001496   0.0001055868   0.0005293439   0.0003223693
        0.0001094601  -0.0001555680   0.0000077564   0.0002058352   0.0002485270
        0.0002870393  -0.0046030054  -0.0000502766  -0.0001910102  -0.0001346478
       -0.0004415430   0.0002094477   0.0203770680   0.0023979211  -0.0005946630
       -0.0036897200   0.0003621875   0.0001471247  -0.0191072070  -0.0002034071
       -0.0000021003  -0.0118053410  -0.0525703941   0.0438621617   0.0661792606
       -0.2278498290   0.0535243523  -0.0000317327   0.0010911953  -0.0012172273
        0.0010203343  -0.0061653139   0.0010779078  -0.0005245042   0.0006519754
       -0.0002217691  -0.0001446168  -0.0000333774  -0.0001867244  -0.0004838779
       -0.0010820677  -0.0000089914  -0.0000738651   0.0000855375   0.0000872170
       -0.0000293276   0.0001778183  -0.0000210969   0.0001184046   0.0001264446
       -0.0002092519  -0.0004412725  -0.0000222884  -0.0001847158   0.0008636805
        0.0000272526   0.0002386765   0.0014141285   0.0008119066   0.0005912393
        0.0044569966   0.0005920852  -0.0705261469  -0.0323900745  -0.0314464413
        0.5106880171  -0.0152803384  -0.0444237022  -0.1160577936   0.0019454663
       -0.0018331479   0.0043715776  -0.0000528341   0.0001593597   0.0000108387
        0.0000725069  -0.0000146493  -0.0000504136   0.0003482666  -0.0000915920
        0.0004766348  -0.0060810644  -0.0008145000  -0.0015735450   0.0000366061
        0.0001652520  -0.0003939030  -0.0074863467  -0.0008877696   0.0006978165
        0.0263232749   0.0006064037   0.0003475086  -0.0150400407  -0.0002051516
        0.0000454362   0.0685694304   0.0423546830  -0.2414770831  -0.0165953759
        0.0553293850  -0.0601608346  -0.0093020495  -0.0216860635  -0.0282643162
       -0.0005009897   0.0010518109   0.0005741711   0.0000285749  -0.0001731139
        0.0003036589   0.0002529106   0.0001975852   0.0000006135   0.0002241592
        0.0011618839  -0.0001371283  -0.0000295618  -0.0000205599  -0.0000384956
        0.0001144096   0.0000150926   0.0000551301   0.0001325795   0.0001971711
       -0.0000530700   0.0006860247  -0.0001509173   0.0001155814  -0.0004727021
       -0.0000721605   0.0008070046   0.0000401715  -0.0000109433   0.0002387408
       -0.0208928774  -0.0213642680  -0.0190217412  -0.0650671252  -0.0189346218
       -0.0152803384   0.4386000134   0.0050840838  -0.0287863358  -0.0713550215
        0.0252746763  -0.0048464628   0.0037342172  -0.0106650320   0.0022302465
        0.0005707624   0.0008590227  -0.0011876626  -0.0200035645  -0.0024698549
        0.0070765373  -0.1584003077   0.0080920657  -0.0095859549  -0.0000292120
        0.0000331268  -0.0001618328  -0.0001368526  -0.0001031951   0.0001638427
        0.0007910798   0.0001363936  -0.0008709468  -0.0061987518  -0.0001087321
       -0.0004982311   0.0034826999   0.0051305022   0.0035562196   0.0024774489
        0.0034485133   0.0037865301  -0.0717241005  -0.0161170890   0.0711532925
        0.0016353360  -0.0065851495   0.0007295201  -0.0097899690   0.0272945754
       -0.0063003236  -0.0006740444  -0.0014280551   0.0024128786   0.0002709094
        0.0001292710  -0.0003919482  -0.0000859948  -0.0002549598  -0.0001202591
        0.0001090682   0.0001059708  -0.0002306565  -0.0007524116  -0.0011231322
        0.0024953570   0.0005050371  -0.0000322312  -0.0006687784  -0.0137728269
       -0.0006088966  -0.0033544731  -0.0132935123   0.0042070155  -0.0022984791
       -0.0055821091  -0.0008897156  -0.0010089099  -0.0215208202  -0.1126753191
       -0.0444237022   0.0050840838   0.4397202396  -0.0068983308   0.0254779337
       -0.1470774336   0.0196650611  -0.0017070918  -0.0141809294   0.0108860449
        0.0010751927   0.0005928513  -0.0008578200  -0.0084584829   0.0011533229
       -0.0003022815   0.0065567522  -0.0635623786   0.0009261374  -0.0004275075
       -0.0002866229  -0.0003977527  -0.0000980049   0.0010461236   0.0000392108
        0.0000737908   0.0005044293   0.0002074723   0.0003033652   0.0005263343
        0.0001302524   0.0016451135   0.0039602155  -0.0006912779  -0.0072734880
       -0.0253454590  -0.0180060373  -0.0154034198  -0.0500035455   0.0355753683
        0.0053169276  -0.0219159730   0.0021296191   0.0044078680  -0.0059719769
        0.0012251792  -0.0012343183  -0.0001655872   0.0017690523   0.0000962855
        0.0002106593  -0.0008440069  -0.0001215139  -0.0002729205  -0.0001280542
        0.0002941036  -0.0000120722  -0.0002483710  -0.0015304559  -0.0001987181
        0.0018299007   0.0003269581  -0.0000244147  -0.0004847158  -0.0159442044
        0.0006347152  -0.0031030125   0.0286430420  -0.0057658247   0.0030109743
       -0.0044561879  -0.0020310488  -0.0011158851  -0.0205049363  -0.0495123505
       -0.1160577936  -0.0287863358  -0.0068983308   0.4962481804  -0.0064231278
        0.0245480731  -0.0719044035  -0.0037337610   0.0239274530  -0.0084672884
       -0.0013193810  -0.0006737281   0.0018059287   0.0223196761  -0.0007563345
        0.0010804123  -0.0035119300   0.0001232974  -0.0658064549   0.0004478240
       -0.0004612910   0.0002957277  -0.0009079524   0.0007685202  -0.0001481145
        0.0006135770   0.0010364916   0.0021770629   0.0002749572   0.0002250830
        0.0002839920  -0.0078929351  -0.0182372951  -0.0233924296   0.0018410086
        0.0019883035   0.0039982196   0.0714301808   0.0365331890  -0.2098868563
        0.0053161574  -0.0199104490   0.0029124502  -0.0023499432   0.0046275172
       -0.0007294899   0.0025119061   0.0021681823  -0.0039506331  -0.0004529687
        0.0001186213   0.0001910013  -0.0000236813  -0.0000559012  -0.0000120094
       -0.0002019193  -0.0001055798   0.0001653647   0.0031571813   0.0016452285
       -0.0037657768   0.0001445225  -0.0004035195   0.0001289850  -0.0219275326
        0.0007940405  -0.0038193301  -0.0055643988   0.0005418277  -0.0002308594
       -0.0000422970   0.0010242728  -0.0000180630   0.0022573984  -0.0071979358
        0.0019454663  -0.0713550215   0.0254779337  -0.0064231278   0.5155612298
        0.0027543938   0.0170348977  -0.0902010869  -0.0166732886   0.0436670627
       -0.0216247289  -0.0090452756   0.0244846713   0.0033168290  -0.0006902314
       -0.0000410182  -0.0125727268   0.0257021048  -0.0072290426  -0.0012597264
        0.0000625610  -0.0006676326  -0.0002155687  -0.0016940168  -0.0005546319
        0.0000540072  -0.0000869815   0.0000023816   0.0001037045   0.0000563318
        0.0000736894   0.0001258528   0.0001978474   0.0002430434  -0.0003201008
       -0.0016969388  -0.0013755815   0.0032440056  -0.0090430793   0.0037364453
       -0.0573126519  -0.0309140994  -0.0403396464  -0.2644539282   0.0154499309
       -0.0276304001   0.0028510759   0.0011016875  -0.0038759379   0.0032810769
        0.0021934674  -0.0038015318   0.0009226651   0.0001809722   0.0007658082
       -0.0068100238   0.0003640801   0.0003152650   0.0003693714  -0.0001165617
       -0.0000997140  -0.0001659891   0.0001845827   0.0001688505   0.0004231232
        0.0004884820   0.0002561682  -0.0061764897   0.0019197608  -0.0006374218
        0.0010171229  -0.0000154325   0.0003270892   0.0005873261  -0.0257690517
       -0.0018331479   0.0252746763  -0.1470774336   0.0245480731   0.0027543938
        0.4430569993   0.0365412008  -0.0153887037  -0.0765798219   0.0265284047
       -0.0027567574   0.0007066136  -0.0002665287  -0.0006420620  -0.0000407878
        0.0002889343   0.0090376496  -0.0065850650   0.0018608432   0.0000301853
        0.0004196737   0.0003590397   0.0007500885   0.0003726396   0.0003313649
        0.0000060980   0.0000620048  -0.0002076624   0.0003728912   0.0002213460
        0.0000809499   0.0002806115   0.0009802668   0.0006920638  -0.0012090293
       -0.0023375763  -0.0020027517   0.0020056807  -0.0119961932   0.0059429725
       -0.0323583039  -0.1260681085  -0.1042431190   0.0147959593  -0.0445048382
        0.0005571782  -0.0116401822  -0.0112531900   0.0237765484   0.0070142089
        0.0047313202  -0.0132274124  -0.0002182178   0.0000729244   0.0003607093
        0.0004209989   0.0007024168  -0.0001480410  -0.0000431658  -0.0000275641
        0.0000268837   0.0000511295  -0.0000298169  -0.0001701170  -0.0005274838
        0.0003868515  -0.0001758996   0.0003848853   0.0005718231   0.0000524240
       -0.0001066187   0.0002768696   0.0001653150   0.0042638923  -0.0170001496
        0.0043715776  -0.0048464628   0.0196650611  -0.0719044035   0.0170348977
        0.0365412008   0.4742029408   0.0435062945   0.0279282926  -0.1475547987
        0.0065206219   0.0000256565  -0.0001025259  -0.0002224507   0.0004110111
       -0.0001278701  -0.0031390934   0.0030363121   0.0004876442  -0.0010593328
        0.0004019063  -0.0011876407   0.0001678762  -0.0002900279   0.0002992765
       -0.0001108766  -0.0001716624  -0.0002313251   0.0000737437  -0.0000667908
        0.0000842515   0.0003650013  -0.0000589630   0.0005860254  -0.0014154473
       -0.0040768514  -0.0021078519  -0.0053788444   0.0257602895  -0.0098378949
       -0.0398741351  -0.1023533342  -0.1698925220  -0.0273832341   0.0003244881
       -0.0463398824   0.0026664345   0.0040185198  -0.0070372409   0.0113961149
        0.0059434505  -0.0260120431  -0.0009909825  -0.0001780659   0.0008175680
       -0.0006416001  -0.0001403735   0.0008578717  -0.0001304180   0.0000085217
       -0.0000087016   0.0000550714  -0.0000653210  -0.0000750098  -0.0001917788
        0.0003176391   0.0000537778  -0.0005586733  -0.0002576791   0.0004934620
       -0.0000888771  -0.0001089141  -0.0000108984   0.0001346794   0.0001055868
       -0.0000528341   0.0037342172  -0.0017070918  -0.0037337610  -0.0902010869
       -0.0153887037   0.0435062945   0.4455574981  -0.0103416961   0.0268339619
       -0.1791381386   0.0053205403  -0.0139925742  -0.0139356295   0.0094728188
       -0.0034653356   0.0000874414  -0.0009851904   0.0006940397  -0.0007151398
       -0.0001809083  -0.0000419548   0.0000447358   0.0002175716  -0.0000661372
        0.0000128031  -0.0000052307  -0.0001227567   0.0000658239  -0.0000877118
       -0.0000155601   0.0000416718  -0.0004189890   0.0001760830   0.0000952497
        0.0001638872  -0.0000709915   0.0003993482   0.0021014546  -0.0011070817
        0.0029944122   0.0015436848  -0.0039092830  -0.0163010957  -0.0086842907
        0.0241545068  -0.0585429105   0.0544520565  -0.0121720323  -0.0624055498
       -0.0344080791  -0.0520376996  -0.0149903170  -0.0013478227  -0.0049799972
       -0.0177250688  -0.0003588409   0.0007504795   0.0002062405   0.0016292025
       -0.0004179005   0.0007204430  -0.0008893826   0.0000905885  -0.0000692849
        0.0000676772  -0.0001642487   0.0000185343  -0.0001616284   0.0001550926
       -0.0001043218   0.0000572598  -0.0001949037   0.0003065262   0.0005293439
        0.0001593597  -0.0106650320  -0.0141809294   0.0239274530  -0.0166732886
       -0.0765798219   0.0279282926  -0.0103416961   0.5155898333   0.0124531061
        0.0062208950  -0.0660613121  -0.0007849353   0.0272006887  -0.0056219568
        0.0039378929  -0.0009419551   0.0025218253  -0.0010757430   0.0005023640
       -0.0003717841  -0.0000649997  -0.0001806012  -0.0001926779   0.0002102641
        0.0000482140  -0.0000953962  -0.0000648084   0.0000062851  -0.0000176459
        0.0000823522  -0.0001614093  -0.0006155847   0.0003047444  -0.0000131631
        0.0000277529   0.0000636408   0.0011045959  -0.0052363446   0.0025347452
        0.0070423811   0.0050093076  -0.0132221108  -0.0012856179   0.0005915999
        0.0002369459   0.0551561644  -0.2417070130   0.0393248722  -0.0353882323
       -0.1106247361  -0.0941422590  -0.0174003711   0.0006406504  -0.0030273740
       -0.0078217672   0.0007810256  -0.0004876684   0.0028591077  -0.0053597750
        0.0016688723   0.0005783651   0.0008200973   0.0003406338   0.0000975157
       -0.0001426652   0.0001265413  -0.0001456470   0.0002389470  -0.0002349142
       -0.0000167763  -0.0003105985  -0.0005328546   0.0001367047   0.0003223693
        0.0000108387   0.0022302465   0.0108860449  -0.0084672884   0.0436670627
        0.0265284047  -0.1475547987   0.0268339619   0.0124531061   0.4876061845
       -0.0150590117  -0.0006677360  -0.0682818714  -0.0064958506   0.0018486419
       -0.0002543943   0.0006361736  -0.0008935738   0.0004749329  -0.0002285456
       -0.0002509910  -0.0009896039  -0.0000425915   0.0004092177   0.0006551042
        0.0001221803   0.0001271555  -0.0000612381  -0.0000783708  -0.0001058120
        0.0001419942  -0.0001602022  -0.0012326727   0.0003448948  -0.0000728812
       -0.0001804961  -0.0000193831  -0.0001794747   0.0012695444   0.0002330437
        0.0113953501   0.0055015862  -0.0269955508   0.0016496908  -0.0004905628
        0.0012853520  -0.0120498273   0.0391677036  -0.0535988943  -0.0526708609
       -0.0937256971  -0.1807111638  -0.0239833749  -0.0005456083  -0.0046496164
        0.0245271881  -0.0006555932   0.0010352053  -0.0007289931   0.0012621681
        0.0002681522   0.0006732134  -0.0005041207   0.0002330695  -0.0001801935
       -0.0000199230  -0.0002542107   0.0000751823  -0.0001925573   0.0000820965
       -0.0001270073   0.0000975001  -0.0000090273  -0.0001715152   0.0001094601
        0.0000725069   0.0005707624   0.0010751927  -0.0013193810  -0.0216247289
       -0.0027567574   0.0065206219  -0.1791381386   0.0062208950  -0.0150590117
        0.4554165807   0.0288695231  -0.0131908237  -0.0728915925   0.0269653092
       -0.0059734804   0.0039305362  -0.0105980653   0.0022626689   0.0002126092
        0.0000677434   0.0000712926   0.0000843330  -0.0000367640   0.0000579093
        0.0000080406   0.0000127474   0.0000155643  -0.0000218037  -0.0000105889
        0.0000599554  -0.0000201527  -0.0002562284  -0.0001847687   0.0000435532
        0.0001205457  -0.0000281187   0.0002196475   0.0002482268  -0.0001351559
        0.0009360342   0.0002011978  -0.0008582544  -0.0009694894  -0.0010769133
        0.0025633366  -0.0119864221   0.0030578938  -0.0022872097  -0.0150230824
       -0.0012901472  -0.0044631019  -0.0624945096  -0.0401704170  -0.0460573485
       -0.0875162796  -0.0313026874   0.0812385441  -0.0111314854   0.0283306228
       -0.0064555408   0.0021515164  -0.0059909666   0.0008094398   0.0002182793
        0.0000288967  -0.0003613598  -0.0006756856  -0.0019162189   0.0027107425
        0.0003843534  -0.0000118203  -0.0000221340  -0.0001769818  -0.0001555680
       -0.0000146493   0.0008590227   0.0005928513  -0.0006737281  -0.0090452756
        0.0007066136   0.0000256565   0.0053205403  -0.0660613121  -0.0006677360
        0.0288695231   0.4708727546   0.0108853441   0.0294050211  -0.1687252331
        0.0194953103  -0.0010570614  -0.0146095090   0.0098408687   0.0001673568
       -0.0001461345  -0.0001257291  -0.0002418464   0.0000847262   0.0000946524
       -0.0000528509   0.0000362468   0.0000551834  -0.0000421635  -0.0000112804
        0.0000468351  -0.0002172950  -0.0001542958  -0.0002901795   0.0000472839
       -0.0001111925   0.0000423292   0.0002111958   0.0002195811  -0.0000675129
        0.0005963667   0.0002470467  -0.0004103127  -0.0013379491  -0.0000366896
        0.0016435893   0.0276364131  -0.0038898866   0.0036174090  -0.0170872070
        0.0000594113  -0.0035128650  -0.0405433755  -0.1247703325  -0.0973499398
       -0.0313353838  -0.0656913199   0.0548305574   0.0036989264  -0.0048963771
        0.0010973074   0.0046325704  -0.0244126866   0.0007421992   0.0001818445
        0.0009931860  -0.0008744640  -0.0008730282  -0.0001287797   0.0015920086
       -0.0000555651   0.0000510561  -0.0000168271   0.0000057917   0.0000077564
       -0.0000504136  -0.0011876626  -0.0008578200   0.0018059287   0.0244846713
       -0.0002665287  -0.0001025259  -0.0139925742  -0.0007849353  -0.0682818714
       -0.0131908237   0.0108853441   0.5166307442  -0.0068450099   0.0202087619
       -0.0713446520  -0.0036532077   0.0238053159  -0.0085874799  -0.0001102115
       -0.0001380913   0.0000856814   0.0000570170   0.0000999696  -0.0000054662
       -0.0000357887  -0.0000561648   0.0000519031  -0.0000036407   0.0000300759
       -0.0000000682   0.0000719556   0.0000273686  -0.0000308112  -0.0000072118
       -0.0000310150  -0.0001215363  -0.0002058429  -0.0002075801   0.0001253130
        0.0008230685   0.0001629032   0.0006758936   0.0030242070   0.0019761190
       -0.0039301396  -0.0051177095   0.0005780003  -0.0002754665  -0.0241038584
       -0.0000679944  -0.0042037053  -0.0468174167  -0.0973147265  -0.1647097676
        0.0819225552   0.0549212374  -0.1969384341  -0.0027191784   0.0051894701
       -0.0005826386   0.0054321995  -0.0216544787   0.0033429043  -0.0001656807
        0.0006892248   0.0005153897   0.0023899165   0.0027467316  -0.0040519543
        0.0000865997  -0.0000548723   0.0001191238   0.0002648781   0.0002058352
        0.0003482666  -0.0200035645  -0.0084584829   0.0223196761   0.0033168290
       -0.0006420620  -0.0002224507  -0.0139356295   0.0272006887  -0.0064958506
       -0.0728915925   0.0294050211  -0.0068450099   0.5052873857   0.0008394297
        0.0159531967  -0.0882025897  -0.0173889934   0.0430502389   0.0000686660
       -0.0000749814  -0.0000029680   0.0000025368   0.0000597997  -0.0000835747
       -0.0000507250   0.0000400363  -0.0000565840   0.0000068794   0.0000182566
       -0.0000581219  -0.0004632429  -0.0001393787   0.0001178816  -0.0001515702
       -0.0001799726   0.0000399494  -0.0059771435   0.0000379033   0.0005701846
       -0.0002047589   0.0002077894   0.0001301658   0.0002835407  -0.0001009566
       -0.0001645483  -0.0060842876   0.0012624961  -0.0006376454   0.0007369994
        0.0005595536   0.0003946013   0.0021104628  -0.0062968861   0.0015400811
        0.0030603366  -0.0109397172   0.0028594383  -0.2565728255   0.0093806139
       -0.0272042726  -0.0569336728  -0.0286699626  -0.0380280632   0.0032790343
        0.0025066780  -0.0038931082   0.0029674541   0.0012221642  -0.0037506069
        0.0002897227  -0.0000532562  -0.0000826307   0.0001433349   0.0002485270
       -0.0000915920  -0.0024698549   0.0011533229  -0.0007563345  -0.0006902314
       -0.0000407878   0.0004110111   0.0094728188  -0.0056219568   0.0018486419
        0.0269653092  -0.1687252331   0.0202087619   0.0008394297   0.4561130066
        0.0347875675  -0.0153741212  -0.0771541043   0.0275695049   0.0000346760
       -0.0000051479  -0.0000633058  -0.0002054438   0.0001024446   0.0000687824
        0.0000092765   0.0000298517  -0.0000776085  -0.0000911013   0.0000397291
       -0.0000074249  -0.0008921265  -0.0001370592  -0.0000123056   0.0000649938
       -0.0002072435   0.0000767129   0.0010303514   0.0006148025  -0.0003387594
        0.0000982004  -0.0001314775  -0.0001026407  -0.0001103707  -0.0000558218
        0.0001187919   0.0006805105   0.0007969861   0.0000162240  -0.0008754370
        0.0007653133  -0.0002056563   0.0050245648  -0.0243268756   0.0011506652
        0.0019399774  -0.0122964518   0.0042709979   0.0083753351  -0.0439282978
       -0.0007926404  -0.0279065676  -0.1191516484  -0.1005411693   0.0060372917
        0.0048832606  -0.0129352036  -0.0123905385  -0.0129118827   0.0254796101
       -0.0003500403  -0.0001881712  -0.0002151806   0.0005275288   0.0002870393
        0.0004766348   0.0070765373  -0.0003022815   0.0010804123  -0.0000410182
        0.0002889343  -0.0001278701  -0.0034653356   0.0039378929  -0.0002543943
       -0.0059734804   0.0194953103  -0.0713446520   0.0159531967   0.0347875675
        0.4760038035   0.0404852114   0.0292233154  -0.1458634171  -0.0001382724
        0.0000196098  -0.0000657478   0.0001690149  -0.0000225437   0.0000007150
        0.0001098792   0.0000805417  -0.0000040416  -0.0001305518  -0.0000080318
        0.0000895495  -0.0009363134  -0.0002008957  -0.0001539012  -0.0001256088
       -0.0000633484  -0.0000060302  -0.0008978901   0.0000666005   0.0008588203
        0.0000188150  -0.0001998286  -0.0001279612   0.0001170461  -0.0000312033
        0.0000249567  -0.0008235699  -0.0000413180   0.0005688660  -0.0003255467
        0.0005593300   0.0000386342   0.0049898360  -0.0216113142   0.0030282389
       -0.0052804278   0.0249247833  -0.0073010692  -0.0274630367  -0.0005296912
       -0.0486458405  -0.0378064058  -0.1011684972  -0.1744660857   0.0110712905
        0.0059677491  -0.0264657208   0.0032391420   0.0047284507  -0.0071287190
        0.0005758811  -0.0011496360  -0.0013737371  -0.0175777788  -0.0046030054
       -0.0060810644  -0.1584003077   0.0065567522  -0.0035119300  -0.0125727268
        0.0090376496  -0.0031390934   0.0000874414  -0.0009419551   0.0006361736
        0.0039305362  -0.0010570614  -0.0036532077  -0.0882025897  -0.0153741212
        0.0404852114   0.4245553245  -0.0047170801   0.0211092386   0.0002288514
       -0.0001685940   0.0000118796  -0.0003680398   0.0001119701  -0.0001305161
        0.0001385100  -0.0000921254  -0.0002528895  -0.0003238418   0.0000863836
       -0.0000107814   0.0005476445   0.0003798518   0.0000908078   0.0010741387
        0.0007267621   0.0006334166  -0.0188733381   0.0003627355   0.0019642860
        0.0003394897  -0.0004572509  -0.0000640009  -0.0000469986   0.0015234702
       -0.0004819125  -0.0000363673  -0.0000683738   0.0000604332  -0.0000121362
        0.0000352566  -0.0001631141   0.0001111337  -0.0001054418   0.0000075577
        0.0004129460   0.0017824656  -0.0007894900  -0.0174488625  -0.0092921766
        0.0248081544   0.0029650778   0.0017377045  -0.0039093793  -0.0645552564
       -0.0363891239  -0.0559175071  -0.0565487314   0.0520749438  -0.0103285353
       -0.0036644474  -0.0025412004  -0.0029138322  -0.0139278053  -0.0000502766
       -0.0008145000   0.0080920657  -0.0635623786   0.0001232974   0.0257021048
       -0.0065850650   0.0030363121  -0.0009851904   0.0025218253  -0.0008935738
       -0.0105980653  -0.0146095090   0.0238053159  -0.0173889934  -0.0771541043
        0.0292233154  -0.0047170801   0.5140946715   0.0167755168   0.0001834084
        0.0003600371   0.0003025322   0.0000981624  -0.0007551115   0.0000007649
        0.0001945777   0.0000234193  -0.0002947754  -0.0011364119   0.0000348965
       -0.0001582501  -0.0001268554   0.0003605052  -0.0000002367  -0.0015679925
        0.0002790684  -0.0003090331  -0.0063104412   0.0012728440   0.0004162584
        0.0005302992   0.0003592831   0.0002533238   0.0019290654  -0.0048512430
        0.0012666700  -0.0000855952   0.0002401435  -0.0001289409   0.0000878725
       -0.0000780322   0.0001464729  -0.0002418162   0.0006505215   0.0007233543
        0.0014067622  -0.0054994188   0.0021608786  -0.0010088778   0.0001968078
        0.0004537625   0.0070640470   0.0048105691  -0.0134845022  -0.0361013240
       -0.1088062996  -0.0938289427   0.0525725306  -0.2407119535   0.0341388121
       -0.0031047738  -0.0026190378  -0.0026545828  -0.0175697696  -0.0001910102
       -0.0015735450  -0.0095859549   0.0009261374  -0.0658064549  -0.0072290426
        0.0018608432   0.0004876442   0.0006940397  -0.0010757430   0.0004749329
        0.0022626689   0.0098408687  -0.0085874799   0.0430502389   0.0275695049
       -0.1458634171   0.0211092386   0.0167755168   0.4805616547   0.0000730081
        0.0000954504   0.0001332479  -0.0000528648  -0.0002984334  -0.0001542683
        0.0000699051  -0.0001987033  -0.0003731400  -0.0011369421  -0.0001108524
        0.0001119835  -0.0000599539   0.0001643866  -0.0000126859  -0.0001709798
        0.0003925003   0.0004323719   0.0260328696  -0.0011275608  -0.0008174996
        0.0003682337  -0.0004401443   0.0001261352  -0.0008081457   0.0012838644
        0.0001681263   0.0000043862  -0.0001438198   0.0000456505  -0.0001334920
        0.0000753037  -0.0002333952  -0.0001825481  -0.0009415806   0.0007775062
       -0.0004922058   0.0013487017   0.0002382540   0.0008321551  -0.0003657015
        0.0005556869   0.0117480764   0.0062536102  -0.0265774470  -0.0554894382
       -0.0924681491  -0.1811819599  -0.0102287089   0.0333940479  -0.0502773187
       -0.0005330651   0.0038537228  -0.0018276984  -0.0001059272  -0.0001346478
        0.0000366061  -0.0000292120  -0.0004275075   0.0004478240  -0.0012597264
        0.0000301853  -0.0010593328  -0.0007151398   0.0005023640  -0.0002285456
        0.0002126092   0.0001673568  -0.0001102115   0.0000686660   0.0000346760
       -0.0001382724   0.0002288514   0.0001834084   0.0000730081   0.0057456750
        0.0027986809  -0.0000977575  -0.0016424470  -0.0073772545   0.0037375409
       -0.0005204444  -0.0001465964   0.0002013706  -0.0005647860  -0.0002796719
       -0.0000705342   0.0004672219  -0.0004512205  -0.0002250065   0.0001921231
        0.0002828824  -0.0001058381   0.0002156813   0.0000581446  -0.0001631654
       -0.0004883338  -0.0001369777  -0.0002282723  -0.0010191617  -0.0001950979
        0.0012981938  -0.0000765575   0.0004511305  -0.0000359418   0.0004560151
       -0.0004549173  -0.0006845080  -0.0003068229   0.0001229135  -0.0002093564
       -0.0003534708   0.0002174917  -0.0000049896  -0.0002650130   0.0003452647
       -0.0002263774   0.0001153228   0.0001284645  -0.0001253330   0.0001181792
        0.0000699876  -0.0001285083   0.0000597625   0.0003572180  -0.0001248943
        0.0058992695  -0.0092493910   0.0051405744  -0.0018807912  -0.0004415430
        0.0001652520   0.0000331268  -0.0002866229  -0.0004612910   0.0000625610
        0.0004196737   0.0004019063  -0.0001809083  -0.0003717841  -0.0002509910
        0.0000677434  -0.0001461345  -0.0001380913  -0.0000749814  -0.0000051479
        0.0000196098  -0.0001685940   0.0003600371   0.0000954504   0.0027986809
       -0.0045571564   0.0038091276  -0.0081863464   0.0138132367  -0.0091180477
        0.0002146688  -0.0001464731  -0.0008683117   0.0002716190   0.0008601295
        0.0003681282  -0.0003944831  -0.0000323270   0.0001501734   0.0005491770
       -0.0001126571   0.0002687196  -0.0000564243   0.0002560928   0.0000109894
        0.0002337272   0.0002224779   0.0002169028   0.0003024641  -0.0015106475
       -0.0000294002   0.0004087651   0.0005292732  -0.0002050490  -0.0001437527
       -0.0004692978   0.0002493219  -0.0000383500   0.0001404679  -0.0000161755
        0.0000215953   0.0000278747  -0.0002419969   0.0001591693   0.0001397003
        0.0000438898  -0.0000378721   0.0000680862   0.0001680142   0.0001450518
        0.0002855397   0.0001729246  -0.0000051157   0.0002065927   0.0000483701
       -0.0024893263   0.0047426616  -0.0011739441   0.0005176800   0.0002094477
       -0.0003939030  -0.0001618328  -0.0003977527   0.0002957277  -0.0006676326
        0.0003590397  -0.0011876407  -0.0000419548  -0.0000649997  -0.0009896039
        0.0000712926  -0.0001257291   0.0000856814  -0.0000029680  -0.0000633058
       -0.0000657478   0.0000118796   0.0003025322   0.0001332479  -0.0000977575
        0.0038091276   0.0024903309   0.0039718893  -0.0087559893  -0.0002517933
       -0.0001017599  -0.0004895488   0.0004886591  -0.0001359829  -0.0000842750
       -0.0005735221   0.0000295577  -0.0000527833   0.0002244086  -0.0001501835
        0.0001742678   0.0003440560  -0.0000893880   0.0001450789   0.0002977621
       -0.0003109163   0.0002467472  -0.0002045242   0.0001762299  -0.0000933122
        0.0002285945   0.0000580459  -0.0003419287  -0.0006382998  -0.0001109261
        0.0001951212  -0.0000243456   0.0000885236   0.0000742767  -0.0001567961
       -0.0001908492  -0.0002647556   0.0000432381  -0.0000684471  -0.0000633769
        0.0002760629   0.0001001769  -0.0000638965   0.0002711558  -0.0001472850
        0.0002796319   0.0001832797  -0.0002580657   0.0003237211   0.0002979159
       -0.0728637960   0.0847533709  -0.0351365006  -0.0123153062   0.0203770680
       -0.0074863467  -0.0001368526  -0.0000980049  -0.0009079524  -0.0002155687
        0.0007500885   0.0001678762   0.0000447358  -0.0001806012  -0.0000425915
        0.0000843330  -0.0002418464   0.0000570170   0.0000025368  -0.0002054438
        0.0001690149  -0.0003680398   0.0000981624  -0.0000528648  -0.0016424470
       -0.0081863464   0.0039718893   0.0780831136  -0.0820931610   0.0324055549
        0.0062189758  -0.0071647023   0.0024373635   0.0061299642  -0.0060221207
        0.0031483406  -0.0002407735   0.0003676715  -0.0000005262  -0.0054643675
        0.0000557730   0.0000004564  -0.0003283808   0.0001639043   0.0000411945
        0.0006367216   0.0001922039   0.0002330197   0.0012484401  -0.0013719538
       -0.0004459817   0.0005138926   0.0002487541   0.0000639042  -0.0000356829
       -0.0002716791   0.0005970195   0.0002662037  -0.0001638519   0.0001590842
        0.0003909076  -0.0002122843  -0.0000181626   0.0001954908  -0.0002919248
        0.0001701286  -0.0001157899  -0.0001106275   0.0001492807   0.0000074517
       -0.0001068136   0.0002014438  -0.0000957624  -0.0002856348   0.0001183385
        0.0805155909  -0.2353268303   0.0826828600   0.0074117311   0.0023979211
       -0.0008877696  -0.0001031951   0.0010461236   0.0007685202  -0.0016940168
        0.0003726396  -0.0002900279   0.0002175716  -0.0001926779   0.0004092177
       -0.0000367640   0.0000847262   0.0000999696   0.0000597997   0.0001024446
       -0.0000225437   0.0001119701  -0.0007551115  -0.0002984334  -0.0073772545
        0.0138132367  -0.0087559893  -0.0820931610   0.2438247240  -0.0826979983
       -0.0002752065  -0.0023455610   0.0072763037   0.0047200851  -0.0234426630
        0.0033233260  -0.0000238256   0.0011753470  -0.0000088058  -0.0015584557
        0.0010204074  -0.0006391820   0.0000170056  -0.0003879976  -0.0001585792
       -0.0000385800  -0.0003221176  -0.0000612840   0.0007518988  -0.0001785291
       -0.0008013800  -0.0002530155  -0.0004539949   0.0002356969  -0.0001794078
        0.0005261360   0.0000484274   0.0000425325  -0.0001483300   0.0000740304
       -0.0000143464   0.0000006399   0.0001796348  -0.0000525584  -0.0001770246
        0.0000051418   0.0000769817  -0.0000651922  -0.0002059055  -0.0002813555
       -0.0002441219  -0.0002418100   0.0000559758  -0.0003241947  -0.0000334199
       -0.0344844887   0.0838376714  -0.0757387555  -0.0026016705  -0.0005946630
        0.0006978165   0.0001638427   0.0000392108  -0.0001481145  -0.0005546319
        0.0003313649   0.0002992765  -0.0000661372   0.0002102641   0.0006551042
        0.0000579093   0.0000946524  -0.0000054662  -0.0000835747   0.0000687824
        0.0000007150  -0.0001305161   0.0000007649  -0.0001542683   0.0037375409
       -0.0091180477  -0.0002517933   0.0324055549  -0.0826979983   0.0790837861
       -0.0070033439   0.0240769004  -0.0131532170   0.0051832145  -0.0136158370
        0.0079240025   0.0008659767  -0.0005527277   0.0001389186   0.0010469413
       -0.0003581320   0.0005192444   0.0000218858  -0.0001026360  -0.0006737926
        0.0004267096  -0.0002892406   0.0002878026   0.0002681615  -0.0017850843
        0.0008630780   0.0001634116   0.0003773372   0.0004447613   0.0002270236
        0.0001245257  -0.0000624372  -0.0000510985  -0.0000588554   0.0002481811
        0.0000495758   0.0003426977   0.0000967770   0.0001350818   0.0000749148
       -0.0002676417  -0.0000778193   0.0001800098  -0.0002846506   0.0001733843
       -0.0003334468  -0.0000547028   0.0001270663  -0.0002524277  -0.0004646242
       -0.0812885475  -0.0131764291   0.0964218086  -0.0139350041  -0.0036897200
        0.0263232749   0.0007910798   0.0000737908   0.0006135770   0.0000540072
        0.0000060980  -0.0001108766   0.0000128031   0.0000482140   0.0001221803
        0.0000080406  -0.0000528509  -0.0000357887  -0.0000507250   0.0000092765
        0.0001098792   0.0001385100   0.0001945777   0.0000699051  -0.0005204444
        0.0002146688  -0.0001017599   0.0062189758  -0.0002752065  -0.0070033439
        0.0884344879   0.0156077167  -0.1078208774   0.0057136953   0.0010601573
       -0.0076761179  -0.0063903301   0.0003994648  -0.0000089866   0.0002465637
       -0.0000648865   0.0004253157  -0.0001323367  -0.0002328842  -0.0012130421
        0.0000698255   0.0000745642   0.0000228033   0.0002534286  -0.0001601464
        0.0000926571   0.0001046520   0.0000982888  -0.0000804328  -0.0000106424
       -0.0000670010  -0.0000548921   0.0000241542  -0.0000263873   0.0000171822
        0.0001076783   0.0000271519  -0.0000538486   0.0000986844  -0.0000238727
       -0.0000529378  -0.0000030237  -0.0000621699  -0.0000836956   0.0000934239
       -0.0000037305   0.0000458074  -0.0000389564   0.0000213155   0.0000322093
       -0.0148352657  -0.0491080682   0.0362104490  -0.0009108475   0.0003621875
        0.0006064037   0.0001363936   0.0005044293   0.0010364916  -0.0000869815
        0.0000620048  -0.0001716624  -0.0000052307  -0.0000953962   0.0001271555
        0.0000127474   0.0000362468  -0.0000561648   0.0000400363   0.0000298517
        0.0000805417  -0.0000921254   0.0000234193  -0.0001987033  -0.0001465964
       -0.0001464731  -0.0004895488  -0.0071647023  -0.0023455610   0.0240769004
        0.0156077167   0.0474733857  -0.0370711761   0.0069288266   0.0029247749
       -0.0231281431  -0.0003979046   0.0008403393  -0.0000614404   0.0007510924
        0.0000353101  -0.0005428888  -0.0001242828   0.0002817737  -0.0005637526
       -0.0000552741  -0.0001509602   0.0000187004   0.0000520738  -0.0007132283
        0.0002686066  -0.0000146259   0.0000244876   0.0000265567   0.0000833653
        0.0000513930  -0.0000680079  -0.0000189786  -0.0000137341   0.0000261765
        0.0000431206   0.0000389149  -0.0000024920   0.0000910971   0.0000389186
       -0.0000310654   0.0000195741  -0.0000104205  -0.0000614719  -0.0000372480
       -0.0000139916  -0.0000460799   0.0001240196  -0.0001296039   0.0000146152
        0.0944310140   0.0314082044  -0.2993066892   0.0066870427   0.0001471247
        0.0003475086  -0.0008709468   0.0002074723   0.0021770629   0.0000023816
       -0.0002076624  -0.0002313251  -0.0001227567  -0.0000648084  -0.0000612381
        0.0000155643   0.0000551834   0.0000519031  -0.0000565840  -0.0000776085
       -0.0000040416  -0.0002528895  -0.0002947754  -0.0003731400   0.0002013706
       -0.0008683117   0.0004886591   0.0024373635   0.0072763037  -0.0131532170
       -0.1078208774  -0.0370711761   0.3305425711   0.0054055735  -0.0008963330
       -0.0215101780   0.0002316308  -0.0005162123   0.0010096284  -0.0006584377
        0.0001910318   0.0004109635   0.0006620369   0.0005068850  -0.0004687994
       -0.0001193306  -0.0001793529  -0.0000605834  -0.0000354313   0.0003064485
        0.0000399891   0.0000582939   0.0000298530   0.0000686323   0.0000492725
        0.0000387105  -0.0000734693  -0.0000135972  -0.0000070745   0.0000519594
       -0.0000193963   0.0000262571   0.0000938302   0.0000060660   0.0000461095
        0.0000250585   0.0000363027   0.0000387375  -0.0000397856  -0.0002299903
       -0.0000992002  -0.0000289398  -0.0000236753   0.0000041939   0.0000036402
       -0.0757881495  -0.0710603773  -0.0541395563  -0.0116955968  -0.0191072070
       -0.0150400407  -0.0061987518   0.0003033652   0.0002749572   0.0001037045
        0.0003728912   0.0000737437   0.0000658239   0.0000062851  -0.0000783708
       -0.0000218037  -0.0000421635  -0.0000036407   0.0000068794  -0.0000911013
       -0.0001305518  -0.0003238418  -0.0011364119  -0.0011369421  -0.0005647860
        0.0002716190  -0.0001359829   0.0061299642   0.0047200851   0.0051832145
        0.0057136953   0.0069288266   0.0054055735   0.0826358782   0.0792780527
        0.0596053180  -0.0003612530  -0.0005882184   0.0000232594   0.0001187372
       -0.0002191899  -0.0005435195   0.0000246847   0.0002192125   0.0003419624
        0.0001473202   0.0001776919   0.0001198450   0.0002028611   0.0000507325
        0.0000483753   0.0000731484   0.0001028212   0.0000024585  -0.0000418372
       -0.0000712693   0.0000792769   0.0000842975   0.0000290463   0.0000224711
        0.0000687270  -0.0000505533  -0.0000342319   0.0000315877  -0.0000657221
        0.0000075398  -0.0000628869  -0.0000126971   0.0000561198  -0.0004175189
        0.0000281481   0.0000291961   0.0000691161  -0.0000438663  -0.0000304743
       -0.0720770090  -0.2048593112  -0.1272709954  -0.0026966271  -0.0002034071
       -0.0002051516  -0.0001087321   0.0005263343   0.0002250830   0.0000563318
        0.0002213460  -0.0000667908  -0.0000877118  -0.0000176459  -0.0001058120
       -0.0000105889  -0.0000112804   0.0000300759   0.0000182566   0.0000397291
       -0.0000080318   0.0000863836   0.0000348965  -0.0001108524  -0.0002796719
        0.0008601295  -0.0000842750  -0.0060221207  -0.0234426630  -0.0136158370
        0.0010601573   0.0029247749  -0.0008963330   0.0792780527   0.2231371048
        0.1411025761  -0.0000051878   0.0000915280  -0.0000420239   0.0011830429
        0.0005950285   0.0005271847  -0.0000288107  -0.0000090855   0.0003463019
       -0.0000495105   0.0001250318   0.0001198769  -0.0002655121  -0.0001373603
       -0.0001785011  -0.0000590171   0.0000063971  -0.0000113944  -0.0000593474
       -0.0000763199   0.0000510856   0.0000178085   0.0000452657   0.0000289101
       -0.0000376717   0.0000301247  -0.0000187222   0.0000920658   0.0000252029
        0.0000491938  -0.0000216166   0.0000260576   0.0000243314  -0.0000285983
        0.0001164253   0.0000817818   0.0000456345  -0.0000483034   0.0000283195
       -0.0529491238  -0.1222428608  -0.1422444796  -0.0026508082  -0.0000021003
        0.0000454362  -0.0004982311   0.0001302524   0.0002839920   0.0000736894
        0.0000809499   0.0000842515  -0.0000155601   0.0000823522   0.0001419942
        0.0000599554   0.0000468351  -0.0000000682  -0.0000581219  -0.0000074249
        0.0000895495  -0.0000107814  -0.0001582501   0.0001119835  -0.0000705342
        0.0003681282  -0.0005735221   0.0031483406   0.0033233260   0.0079240025
       -0.0076761179  -0.0231281431  -0.0215101780   0.0596053180   0.1411025761
        0.1546227704   0.0008465365   0.0002996141   0.0003126558   0.0001184657
       -0.0000799824   0.0002381401  -0.0000082644  -0.0000187749   0.0001159194
       -0.0000023383   0.0000367881   0.0000821689  -0.0000661403  -0.0001024452
        0.0000081694   0.0000596248   0.0001367590   0.0000848892   0.0000594314
        0.0000335352  -0.0000410294  -0.0000161319   0.0000119469   0.0000904959
        0.0000320234   0.0000868077   0.0001135126   0.0000657537   0.0000694672
        0.0000212833   0.0000164348   0.0000272090  -0.0000200861  -0.0000313895
       -0.0000405491   0.0000607228  -0.0000320307  -0.0000560166  -0.0000425738
       -0.0194242805  -0.0066645485   0.0288422709  -0.0653753360  -0.0118053410
        0.0685694304   0.0034826999   0.0016451135  -0.0078929351   0.0001258528
        0.0002806115   0.0003650013   0.0000416718  -0.0001614093  -0.0001602022
       -0.0000201527  -0.0002172950   0.0000719556  -0.0004632429  -0.0008921265
       -0.0009363134   0.0005476445  -0.0001268554  -0.0000599539   0.0004672219
       -0.0003944831   0.0000295577  -0.0002407735  -0.0000238256   0.0008659767
       -0.0063903301  -0.0003979046   0.0002316308  -0.0003612530  -0.0000051878
        0.0008465365   0.0843669380   0.0178856737  -0.0830137087   0.0050247870
        0.0023882709  -0.0073598164  -0.0003356804  -0.0017705273  -0.0017482663
       -0.0000256790   0.0000265513   0.0000368939  -0.0001682453   0.0000249509
        0.0001400517   0.0000055663   0.0000672407   0.0000510809   0.0005659804
        0.0000141522   0.0000633476  -0.0000418830   0.0001247276   0.0000189523
       -0.0000704779  -0.0000998200   0.0000395322   0.0000262675   0.0002040402
        0.0002648254  -0.0017122278  -0.0001815928   0.0006516377  -0.0000481636
        0.0000341324   0.0001667206   0.0000230956   0.0000454524  -0.0000842062
       -0.0005847529   0.0002823022  -0.0003933284  -0.0142560110  -0.0525703941
        0.0423546830   0.0051305022   0.0039602155  -0.0182372951   0.0001978474
        0.0009802668  -0.0000589630  -0.0004189890  -0.0006155847  -0.0012326727
       -0.0002562284  -0.0001542958   0.0000273686  -0.0001393787  -0.0001370592
       -0.0002008957   0.0003798518   0.0003605052   0.0001643866  -0.0004512205
       -0.0000323270  -0.0000527833   0.0003676715   0.0011753470  -0.0005527277
        0.0003994648   0.0008403393  -0.0005162123  -0.0005882184   0.0000915280
        0.0002996141   0.0178856737   0.0590649730  -0.0497731011  -0.0067097001
       -0.0100473332   0.0294834528  -0.0012000139  -0.0022200320  -0.0037196344
        0.0000569034   0.0001227219   0.0002366031   0.0001499325  -0.0000120461
       -0.0000705247   0.0002829097   0.0002420634   0.0002810365   0.0001189782
       -0.0012340954   0.0014265268   0.0002034660  -0.0000628161   0.0000984750
       -0.0000106141  -0.0001359124   0.0000240183   0.0001298763  -0.0000952156
        0.0000932956  -0.0005217077   0.0004868098   0.0001017445  -0.0000693688
       -0.0000406913   0.0000713866  -0.0000968740  -0.0002492693   0.0001455467
        0.0026942438   0.0004405137  -0.0008518322   0.0750986763   0.0438621617
       -0.2414770831   0.0035562196  -0.0006912779  -0.0233924296   0.0002430434
        0.0006920638   0.0005860254   0.0001760830   0.0003047444   0.0003448948
       -0.0001847687  -0.0002901795  -0.0000308112   0.0001178816  -0.0000123056
       -0.0001539012   0.0000908078  -0.0000002367  -0.0000126859  -0.0002250065
        0.0001501734   0.0002244086  -0.0000005262  -0.0000088058   0.0001389186
       -0.0000089866  -0.0000614404   0.0010096284   0.0000232594  -0.0000420239
        0.0003126558  -0.0830137087  -0.0497731011   0.2770670376   0.0025655834
        0.0070614533  -0.0122500706  -0.0015013981  -0.0031637863  -0.0029750067
        0.0001603832   0.0003533867   0.0001712782   0.0000878398  -0.0000653868
       -0.0000757207  -0.0001011882   0.0001696964   0.0000655565  -0.0000094240
        0.0002477517   0.0006164847   0.0000401481   0.0001187188   0.0000167784
        0.0000073052   0.0001213532  -0.0000111073   0.0001753062   0.0001288412
        0.0000012183  -0.0002966780   0.0001850733   0.0008782063   0.0002648979
        0.0001856158   0.0001422776   0.0000400062   0.0000869967  -0.0003447208
       -0.0237546920   0.0293862308  -0.0101545716  -0.0654395774   0.0661792606
       -0.0165953759   0.0024774489  -0.0072734880   0.0018410086  -0.0003201008
       -0.0012090293  -0.0014154473   0.0000952497  -0.0000131631  -0.0000728812
        0.0000435532   0.0000472839  -0.0000072118  -0.0001515702   0.0000649938
       -0.0001256088   0.0010741387  -0.0015679925  -0.0001709798   0.0001921231
        0.0005491770  -0.0001501835  -0.0054643675  -0.0015584557   0.0010469413
        0.0002465637   0.0007510924  -0.0006584377   0.0001187372   0.0011830429
        0.0001184657   0.0050247870  -0.0067097001   0.0025655834   0.0867443698
       -0.0799043589   0.0241616940   0.0001744765   0.0002405649   0.0003133395
        0.0001307441  -0.0005657214   0.0000843912  -0.0001902339   0.0000590635
       -0.0000055946  -0.0000619092  -0.0000104346  -0.0000255328  -0.0000898420
        0.0001389161  -0.0001170532   0.0000083646   0.0000602018  -0.0000337978
       -0.0000247111   0.0000428762  -0.0000541716  -0.0001037719  -0.0000481425
       -0.0000506516   0.0000658513  -0.0000660097   0.0000803286  -0.0001830517
        0.0000875993   0.0000099140  -0.0006125801   0.0001361924  -0.0005841669
        0.0034669410  -0.0008488604   0.0007561670   0.0717905300  -0.2278498290
        0.0553293850   0.0034485133  -0.0253454590   0.0019883035  -0.0016969388
       -0.0023375763  -0.0040768514   0.0001638872   0.0000277529  -0.0001804961
        0.0001205457  -0.0001111925  -0.0000310150  -0.0001799726  -0.0002072435
       -0.0000633484   0.0007267621   0.0002790684   0.0003925003   0.0002828824
       -0.0001126571   0.0001742678   0.0000557730   0.0010204074  -0.0003581320
       -0.0000648865   0.0000353101   0.0001910318  -0.0002191899   0.0005950285
       -0.0000799824   0.0023882709  -0.0100473332   0.0070614533  -0.0799043589
        0.2638099729  -0.0615914690   0.0003226598   0.0007179671   0.0004648210
        0.0003275037  -0.0012013259   0.0002463775  -0.0003598846   0.0004096795
       -0.0000907533  -0.0000016667   0.0001926791  -0.0000929855   0.0000750678
        0.0000185331  -0.0001424217   0.0000401494   0.0001023498  -0.0000318322
        0.0000079129   0.0000402575  -0.0000648188   0.0000438397   0.0000435546
        0.0000014572  -0.0001298605  -0.0001323367   0.0004067756   0.0002609521
        0.0003203594   0.0001799337  -0.0009654324   0.0005808932  -0.0003883681
       -0.0017548745   0.0001189919   0.0007196685  -0.0182643889   0.0535243523
       -0.0601608346   0.0037865301  -0.0180060373   0.0039982196  -0.0013755815
       -0.0020027517  -0.0021078519  -0.0000709915   0.0000636408  -0.0000193831
       -0.0000281187   0.0000423292  -0.0001215363   0.0000399494   0.0000767129
       -0.0000060302   0.0006334166  -0.0003090331   0.0004323719  -0.0001058381
        0.0002687196   0.0003440560   0.0000004564  -0.0006391820   0.0005192444
        0.0004253157  -0.0005428888   0.0004109635  -0.0005435195   0.0005271847
        0.0002381401  -0.0073598164   0.0294834528  -0.0122500706   0.0241616940
       -0.0615914690   0.0675324577   0.0003144605  -0.0003558425   0.0005199157
        0.0002549873  -0.0009532633   0.0001272349   0.0000165738   0.0000578864
       -0.0001816119  -0.0000103560   0.0000790833   0.0001325409  -0.0000115563
       -0.0000512518   0.0001381103   0.0000831205  -0.0000362436  -0.0000131575
       -0.0000274410  -0.0000141151   0.0000146209   0.0000303766   0.0000528519
       -0.0000822235   0.0000353840   0.0001989485  -0.0001912523   0.0001534571
       -0.0000642993  -0.0000660784  -0.0003832395   0.0000722230   0.0000724857
        0.0016406031   0.0000025322  -0.0016190636   0.0021590175  -0.0000317327
       -0.0093020495  -0.0717241005  -0.0154034198   0.0714301808   0.0032440056
        0.0020056807  -0.0053788444   0.0003993482   0.0011045959  -0.0001794747
        0.0002196475   0.0002111958  -0.0002058429  -0.0059771435   0.0010303514
       -0.0008978901  -0.0188733381  -0.0063104412   0.0260328696   0.0002156813
       -0.0000564243  -0.0000893880  -0.0003283808   0.0000170056   0.0000218858
       -0.0001323367  -0.0001242828   0.0006620369   0.0000246847  -0.0000288107
       -0.0000082644  -0.0003356804  -0.0012000139  -0.0015013981   0.0001744765
        0.0003226598   0.0003144605   0.0887953985   0.0195671638  -0.0805078886
        0.0001505040  -0.0005102788  -0.0000337124   0.0001569706   0.0001008662
       -0.0003186165   0.0001450918   0.0001497965  -0.0002691463  -0.0000636738
       -0.0000518584  -0.0000416983  -0.0000408945   0.0000066436   0.0000047941
        0.0001040656   0.0000601228  -0.0000721899  -0.0008521860  -0.0005439644
        0.0013407430   0.0000498146   0.0000011653  -0.0002724588   0.0004822337
       -0.0003785861   0.0006449896   0.0003661911   0.0000600332   0.0002459660
        0.0008099184   0.0004045871   0.0000254254   0.0054136463   0.0010911953
       -0.0216860635  -0.0161170890  -0.0500035455   0.0365331890  -0.0090430793
       -0.0119961932   0.0257602895   0.0021014546  -0.0052363446   0.0012695444
        0.0002482268   0.0002195811  -0.0002075801   0.0000379033   0.0006148025
        0.0000666005   0.0003627355   0.0012728440  -0.0011275608   0.0000581446
        0.0002560928   0.0001450789   0.0001639043  -0.0003879976  -0.0001026360
       -0.0002328842   0.0002817737   0.0005068850   0.0002192125  -0.0000090855
       -0.0000187749  -0.0017705273  -0.0022200320  -0.0031637863   0.0002405649
        0.0007179671  -0.0003558425   0.0195671638   0.0648416469  -0.0392061904
       -0.0005880511   0.0001768073   0.0005771421  -0.0002211247   0.0003149407
        0.0000676404  -0.0007936499  -0.0004829866   0.0012604489   0.0000004891
       -0.0000207780  -0.0002376282  -0.0000017751   0.0000092015   0.0000432093
        0.0000189018   0.0000766743  -0.0000330911   0.0000508142   0.0000683330
       -0.0000487696  -0.0000418976  -0.0000744914  -0.0000105489  -0.0006152353
        0.0000391255   0.0002165290   0.0001322335   0.0000458817  -0.0002735101
        0.0005347486   0.0007189375   0.0014905664   0.0066473840  -0.0012172273
       -0.0282643162   0.0711532925   0.0355753683  -0.2098868563   0.0037364453
        0.0059429725  -0.0098378949  -0.0011070817   0.0025347452   0.0002330437
       -0.0001351559  -0.0000675129   0.0001253130   0.0005701846  -0.0003387594
        0.0008588203   0.0019642860   0.0004162584  -0.0008174996  -0.0001631654
        0.0000109894   0.0002977621   0.0000411945  -0.0001585792  -0.0006737926
       -0.0012130421  -0.0005637526  -0.0004687994   0.0003419624   0.0003463019
        0.0001159194  -0.0017482663  -0.0037196344  -0.0029750067   0.0003133395
        0.0004648210   0.0005199157  -0.0805078886  -0.0392061904   0.2472701967
        0.0000849536  -0.0005357246   0.0008870425  -0.0001179409  -0.0001245904
       -0.0001342847   0.0003977598   0.0001926694  -0.0005301772  -0.0000208167
       -0.0001033234   0.0003546374   0.0000221309   0.0000565370   0.0000573597
       -0.0000878206  -0.0001098753   0.0001682655   0.0000099051   0.0000817478
       -0.0000794356  -0.0001507917   0.0000523028   0.0003019977  -0.0006004466
        0.0000784645   0.0008935632   0.0000348297  -0.0003269457   0.0000936598
       -0.0001192846  -0.0003197150  -0.0002539449  -0.0001751391   0.0010203343
       -0.0005009897   0.0016353360   0.0053169276   0.0053161574  -0.0573126519
       -0.0323583039  -0.0398741351   0.0029944122   0.0070423811   0.0113953501
        0.0009360342   0.0005963667   0.0008230685  -0.0002047589   0.0000982004
        0.0000188150   0.0003394897   0.0005302992   0.0003682337  -0.0004883338
        0.0002337272  -0.0003109163   0.0006367216  -0.0000385800   0.0004267096
        0.0000698255  -0.0000552741  -0.0001193306   0.0001473202  -0.0000495105
       -0.0000023383  -0.0000256790   0.0000569034   0.0001603832   0.0001307441
        0.0003275037   0.0002549873   0.0001505040  -0.0005880511   0.0000849536
        0.0652578324   0.0378031809   0.0464788879  -0.0130454703  -0.0194298180
       -0.0260731277   0.0003013317   0.0002790091  -0.0004799021  -0.0006817427
       -0.0005106199   0.0025945743  -0.0002779912  -0.0002417461   0.0000183341
       -0.0000090795   0.0000051804  -0.0001184054   0.0000302701   0.0000589725
        0.0000576446  -0.0000024849  -0.0000611286  -0.0000648917  -0.0002393335
        0.0003672021  -0.0001699504  -0.0000478723  -0.0000834415  -0.0000301672
        0.0000445879   0.0003023841   0.0002862380   0.0018456018  -0.0061653139
        0.0010518109  -0.0065851495  -0.0219159730  -0.0199104490  -0.0309140994
       -0.1260681085  -0.1023533342   0.0015436848   0.0050093076   0.0055015862
        0.0002011978   0.0002470467   0.0001629032   0.0002077894  -0.0001314775
       -0.0001998286  -0.0004572509   0.0003592831  -0.0004401443  -0.0001369777
        0.0002224779   0.0002467472   0.0001922039  -0.0003221176  -0.0002892406
        0.0000745642  -0.0001509602  -0.0001793529   0.0001776919   0.0001250318
        0.0000367881   0.0000265513   0.0001227219   0.0003533867  -0.0005657214
       -0.0012013259  -0.0009532633  -0.0005102788   0.0001768073  -0.0005357246
        0.0378031809   0.1471386496   0.1164305240  -0.0022125498   0.0005964053
       -0.0022928227   0.0000001607   0.0006267734   0.0005399801  -0.0010175172
        0.0004767763   0.0017818981   0.0001102957   0.0001966370  -0.0000339593
       -0.0000367285   0.0000039205   0.0001503585  -0.0000270442   0.0000505720
        0.0000243230  -0.0000510018   0.0000291755   0.0001887037   0.0005237894
       -0.0000289369   0.0003191341  -0.0002369803   0.0003002437   0.0001137378
       -0.0000057087  -0.0000083463  -0.0001740937  -0.0004096576   0.0010779078
        0.0005741711   0.0007295201   0.0021296191   0.0029124502  -0.0403396464
       -0.1042431190  -0.1698925220  -0.0039092830  -0.0132221108  -0.0269955508
       -0.0008582544  -0.0004103127   0.0006758936   0.0001301658  -0.0001026407
       -0.0001279612  -0.0000640009   0.0002533238   0.0001261352  -0.0002282723
        0.0002169028  -0.0002045242   0.0002330197  -0.0000612840   0.0002878026
        0.0000228033   0.0000187004  -0.0000605834   0.0001198450   0.0001198769
        0.0000821689   0.0000368939   0.0002366031   0.0001712782   0.0000843912
        0.0002463775   0.0001272349  -0.0000337124   0.0005771421   0.0008870425
        0.0464788879   0.1164305240   0.2009524560  -0.0053579332  -0.0054322832
       -0.0056632271  -0.0002504568  -0.0003600691   0.0002939343   0.0032511619
        0.0016557431  -0.0051790786   0.0006904885   0.0002953409   0.0003333338
       -0.0003167127   0.0000509756   0.0002781718   0.0000095223   0.0000057085
        0.0000692383  -0.0000552083   0.0002213342   0.0001185899   0.0000578563
        0.0000985263   0.0003543678  -0.0000157090   0.0002055597   0.0000532719
       -0.0000361925  -0.0020095351  -0.0003131534  -0.0002603079  -0.0005245042
        0.0000285749  -0.0097899690   0.0044078680  -0.0023499432  -0.2644539282
        0.0147959593  -0.0273832341  -0.0163010957  -0.0012856179   0.0016496908
       -0.0009694894  -0.0013379491   0.0030242070   0.0002835407  -0.0001103707
        0.0001170461  -0.0000469986   0.0019290654  -0.0008081457  -0.0010191617
        0.0003024641   0.0001762299   0.0012484401   0.0007518988   0.0002681615
        0.0002534286   0.0000520738  -0.0000354313   0.0002028611  -0.0002655121
       -0.0000661403  -0.0001682453   0.0001499325   0.0000878398  -0.0001902339
       -0.0003598846   0.0000165738   0.0001569706  -0.0002211247  -0.0001179409
       -0.0130454703  -0.0022125498  -0.0053579332   0.3037131737  -0.0142587753
        0.0309822207   0.0002890958  -0.0001700830  -0.0001669376   0.0005187681
        0.0002231476  -0.0004417101   0.0002971018   0.0001359489   0.0002388840
       -0.0006637289   0.0001567494  -0.0000133030   0.0003212326  -0.0000752257
        0.0000723756  -0.0000075192  -0.0000555788   0.0000230403   0.0001114288
        0.0000484120   0.0002518056  -0.0004437012  -0.0000668085   0.0001172229
       -0.0001659070  -0.0018231840   0.0000685541   0.0004516999   0.0006519754
       -0.0001731139   0.0272945754  -0.0059719769   0.0046275172   0.0154499309
       -0.0445048382   0.0003244881  -0.0086842907   0.0005915999  -0.0004905628
       -0.0010769133  -0.0000366896   0.0019761190  -0.0001009566  -0.0000558218
       -0.0000312033   0.0015234702  -0.0048512430   0.0012838644  -0.0001950979
       -0.0015106475  -0.0000933122  -0.0013719538  -0.0001785291  -0.0017850843
       -0.0001601464  -0.0007132283   0.0003064485   0.0000507325  -0.0001373603
       -0.0001024452   0.0000249509  -0.0000120461  -0.0000653868   0.0000590635
        0.0004096795   0.0000578864   0.0001008662   0.0003149407  -0.0001245904
       -0.0194298180   0.0005964053  -0.0054322832  -0.0142587753   0.0572029180
       -0.0008001613  -0.0006031791  -0.0000323100   0.0001821580   0.0002742473
        0.0002750744  -0.0002016985   0.0001950652   0.0000331773   0.0001524357
       -0.0007210274   0.0001506639   0.0002317879  -0.0000786042   0.0000809356
       -0.0000138355   0.0000321888   0.0000503459   0.0000116069  -0.0000659104
       -0.0001772699   0.0000029154   0.0014557895  -0.0003525711   0.0000878958
       -0.0001083953  -0.0007674193  -0.0002358160   0.0003566686  -0.0002217691
        0.0003036589  -0.0063003236   0.0012251792  -0.0007294899  -0.0276304001
        0.0005571782  -0.0463398824   0.0241545068   0.0002369459   0.0012853520
        0.0025633366   0.0016435893  -0.0039301396  -0.0001645483   0.0001187919
        0.0000249567  -0.0004819125   0.0012666700   0.0001681263   0.0012981938
       -0.0000294002   0.0002285945  -0.0004459817  -0.0008013800   0.0008630780
        0.0000926571   0.0002686066   0.0000399891   0.0000483753  -0.0001785011
        0.0000081694   0.0001400517  -0.0000705247  -0.0000757207  -0.0000055946
       -0.0000907533  -0.0001816119  -0.0003186165   0.0000676404  -0.0001342847
       -0.0260731277  -0.0022928227  -0.0056632271   0.0309822207  -0.0008001613
        0.0532453570   0.0001685788  -0.0000933333   0.0004157393   0.0003872578
       -0.0002801466   0.0005490547  -0.0000510149   0.0000586635  -0.0000461500
        0.0014972744   0.0000264856   0.0000048415   0.0000534884  -0.0000203560
        0.0000623825   0.0000066451   0.0000199174  -0.0000479011   0.0001454427
        0.0000408476   0.0001443890  -0.0003147826   0.0001160521   0.0000405344
       -0.0002579043   0.0000230253  -0.0000100459   0.0000866299  -0.0001446168
        0.0002529106  -0.0006740444  -0.0012343183   0.0025119061   0.0028510759
       -0.0116401822   0.0026664345  -0.0585429105   0.0551561644  -0.0120498273
       -0.0119864221   0.0276364131  -0.0051177095  -0.0060842876   0.0006805105
       -0.0008235699  -0.0000363673  -0.0000855952   0.0000043862  -0.0000765575
        0.0004087651   0.0000580459   0.0005138926  -0.0002530155   0.0001634116
        0.0001046520  -0.0000146259   0.0000582939   0.0000731484  -0.0000590171
        0.0000596248   0.0000055663   0.0002829097  -0.0001011882  -0.0000619092
       -0.0000016667  -0.0000103560   0.0001450918  -0.0007936499   0.0003977598
        0.0003013317   0.0000001607  -0.0002504568   0.0002890958  -0.0006031791
        0.0001685788   0.0693604645  -0.0633374383   0.0121975833   0.0034982984
       -0.0081512122   0.0004028176   0.0007736854   0.0004182219  -0.0000302346
        0.0002851586   0.0003990849   0.0000310387  -0.0006212858   0.0015727291
       -0.0004953457  -0.0000616426  -0.0002460421  -0.0000871314   0.0000198233
        0.0000646307   0.0000009284   0.0000954171  -0.0000780563   0.0000021450
       -0.0002675012   0.0001361294  -0.0001073451   0.0002044704  -0.0000333774
        0.0001975852  -0.0014280551  -0.0001655872   0.0021681823   0.0011016875
       -0.0112531900   0.0040185198   0.0544520565  -0.2417070130   0.0391677036
        0.0030578938  -0.0038898866   0.0005780003   0.0012624961   0.0007969861
       -0.0000413180  -0.0000683738   0.0002401435  -0.0001438198   0.0004511305
        0.0005292732  -0.0003419287   0.0002487541  -0.0004539949   0.0003773372
        0.0000982888   0.0000244876   0.0000298530   0.0001028212   0.0000063971
        0.0001367590   0.0000672407   0.0002420634   0.0001696964  -0.0000104346
        0.0001926791   0.0000790833   0.0001497965  -0.0004829866   0.0001926694
        0.0002790091   0.0006267734  -0.0003600691  -0.0001700830  -0.0000323100
       -0.0000933333  -0.0633374383   0.2788271696  -0.0449637849   0.0043454882
       -0.0247265616  -0.0010435465  -0.0004004273   0.0005458408   0.0000196648
       -0.0000119663   0.0001872015  -0.0003609293   0.0000563547  -0.0001999119
        0.0001982673  -0.0000838736   0.0002819970   0.0001654252  -0.0000321588
        0.0000706008  -0.0000003744  -0.0000671760   0.0002370765  -0.0000422979
        0.0000018511  -0.0000948359  -0.0001250703  -0.0000264511  -0.0001867244
        0.0000006135   0.0024128786   0.0017690523  -0.0039506331  -0.0038759379
        0.0237765484  -0.0070372409  -0.0121720323   0.0393248722  -0.0535988943
       -0.0022872097   0.0036174090  -0.0002754665  -0.0006376454   0.0000162240
        0.0005688660   0.0000604332  -0.0001289409   0.0000456505  -0.0000359418
       -0.0002050490  -0.0006382998   0.0000639042   0.0002356969   0.0004447613
       -0.0000804328   0.0000265567   0.0000686323   0.0000024585  -0.0000113944
        0.0000848892   0.0000510809   0.0002810365   0.0000655565  -0.0000255328
       -0.0000929855   0.0001325409  -0.0002691463   0.0012604489  -0.0005301772
       -0.0004799021   0.0005399801   0.0002939343  -0.0001669376   0.0001821580
        0.0004157393   0.0121975833  -0.0449637849   0.0614644172   0.0049230610
       -0.0256016478   0.0023051069  -0.0001188684   0.0003669771  -0.0000691523
        0.0003840113  -0.0003607333   0.0000375322   0.0000697259   0.0000927354
        0.0001137307  -0.0000436962   0.0000575401   0.0000414496   0.0000078433
        0.0001259998   0.0000494754   0.0000449032  -0.0000271395   0.0000920387
       -0.0002576697   0.0000420827   0.0000616173   0.0002050366  -0.0004838779
        0.0002241592   0.0002709094   0.0000962855  -0.0004529687   0.0032810769
        0.0070142089   0.0113961149  -0.0624055498  -0.0353882323  -0.0526708609
       -0.0150230824  -0.0170872070  -0.0241038584   0.0007369994  -0.0008754370
       -0.0003255467  -0.0000121362   0.0000878725  -0.0001334920   0.0004560151
       -0.0001437527  -0.0001109261  -0.0000356829  -0.0001794078   0.0002270236
       -0.0000106424   0.0000833653   0.0000492725  -0.0000418372  -0.0000593474
        0.0000594314   0.0005659804   0.0001189782  -0.0000094240  -0.0000898420
        0.0000750678  -0.0000115563  -0.0000636738   0.0000004891  -0.0000208167
       -0.0006817427  -0.0010175172   0.0032511619   0.0005187681   0.0002742473
        0.0003872578   0.0034982984   0.0043454882   0.0049230610   0.0748522057
        0.0428499824   0.0585954966  -0.0066730207   0.0001710763  -0.0015442905
        0.0007640190  -0.0002436395  -0.0003649441   0.0002927122  -0.0001660699
        0.0002103222  -0.0000712582   0.0005544035   0.0001924039  -0.0000570737
       -0.0000276573   0.0001408907  -0.0000188093  -0.0000414016   0.0000304714
        0.0001882316  -0.0002044770   0.0000166555  -0.0007714377  -0.0010820677
        0.0011618839   0.0001292710   0.0002106593   0.0001186213   0.0021934674
        0.0047313202   0.0059434505  -0.0344080791  -0.1106247361  -0.0937256971
       -0.0012901472   0.0000594113  -0.0000679944   0.0005595536   0.0007653133
        0.0005593300   0.0000352566  -0.0000780322   0.0000753037  -0.0004549173
       -0.0004692978   0.0001951212  -0.0002716791   0.0005261360   0.0001245257
       -0.0000670010   0.0000513930   0.0000387105  -0.0000712693  -0.0000763199
        0.0000335352   0.0000141522  -0.0012340954   0.0002477517   0.0001389161
        0.0000185331  -0.0000512518  -0.0000518584  -0.0000207780  -0.0001033234
       -0.0005106199   0.0004767763   0.0016557431   0.0002231476   0.0002750744
       -0.0002801466  -0.0081512122  -0.0247265616  -0.0256016478   0.0428499824
        0.1305673205   0.1093220144  -0.0002638613   0.0008307827   0.0001995266
       -0.0002601463  -0.0000628599   0.0000065601   0.0000327058  -0.0001373506
        0.0000426883   0.0001943375   0.0001766866   0.0000185139   0.0000033223
       -0.0000292006   0.0000403276   0.0000098846   0.0000563702   0.0000297979
       -0.0000514064   0.0000253106   0.0001018317   0.0000341235  -0.0000089914
       -0.0001371283  -0.0003919482  -0.0008440069   0.0001910013  -0.0038015318
       -0.0132274124  -0.0260120431  -0.0520376996  -0.0941422590  -0.1807111638
       -0.0044631019  -0.0035128650  -0.0042037053   0.0003946013  -0.0002056563
        0.0000386342  -0.0001631141   0.0001464729  -0.0002333952  -0.0006845080
        0.0002493219  -0.0000243456   0.0005970195   0.0000484274  -0.0000624372
       -0.0000548921  -0.0000680079  -0.0000734693   0.0000792769   0.0000510856
       -0.0000410294   0.0000633476   0.0014265268   0.0006164847  -0.0001170532
       -0.0001424217   0.0001381103  -0.0000416983  -0.0002376282   0.0003546374
        0.0025945743   0.0017818981  -0.0051790786  -0.0004417101  -0.0002016985
        0.0005490547   0.0004028176  -0.0010435465   0.0023051069   0.0585954966
        0.1093220144   0.2105826750  -0.0011677533   0.0000302587   0.0006259935
        0.0004419134   0.0001889115   0.0006159116   0.0002403383  -0.0000415525
        0.0001405827  -0.0002081322   0.0004318900   0.0002607602   0.0001609513
       -0.0000392556   0.0001856414   0.0000200887   0.0000131842  -0.0000286297
       -0.0000347691  -0.0000257276   0.0000420784  -0.0000827696  -0.0000738651
       -0.0000295618  -0.0000859948  -0.0001215139  -0.0000236813   0.0009226651
       -0.0002182178  -0.0009909825  -0.0149903170  -0.0174003711  -0.0239833749
       -0.0624945096  -0.0405433755  -0.0468174167   0.0021104628   0.0050245648
        0.0049898360   0.0001111337  -0.0002418162  -0.0001825481  -0.0003068229
       -0.0000383500   0.0000885236   0.0002662037   0.0000425325  -0.0000510985
        0.0000241542  -0.0000189786  -0.0000135972   0.0000842975   0.0000178085
       -0.0000161319  -0.0000418830   0.0002034660   0.0000401481   0.0000083646
        0.0000401494   0.0000831205  -0.0000408945  -0.0000017751   0.0000221309
       -0.0002779912   0.0001102957   0.0006904885   0.0002971018   0.0001950652
       -0.0000510149   0.0007736854  -0.0004004273  -0.0001188684  -0.0066730207
       -0.0002638613  -0.0011677533   0.0751002404   0.0443244976   0.0558833838
        0.0044870232   0.0070185532   0.0111841248   0.0004082064   0.0004305568
        0.0004573870   0.0003340428   0.0020016950  -0.0002639966   0.0001700858
       -0.0001174774   0.0001582983  -0.0000686950   0.0000565721   0.0000705064
        0.0000634200   0.0001152633   0.0001278928   0.0000006127   0.0000855375
       -0.0000205599  -0.0002549598  -0.0002729205  -0.0000559012   0.0001809722
        0.0000729244  -0.0001780659  -0.0013478227   0.0006406504  -0.0005456083
       -0.0401704170  -0.1247703325  -0.0973147265  -0.0062968861  -0.0243268756
       -0.0216113142  -0.0001054418   0.0006505215  -0.0009415806   0.0001229135
        0.0001404679   0.0000742767  -0.0001638519  -0.0001483300  -0.0000588554
       -0.0000263873  -0.0000137341  -0.0000070745   0.0000290463   0.0000452657
        0.0000119469   0.0001247276  -0.0000628161   0.0001187188   0.0000602018
        0.0001023498  -0.0000362436   0.0000066436   0.0000092015   0.0000565370
       -0.0002417461   0.0001966370   0.0002953409   0.0001359489   0.0000331773
        0.0000586635   0.0004182219   0.0005458408   0.0003669771   0.0001710763
        0.0008307827   0.0000302587   0.0443244976   0.1465676151   0.1139549021
        0.0015922083   0.0051090153   0.0043312567  -0.0003186204   0.0007659820
       -0.0003386079   0.0015494403  -0.0066910977   0.0009627460  -0.0000000607
       -0.0001049068   0.0007728627   0.0001462627   0.0004797809  -0.0000538419
       -0.0000468107  -0.0000064437  -0.0001071362   0.0001046288   0.0000872170
       -0.0000384956  -0.0001202591  -0.0001280542  -0.0000120094   0.0007658082
        0.0003607093   0.0008175680  -0.0049799972  -0.0030273740  -0.0046496164
       -0.0460573485  -0.0973499398  -0.1647097676   0.0015400811   0.0011506652
        0.0030282389   0.0000075577   0.0007233543   0.0007775062  -0.0002093564
       -0.0000161755  -0.0001567961   0.0001590842   0.0000740304   0.0002481811
        0.0000171822   0.0000261765   0.0000519594   0.0000224711   0.0000289101
        0.0000904959   0.0000189523   0.0000984750   0.0000167784  -0.0000337978
       -0.0000318322  -0.0000131575   0.0000047941   0.0000432093   0.0000573597
        0.0000183341  -0.0000339593   0.0003333338   0.0002388840   0.0001524357
       -0.0000461500  -0.0000302346   0.0000196648  -0.0000691523  -0.0015442905
        0.0001995266   0.0006259935   0.0558833838   0.1139549021   0.1918276666
       -0.0060860346  -0.0173934894  -0.0292014969   0.0003109719  -0.0000895202
        0.0002175637   0.0000252488   0.0009740070   0.0008322570  -0.0000587670
        0.0000794840   0.0001562605   0.0000495141   0.0001040211  -0.0000773848
       -0.0001064586  -0.0000968304  -0.0000335531   0.0000545166  -0.0000293276
        0.0001144096   0.0001090682   0.0002941036  -0.0002019193  -0.0068100238
        0.0004209989  -0.0006416001  -0.0177250688  -0.0078217672   0.0245271881
       -0.0875162796  -0.0313353838   0.0819225552   0.0030603366   0.0019399774
       -0.0052804278   0.0004129460   0.0014067622  -0.0004922058  -0.0003534708
        0.0000215953  -0.0001908492   0.0003909076  -0.0000143464   0.0000495758
        0.0001076783   0.0000431206  -0.0000193963   0.0000687270  -0.0000376717
        0.0000320234  -0.0000704779  -0.0000106141   0.0000073052  -0.0000247111
        0.0000079129  -0.0000274410   0.0001040656   0.0000189018  -0.0000878206
       -0.0000090795  -0.0000367285  -0.0003167127  -0.0006637289  -0.0007210274
        0.0014972744   0.0002851586  -0.0000119663   0.0003840113   0.0007640190
       -0.0002601463   0.0004419134   0.0044870232   0.0015922083  -0.0060860346
        0.1028542609   0.0343257351  -0.0948681030   0.0003615022   0.0002069322
       -0.0003738566   0.0000852243  -0.0002665432  -0.0000197972  -0.0000453515
        0.0000527012  -0.0000218356   0.0001792162   0.0003114034  -0.0003147036
        0.0000278816   0.0000458879  -0.0001944126   0.0000293469   0.0001778183
        0.0000150926   0.0001059708  -0.0000120722  -0.0001055798   0.0003640801
        0.0007024168  -0.0001403735  -0.0003588409   0.0007810256  -0.0006555932
       -0.0313026874  -0.0656913199   0.0549212374  -0.0109397172  -0.0122964518
        0.0249247833   0.0017824656  -0.0054994188   0.0013487017   0.0002174917
        0.0000278747  -0.0002647556  -0.0002122843   0.0000006399   0.0003426977
        0.0000271519   0.0000389149   0.0000262571  -0.0000505533   0.0000301247
        0.0000868077  -0.0000998200  -0.0001359124   0.0001213532   0.0000428762
        0.0000402575  -0.0000141151   0.0000601228   0.0000766743  -0.0001098753
        0.0000051804   0.0000039205   0.0000509756   0.0001567494   0.0001506639
        0.0000264856   0.0003990849   0.0001872015  -0.0003607333  -0.0002436395
       -0.0000628599   0.0001889115   0.0070185532   0.0051090153  -0.0173934894
        0.0343257351   0.0760599620  -0.0643935122  -0.0001850804   0.0004383817
        0.0001056977  -0.0005271286   0.0006383696   0.0003240991   0.0000737332
       -0.0001137688  -0.0001648253  -0.0007166721  -0.0006973453   0.0013141652
        0.0000808341  -0.0000406570   0.0000492950  -0.0000667777  -0.0000210969
        0.0000551301  -0.0002306565  -0.0002483710   0.0001653647   0.0003152650
       -0.0001480410   0.0008578717   0.0007504795  -0.0004876684   0.0010352053
        0.0812385441   0.0548305574  -0.1969384341   0.0028594383   0.0042709979
       -0.0073010692  -0.0007894900   0.0021608786   0.0002382540  -0.0000049896
       -0.0002419969   0.0000432381  -0.0000181626   0.0001796348   0.0000967770
       -0.0000538486  -0.0000024920   0.0000938302  -0.0000342319  -0.0000187222
        0.0001135126   0.0000395322   0.0000240183  -0.0000111073  -0.0000541716
       -0.0000648188   0.0000146209  -0.0000721899  -0.0000330911   0.0001682655
       -0.0001184054   0.0001503585   0.0002781718  -0.0000133030   0.0002317879
        0.0000048415   0.0000310387  -0.0003609293   0.0000375322  -0.0003649441
        0.0000065601   0.0006159116   0.0111841248   0.0043312567  -0.0292014969
       -0.0948681030  -0.0643935122   0.2290000864  -0.0002700190  -0.0000892308
       -0.0001585870   0.0000404525  -0.0004264969   0.0006744141   0.0000538863
        0.0000206077   0.0003919042   0.0003656974   0.0003704666  -0.0003235325
       -0.0000287321   0.0000287294   0.0000034492   0.0000022304   0.0001184046
        0.0001325795  -0.0007524116  -0.0015304559   0.0031571813   0.0003693714
       -0.0000431658  -0.0001304180   0.0002062405   0.0028591077  -0.0007289931
       -0.0111314854   0.0036989264  -0.0027191784  -0.2565728255   0.0083753351
       -0.0274630367  -0.0174488625  -0.0010088778   0.0008321551  -0.0002650130
        0.0001591693  -0.0000684471   0.0001954908  -0.0000525584   0.0001350818
        0.0000986844   0.0000910971   0.0000060660   0.0000315877   0.0000920658
        0.0000657537   0.0000262675   0.0001298763   0.0001753062  -0.0001037719
        0.0000438397   0.0000303766  -0.0008521860   0.0000508142   0.0000099051
        0.0000302701  -0.0000270442   0.0000095223   0.0003212326  -0.0000786042
        0.0000534884  -0.0006212858   0.0000563547   0.0000697259   0.0002927122
        0.0000327058   0.0002403383   0.0004082064  -0.0003186204   0.0003109719
        0.0003615022  -0.0001850804  -0.0002700190   0.2983445560  -0.0102602504
        0.0325610509  -0.0135675446  -0.0022669847  -0.0057755962   0.0004391686
        0.0003527760  -0.0003598899   0.0002165975  -0.0003175598  -0.0002773739
        0.0000755060   0.0000993372   0.0000320662  -0.0001402130   0.0001264446
        0.0001971711  -0.0011231322  -0.0001987181   0.0016452285  -0.0001165617
       -0.0000275641   0.0000085217   0.0016292025  -0.0053597750   0.0012621681
        0.0283306228  -0.0048963771   0.0051894701   0.0093806139  -0.0439282978
       -0.0005296912  -0.0092921766   0.0001968078  -0.0003657015   0.0003452647
        0.0001397003  -0.0000633769  -0.0002919248  -0.0001770246   0.0000749148
       -0.0000238727   0.0000389186   0.0000461095  -0.0000657221   0.0000252029
        0.0000694672   0.0002040402  -0.0000952156   0.0001288412  -0.0000481425
        0.0000435546   0.0000528519  -0.0005439644   0.0000683330   0.0000817478
        0.0000589725   0.0000505720   0.0000057085  -0.0000752257   0.0000809356
       -0.0000203560   0.0015727291  -0.0001999119   0.0000927354  -0.0001660699
       -0.0001373506  -0.0000415525   0.0004305568   0.0007659820  -0.0000895202
        0.0002069322   0.0004383817  -0.0000892308  -0.0102602504   0.0525862927
       -0.0013718824  -0.0200651045   0.0000667754  -0.0059477128   0.0003845882
        0.0002460365  -0.0003064104  -0.0004066683   0.0000469598  -0.0000615675
        0.0000094130   0.0000592808   0.0003095629  -0.0002208105  -0.0002092519
       -0.0000530700   0.0024953570   0.0018299007  -0.0037657768  -0.0000997140
        0.0000268837  -0.0000087016  -0.0004179005   0.0016688723   0.0002681522
       -0.0064555408   0.0010973074  -0.0005826386  -0.0272042726  -0.0007926404
       -0.0486458405   0.0248081544   0.0004537625   0.0005556869  -0.0002263774
        0.0000438898   0.0002760629   0.0001701286   0.0000051418  -0.0002676417
       -0.0000529378  -0.0000310654   0.0000250585   0.0000075398   0.0000491938
        0.0000212833   0.0002648254   0.0000932956   0.0000012183  -0.0000506516
        0.0000014572  -0.0000822235   0.0013407430  -0.0000487696  -0.0000794356
        0.0000576446   0.0000243230   0.0000692383   0.0000723756  -0.0000138355
        0.0000623825  -0.0004953457   0.0001982673   0.0001137307   0.0002103222
        0.0000426883   0.0001405827   0.0004573870  -0.0003386079   0.0002175637
       -0.0003738566   0.0001056977  -0.0001585870   0.0325610509  -0.0013718824
        0.0570557913  -0.0275047861  -0.0024916411  -0.0065853887   0.0006005189
       -0.0001707015   0.0006581377   0.0000467330  -0.0002315661   0.0004548523
        0.0002486866   0.0000617539  -0.0000153355  -0.0010857427  -0.0004412725
        0.0006860247   0.0005050371   0.0003269581   0.0001445225  -0.0001659891
        0.0000511295   0.0000550714   0.0007204430   0.0005783651   0.0006732134
        0.0021515164   0.0046325704   0.0054321995  -0.0569336728  -0.0279065676
       -0.0378064058   0.0029650778   0.0070640470   0.0117480764   0.0001153228
       -0.0000378721   0.0001001769  -0.0001157899   0.0000769817  -0.0000778193
       -0.0000030237   0.0000195741   0.0000363027  -0.0000628869  -0.0000216166
        0.0000164348  -0.0017122278  -0.0005217077  -0.0002966780   0.0000658513
       -0.0001298605   0.0000353840   0.0000498146  -0.0000418976  -0.0001507917
       -0.0000024849  -0.0000510018  -0.0000552083  -0.0000075192   0.0000321888
        0.0000066451  -0.0000616426  -0.0000838736  -0.0000436962  -0.0000712582
        0.0001943375  -0.0002081322   0.0003340428   0.0015494403   0.0000252488
        0.0000852243  -0.0005271286   0.0000404525  -0.0135675446  -0.0200651045
       -0.0275047861   0.0667010542   0.0355304337   0.0448303975  -0.0004212259
       -0.0005921700   0.0028333182   0.0002689371   0.0003022929  -0.0005046155
        0.0000702530   0.0000377680   0.0000612572  -0.0005276864  -0.0000222884
       -0.0001509173  -0.0000322312  -0.0000244147  -0.0004035195   0.0001845827
       -0.0000298169  -0.0000653210  -0.0008893826   0.0008200973  -0.0005041207
       -0.0059909666  -0.0244126866  -0.0216544787  -0.0286699626  -0.1191516484
       -0.1011684972   0.0017377045   0.0048105691   0.0062536102   0.0001284645
        0.0000680862  -0.0000638965  -0.0001106275  -0.0000651922   0.0001800098
       -0.0000621699  -0.0000104205   0.0000387375  -0.0000126971   0.0000260576
        0.0000272090  -0.0001815928   0.0004868098   0.0001850733  -0.0000660097
       -0.0001323367   0.0001989485   0.0000011653  -0.0000744914   0.0000523028
       -0.0000611286   0.0000291755   0.0002213342  -0.0000555788   0.0000503459
        0.0000199174  -0.0002460421   0.0002819970   0.0000575401   0.0005544035
        0.0001766866   0.0004318900   0.0020016950  -0.0066910977   0.0009740070
       -0.0002665432   0.0006383696  -0.0004264969  -0.0022669847   0.0000667754
       -0.0024916411   0.0355304337   0.1421084344   0.1159654277  -0.0008457089
        0.0002844200   0.0018846870   0.0000766107   0.0007288012   0.0003769372
       -0.0003173421   0.0002008236   0.0003037438  -0.0001551280  -0.0001847158
        0.0001155814  -0.0006687784  -0.0004847158   0.0001289850   0.0001688505
       -0.0001701170  -0.0000750098   0.0000905885   0.0003406338   0.0002330695
        0.0008094398   0.0007421992   0.0033429043  -0.0380280632  -0.1005411693
       -0.1744660857  -0.0039093793  -0.0134845022  -0.0265774470  -0.0001253330
        0.0001680142   0.0002711558   0.0001492807  -0.0002059055  -0.0002846506
       -0.0000836956  -0.0000614719  -0.0000397856   0.0000561198   0.0000243314
       -0.0000200861   0.0006516377   0.0001017445   0.0008782063   0.0000803286
        0.0004067756  -0.0001912523  -0.0002724588  -0.0000105489   0.0003019977
       -0.0000648917   0.0001887037   0.0001185899   0.0000230403   0.0000116069
       -0.0000479011  -0.0000871314   0.0001654252   0.0000414496   0.0001924039
        0.0000185139   0.0002607602  -0.0002639966   0.0009627460   0.0008322570
       -0.0000197972   0.0003240991   0.0006744141  -0.0057755962  -0.0059477128
       -0.0065853887   0.0448303975   0.1159654277   0.2053772466   0.0031054136
        0.0017804231  -0.0051633139  -0.0003859092  -0.0003106086   0.0005705598
       -0.0014939446  -0.0010548629  -0.0013103302  -0.0048353566   0.0008636805
       -0.0004727021  -0.0137728269  -0.0159442044  -0.0219275326   0.0004231232
       -0.0005274838  -0.0001917788  -0.0000692849   0.0000975157  -0.0001801935
        0.0002182793   0.0001818445  -0.0001656807   0.0032790343   0.0060372917
        0.0110712905  -0.0645552564  -0.0361013240  -0.0554894382   0.0001181792
        0.0001450518  -0.0001472850   0.0000074517  -0.0002813555   0.0001733843
        0.0000934239  -0.0000372480  -0.0002299903  -0.0004175189  -0.0000285983
       -0.0000313895  -0.0000481636  -0.0000693688   0.0002648979  -0.0001830517
        0.0002609521   0.0001534571   0.0004822337  -0.0006152353  -0.0006004466
       -0.0002393335   0.0005237894   0.0000578563   0.0001114288  -0.0000659104
        0.0001454427   0.0000198233  -0.0000321588   0.0000078433  -0.0000570737
        0.0000033223   0.0001609513   0.0001700858  -0.0000000607  -0.0000587670
       -0.0000453515   0.0000737332   0.0000538863   0.0004391686   0.0003845882
        0.0006005189  -0.0004212259  -0.0008457089   0.0031054136   0.0772893768
        0.0428196217   0.0601738307   0.0034867796   0.0042121289   0.0048367614
       -0.0000554123   0.0003008904   0.0000642557  -0.0003688222   0.0000272526
       -0.0000721605  -0.0006088966   0.0006347152   0.0007940405   0.0004884820
        0.0003868515   0.0003176391   0.0000676772  -0.0001426652  -0.0000199230
        0.0000288967   0.0009931860   0.0006892248   0.0025066780   0.0048832606
        0.0059677491  -0.0363891239  -0.1088062996  -0.0924681491   0.0000699876
        0.0002855397   0.0002796319  -0.0001068136  -0.0002441219  -0.0003334468
       -0.0000037305  -0.0000139916  -0.0000992002   0.0000281481   0.0001164253
       -0.0000405491   0.0000341324  -0.0000406913   0.0001856158   0.0000875993
        0.0003203594  -0.0000642993  -0.0003785861   0.0000391255   0.0000784645
        0.0003672021  -0.0000289369   0.0000985263   0.0000484120  -0.0001772699
        0.0000408476   0.0000646307   0.0000706008   0.0001259998  -0.0000276573
       -0.0000292006  -0.0000392556  -0.0001174774  -0.0001049068   0.0000794840
        0.0000527012  -0.0001137688   0.0000206077   0.0003527760   0.0002460365
       -0.0001707015  -0.0005921700   0.0002844200   0.0017804231   0.0428196217
        0.1259802476   0.1087354667  -0.0083682551  -0.0248670584  -0.0259502914
       -0.0001887189  -0.0000545963  -0.0000821447  -0.0007428251   0.0002386765
        0.0008070046  -0.0033544731  -0.0031030125  -0.0038193301   0.0002561682
       -0.0001758996   0.0000537778  -0.0001642487   0.0001265413  -0.0002542107
       -0.0003613598  -0.0008744640   0.0005153897  -0.0038931082  -0.0129352036
       -0.0264657208  -0.0559175071  -0.0938289427  -0.1811819599  -0.0001285083
        0.0001729246   0.0001832797   0.0002014438  -0.0002418100  -0.0000547028
        0.0000458074  -0.0000460799  -0.0000289398   0.0000291961   0.0000817818
        0.0000607228   0.0001667206   0.0000713866   0.0001422776   0.0000099140
        0.0001799337  -0.0000660784   0.0006449896   0.0002165290   0.0008935632
       -0.0001699504   0.0003191341   0.0003543678   0.0002518056   0.0000029154
        0.0001443890   0.0000009284  -0.0000003744   0.0000494754   0.0001408907
        0.0000403276   0.0001856414   0.0001582983   0.0007728627   0.0001562605
       -0.0000218356  -0.0001648253   0.0003919042  -0.0003598899  -0.0003064104
        0.0006581377   0.0028333182   0.0018846870  -0.0051633139   0.0601738307
        0.1087354667   0.2105049939   0.0003891135  -0.0011115484   0.0020152159
        0.0007304635  -0.0001050250   0.0001841739   0.0000455580   0.0014141285
        0.0000401715  -0.0132935123   0.0286430420  -0.0055643988  -0.0061764897
        0.0003848853  -0.0005586733   0.0000185343  -0.0001456470   0.0000751823
       -0.0006756856  -0.0008730282   0.0023899165   0.0029674541  -0.0123905385
        0.0032391420  -0.0565487314   0.0525725306  -0.0102287089   0.0000597625
       -0.0000051157  -0.0002580657  -0.0000957624   0.0000559758   0.0001270663
       -0.0000389564   0.0001240196  -0.0000236753   0.0000691161   0.0000456345
       -0.0000320307   0.0000230956  -0.0000968740   0.0000400062  -0.0006125801
       -0.0009654324  -0.0003832395   0.0003661911   0.0001322335   0.0000348297
       -0.0000478723  -0.0002369803  -0.0000157090  -0.0004437012   0.0014557895
       -0.0003147826   0.0000954171  -0.0000671760   0.0000449032  -0.0000188093
        0.0000098846   0.0000200887  -0.0000686950   0.0001462627   0.0000495141
        0.0001792162  -0.0007166721   0.0003656974   0.0002165975  -0.0004066683
        0.0000467330   0.0002689371   0.0000766107  -0.0003859092   0.0034867796
       -0.0083682551   0.0003891135   0.0694936730  -0.0606835844   0.0107186546
       -0.0002467630   0.0002653567  -0.0000418265  -0.0010015296   0.0008119066
       -0.0000109433   0.0042070155  -0.0057658247   0.0005418277   0.0019197608
        0.0005718231  -0.0002576791  -0.0001616284   0.0002389470  -0.0001925573
       -0.0019162189  -0.0001287797   0.0027467316   0.0012221642  -0.0129118827
        0.0047284507   0.0520749438  -0.2407119535   0.0333940479   0.0003572180
        0.0002065927   0.0003237211  -0.0002856348  -0.0003241947  -0.0002524277
        0.0000213155  -0.0001296039   0.0000041939  -0.0000438663  -0.0000483034
       -0.0000560166   0.0000454524  -0.0002492693   0.0000869967   0.0001361924
        0.0005808932   0.0000722230   0.0000600332   0.0000458817  -0.0003269457
       -0.0000834415   0.0003002437   0.0002055597  -0.0000668085  -0.0003525711
        0.0001160521  -0.0000780563   0.0002370765  -0.0000271395  -0.0000414016
        0.0000563702   0.0000131842   0.0000565721   0.0004797809   0.0001040211
        0.0003114034  -0.0006973453   0.0003704666  -0.0003175598   0.0000469598
       -0.0002315661   0.0003022929   0.0007288012  -0.0003106086   0.0042121289
       -0.0248670584  -0.0011115484  -0.0606835844   0.2816161537  -0.0398882174
        0.0002916717  -0.0000980255   0.0002200944  -0.0003641372   0.0005912393
        0.0002387408  -0.0022984791   0.0030109743  -0.0002308594  -0.0006374218
        0.0000524240   0.0004934620   0.0001550926  -0.0002349142   0.0000820965
        0.0027107425   0.0015920086  -0.0040519543  -0.0037506069   0.0254796101
       -0.0071287190  -0.0103285353   0.0341388121  -0.0502773187  -0.0001248943
        0.0000483701   0.0002979159   0.0001183385  -0.0000334199  -0.0004646242
        0.0000322093   0.0000146152   0.0000036402  -0.0000304743   0.0000283195
       -0.0000425738  -0.0000842062   0.0001455467  -0.0003447208  -0.0005841669
       -0.0003883681   0.0000724857   0.0002459660  -0.0002735101   0.0000936598
       -0.0000301672   0.0001137378   0.0000532719   0.0001172229   0.0000878958
        0.0000405344   0.0000021450  -0.0000422979   0.0000920387   0.0000304714
        0.0000297979  -0.0000286297   0.0000705064  -0.0000538419  -0.0000773848
       -0.0003147036   0.0013141652  -0.0003235325  -0.0002773739  -0.0000615675
        0.0004548523  -0.0005046155   0.0003769372   0.0005705598   0.0048367614
       -0.0259502914   0.0020152159   0.0107186546  -0.0398882174   0.0582417489
