$hessian                                                                        
        0.5581831582   0.0236627271   0.0707781979  -0.0517828533   0.0016174646
        0.0226299291  -0.0423334235   0.0212445216   0.0165575015   0.0047297285
       -0.0076314400   0.0053709149  -0.0044129346  -0.0025036570  -0.0007062364
        0.0005086748   0.0019164749  -0.0015502602   0.0009924068   0.0036591376
        0.0009383805   0.0010148086  -0.0000313531  -0.0003103017  -0.0465801524
        0.0122422614  -0.0134672772  -0.1120846131  -0.1141223061  -0.0496477572
       -0.3103229097   0.0622688300  -0.0472919934   0.0042436715  -0.0018640603
       -0.0070575052  -0.0010913787  -0.0001187544   0.0043039135   0.0000420243
        0.0002162551   0.0003540146  -0.0001196099  -0.0002805099  -0.0003659317
       -0.0009865976  -0.0002755915  -0.0005355890
        0.0236627271   0.5706602224  -0.0522984585  -0.0047199493  -0.0668968833
       -0.0180732334   0.0196689049  -0.0061605521  -0.0015572914  -0.0027219384
        0.0043038427  -0.0020649237   0.0020666991   0.0017902710   0.0005787703
       -0.0002881122  -0.0013826445   0.0005591570  -0.0012763642  -0.0016946378
       -0.0006156904  -0.0007040012  -0.0001919383  -0.0002348215   0.0096616660
       -0.1978185677   0.1522154997  -0.1098155859  -0.2369392092  -0.0805019012
        0.0609236807  -0.0602757457   0.0114719559   0.0098694639  -0.0111569039
       -0.0255501864  -0.0071409862   0.0055336923   0.0157030478  -0.0000009207
        0.0001713514   0.0001818360   0.0000616175   0.0001739610   0.0004346574
        0.0007530991  -0.0001162585  -0.0002484176
        0.0707781979  -0.0522984585   0.4680043578  -0.0040337928  -0.0103902653
       -0.1140786564   0.0299190159  -0.0107586722   0.0144805461  -0.0072505450
        0.0090796402  -0.0045899433   0.0047915034   0.0024090356  -0.0005591785
       -0.0013510942  -0.0021461231   0.0011085609  -0.0024365083  -0.0030314742
       -0.0000560479  -0.0017034905  -0.0002041757  -0.0001107851  -0.0097373140
        0.1458244434  -0.1873457771  -0.0448746444  -0.0763450800  -0.0767992204
       -0.0541214693   0.0133983668  -0.0530625322   0.0062152608  -0.0091367172
       -0.0179184965   0.0121527104  -0.0064642606  -0.0284426624  -0.0001224840
       -0.0002595737  -0.0003324959   0.0000522519   0.0001202160  -0.0002459706
        0.0017224020   0.0002030987  -0.0000516985
       -0.0517828533  -0.0047199493  -0.0040337928   0.3941511713   0.0495315662
        0.0812238225  -0.1720017567   0.0147018857  -0.0165316287  -0.0319465996
        0.0254878849  -0.0135258987   0.0100827893   0.0075160523  -0.0021807925
       -0.0050627476  -0.0065733791   0.0024368928  -0.0227030407  -0.0042526979
       -0.0024474946  -0.0036467612  -0.0002776558   0.0007378895   0.0025565582
       -0.0038403015   0.0005863229   0.0094183405  -0.0009783709  -0.0098302024
       -0.0082693745   0.0063368015   0.0164562119  -0.0863781402  -0.0873807471
       -0.0412718235  -0.0373379354   0.0036265693  -0.0131639771   0.0004800324
       -0.0009301779   0.0006331065  -0.0006776088   0.0003956211   0.0003260879
        0.0031179263   0.0013568986   0.0005852761
        0.0016174646  -0.0668968833  -0.0103902653   0.0495315662   0.4997579841
       -0.0492094313   0.0119051816  -0.0631701923   0.0067218105   0.0324036229
       -0.0148850666   0.0059919260  -0.0018076096  -0.0062707146   0.0025763328
       -0.0017900110   0.0004079465   0.0006841413  -0.0106983868   0.0048834591
       -0.0025119530   0.0011042470   0.0005348779   0.0004657429  -0.0087290167
        0.0084197380   0.0128590479   0.0079483740  -0.0078862786  -0.0171003899
        0.0027289409  -0.0012093368  -0.0031119860  -0.0922344681  -0.1933466568
       -0.0586378291   0.0071006805  -0.1612714702   0.1133196894   0.0009014504
        0.0004024250  -0.0014772888   0.0013831290  -0.0001013508  -0.0006342529
       -0.0013651649   0.0006315195   0.0004547056
        0.0226299291  -0.0180732334  -0.1140786564   0.0812238225  -0.0492094313
        0.4218207465  -0.0587440299   0.0259951428  -0.0644123029  -0.0028910195
       -0.0093192349  -0.0020046876  -0.0069071847   0.0007296024   0.0053496302
        0.0014807591   0.0040861556   0.0006594167   0.0053257534   0.0010575356
       -0.0031138917   0.0023457583   0.0001905905   0.0002492784   0.0079313224
       -0.0016164402  -0.0197755608   0.0010323434  -0.0082483037  -0.0096648276
        0.0016249675   0.0006281043   0.0049181532  -0.0402118179  -0.0625387135
       -0.0678550955  -0.0118081904   0.1171279173  -0.1527627786   0.0001381928
       -0.0006055773  -0.0009190209  -0.0007751369   0.0000369661   0.0011016235
       -0.0023954692  -0.0002410804   0.0004879735
       -0.0423334235   0.0196689049   0.0299190159  -0.1720017567   0.0119051816
       -0.0587440299   0.5190179268  -0.1053183921   0.0662346685  -0.0898761281
        0.1110987956  -0.0433610695  -0.0435537897   0.0136498200  -0.0080129596
       -0.0237081861   0.0121353138  -0.0068435095  -0.1063253917  -0.0585994493
        0.0151130510   0.0035627958  -0.0000101900   0.0001355872   0.0003780753
        0.0004814332   0.0012290629   0.0009466884   0.0005469525   0.0011484133
       -0.0047632599   0.0030305588   0.0048770210  -0.0271632416  -0.0006180959
       -0.0032490321  -0.0096174690   0.0070679168  -0.0021233224   0.0042767294
       -0.0150617309   0.0051051093  -0.0052143581  -0.0016306043  -0.0002433569
       -0.0036252113   0.0016535854  -0.0011846493
        0.0212445216  -0.0061605521  -0.0107586722   0.0147018857  -0.0631701923
        0.0259951428  -0.1053183921   0.5408294826  -0.1642495639   0.0789569087
       -0.3384123613   0.1103782272   0.0603992748   0.0012401054   0.0057014298
       -0.0029968393  -0.0141194929   0.0056867344  -0.0855773038  -0.0920711920
        0.0185167748  -0.0029633451  -0.0006098782  -0.0000057046  -0.0012097302
        0.0006270136   0.0001132138   0.0004640508   0.0006825040  -0.0006020632
        0.0032553402  -0.0003233920  -0.0027394454  -0.0177461384   0.0042389010
       -0.0060952780   0.0244934710  -0.0070938614   0.0061501386   0.0074053749
       -0.0236619728   0.0095512804   0.0006178860   0.0002435127   0.0009035547
        0.0042730354  -0.0022386244   0.0014542308
        0.0165575015  -0.0015572914   0.0144805461  -0.0165316287   0.0067218105
       -0.0644123029   0.0662346685  -0.1642495639   0.1438133536  -0.0327347021
        0.1155045801  -0.0689523265  -0.0245994373   0.0012416183  -0.0006572232
       -0.0008418648   0.0068291036   0.0010049256   0.0209671543   0.0201387219
       -0.0248168085   0.0016241295   0.0002007279   0.0000619439  -0.0003241698
       -0.0001843680   0.0008535641  -0.0009889459   0.0002766738   0.0012808840
        0.0030182185  -0.0016818049  -0.0023204333  -0.0082177759   0.0019454224
        0.0013731209  -0.0190009835   0.0062065406  -0.0019752472  -0.0021243067
        0.0068133069  -0.0021955439  -0.0008524435   0.0005838619   0.0020732831
       -0.0021854140   0.0012106602   0.0003882644
        0.0047297285  -0.0027219384  -0.0072505450  -0.0319465996   0.0324036229
       -0.0028910195  -0.0898761281   0.0789569087  -0.0327347021   0.5660773507
        0.0390449705   0.0276133340  -0.2468016873   0.0407347816  -0.0303565859
       -0.0462820217  -0.0709965776   0.0194787744  -0.0122576707   0.0027334592
       -0.0019869847  -0.0034988573   0.0002917783  -0.0004928066  -0.0000140268
       -0.0002361309  -0.0000202096  -0.0002384711   0.0000306469  -0.0001861686
        0.0009123218  -0.0007080211  -0.0001901993   0.0018459088   0.0004282130
       -0.0002564736  -0.0036684156   0.0012858541  -0.0018970322  -0.1304915141
       -0.1192301542   0.0316863035  -0.0122089249   0.0003561547  -0.0011158351
        0.0037190073  -0.0023735679   0.0006001501
       -0.0076314400   0.0043038427   0.0090796402   0.0254878849  -0.0148850666
       -0.0093192349   0.1110987956  -0.3384123613   0.1155045801   0.0390449705
        0.6764499743  -0.1933899807  -0.0173991931  -0.0798890173   0.0082961119
       -0.0191438147   0.0026374768  -0.0008977648  -0.0288478164  -0.0536775944
        0.0168683621   0.0041852044   0.0013768004  -0.0003658256   0.0007508889
        0.0006775908  -0.0002028029   0.0000922341  -0.0008069126  -0.0003514255
       -0.0013139746   0.0004937407   0.0005429442  -0.0021196310   0.0016372083
        0.0008447908  -0.0013470997   0.0000311787   0.0013348538  -0.1183350059
       -0.1967865683   0.0473114120   0.0212990359   0.0001157557   0.0019350892
       -0.0058210390  -0.0032660479   0.0028092500
        0.0053709149  -0.0020649237  -0.0045899433  -0.0135258987   0.0059919260
       -0.0020046876  -0.0433610695   0.1103782272  -0.0689523265   0.0276133340
       -0.1933899807   0.1683082450  -0.0110262660   0.0127441220  -0.0569674128
        0.0022089808  -0.0052498610   0.0064214821   0.0091078546   0.0197287522
       -0.0032011394  -0.0018901399  -0.0004075608  -0.0000751593  -0.0006819763
        0.0005209713   0.0002573070  -0.0000437563   0.0006274812  -0.0007197843
        0.0011726318  -0.0002837809  -0.0012496390   0.0015334118  -0.0005049933
       -0.0005080228  -0.0020809581   0.0012189107  -0.0005353539   0.0317830786
        0.0475178402  -0.0411695697  -0.0081340025  -0.0000992311  -0.0009245312
        0.0019538610   0.0032721007   0.0059105356
       -0.0044129346   0.0020666991   0.0047915034   0.0100827893  -0.0018076096
       -0.0069071847  -0.0435537897   0.0603992748  -0.0245994373  -0.2468016873
       -0.0173991931  -0.0110262660   0.5590484708  -0.0104547209   0.0426736199
       -0.1443214246  -0.1084529143   0.0279893041   0.0035620422  -0.0114566355
        0.0035319833   0.0006777354   0.0005080603  -0.0001228007   0.0000670266
        0.0001156137  -0.0002652690  -0.0001892631  -0.0004441353  -0.0001539309
       -0.0005210053   0.0000229581   0.0006182689  -0.0005989395   0.0004108219
        0.0007886259  -0.0013940157   0.0002291727   0.0007672919  -0.0132724019
        0.0005640900  -0.0011523897  -0.1083481730   0.1066790739  -0.0431976930
       -0.0100244295  -0.0209805558   0.0062643738
       -0.0025036570   0.0017902710   0.0024090356   0.0075160523  -0.0062707146
        0.0007296024   0.0136498200   0.0012401054   0.0012416183   0.0407347816
       -0.0798890173   0.0127441220  -0.0104547209   0.6845249817  -0.1979915622
       -0.1592366366  -0.3309966322   0.0878355839   0.0300775972  -0.0581416249
        0.0234309652   0.0016486276  -0.0003344296  -0.0000384140   0.0003300860
        0.0001940281  -0.0002520057   0.0000404348  -0.0000937317   0.0002972939
       -0.0002706697   0.0003703947   0.0002978951  -0.0007703010   0.0004321362
        0.0003210668   0.0005614373  -0.0000555784   0.0004541945  -0.0213741572
        0.0011014347  -0.0018802941   0.1048420128  -0.2096939122   0.0700115798
       -0.0047907072  -0.0041777109   0.0003893184
       -0.0007062364   0.0005787703  -0.0005591785  -0.0021807925   0.0025763328
        0.0053496302  -0.0080129596   0.0057014298  -0.0006572232  -0.0303565859
        0.0082961119  -0.0569674128   0.0426736199  -0.1979915622   0.1776776871
        0.0450167085   0.0912397994  -0.0619538728  -0.0108378938   0.0202705452
       -0.0035903663  -0.0003944938  -0.0000790128  -0.0009264494  -0.0000072469
        0.0004185921   0.0001071416   0.0002109795   0.0002518025  -0.0002167053
       -0.0000483187   0.0000835137   0.0003207558  -0.0000995143   0.0000271693
        0.0004643973   0.0003305738  -0.0005172818  -0.0002021206   0.0061865706
       -0.0002452884   0.0011771668  -0.0425284117   0.0702539952  -0.0587795675
        0.0007540013  -0.0008649170  -0.0012438824
        0.0005086748  -0.0002881122  -0.0013510942  -0.0050627476  -0.0017900110
        0.0014807591  -0.0237081861  -0.0029968393  -0.0008418648  -0.0462820217
       -0.0191438147   0.0022089808  -0.1443214246  -0.1592366366   0.0450167085
        0.6339972583   0.1710816370  -0.0097994010  -0.1009701797   0.0495653124
       -0.0236569765  -0.0104378956  -0.0009348067  -0.0007459174  -0.0001440343
       -0.0000970911  -0.0001858075  -0.0003573809  -0.0002645247  -0.0000112883
        0.0003540313  -0.0001254879   0.0000740186  -0.0007569480   0.0002748170
       -0.0001125193  -0.0000973601  -0.0003517511   0.0001662397  -0.0063817192
        0.0010890840  -0.0011003693   0.0059537238   0.0111255118  -0.0031719893
       -0.3022937903  -0.0479072868  -0.0079694793
        0.0019164749  -0.0013826445  -0.0021461231  -0.0065733791   0.0004079465
        0.0040861556   0.0121353138  -0.0141194929   0.0068291036  -0.0709965776
        0.0026374768  -0.0052498610  -0.1084529143  -0.3309966322   0.0912397994
        0.1710816370   0.4935012103  -0.1299884835   0.0637373283  -0.0872081233
        0.0268055468   0.0003119897  -0.0000399122   0.0007583703   0.0000366254
       -0.0000354621   0.0001185699   0.0003767616   0.0004180818  -0.0000935134
        0.0001907062   0.0001477465  -0.0003299659   0.0003321360  -0.0003745287
       -0.0004582014   0.0007442224  -0.0002483185  -0.0002819809  -0.0026191589
       -0.0004902779   0.0006992471  -0.0081953576  -0.0215716373   0.0064128370
       -0.0540258077  -0.0406454325   0.0015984995
       -0.0015502602   0.0005591570   0.0011085609   0.0024368928   0.0006841413
        0.0006594167  -0.0068435095   0.0056867344   0.0010049256   0.0194787744
       -0.0008977648   0.0064214821   0.0279893041   0.0878355839  -0.0619538728
       -0.0097994010  -0.1299884835   0.1125212333  -0.0271975144   0.0241389847
       -0.0375897055  -0.0013220295   0.0006015778   0.0016890167  -0.0000190458
       -0.0000675959   0.0001313044  -0.0003353876  -0.0003160216   0.0001662989
       -0.0002381390   0.0000780424   0.0004035147   0.0003234290   0.0002508236
        0.0000163198  -0.0004463831   0.0000943979   0.0002922340   0.0001690466
        0.0011184929   0.0020814607   0.0033797583   0.0080211413  -0.0033781176
       -0.0060255350   0.0022007887  -0.0235740720
        0.0009924068  -0.0012763642  -0.0024365083  -0.0227030407  -0.0106983868
        0.0053257534  -0.1063253917  -0.0855773038   0.0209671543  -0.0122576707
       -0.0288478164   0.0091078546   0.0035620422   0.0300775972  -0.0108378938
       -0.1009701797   0.0637373283  -0.0271975144   0.2499902495   0.0194006581
        0.0120836672  -0.0002749636  -0.0010598540   0.0002501337  -0.0001900499
       -0.0000647336  -0.0000370322   0.0000034024   0.0003912251   0.0000230692
        0.0004109819   0.0000765542  -0.0001468496  -0.0025086510  -0.0000163168
       -0.0004605643   0.0008050246   0.0002622938   0.0000422370  -0.0016102297
       -0.0011377345  -0.0002405569   0.0004677798   0.0002258666  -0.0007222844
       -0.0093917104   0.0145069868  -0.0057206657
        0.0036591376  -0.0016946378  -0.0030314742  -0.0042526979   0.0048834591
        0.0010575356  -0.0585994493  -0.0920711920   0.0201387219   0.0027334592
       -0.0536775944   0.0197287522  -0.0114566355  -0.0581416249   0.0202705452
        0.0495653124  -0.0872081233   0.0241389847   0.0194006581   0.2933819350
       -0.0880676728  -0.0044938555  -0.0003484525  -0.0002877819  -0.0004935175
       -0.0005660687   0.0003628662  -0.0007933236   0.0003511547   0.0003193178
        0.0005576267  -0.0005988494  -0.0003916993   0.0005171017  -0.0005199651
        0.0002303187   0.0008632109   0.0005818124  -0.0007539051   0.0022349539
       -0.0031291605   0.0033984831  -0.0035553091  -0.0031905606   0.0034921057
        0.0041133278   0.0019478680  -0.0006050980
        0.0009383805  -0.0006156904  -0.0000560479  -0.0024474946  -0.0025119530
       -0.0031138917   0.0151130510   0.0185167748  -0.0248168085  -0.0019869847
        0.0168683621  -0.0032011394   0.0035319833   0.0234309652  -0.0035903663
       -0.0236569765   0.0268055468  -0.0375897055   0.0120836672  -0.0880676728
        0.0629741857   0.0014926977   0.0000430495   0.0001843542   0.0001489433
       -0.0000901322  -0.0002961679   0.0000069984  -0.0000538732   0.0002107031
        0.0002313867  -0.0001695482  -0.0002967046  -0.0028008822   0.0000820881
        0.0002581595   0.0002306985  -0.0007573393   0.0001046818  -0.0015412916
        0.0030801455   0.0048649199   0.0005754661   0.0035753341   0.0061178906
       -0.0019196431  -0.0001360569  -0.0017540630
        0.0010148086  -0.0007040012  -0.0017034905  -0.0036467612   0.0011042470
        0.0023457583   0.0035627958  -0.0029633451   0.0016241295  -0.0034988573
        0.0041852044  -0.0018901399   0.0006777354   0.0016486276  -0.0003944938
       -0.0104378956   0.0003119897  -0.0013220295  -0.0002749636  -0.0044938555
        0.0014926977   0.0010178246   0.0000360704   0.0000184837   0.0001011441
        0.0000643784  -0.0002135499   0.0000914361  -0.0001697875  -0.0002251258
        0.0006210474  -0.0001877580  -0.0001784674   0.0000040198  -0.0000482332
       -0.0002450172   0.0001985672  -0.0001312635  -0.0001041839  -0.0003979142
       -0.0002855357   0.0000541142   0.0001475324   0.0002672143  -0.0000569947
        0.0108194808   0.0013660479   0.0007983095
       -0.0000313531  -0.0001919383  -0.0002041757  -0.0002776558   0.0005348779
        0.0001905905  -0.0000101900  -0.0006098782   0.0002007279   0.0002917783
        0.0013768004  -0.0004075608   0.0005080603  -0.0003344296  -0.0000790128
       -0.0009348067  -0.0000399122   0.0006015778  -0.0010598540  -0.0003484525
        0.0000430495   0.0000360704   0.0013039137   0.0000141062   0.0000584785
        0.0001344410  -0.0000436276   0.0000497937   0.0000904690  -0.0000181950
        0.0001117318   0.0000466040  -0.0000305649   0.0000026302   0.0000430377
       -0.0000253979  -0.0000554837   0.0000399657  -0.0000419450  -0.0000902757
        0.0001120078   0.0000013451   0.0001001779   0.0002463691  -0.0001463331
        0.0013008979  -0.0024038754  -0.0000545840
       -0.0003103017  -0.0002348215  -0.0001107851   0.0007378895   0.0004657429
        0.0002492784   0.0001355872  -0.0000057046   0.0000619439  -0.0004928066
       -0.0003658256  -0.0000751593  -0.0001228007  -0.0000384140  -0.0009264494
       -0.0007459174   0.0007583703   0.0016890167   0.0002501337  -0.0002877819
        0.0001843542   0.0000184837   0.0000141062   0.0011620289   0.0000340341
        0.0001201287   0.0000742508   0.0000976055   0.0001425317  -0.0000587873
        0.0000745903   0.0000333899  -0.0000140925  -0.0003099363  -0.0002508317
        0.0000805305  -0.0002068575  -0.0002917258  -0.0000130482   0.0000065718
        0.0000114493   0.0002944606   0.0000072045  -0.0000498442   0.0000556726
        0.0008265198  -0.0000207698  -0.0026532148
       -0.0465801524   0.0096616660  -0.0097373140   0.0025565582  -0.0087290167
        0.0079313224   0.0003780753  -0.0012097302  -0.0003241698  -0.0000140268
        0.0007508889  -0.0006819763   0.0000670266   0.0003300860  -0.0000072469
       -0.0001440343   0.0000366254  -0.0000190458  -0.0001900499  -0.0004935175
        0.0001489433   0.0001011441   0.0000584785   0.0000340341   0.0438340005
       -0.0118974537   0.0121584390   0.0028617508  -0.0120553868   0.0094650340
       -0.0029359906   0.0221503468  -0.0212051269   0.0003679936   0.0000035915
       -0.0003769768  -0.0004816550   0.0009932313   0.0027048437   0.0001450618
        0.0003357532   0.0000056245   0.0000592183   0.0000126364  -0.0000053645
       -0.0000249201   0.0000518008  -0.0000910199
        0.0122422614  -0.1978185677   0.1458244434  -0.0038403015   0.0084197380
       -0.0016164402   0.0004814332   0.0006270136  -0.0001843680  -0.0002361309
        0.0006775908   0.0005209713   0.0001156137   0.0001940281   0.0004185921
       -0.0000970911  -0.0000354621  -0.0000675959  -0.0000647336  -0.0005660687
       -0.0000901322   0.0000643784   0.0001344410   0.0001201287  -0.0118974537
        0.2155168624  -0.1654935295  -0.0013817518  -0.0225294643   0.0173847812
        0.0034320813  -0.0051219525   0.0069764166   0.0000024331   0.0005554986
       -0.0011613972   0.0011854964   0.0007311631  -0.0020361615  -0.0000732701
       -0.0005555882  -0.0002166119   0.0000597003  -0.0000716868  -0.0002035622
        0.0000073349  -0.0001575453  -0.0001755347
       -0.0134672772   0.1522154997  -0.1873457771   0.0005863229   0.0128590479
       -0.0197755608   0.0012290629   0.0001132138   0.0008535641  -0.0000202096
       -0.0002028029   0.0002573070  -0.0002652690  -0.0002520057   0.0001071416
       -0.0001858075   0.0001185699   0.0001313044  -0.0000370322   0.0003628662
       -0.0002961679  -0.0002135499  -0.0000436276   0.0000742508   0.0121584390
       -0.1654935295   0.2051589316   0.0010414363  -0.0041036417   0.0082783063
       -0.0031653120   0.0064174060  -0.0031852246  -0.0000192995   0.0003398015
       -0.0000153624   0.0022524437  -0.0020249891  -0.0044703327   0.0000507606
       -0.0003549056   0.0002463506  -0.0001048568   0.0000283811   0.0000497901
        0.0001601483   0.0000207161  -0.0000685209
       -0.1120846131  -0.1098155859  -0.0448746444   0.0094183405   0.0079483740
        0.0010323434   0.0009466884   0.0004640508  -0.0009889459  -0.0002384711
        0.0000922341  -0.0000437563  -0.0001892631   0.0000404348   0.0002109795
       -0.0003573809   0.0003767616  -0.0003353876   0.0000034024  -0.0007933236
        0.0000069984   0.0000914361   0.0000497937   0.0000976055   0.0028617508
       -0.0013817518   0.0010414363   0.1168576158   0.1256932672   0.0520509542
       -0.0172494905  -0.0237826079  -0.0110684547  -0.0004894795   0.0013134819
        0.0026408547   0.0004225901   0.0001253461   0.0001535136  -0.0000678090
       -0.0001454046   0.0000352036  -0.0000080925  -0.0000479731   0.0000490110
        0.0000827755  -0.0001370973  -0.0000077112
       -0.1141223061  -0.2369392092  -0.0763450800  -0.0009783709  -0.0078862786
       -0.0082483037   0.0005469525   0.0006825040   0.0002766738   0.0000306469
       -0.0008069126   0.0006274812  -0.0004441353  -0.0000937317   0.0002518025
       -0.0002645247   0.0004180818  -0.0003160216   0.0003912251   0.0003511547
       -0.0000538732  -0.0001697875   0.0000904690   0.0001425317  -0.0120553868
       -0.0225294643  -0.0041036417   0.1256932672   0.2592575910   0.0881485959
        0.0003776582   0.0061257394   0.0013745478   0.0007702290   0.0006525736
       -0.0021410883   0.0001295132   0.0008239449   0.0008559262  -0.0000330671
       -0.0000924031  -0.0001648185  -0.0000209963  -0.0000160914  -0.0002117132
        0.0001490824  -0.0000379676  -0.0000930187
       -0.0496477572  -0.0805019012  -0.0767992204  -0.0098302024  -0.0171003899
       -0.0096648276   0.0011484133  -0.0006020632   0.0012808840  -0.0001861686
       -0.0003514255  -0.0007197843  -0.0001539309   0.0002972939  -0.0002167053
       -0.0000112883  -0.0000935134   0.0001662989   0.0000230692   0.0003193178
        0.0002107031  -0.0002251258  -0.0000181950  -0.0000587873   0.0094650340
        0.0173847812   0.0082783063   0.0520509542   0.0881485959   0.0816338112
       -0.0047608802  -0.0048611953   0.0001777245   0.0021955204  -0.0022337996
       -0.0043757037  -0.0002194377  -0.0008810717  -0.0003428822   0.0000491697
        0.0001471068   0.0000505164  -0.0000181552   0.0001858858   0.0002535548
        0.0001207854   0.0001605733   0.0001261116
       -0.3103229097   0.0609236807  -0.0541214693  -0.0082693745   0.0027289409
        0.0016249675  -0.0047632599   0.0032553402   0.0030182185   0.0009123218
       -0.0013139746   0.0011726318  -0.0005210053  -0.0002706697  -0.0000483187
        0.0003540313   0.0001907062  -0.0002381390   0.0004109819   0.0005576267
        0.0002313867   0.0006210474   0.0001117318   0.0000745903  -0.0029359906
        0.0034320813  -0.0031653120  -0.0172494905   0.0003776582  -0.0047608802
        0.3421842866  -0.0696948354   0.0565505674   0.0002838401  -0.0000697318
       -0.0002310073  -0.0000123621   0.0000228593  -0.0000621774  -0.0000883720
       -0.0000004579   0.0000379618  -0.0000075790  -0.0001235355  -0.0000700644
       -0.0005961656  -0.0001274205  -0.0000129557
        0.0622688300  -0.0602757457   0.0133983668   0.0063368015  -0.0012093368
        0.0006281043   0.0030305588  -0.0003233920  -0.0016818049  -0.0007080211
        0.0004937407  -0.0002837809   0.0000229581   0.0003703947   0.0000835137
       -0.0001254879   0.0001477465   0.0000780424   0.0000765542  -0.0005988494
       -0.0001695482  -0.0001877580   0.0000466040   0.0000333899   0.0221503468
       -0.0051219525   0.0064174060  -0.0237826079   0.0061257394  -0.0048611953
       -0.0696948354   0.0602634940  -0.0134141622   0.0005791711  -0.0001471998
       -0.0003653299  -0.0002905084   0.0005148918   0.0003006255  -0.0000178068
       -0.0001304915  -0.0000591362   0.0000350069   0.0000040212  -0.0000886843
        0.0003067981  -0.0001596646  -0.0000158066
       -0.0472919934   0.0114719559  -0.0530625322   0.0164562119  -0.0031119860
        0.0049181532   0.0048770210  -0.0027394454  -0.0023204333  -0.0001901993
        0.0005429442  -0.0012496390   0.0006182689   0.0002978951   0.0003207558
        0.0000740186  -0.0003299659   0.0004035147  -0.0001468496  -0.0003916993
       -0.0002967046  -0.0001784674  -0.0000305649  -0.0000140925  -0.0212051269
        0.0069764166  -0.0031852246  -0.0110684547   0.0013745478   0.0001777245
        0.0565505674  -0.0134141622   0.0545156559   0.0004709751  -0.0007074006
       -0.0000039929   0.0009464871  -0.0000705341  -0.0002555514  -0.0000308058
       -0.0000119835  -0.0000444108  -0.0000107782   0.0000955010   0.0001533210
        0.0001291250   0.0000484813  -0.0000565438
        0.0042436715   0.0098694639   0.0062152608  -0.0863781402  -0.0922344681
       -0.0402118179  -0.0271632416  -0.0177461384  -0.0082177759   0.0018459088
       -0.0021196310   0.0015334118  -0.0005989395  -0.0007703010  -0.0000995143
       -0.0007569480   0.0003321360   0.0003234290  -0.0025086510   0.0005171017
       -0.0028008822   0.0000040198   0.0000026302  -0.0003099363   0.0003679936
        0.0000024331  -0.0000192995  -0.0004894795   0.0007702290   0.0021955204
        0.0002838401   0.0005791711   0.0004709751   0.1087000878   0.1007833925
        0.0408101546   0.0021767333  -0.0008292876   0.0003738247   0.0001538543
        0.0005636673  -0.0004215877   0.0001467781  -0.0000101555   0.0000195683
       -0.0000274872   0.0002897568   0.0001386689
       -0.0018640603  -0.0111569039  -0.0091367172  -0.0873807471  -0.1933466568
       -0.0625387135  -0.0006180959   0.0042389010   0.0019454224   0.0004282130
        0.0016372083  -0.0005049933   0.0004108219   0.0004321362   0.0000271693
        0.0002748170  -0.0003745287   0.0002508236  -0.0000163168  -0.0005199651
        0.0000820881  -0.0000482332   0.0000430377  -0.0002508317   0.0000035915
        0.0005554986   0.0003398015   0.0013134819   0.0006525736  -0.0022337996
       -0.0000697318  -0.0001471998  -0.0007074006   0.1007833925   0.2228104433
        0.0756225592  -0.0135018913  -0.0248166829  -0.0034976677  -0.0000052725
       -0.0000317329   0.0002244851   0.0001245087   0.0001248261   0.0003660644
        0.0001655224  -0.0001009547   0.0000117098
       -0.0070575052  -0.0255501864  -0.0179184965  -0.0412718235  -0.0586378291
       -0.0678550955  -0.0032490321  -0.0060952780   0.0013731209  -0.0002564736
        0.0008447908  -0.0005080228   0.0007886259   0.0003210668   0.0004643973
       -0.0001125193  -0.0004582014   0.0000163198  -0.0004605643   0.0002303187
        0.0002581595  -0.0002450172  -0.0000253979   0.0000805305  -0.0003769768
       -0.0011613972  -0.0000153624   0.0026408547  -0.0021410883  -0.0043757037
       -0.0002310073  -0.0003653299  -0.0000039929   0.0408101546   0.0756225592
        0.0826704248   0.0088159136   0.0170516896   0.0063051243  -0.0001168704
        0.0003752526  -0.0001270959   0.0000446446  -0.0000231935  -0.0001008514
        0.0002775962   0.0000122240  -0.0002634561
       -0.0010913787  -0.0071409862   0.0121527104  -0.0373379354   0.0071006805
       -0.0118081904  -0.0096174690   0.0244934710  -0.0190009835  -0.0036684156
       -0.0013470997  -0.0020809581  -0.0013940157   0.0005614373   0.0003305738
       -0.0000973601   0.0007442224  -0.0004463831   0.0008050246   0.0008632109
        0.0002306985   0.0001985672  -0.0000554837  -0.0002068575  -0.0004816550
        0.0011854964   0.0022524437   0.0004225901   0.0001295132  -0.0002194377
       -0.0000123621  -0.0002905084   0.0009464871   0.0021767333  -0.0135018913
        0.0088159136   0.0505458173  -0.0122648003   0.0087140546  -0.0000990739
       -0.0001306005   0.0001391649  -0.0003922920  -0.0001092640   0.0001967966
        0.0000432250  -0.0002373976  -0.0000160329
       -0.0001187544   0.0055336923  -0.0064642606   0.0036265693  -0.1612714702
        0.1171279173   0.0070679168  -0.0070938614   0.0062065406   0.0012858541
        0.0000311787   0.0012189107   0.0002291727  -0.0000555784  -0.0005172818
       -0.0003517511  -0.0002483185   0.0000943979   0.0002622938   0.0005818124
       -0.0007573393  -0.0001312635   0.0000399657  -0.0002917258   0.0009932313
        0.0007311631  -0.0020249891   0.0001253461   0.0008239449  -0.0008810717
        0.0000228593   0.0005148918  -0.0000705341  -0.0008292876  -0.0248166829
        0.0170516896  -0.0122648003   0.1844939671  -0.1313506587  -0.0000954286
        0.0004420525   0.0001862160   0.0001095544   0.0002210699   0.0003340391
        0.0000684876   0.0000721729   0.0001381497
        0.0043039135   0.0157030478  -0.0284426624  -0.0131639771   0.1133196894
       -0.1527627786  -0.0021233224   0.0061501386  -0.0019752472  -0.0018970322
        0.0013348538  -0.0005353539   0.0007672919   0.0004541945  -0.0002021206
        0.0001662397  -0.0002819809   0.0002922340   0.0000422370  -0.0007539051
        0.0001046818  -0.0001041839  -0.0000419450  -0.0000130482   0.0027048437
       -0.0020361615  -0.0044703327   0.0001535136   0.0008559262  -0.0003428822
       -0.0000621774   0.0003006255  -0.0002555514   0.0003738247  -0.0034976677
        0.0063051243   0.0087140546  -0.1313506587   0.1822855959  -0.0000357015
       -0.0000668634  -0.0000945509  -0.0000551340  -0.0000493757  -0.0000026250
        0.0002156098  -0.0000399179   0.0001095171
        0.0000420243  -0.0000009207  -0.0001224840   0.0004800324   0.0009014504
        0.0001381928   0.0042767294   0.0074053749  -0.0021243067  -0.1304915141
       -0.1183350059   0.0317830786  -0.0132724019  -0.0213741572   0.0061865706
       -0.0063817192  -0.0026191589   0.0001690466  -0.0016102297   0.0022349539
       -0.0015412916  -0.0003979142  -0.0000902757   0.0000065718   0.0001450618
       -0.0000732701   0.0000507606  -0.0000678090  -0.0000330671   0.0000491697
       -0.0000883720  -0.0000178068  -0.0000308058   0.0001538543  -0.0000052725
       -0.0001168704  -0.0000990739  -0.0000954286  -0.0000357015   0.1465112543
        0.1333898178  -0.0349439086   0.0005079845  -0.0003028447   0.0001998139
        0.0002920930  -0.0009843889   0.0003321639
        0.0002162551   0.0001713514  -0.0002595737  -0.0009301779   0.0004024250
       -0.0006055773  -0.0150617309  -0.0236619728   0.0068133069  -0.1192301542
       -0.1967865683   0.0475178402   0.0005640900   0.0011014347  -0.0002452884
        0.0010890840  -0.0004902779   0.0011184929  -0.0011377345  -0.0031291605
        0.0030801455  -0.0002855357   0.0001120078   0.0000114493   0.0003357532
       -0.0005555882  -0.0003549056  -0.0001454046  -0.0000924031   0.0001471068
       -0.0000004579  -0.0001304915  -0.0000119835   0.0005636673  -0.0000317329
        0.0003752526  -0.0001306005   0.0004420525  -0.0000668634   0.1333898178
        0.2222879891  -0.0572246948   0.0003444710   0.0002460728  -0.0004058759
        0.0004186577   0.0001148619   0.0001111685
        0.0003540146   0.0001818360  -0.0003324959   0.0006331065  -0.0014772888
       -0.0009190209   0.0051051093   0.0095512804  -0.0021955439   0.0316863035
        0.0473114120  -0.0411695697  -0.0011523897  -0.0018802941   0.0011771668
       -0.0011003693   0.0006992471   0.0020814607  -0.0002405569   0.0033984831
        0.0048649199   0.0000541142   0.0000013451   0.0002944606   0.0000056245
       -0.0002166119   0.0002463506   0.0000352036  -0.0001648185   0.0000505164
        0.0000379618  -0.0000591362  -0.0000444108  -0.0004215877   0.0002244851
       -0.0001270959   0.0001391649   0.0001862160  -0.0000945509  -0.0349439086
       -0.0572246948   0.0370084502  -0.0000050189  -0.0005109498  -0.0009672690
       -0.0001867721  -0.0000205106   0.0001266318
       -0.0001196099   0.0000616175   0.0000522519  -0.0006776088   0.0013831290
       -0.0007751369  -0.0052143581   0.0006178860  -0.0008524435  -0.0122089249
        0.0212990359  -0.0081340025  -0.1083481730   0.1048420128  -0.0425284117
        0.0059537238  -0.0081953576   0.0033797583   0.0004677798  -0.0035553091
        0.0005754661   0.0001475324   0.0001001779   0.0000072045   0.0000592183
        0.0000597003  -0.0001048568  -0.0000080925  -0.0000209963  -0.0000181552
       -0.0000075790   0.0000350069  -0.0000107782   0.0001467781   0.0001245087
        0.0000446446  -0.0003922920   0.0001095544  -0.0000551340   0.0005079845
        0.0003444710  -0.0000050189   0.1193075994  -0.1167788862   0.0481029559
        0.0003860220  -0.0004265513   0.0003216564
       -0.0002805099   0.0001739610   0.0001202160   0.0003956211  -0.0001013508
        0.0000369661  -0.0016306043   0.0002435127   0.0005838619   0.0003561547
        0.0001157557  -0.0000992311   0.1066790739  -0.2096939122   0.0702539952
        0.0111255118  -0.0215716373   0.0080211413   0.0002258666  -0.0031905606
        0.0035753341   0.0002672143   0.0002463691  -0.0000498442   0.0000126364
       -0.0000716868   0.0000283811  -0.0000479731  -0.0000160914   0.0001858858
       -0.0001235355   0.0000040212   0.0000955010  -0.0000101555   0.0001248261
       -0.0000231935  -0.0001092640   0.0002210699  -0.0000493757  -0.0003028447
        0.0002460728  -0.0005109498  -0.1167788862   0.2332680649  -0.0816446791
        0.0002216943   0.0000015856  -0.0005240091
       -0.0003659317   0.0004346574  -0.0002459706   0.0003260879  -0.0006342529
        0.0011016235  -0.0002433569   0.0009035547   0.0020732831  -0.0011158351
        0.0019350892  -0.0009245312  -0.0431976930   0.0700115798  -0.0587795675
       -0.0031719893   0.0064128370  -0.0033781176  -0.0007222844   0.0034921057
        0.0061178906  -0.0000569947  -0.0001463331   0.0000556726  -0.0000053645
       -0.0002035622   0.0000497901   0.0000490110  -0.0002117132   0.0002535548
       -0.0000700644  -0.0000886843   0.0001533210   0.0000195683   0.0003660644
       -0.0001008514   0.0001967966   0.0003340391  -0.0000026250   0.0001998139
       -0.0004058759  -0.0009672690   0.0481029559  -0.0816446791   0.0560147157
        0.0000552804  -0.0005548266  -0.0014209194
       -0.0009865976   0.0007530991   0.0017224020   0.0031179263  -0.0013651649
       -0.0023954692  -0.0036252113   0.0042730354  -0.0021854140   0.0037190073
       -0.0058210390   0.0019538610  -0.0100244295  -0.0047907072   0.0007540013
       -0.3022937903  -0.0540258077  -0.0060255350  -0.0093917104   0.0041133278
       -0.0019196431   0.0108194808   0.0013008979   0.0008265198  -0.0000249201
        0.0000073349   0.0001601483   0.0000827755   0.0001490824   0.0001207854
       -0.0005961656   0.0003067981   0.0001291250  -0.0000274872   0.0001655224
        0.0002775962   0.0000432250   0.0000684876   0.0002156098   0.0002920930
        0.0004186577  -0.0001867721   0.0003860220   0.0002216943   0.0000552804
        0.3085097820   0.0542247812   0.0064975042
       -0.0002755915  -0.0001162585   0.0002030987   0.0013568986   0.0006315195
       -0.0002410804   0.0016535854  -0.0022386244   0.0012106602  -0.0023735679
       -0.0032660479   0.0032721007  -0.0209805558  -0.0041777109  -0.0008649170
       -0.0479072868  -0.0406454325   0.0022007887   0.0145069868   0.0019478680
       -0.0001360569   0.0013660479  -0.0024038754  -0.0000207698   0.0000518008
       -0.0001575453   0.0000207161  -0.0001370973  -0.0000379676   0.0001605733
       -0.0001274205  -0.0001596646   0.0000484813   0.0002897568  -0.0001009547
        0.0000122240  -0.0002373976   0.0000721729  -0.0000399179  -0.0009843889
        0.0001148619  -0.0000205106  -0.0004265513   0.0000015856  -0.0005548266
        0.0542247812   0.0505360738  -0.0052505636
       -0.0005355890  -0.0002484176  -0.0000516985   0.0005852761   0.0004547056
        0.0004879735  -0.0011846493   0.0014542308   0.0003882644   0.0006001501
        0.0028092500   0.0059105356   0.0062643738   0.0003893184  -0.0012438824
       -0.0079694793   0.0015984995  -0.0235740720  -0.0057206657  -0.0006050980
       -0.0017540630   0.0007983095  -0.0000545840  -0.0026532148  -0.0000910199
       -0.0001755347  -0.0000685209  -0.0000077112  -0.0000930187   0.0001261116
       -0.0000129557  -0.0000158066  -0.0000565438   0.0001386689   0.0000117098
       -0.0002634561  -0.0000160329   0.0001381497   0.0001095171   0.0003321639
        0.0001111685   0.0001266318   0.0003216564  -0.0005240091  -0.0014209194
        0.0064975042  -0.0052505636   0.0239373368
