           1           2  0.94867707993448702     
           2           3  0.99821492958150981     
           3           4   1.0068828395403995     
           4           5   1.3965274425292780     
           5           6   1.4713291579322600     
           6           7   1.3600112880544928     
           7           8   1.1106252830700021     
           8           9   1.7588918382763528     
           9          10   1.1105766982400103     
          10          11   1.3654026350627855     
          11          12   1.4197045140003459     
          12          13  0.95477128127583089     
          12          14   1.3848832696894693     
          11          15  0.10274896828292382     
          14          15   1.4323284870277631     
          10          16   1.3647707067472421     
          15          16   1.4577510488165357     
           5          17  0.10165596308330024     
           7          17   1.3656214299465004     
           4          18   1.4029519931847176     
           6          18  0.10110869238992129     
          17          18   1.4609466596611913     
           1          20  0.91855936488055323     
           1          21  0.91320794970995212     
           1          22  0.84490901114639150     
           2          23  0.96620300721756092     
           2          24  0.96530538406248556     
           3          25  0.97036081592690482     
           3          26  0.96028306153131326     
           5          27  0.96848913994088148     
           6          28  0.96327664152743120     
           8          29  0.95832855898343317     
           9          30  0.95836478720884977     
          11          31  0.96084069358687030     
          14          32  0.96747241359826019     
          15          33  0.96919292875911811     
          16          34  0.96856439245686010     
          17          35  0.96838681715698383     
          18          36  0.96851909744030640     
