           1           2  0.94775429649398713     
           2           3  0.99792854991661661     
           3           4   1.0066455585221818     
           4           5   1.3994039521053285     
           5           6   1.4621725605496938     
           4           7   1.3984778324441800     
           6           7  0.10251203464778780     
           5           8  0.10001844288091094     
           7           8   1.4657798214660138     
           6           9   1.3476586401827853     
           8           9   1.3425822350242238     
           9          10   1.1118348959070141     
          10          11   1.7561668733344598     
          11          12   1.1027354193341834     
          12          13   1.3481386680847076     
          13          14   1.4600604788218361     
          14          15   1.4273348244403183     
          13          16  0.10600550244728793     
          15          16   1.4308409798841728     
          12          17   1.3479809563296561     
          14          17  0.10418840306835393     
          16          17   1.4556054317173828     
           1          19  0.84817903278984408     
           1          20  0.91186760576131798     
           1          21  0.91797390202387863     
           2          22  0.96552286018878286     
           2          23  0.96640033447055673     
           3          24  0.96127485966594839     
           3          25  0.96971513599351322     
           5          26  0.96762223573989981     
           6          27  0.96878799935119175     
           7          28  0.96753592951907041     
           8          29  0.96787967412489750     
          13          30  0.96969270571526756     
          14          31  0.96869636482190025     
          15          32  0.97080058014394344     
          16          33  0.96861605071265422     
          17          34  0.96961299520015731     
