           1           2  0.94515066912627155     
           2           3  0.99822087307921237     
           3           4   1.0004513695680264     
           4           5   1.4127197484859688     
           5           6   1.4512666621022148     
           6           7   1.3705441793384534     
           7           8   1.0537725474451365     
           8           9  0.98710702078966495     
           5          10  0.10636012456647680     
           7          10   1.3583346476084839     
           4          11   1.3982855330161381     
           6          11  0.10034676101024703     
          10          11   1.4709018825360305     
           1          13  0.84457326066334082     
           1          14  0.91882795516899773     
           1          15  0.91857358559354574     
           2          16  0.96598735138298697     
           2          17  0.96557626100283334     
           3          18  0.96989369093886824     
           3          19  0.97041769179348103     
           5          20  0.96860056537698980     
           6          21  0.96372045659735184     
           9          22  0.97841706099670234     
           9          23  0.97700696233477824     
           9          24  0.97696965716485407     
          10          25  0.96708159186854026     
          11          26  0.96814152997558200     
