           1           2  0.94458691044267096     
           2           3  0.99761816096277256     
           3           4   1.0020261120186935     
           4           5   1.4018996387610143     
           5           6   1.4646589964945385     
           6           7   1.3652222734181862     
           7           8   1.1089976397898718     
           8           9   1.7636926431284607     
           9          10   1.1102081570631279     
          10          11   1.3658541926580015     
          11          12   1.4208408616486252     
          12          13  0.94965179790166920     
          12          14   1.3859010333466046     
          11          15  0.10277757133880761     
          14          15   1.4315687037577081     
          10          16   1.3651230648112085     
          15          16   1.4584720044698596     
           5          17  0.10342155994058752     
           7          17   1.3643861732509788     
           4          18   1.4023294029949069     
          17          18   1.4639122417711190     
           1          20  0.92013918117558013     
           1          21  0.84734113932094945     
           1          22  0.91787962620271146     
           2          23  0.96622852130068670     
           2          24  0.97210300772395120     
           3          25  0.96034697523306378     
           3          26  0.97121486039503102     
           5          27  0.96935611827812784     
           6          28  0.96858318648885344     
           8          29  0.95828206521113002     
           9          30  0.95805125913530043     
          11          31  0.96065300185941482     
          14          32  0.96838519299410053     
          15          33  0.96986073876437140     
          16          34  0.96866735848983576     
          17          35  0.96346403124787239     
          18          36  0.96889896790359820     
