           1           2  0.92561146380520909     
           2           3  0.99549672761055363     
           3           4   1.0156226949329028     
           4           5   1.9882400107847809     
           1           6  0.91273144752588764     
           1           7  0.90869654453055015     
           1           8  0.90709808995728325     
           2           9  0.96667749412388515     
           2          10  0.96532489795943532     
           3          11  0.96777513431263396     
           3          12  0.95452786090666419     
           4          13  0.96614198853429534     
           5          14  0.97337057436461016     
           5          15  0.97362686514760677     
