   670
         14          1         14
          9         15         23
         14         24         37
         14         38         51
         14         52         65
         20         66         85
         12         86         97
          9         98        106
         13        107        119
         11        120        130
         10        131        140
          2        141        142
         16        143        158
         17        159        175
         14        176        189
         10        190        199
          6        200        205
          7        206        212
         12        213        224
          4        225        228
          4        229        232
          7        233        239
          8        240        247
          8        248        255
          6        256        261
          8        262        269
          3        270        272
          8        273        280
          3        281        283
         12        284        295
          1        296        296
         16        297        312
         10        313        322
         17        323        339
         13        340        352
         10        353        362
         18        363        380
         14        381        394
         10        395        404
          6        405        410
          4        411        414
          6        415        420
          9        421        429
          6        430        435
         10        436        445
          8        446        453
         10        454        463
         12        464        475
          2        476        477
          1        478        478
          6        479        484
          6        485        490
         10        491        500
          1        501        501
          9        502        510
          6        511        516
          2        517        518
         12        519        530
          7        531        537
          8        538        545
          9        546        554
         13        555        567
         13        568        580
         11        581        591
          9        592        600
         10        601        610
          8        611        618
          1        619        619
          3        620        622
         11        623        633
         11        634        644
          2        645        646
          6        647        652
          5        653        657
          5        658        662
          8        663        670
          1        671        671
          6        672        677
          6        678        683
          1        684        684
          9        685        693
          1        694        694
          1        695        695
          6        696        701
          1        702        702
          8        703        710
         13        711        723
          1        724        724
         10        725        734
          6        735        740
          4        741        744
          5        745        749
         10        750        759
          6        760        765
          2        766        767
          8        768        775
          8        776        783
         10        784        793
          6        794        799
         11        800        810
          6        811        816
          6        817        822
         10        823        832
          1        833        833
          1        834        834
          2        835        836
         12        837        848
         12        849        860
          1        861        861
          8        862        869
          6        870        875
          5        876        880
         11        881        891
          2        892        893
          3        894        896
         13        897        909
          4        910        913
          7        914        920
          9        921        929
          8        930        937
          1        938        938
          3        939        941
          5        942        946
          4        947        950
          9        951        959
          1        960        960
          1        961        961
          7        962        968
          1        969        969
          3        970        972
          2        973        974
          1        975        975
          5        976        980
          6        981        986
          2        987        988
          9        989        997
          8        998       1005
          6       1006       1011
          3       1012       1014
          6       1015       1020
          9       1021       1029
          3       1030       1032
         10       1033       1042
          5       1043       1047
          3       1048       1050
          7       1051       1057
          8       1058       1065
          4       1066       1069
          8       1070       1077
          3       1078       1080
          7       1081       1087
          8       1088       1095
          5       1096       1100
          7       1101       1107
         12       1108       1119
          2       1120       1121
          7       1122       1128
          7       1129       1135
          1       1136       1136
          8       1137       1144
          7       1145       1151
          8       1152       1159
          8       1160       1167
          1       1168       1168
          4       1169       1172
          7       1173       1179
          7       1180       1186
          2       1187       1188
          5       1189       1193
          6       1194       1199
          7       1200       1206
          1       1207       1207
          8       1208       1215
          8       1216       1223
          2       1224       1225
          2       1226       1227
          7       1228       1234
          1       1235       1235
          6       1236       1241
          1       1242       1242
          1       1243       1243
          6       1244       1249
          3       1250       1252
         10       1253       1262
          2       1263       1264
          6       1265       1270
          7       1271       1277
          5       1278       1282
          7       1283       1289
          4       1290       1293
          4       1294       1297
          1       1298       1298
          5       1299       1303
          1       1304       1304
          4       1305       1308
          6       1309       1314
          3       1315       1317
          1       1318       1318
          5       1319       1323
          3       1324       1326
          3       1327       1329
          1       1330       1330
          3       1331       1333
          3       1334       1336
          9       1337       1345
          4       1346       1349
          2       1350       1351
          5       1352       1356
          5       1357       1361
          1       1362       1362
          1       1363       1363
          4       1364       1367
          2       1368       1369
          1       1370       1370
          5       1371       1375
          1       1376       1376
          3       1377       1379
          8       1380       1387
          4       1388       1391
          6       1392       1397
          4       1398       1401
          1       1402       1402
          1       1403       1403
         10       1404       1413
          2       1414       1415
          3       1416       1418
          6       1419       1424
          9       1425       1433
          1       1434       1434
          2       1435       1436
          4       1437       1440
          3       1441       1443
          2       1444       1445
          1       1446       1446
          5       1447       1451
          3       1452       1454
          3       1455       1457
          1       1458       1458
          4       1459       1462
          4       1463       1466
          1       1467       1467
          1       1468       1468
          4       1469       1472
          2       1473       1474
          2       1475       1476
          1       1477       1477
          2       1478       1479
          1       1480       1480
          9       1481       1489
          1       1490       1490
          2       1491       1492
          4       1493       1496
          2       1497       1498
          1       1499       1499
          5       1500       1504
          4       1505       1508
          9       1509       1517
          3       1518       1520
         10       1521       1530
          1       1531       1531
          2       1532       1533
          2       1534       1535
          5       1536       1540
          8       1541       1548
          1       1549       1549
          1       1550       1550
          2       1551       1552
          5       1553       1557
          4       1558       1561
          4       1562       1565
          8       1566       1573
          3       1574       1576
          1       1577       1577
          4       1578       1581
          3       1582       1584
          1       1585       1585
          2       1586       1587
          5       1588       1592
          6       1593       1598
          2       1599       1600
          6       1601       1606
          1       1607       1607
          4       1608       1611
          2       1612       1613
          5       1614       1618
          1       1619       1619
          3       1620       1622
          5       1623       1627
          6       1628       1633
          1       1634       1634
          3       1635       1637
          5       1638       1642
          2       1643       1644
          1       1645       1645
          2       1646       1647
          5       1648       1652
          3       1653       1655
          2       1656       1657
          2       1658       1659
          3       1660       1662
          1       1663       1663
          5       1664       1668
          2       1669       1670
          5       1671       1675
          2       1676       1677
          6       1678       1683
          4       1684       1687
          2       1688       1689
          5       1690       1694
          5       1695       1699
          3       1700       1702
          1       1703       1703
          7       1704       1710
          2       1711       1712
          6       1713       1718
          1       1719       1719
          2       1720       1721
          1       1722       1722
          1       1723       1723
          4       1724       1727
          9       1728       1736
          3       1737       1739
          2       1740       1741
          5       1742       1746
          1       1747       1747
          1       1748       1748
          5       1749       1753
          2       1754       1755
          6       1756       1761
          7       1762       1768
          1       1769       1769
          2       1770       1771
          1       1772       1772
          8       1773       1780
          7       1781       1787
          1       1788       1788
          1       1789       1789
          6       1790       1795
          4       1796       1799
          9       1800       1808
          1       1809       1809
          4       1810       1813
          4       1814       1817
          1       1818       1818
          3       1819       1821
          3       1822       1824
          8       1825       1832
          1       1833       1833
          7       1834       1840
          1       1841       1841
          2       1842       1843
          3       1844       1846
          1       1847       1847
          1       1848       1848
          1       1849       1849
          1       1850       1850
          1       1851       1851
          3       1852       1854
          3       1855       1857
          1       1858       1858
          6       1859       1864
          3       1865       1867
          6       1868       1873
          3       1874       1876
          8       1877       1884
          3       1885       1887
          3       1888       1890
          2       1891       1892
          6       1893       1898
          4       1899       1902
          3       1903       1905
          4       1906       1909
          2       1910       1911
          1       1912       1912
          3       1913       1915
          1       1916       1916
          2       1917       1918
          8       1919       1926
          2       1927       1928
          1       1929       1929
          2       1930       1931
          5       1932       1936
          1       1937       1937
          5       1938       1942
          2       1943       1944
          2       1945       1946
          2       1947       1948
          1       1949       1949
          5       1950       1954
          1       1955       1955
          3       1956       1958
          1       1959       1959
          3       1960       1962
          8       1963       1970
          4       1971       1974
          7       1975       1981
          1       1982       1982
          1       1983       1983
          2       1984       1985
          1       1986       1986
          3       1987       1989
          3       1990       1992
          5       1993       1997
          4       1998       2001
          2       2002       2003
          1       2004       2004
          3       2005       2007
          5       2008       2012
          2       2013       2014
          1       2015       2015
          1       2016       2016
          2       2017       2018
          4       2019       2022
          2       2023       2024
          3       2025       2027
          1       2028       2028
          2       2029       2030
          4       2031       2034
          2       2035       2036
          2       2037       2038
          1       2039       2039
          1       2040       2040
          1       2041       2041
          1       2042       2042
          1       2043       2043
          2       2044       2045
          3       2046       2048
          3       2049       2051
          5       2052       2056
          1       2057       2057
          3       2058       2060
          3       2061       2063
          7       2064       2070
          3       2071       2073
          4       2074       2077
          1       2078       2078
          1       2079       2079
          3       2080       2082
          1       2083       2083
          2       2084       2085
          3       2086       2088
          2       2089       2090
          3       2091       2093
          3       2094       2096
          1       2097       2097
          2       2098       2099
          1       2100       2100
          1       2101       2101
          3       2102       2104
          2       2105       2106
          4       2107       2110
          1       2111       2111
          2       2112       2113
          3       2114       2116
          2       2117       2118
          2       2119       2120
          2       2121       2122
          3       2123       2125
          1       2126       2126
          1       2127       2127
          4       2128       2131
          2       2132       2133
          1       2134       2134
          3       2135       2137
          4       2138       2141
          2       2142       2143
          1       2144       2144
          4       2145       2148
          6       2149       2154
          5       2155       2159
          3       2160       2162
          4       2163       2166
          1       2167       2167
          1       2168       2168
          1       2169       2169
          1       2170       2170
          2       2171       2172
          1       2173       2173
          3       2174       2176
          1       2177       2177
          3       2178       2180
          3       2181       2183
          1       2184       2184
          2       2185       2186
          2       2187       2188
          3       2189       2191
          1       2192       2192
          3       2193       2195
          4       2196       2199
          3       2200       2202
          1       2203       2203
          2       2204       2205
          4       2206       2209
          2       2210       2211
          5       2212       2216
          3       2217       2219
          1       2220       2220
          2       2221       2222
          1       2223       2223
          3       2224       2226
          1       2227       2227
          4       2228       2231
          4       2232       2235
          2       2236       2237
          1       2238       2238
          1       2239       2239
          1       2240       2240
          1       2241       2241
          2       2242       2243
          2       2244       2245
          2       2246       2247
          2       2248       2249
          1       2250       2250
          1       2251       2251
          2       2252       2253
          2       2254       2255
          4       2256       2259
          2       2260       2261
          1       2262       2262
          5       2263       2267
          1       2268       2268
          1       2269       2269
          2       2270       2271
          1       2272       2272
          3       2273       2275
          2       2276       2277
          1       2278       2278
          1       2279       2279
          2       2280       2281
          2       2282       2283
          1       2284       2284
          2       2285       2286
          3       2287       2289
          4       2290       2293
          1       2294       2294
          1       2295       2295
          1       2296       2296
          2       2297       2298
          1       2299       2299
          3       2300       2302
          1       2303       2303
          3       2304       2306
          1       2307       2307
          2       2308       2309
          1       2310       2310
          2       2311       2312
          1       2313       2313
          1       2314       2314
          2       2315       2316
          2       2317       2318
          1       2319       2319
          6       2320       2325
          2       2326       2327
          1       2328       2328
          1       2329       2329
          2       2330       2331
          2       2332       2333
          1       2334       2334
          1       2335       2335
          2       2336       2337
          1       2338       2338
          1       2339       2339
          2       2340       2341
          1       2342       2342
          1       2343       2343
          4       2344       2347
          2       2348       2349
          3       2350       2352
          2       2353       2354
          4       2355       2358
          1       2359       2359
          4       2360       2363
          1       2364       2364
          3       2365       2367
          2       2368       2369
          1       2370       2370
          1       2371       2371
          1       2372       2372
          1       2373       2373
          1       2374       2374
          1       2375       2375
          3       2376       2378
          1       2379       2379
          3       2380       2382
          1       2383       2383
          2       2384       2385
          2       2386       2387
          3       2388       2390
          1       2391       2391
          2       2392       2393
          1       2394       2394
          1       2395       2395
          1       2396       2396
          2       2397       2398
          1       2399       2399
          1       2400       2400
          1       2401       2401
          1       2402       2402
          1       2403       2403
          1       2404       2404
          1       2405       2405
          1       2406       2406
          1       2407       2407
          1       2408       2408
          4       2409       2412
          4       2413       2416
          2       2417       2418
          1       2419       2419
          1       2420       2420
          1       2421       2421
          1       2422       2422
          2       2423       2424
          1       2425       2425
          2       2426       2427
          1       2428       2428
          1       2429       2429
          1       2430       2430
          1       2431       2431
          1       2432       2432
          1       2433       2433
          2       2434       2435
          1       2436       2436
          1       2437       2437
          2       2438       2439
          1       2440       2440
          3       2441       2443
          2       2444       2445
          2       2446       2447
          1       2448       2448
          1       2449       2449
          2       2450       2451
          2       2452       2453
          1       2454       2454
          1       2455       2455
          1       2456       2456
          4       2457       2460
          1       2461       2461
          3       2462       2464
          1       2465       2465
          1       2466       2466
          1       2467       2467
          1       2468       2468
          1       2469       2469
          2       2470       2471
          1       2472       2472
          1       2473       2473
          1       2474       2474
          1       2475       2475
          1       2476       2476
          2       2477       2478
          2       2479       2480
          2       2481       2482
          1       2483       2483
          5       2484       2488
          3       2489       2491
          1       2492       2492
          3       2493       2495
          1       2496       2496
          1       2497       2497
          1       2498       2498
          1       2499       2499
          3       2500       2502
          1       2503       2503
          4       2504       2507
          1       2508       2508
          2       2509       2510
          1       2511       2511
          1       2512       2512
          2       2513       2514
          1       2515       2515
