   -0.16326557
   -0.04118889
   -0.09557446
    0.02538429
   -0.05920965
   -0.05307765
    0.00874750
    0.02096317
   -0.06532235
    0.00128142
   -0.12139557
    0.00784798
    0.01785019
   -0.05721194
   -0.05832017
    0.01565333
    0.00463517
   -0.00535942
   -0.11411469
   -0.05642718
   -0.02511997
   -0.05965782
   -0.05488360
   -0.09865165
   -0.02971176
    0.32103199
    0.31495096
    0.30337502
    0.12563767
    0.11573748
    0.10564743
    0.09415100
    0.04857329
    0.02267588
    0.06525281
    0.06987131
    0.05776575
    0.06163666
    0.03875273
    0.04466269
    0.05396863
    0.05586057
    0.05660179
    0.04520664
    0.05476897
