           1           2  0.97314599031652205     
           2           3  0.99381839361762914     
           3           4   1.0256453550669609     
           4           5   1.5804375140897593     
           5           6   1.2970552762602847     
           6           7   1.5115211526629384     
           7           8   1.1652328462092312     
           8           9   1.4849588220881769     
           9          10   1.3066444168525628     
          10          11   1.0303910312787781     
          10          12   1.4412011159325839     
          12          13   1.1826500051563122     
          13          14   1.4627302785872638     
          14          15   1.3448115199889588     
          15          16   1.4717368106900437     
          16          17   1.1612489915190829     
          17          18   1.4739631168863272     
          18          19   1.0263294517946846     
          18          20   1.2693314712851531     
          20          21   1.6111940290913576     
          17          22   1.1179557253660923     
          21          22   1.1874969013793337     
          13          23   1.1183461857472097     
          16          23   1.1261092223444384     
           8          24   1.1074677699679292     
          12          24   1.1023784152259095     
           4          25   1.1419361966125579     
           7          25   1.1070569889207964     
           1          26  0.88290811023660654     
           1          27  0.88550521274682736     
           1          28  0.87391403827490377     
           2          29  0.96145311274793421     
           2          30  0.96501517830481709     
           3          31  0.95196603042491235     
           3          32  0.95865810541709662     
           5          33  0.96201749376199797     
           6          34  0.96146138386452185     
           9          35  0.95807863129526449     
          11          36  0.97913864490152558     
          11          37  0.96229241600984405     
          11          38  0.96098284353182883     
          14          39  0.96086411288565521     
          15          40  0.96016883997918867     
          19          41  0.97118196468944984     
          19          42  0.96525208095298076     
          19          43  0.98222822299381451     
          20          44  0.96277704970162925     
          21          45  0.96870172137118649     
