$coord
          1.550774917085          2.757582577528         -0.000212134588     n 
          3.487463195792          0.717017549280          0.020730779134     c 
          2.984548724751         -1.686160366188         -1.432661638370     c 
          2.935410839083         -1.706550606502          1.421954298263     c 
         -4.367725928359         -0.246121094659         -0.003035976829     cl
          1.728961014311          3.875706992587         -1.579017621997     h 
          1.699707898446          3.880685189874          1.578002550979     h 
         -0.240239428278          1.979089555360         -0.014363841712     h 
          5.435741464779          1.418036276918          0.058528131764     h 
          4.556851575406         -2.593759972226         -2.410234805630     h 
          1.203939331029         -1.830662213830         -2.459543759496     h 
          4.472929539338         -2.633989596794          2.435744969087     h 
          1.119480905888         -1.873801547519          2.381175342833     h 
$end
