   -0.12652174
   -0.02336072
   -0.08245704
   -0.00682272
   -0.04080821
   -0.03317158
    0.01744884
   -0.04486892
   -0.03443967
    0.01329922
   -0.03242262
   -0.02810565
   -0.02705263
   -0.02789257
   -0.03215747
   -0.03645459
   -0.04946247
   -0.96494713
    0.25346854
    0.25692212
    0.31898122
    0.10210907
    0.10575839
    0.05345295
    0.07555557
    0.03742337
    0.04239949
    0.04195438
    0.03861429
    0.03184144
    0.03358283
    0.03416553
    0.03431947
    0.03502010
    0.04042202
    0.02420687
