           1           2  0.97397160219773382     
           2           3  0.98872430538051925     
           3           4   1.0253457960901915     
           4           5   1.5707457218710084     
           5           6   1.3032075493223760     
           6           7   1.5028699198428705     
           7           8   1.1640846935968552     
           8           9   1.4753082035812863     
           9          10   1.3148240563105316     
          10          11   1.0264104694496767     
          10          12   1.4467341308767463     
          12          13   1.1439644356348000     
          13          14   1.4287508803550280     
          14          15   1.3636474282536259     
          15          16   1.4385570047394625     
          16          17   1.1208190462196426     
          17          18   1.4913267699640025     
          18          19   1.0263369659443389     
          18          20   1.2684128536177337     
          20          21   1.6078171346422017     
          17          22   1.1225082549610625     
          21          22   1.2013358437178603     
          16          23   1.1955845506374991     
          23          24   1.3838044157935732     
          24          25   1.4186431238297021     
          24          26  0.16083727372915532     
          25          26   1.4113349158535655     
          13          27   1.1882993289013903     
          23          27   1.1712604851118711     
          25          27  0.10068112650329895     
          26          27   1.3889358754510015     
           8          28   1.1306912246649043     
          12          28   1.1163612883936884     
           4          29   1.1567023435812029     
           7          29   1.1186777693340815     
           1          31  0.82713078344141699     
           1          32  0.89448505708721116     
           1          33  0.89411587079714328     
           2          34  0.96812659641101861     
           2          35  0.96601908327719976     
           3          36  0.95772057078717010     
           3          37  0.96281189060085737     
           5          38  0.96152139004069836     
           6          39  0.96127924561924982     
           9          40  0.95988832264365587     
          11          41  0.97894199748474087     
          11          42  0.97387983351335128     
          11          43  0.96199474035032129     
          14          44  0.96139662851259899     
          15          45  0.96294724751430194     
          19          46  0.97641105691413355     
          19          47  0.96274390421800615     
          19          48  0.97821678577017512     
          20          49  0.96282086968431579     
          21          50  0.96747430259114708     
