$hessian                                                                        
        0.5730018304   0.0058829193  -0.0259515575  -0.0732202079   0.0169180659
       -0.0161739665  -0.0111532319   0.0239806083  -0.0168297199   0.0000339669
        0.0003896939  -0.0006943603   0.0000869195   0.0000964529   0.0004233812
       -0.0001650891   0.0000237542   0.0002843124   0.0003041789   0.0001412307
       -0.0000438460  -0.0003004962  -0.0000677651   0.0000470186   0.0001231734
        0.0000944910  -0.0001510674   0.0000366409   0.0003011384  -0.0002712081
       -0.0000872882   0.0004199299  -0.0002595908  -0.0032200448  -0.0069397154
       -0.0006740050  -0.0452721822   0.0017220058   0.0007935306  -0.1526877049
       -0.1284932071  -0.0085042755  -0.2872950168   0.0944173552   0.0582288883
        0.0049869066  -0.0144538413   0.0129420208  -0.0006835012   0.0028264127
       -0.0036276402   0.0009377828  -0.0007757968  -0.0007755601  -0.0054318299
        0.0032388783   0.0012784089   0.0000684804   0.0000669765  -0.0000664721
       -0.0000171060   0.0000285216  -0.0000266365  -0.0000986116   0.0000547256
        0.0000089336  -0.0000172665   0.0000504187  -0.0000228861  -0.0000367827
        0.0001303775   0.0000636758   0.0000293943  -0.0000004721   0.0000359692
        0.0000770856  -0.0000531587  -0.0000333475
        0.0058829193   0.5169391046   0.0563540049   0.0117454255  -0.1248212061
        0.0490565167   0.0120088893  -0.0145779641   0.0100179300  -0.0023528987
        0.0000091928  -0.0001409629  -0.0001479280   0.0000646316  -0.0001100761
        0.0000998176   0.0000500806  -0.0001115680  -0.0004491074  -0.0012504320
       -0.0001727669   0.0005137354   0.0011091506  -0.0000398928   0.0001806245
       -0.0002648810   0.0002429882   0.0003461432   0.0001591525   0.0001670001
       -0.0003001288   0.0000988744   0.0001106066  -0.0075856811  -0.0091006502
       -0.0011136848   0.0001052064  -0.0804774805  -0.0963896146  -0.1264791686
       -0.1852902289  -0.0113874845   0.0986406765  -0.0808671646  -0.0239587042
        0.0051606499  -0.0259106350   0.0205840460  -0.0007821237   0.0047686234
       -0.0020801225  -0.0009446179   0.0008665745   0.0006354419   0.0037962723
       -0.0010867683  -0.0013718346   0.0000337238  -0.0001233536  -0.0001410549
        0.0001849364  -0.0001123871   0.0000516856   0.0000701430  -0.0001079095
       -0.0000038770   0.0000924009  -0.0000243460  -0.0000997348  -0.0000499862
       -0.0000018517  -0.0000100103   0.0001588088  -0.0000165651  -0.0000760188
        0.0000712674  -0.0000315614  -0.0000128124
       -0.0259515575   0.0563540049   0.5448780364  -0.0107965811   0.0482151538
       -0.1164516977  -0.0036470777  -0.0004072748   0.0030906693   0.0005913399
        0.0004080325   0.0005247401  -0.0001006588   0.0000982612  -0.0002888861
        0.0000752548   0.0001166709   0.0000790541   0.0001013063   0.0001348071
       -0.0000012129  -0.0001876996  -0.0000465785   0.0001007520   0.0000380290
       -0.0000077268  -0.0001819539  -0.0001334469  -0.0002268452  -0.0000667537
        0.0000621502  -0.0004380368  -0.0002763841   0.0000295314  -0.0002465590
        0.0012758128  -0.0039075081  -0.0968226209  -0.3050302909  -0.0100336584
       -0.0125073860  -0.0416881771   0.0611338374  -0.0239005632  -0.0609249929
       -0.0004615795   0.0064985320  -0.0031682104  -0.0080711567   0.0242021850
       -0.0249548854   0.0007059088  -0.0008373742   0.0017287867   0.0005223085
       -0.0006891620   0.0010726950   0.0001448100   0.0001030220   0.0002902827
        0.0000388054   0.0000886615  -0.0000220678   0.0000341006  -0.0000414975
       -0.0001233023  -0.0000332475  -0.0000515483  -0.0001011218  -0.0000484918
       -0.0000287682  -0.0000950685  -0.0000996291  -0.0000610459   0.0000245464
       -0.0000050896   0.0000936564   0.0003096300
       -0.0732202079   0.0117454255  -0.0107965811   0.4661644263   0.0505526230
       -0.0120723184  -0.1480014428   0.0450224641   0.0335659958  -0.0342364596
       -0.0036289956   0.0054075845   0.0006421814   0.0010622342   0.0016993275
        0.0001477578  -0.0011899386   0.0003642166   0.0004253855   0.0003359361
        0.0001674734  -0.0003604019  -0.0001249351  -0.0001457241  -0.0000396303
        0.0000961162  -0.0000532613  -0.0001376409  -0.0017435760  -0.0001074245
       -0.0010081222   0.0011095539  -0.0021391785  -0.0005937913  -0.0004790434
       -0.0000867810   0.0005084972  -0.0001951723  -0.0019771479   0.0072693082
       -0.0091713190   0.0104727591  -0.0066652015   0.0177921295  -0.0150403421
       -0.1560316685  -0.1119223740  -0.0019506731  -0.0438050332  -0.0090860572
       -0.0111399286  -0.0035517175   0.0037576600   0.0034616399  -0.0071012430
        0.0055316306   0.0007410075  -0.0001968012   0.0002526184  -0.0000372816
        0.0001777377  -0.0000387664   0.0000085074  -0.0000289449   0.0000212536
       -0.0000880961  -0.0000577082   0.0000565621  -0.0000362626  -0.0000764423
        0.0000491102  -0.0001102612   0.0000161781  -0.0001137782  -0.0001030053
       -0.0002390148   0.0003086382  -0.0000042444
        0.0169180659  -0.1248212061   0.0482151538   0.0505526230   0.4597339360
        0.0396510149   0.0350082989  -0.0789204766  -0.0185133611  -0.0124638926
        0.0102207028   0.0056948474  -0.0009267378  -0.0001904616  -0.0000073627
        0.0004301646  -0.0004592428   0.0000820424   0.0005152371   0.0005732391
        0.0003094575  -0.0006265633  -0.0003446378   0.0000550459   0.0000320237
        0.0000700002  -0.0002802215   0.0001032346  -0.0012658587   0.0002166251
       -0.0015924532  -0.0015380998  -0.0003064110   0.0010731502   0.0008941998
        0.0000265001  -0.0023895912   0.0083146262  -0.0009518459   0.0011659125
       -0.0172488511   0.0120706938   0.0048187474  -0.0088189615   0.0059247181
       -0.1166748710  -0.1510296823  -0.0047241501  -0.0065909312  -0.0763671706
       -0.0790984423   0.0130149565  -0.0074419128  -0.0055290917   0.0180199721
       -0.0116267419  -0.0032198541  -0.0002793002   0.0005084602   0.0002191389
       -0.0000524879   0.0001208270  -0.0000214228   0.0000243516  -0.0000594798
       -0.0000891885   0.0000874312  -0.0001130140  -0.0000690480   0.0000547500
       -0.0001601535   0.0000186126  -0.0000984662  -0.0002378577   0.0000694765
       -0.0001236246   0.0002078170   0.0002570728
       -0.0161739665   0.0490565167  -0.1164516977  -0.0120723184   0.0396510149
        0.5024616005   0.0300649663  -0.0183302949  -0.0747899263   0.0020094512
        0.0020236763   0.0013076963  -0.0008715204  -0.0010049795  -0.0005132751
        0.0002369353   0.0002286817  -0.0002990915  -0.0002628902  -0.0003139227
        0.0000337962   0.0002076769   0.0002270882   0.0000634988   0.0000218651
       -0.0000666942   0.0000556788   0.0000199789   0.0004431950  -0.0001751701
        0.0003754185   0.0007843440   0.0004445937  -0.0011027059  -0.0010737630
       -0.0004794188  -0.0070923679   0.0188799636  -0.0217783295   0.0042186769
        0.0048531535   0.0006559237  -0.0007282513  -0.0024069179   0.0039739557
       -0.0003009864  -0.0017623913  -0.0457406443  -0.0099750608  -0.0855387101
       -0.2392242683   0.0265312923  -0.0143654288  -0.0115303428  -0.0148055524
        0.0091058842   0.0028833979  -0.0004287013  -0.0000677129  -0.0003349049
        0.0000532770   0.0000144011  -0.0000454537   0.0000175719   0.0000044708
       -0.0000727107  -0.0000369006  -0.0000097930  -0.0000962723  -0.0000414078
       -0.0000177568  -0.0000733847   0.0000300777  -0.0000351521  -0.0000617061
        0.0001054419  -0.0002788728  -0.0002135448
       -0.0111532319   0.0120088893  -0.0036470777  -0.1480014428   0.0350082989
        0.0300649663   0.4385739193   0.0084155567   0.0108262812  -0.1375320555
       -0.0725398543  -0.0003528067  -0.0149276314  -0.0123462822  -0.0075552508
        0.0039279473  -0.0020428481  -0.0029302903  -0.0010811456  -0.0012264709
        0.0001310999   0.0004186421   0.0013188997   0.0001546043  -0.0003168843
        0.0001216345   0.0002360860   0.0033202318  -0.0027156900   0.0031572313
       -0.0146816325  -0.0143932054   0.0054734578   0.0000129933  -0.0000167102
        0.0000007219   0.0008285466  -0.0004344160   0.0001430190   0.0001082286
       -0.0001996417  -0.0005115565   0.0002306240   0.0009532224  -0.0012067808
       -0.0252673463   0.0074628760   0.0066976911  -0.0016089091   0.0032594167
        0.0035890155  -0.0421964912  -0.0045417377  -0.0108755783  -0.0484431768
        0.0397600697  -0.0333188183  -0.0008606253   0.0015068317   0.0010117772
       -0.0004333047  -0.0004838248   0.0000943757  -0.0000613153   0.0000521174
        0.0000504111   0.0000012432   0.0000819649  -0.0000213383   0.0000048359
       -0.0000625288   0.0000442654  -0.0004441863  -0.0005960683  -0.0000244024
       -0.0004178330   0.0016495005  -0.0012311035
        0.0239806083  -0.0145779641  -0.0004072748   0.0450224641  -0.0789204766
       -0.0183302949   0.0084155567   0.4882472237  -0.0030052560  -0.0802674996
       -0.1270552043  -0.0017228319  -0.0121752014  -0.0121786411  -0.0049670029
       -0.0026365351   0.0034986226  -0.0024789344  -0.0005640466  -0.0003397815
        0.0001233525   0.0006963092  -0.0004529043   0.0000407585   0.0001161197
       -0.0001983781   0.0001635644  -0.0036410347   0.0038475661   0.0019791545
       -0.0128089940  -0.0115351121   0.0034982227   0.0000055512   0.0004000654
       -0.0000317506  -0.0008933564   0.0007151521  -0.0002509283   0.0004546797
        0.0000886977   0.0000957418   0.0015202215  -0.0034417538   0.0030324154
       -0.0149530466   0.0069165706   0.0043598679   0.0120688028  -0.0062385518
       -0.0060529489  -0.0036785425  -0.0793846452  -0.0794128619   0.0375225874
       -0.1679925168   0.1038152027   0.0014436012  -0.0007614468   0.0008221111
       -0.0005534983  -0.0002917612   0.0000183898  -0.0000250254  -0.0000164918
        0.0000586153  -0.0001274437   0.0000235165   0.0000767412   0.0000782960
        0.0000703816  -0.0000259232  -0.0007016836  -0.0000314012  -0.0000705609
        0.0017011101  -0.0003907654  -0.0013275693
       -0.0168297199   0.0100179300   0.0030906693   0.0335659958  -0.0185133611
       -0.0747899263   0.0108262812  -0.0030052560   0.5226290639  -0.0049299318
       -0.0042867608  -0.0666921647  -0.0201214139  -0.0174242982  -0.0024633047
       -0.0020421493  -0.0016198944  -0.0041676203  -0.0000710744  -0.0000555339
       -0.0009640809   0.0002221329   0.0002206246   0.0002736019   0.0000173962
        0.0000522098   0.0000269654   0.0021312558   0.0011452100  -0.0036540930
        0.0188583806   0.0157966258  -0.0017565442   0.0000522738   0.0000918980
        0.0000603940  -0.0008274620   0.0006029660   0.0015910420  -0.0004639694
       -0.0005412276  -0.0000299821  -0.0015767891   0.0033497220  -0.0021689250
       -0.0001454969   0.0000364835   0.0010256738   0.0232583883  -0.0120494551
       -0.0088942775  -0.0121835306  -0.0799834855  -0.2317506648  -0.0304006928
        0.1054806396  -0.1326453674  -0.0007770292  -0.0006723838   0.0009091874
       -0.0010522023  -0.0007911214  -0.0001871936   0.0000145242   0.0000535700
       -0.0000150053   0.0000205251  -0.0001352208  -0.0000782937  -0.0000415009
       -0.0000760913   0.0000123674   0.0009739737   0.0007550335  -0.0001077904
        0.0015218350   0.0015511771   0.0007462689
        0.0000339669  -0.0023528987   0.0005913399  -0.0342364596  -0.0124638926
        0.0020094512  -0.1375320555  -0.0802674996  -0.0049299318   0.4182004216
        0.2438523448  -0.0072596459  -0.0978447963  -0.0471996559  -0.0995173229
       -0.0192537709  -0.0179495643  -0.0193477767   0.0005199535   0.0065508689
        0.0018407193  -0.0011424974  -0.0011509469  -0.0002632703   0.0001387608
       -0.0001639896  -0.0000867468  -0.0231456836  -0.0203491980   0.0166615482
       -0.1079599240  -0.0514196405   0.1083483115  -0.0002867975   0.0009257155
       -0.0001141194  -0.0001031164   0.0001727217  -0.0003589533   0.0018902044
        0.0007562953   0.0001875715   0.0004568140  -0.0002412134   0.0001901989
       -0.0050149682   0.0012436376   0.0011275476   0.0012045801  -0.0003195659
       -0.0002399850  -0.0046710867  -0.0058334073  -0.0046398411   0.0000393834
       -0.0048079911   0.0038993242   0.0040204888   0.0026053971   0.0106399523
        0.0005558840  -0.0068092021  -0.0000314155   0.0000592008  -0.0000188716
       -0.0000876326  -0.0000304730   0.0000165720   0.0000711040   0.0001087204
        0.0000002733   0.0001033368   0.0004926510  -0.0066475640  -0.0000012348
        0.0035005990   0.0018712752  -0.0087925292
        0.0003896939   0.0000091928   0.0004080325  -0.0036289956   0.0102207028
        0.0020236763  -0.0725398543  -0.1270552043  -0.0042867608   0.2438523448
        0.3487598469   0.0062932962  -0.0452746921  -0.0892913391  -0.0922663666
       -0.0191573475  -0.0163578333  -0.0162564945   0.0066067507  -0.0002174249
        0.0005800671  -0.0014705544  -0.0012245252  -0.0002840395  -0.0000308732
        0.0001572582  -0.0000844852  -0.0196950307  -0.0165585257   0.0146093998
       -0.0528221405  -0.0895441728   0.0907827548  -0.0003469398   0.0002297153
        0.0000118953   0.0000599424   0.0000136212  -0.0004053124   0.0002765537
        0.0005918116  -0.0001143526   0.0000122001   0.0002867756  -0.0000269000
        0.0027650092  -0.0005660812  -0.0005116880   0.0002159222   0.0004976807
        0.0003613709  -0.0114357544  -0.0097283755  -0.0046676876  -0.0198348885
       -0.0200549956   0.0036665873   0.0026058558   0.0030314719   0.0088102342
       -0.0066979770   0.0022466621  -0.0001894253   0.0000263144   0.0000402346
       -0.0000639746   0.0000151023   0.0000899766   0.0001138531  -0.0000123945
       -0.0000206081   0.0000708119  -0.0064487984   0.0021219934  -0.0001671468
        0.0025705511   0.0023221420  -0.0084073454
       -0.0006943603  -0.0001409629   0.0005247401   0.0054075845   0.0056948474
        0.0013076963  -0.0003528067  -0.0017228319  -0.0666921647  -0.0072596459
        0.0062932962   0.6657975384  -0.0425116436  -0.0429051276  -0.2716695391
       -0.0642547164  -0.0551128553   0.0230981915   0.0028415276   0.0011601560
       -0.0654384076  -0.0011574818  -0.0011761382   0.0004966212   0.0002880348
        0.0003533042   0.0010185757   0.0614313709   0.0534329820   0.0270134146
        0.0503069062   0.0407499060  -0.2587239042  -0.0000564461  -0.0001067848
        0.0000618612  -0.0002159232  -0.0001404014  -0.0003048723  -0.0001983529
        0.0002735313   0.0003452725  -0.0000312313   0.0000216576  -0.0000096044
        0.0020664353  -0.0007454029   0.0002841277   0.0004389639   0.0005361380
       -0.0000743463  -0.0202690483  -0.0197611283  -0.0048236506   0.0135781397
        0.0144867630   0.0002860406  -0.0068713164  -0.0070474789  -0.0280186534
        0.0005386076   0.0000899895   0.0016049535   0.0001106335   0.0001498132
        0.0001856640  -0.0002829185  -0.0005998864   0.0003199416  -0.0006572893
       -0.0001422538   0.0003326451  -0.0006951173  -0.0005468824   0.0015793268
        0.0085000941   0.0069057504  -0.0285014683
        0.0000869195  -0.0001479280  -0.0001006588   0.0006421814  -0.0009267378
       -0.0008715204  -0.0149276314  -0.0121752014  -0.0201214139  -0.0978447963
       -0.0452746921  -0.0425116436   0.4347335372   0.2835181707  -0.0129854647
       -0.2178421536  -0.1570262521  -0.0320134375  -0.0235398889  -0.0176599512
        0.0567573198   0.0045544135  -0.0003301484   0.0019005604  -0.0006458025
       -0.0017186883  -0.0001083436  -0.0263332361  -0.0194498395  -0.0184438247
        0.0305501835   0.0249386588  -0.0180202643  -0.0005676706  -0.0001440577
       -0.0005965262  -0.0001564733   0.0000773704   0.0000710268  -0.0001620932
        0.0004210256   0.0000190620   0.0001354802   0.0000060943  -0.0000779541
       -0.0001299417   0.0000995709   0.0000165706   0.0001118620  -0.0000734659
       -0.0002129142  -0.0026362685  -0.0032658370  -0.0006284565   0.0001585942
        0.0004902270  -0.0011051171  -0.0800800540  -0.0395604869   0.0897032933
       -0.0092122758  -0.0082291362  -0.0023147110  -0.0000999329  -0.0001412329
        0.0000669760   0.0000267689   0.0004027344  -0.0002074775   0.0006193305
        0.0000757061  -0.0004691028  -0.0000930815  -0.0000206666  -0.0006390077
        0.0026520295  -0.0038852361   0.0028930297
        0.0000964529   0.0000646316   0.0000982612   0.0010622342  -0.0001904616
       -0.0010049795  -0.0123462822  -0.0121786411  -0.0174242982  -0.0471996559
       -0.0892913391  -0.0429051276   0.2835181707   0.3622440275   0.0030352071
       -0.1537970608  -0.1790122484  -0.0302265149  -0.0185773388  -0.0177979704
        0.0512278210  -0.0000152668   0.0046440049   0.0015099857  -0.0016787463
       -0.0001365160  -0.0001534817  -0.0208444381  -0.0212180267  -0.0166203462
        0.0261777017   0.0239299229  -0.0171839018  -0.0002423904  -0.0006758540
        0.0000280206  -0.0000519933  -0.0000164293   0.0000468522  -0.0002553977
        0.0004128768  -0.0002904283   0.0000413478   0.0000582669  -0.0000655355
        0.0001635314   0.0000678141   0.0001539855  -0.0001518132  -0.0001281094
       -0.0000721026  -0.0038812113  -0.0026112494  -0.0010772991  -0.0001112967
        0.0012230685  -0.0014710306  -0.0394952621  -0.0656255302   0.0732913195
       -0.0089137777  -0.0077310649  -0.0020970918  -0.0001339168  -0.0000301403
        0.0000227896   0.0002026846   0.0005181596  -0.0004255163   0.0003829491
       -0.0000981988  -0.0001667497   0.0000024038  -0.0001162793  -0.0005718246
       -0.0039516280   0.0036952861   0.0023419859
        0.0004233812  -0.0001100761  -0.0002888861   0.0016993275  -0.0000073627
       -0.0005132751  -0.0075552508  -0.0049670029  -0.0024633047  -0.0995173229
       -0.0922663666  -0.2716695391  -0.0129854647   0.0030352071   0.6656152556
        0.0248440945   0.0191641136  -0.0935662276   0.0159352901   0.0148830313
        0.0324364902   0.0023549229   0.0018240280  -0.0045602178   0.0011417403
        0.0009919537  -0.0011450253  -0.0238099771  -0.0207698103  -0.0141646160
        0.0241212878   0.0194706875  -0.0677561127   0.0000979011  -0.0010260494
       -0.0000856998  -0.0002010106   0.0001051165  -0.0002102038  -0.0008761407
        0.0005191480  -0.0001997704   0.0000947224   0.0000655209   0.0000607347
        0.0005949738   0.0000081188   0.0000130119   0.0009050642  -0.0002822996
        0.0002746633   0.0003211827   0.0001997914   0.0002366509   0.0010313199
        0.0014387430   0.0002781193   0.0891516009   0.0734438720  -0.2351677332
       -0.0200806456  -0.0175567988  -0.0028309709   0.0001159811   0.0001272054
       -0.0003013003   0.0002025719   0.0002304782  -0.0000060460   0.0002643606
        0.0001246017   0.0000052529  -0.0003618277  -0.0002928612   0.0005003415
        0.0020879171   0.0016470104  -0.0044915914
       -0.0001650891   0.0000998176   0.0000752548   0.0001477578   0.0004301646
        0.0002369353   0.0039279473  -0.0026365351  -0.0020421493  -0.0192537709
       -0.0191573475  -0.0642547164  -0.2178421536  -0.1537970608   0.0248440945
        0.4368620106   0.2891662915   0.0106373287  -0.1021559428  -0.0444683670
        0.0437535085  -0.0209368580  -0.0197651057   0.0237619019  -0.0018284540
       -0.0032033589  -0.0000311980   0.0315000728   0.0263711683   0.0199252194
       -0.0285294601  -0.0212975544   0.0221190463  -0.0002511241   0.0005201485
        0.0001208114   0.0001780348  -0.0000429865   0.0001177007   0.0002115113
       -0.0003403445  -0.0001518695   0.0000363159  -0.0000264391   0.0000005266
        0.0001205054   0.0000977093  -0.0000092822  -0.0000705456   0.0000831723
        0.0001085773  -0.0007445630  -0.0004374110   0.0000644398  -0.0002916449
       -0.0004130176   0.0005603160  -0.0110491545  -0.0100567526   0.0018902680
       -0.0710270486  -0.0363049306  -0.0818016895  -0.0001127142  -0.0003308407
        0.0011221007  -0.0003066099  -0.0006118277   0.0004496677  -0.0005357207
        0.0000065483   0.0002119450   0.0024069844  -0.0039592326  -0.0021939461
       -0.0002902863   0.0000740918   0.0004852083
        0.0000237542   0.0000500806   0.0001166709  -0.0011899386  -0.0004592428
        0.0002286817  -0.0020428481   0.0034986226  -0.0016198944  -0.0179495643
       -0.0163578333  -0.0551128553  -0.1570262521  -0.1790122484   0.0191641136
        0.2891662915   0.3695311031   0.0238436034  -0.0411074886  -0.0875390894
        0.0344684280  -0.0220077366  -0.0167251771   0.0212462024  -0.0031233647
       -0.0011394491  -0.0002315363   0.0259020105   0.0236066000   0.0154499839
       -0.0207858473  -0.0213956909   0.0190665745   0.0006656331  -0.0002530770
        0.0007638855   0.0001186440  -0.0000870176   0.0000937642  -0.0001697693
       -0.0003893556  -0.0003470762  -0.0000054371  -0.0000861956   0.0000025029
       -0.0001974080   0.0000577313   0.0001375388  -0.0000379746  -0.0001304579
        0.0000064122  -0.0001925510  -0.0000604006   0.0001102351   0.0002932606
        0.0002393465   0.0000772371  -0.0093092132  -0.0079010579   0.0016905388
       -0.0359624748  -0.0679145304  -0.0789362898  -0.0003797445   0.0000069145
        0.0010002096  -0.0001347028  -0.0003292544   0.0000953114  -0.0006458158
       -0.0000867125   0.0004914697  -0.0039356567   0.0031478998  -0.0022683150
        0.0000341942  -0.0002715078   0.0004626034
        0.0002843124  -0.0001115680   0.0000790541   0.0003642166   0.0000820424
       -0.0002990915  -0.0029302903  -0.0024789344  -0.0041676203  -0.0193477767
       -0.0162564945   0.0230981915  -0.0320134375  -0.0302265149  -0.0935662276
        0.0106373287   0.0238436034   0.6497035785   0.0955393847   0.0805306188
       -0.2508660970   0.0099466580   0.0081916288   0.0029503007  -0.0011632572
       -0.0009040569   0.0000118375  -0.0154385195  -0.0140076616  -0.0588454089
        0.0181414175   0.0156662906  -0.0119502339   0.0003223228  -0.0007453115
       -0.0000672925  -0.0000585578   0.0000116648  -0.0000945841  -0.0003579801
        0.0002751793  -0.0001044764  -0.0001219855   0.0000280169  -0.0000216298
        0.0001058877  -0.0000160105  -0.0000341986  -0.0002514651   0.0000242169
       -0.0000969982  -0.0008489902  -0.0009715948  -0.0003041055   0.0002212469
        0.0002192660  -0.0003804646   0.0198962564   0.0174111261  -0.0012691768
       -0.0820080083  -0.0792126148  -0.2489140657  -0.0003903377  -0.0002921006
        0.0001566676   0.0002311751   0.0004629654  -0.0004127250   0.0005387791
        0.0000896899  -0.0004260088  -0.0017350854  -0.0018674156  -0.0048303818
        0.0004367054   0.0002539689   0.0006511570
        0.0003041789  -0.0004491074   0.0001013063   0.0004253855   0.0005152371
       -0.0002628902  -0.0010811456  -0.0005640466  -0.0000710744   0.0005199535
        0.0066067507   0.0028415276  -0.0235398889  -0.0185773388   0.0159352901
       -0.1021559428  -0.0411074886   0.0955393847   0.3717604145   0.2059418873
       -0.0110930766  -0.1260650774  -0.0748402817  -0.0111185379  -0.0199068461
       -0.0143655215   0.0113987686  -0.0962177656  -0.0397678042  -0.0848872116
       -0.0182145058  -0.0145394743  -0.0194935602  -0.0005186988  -0.0027138704
        0.0001834081  -0.0003827773   0.0001766563  -0.0000909468  -0.0004044160
        0.0010040964  -0.0000908439  -0.0001203345   0.0002141759   0.0000416077
        0.0004962196   0.0000983260   0.0000283796  -0.0001624852   0.0000044216
        0.0000682916   0.0002828916   0.0003084757   0.0002406910   0.0002976101
        0.0004920504  -0.0002173524   0.0007911291  -0.0070369061  -0.0000319122
        0.0054466816   0.0023350682  -0.0093150902  -0.0010974376  -0.0015353989
        0.0023537559   0.0016848103   0.0020402358  -0.0016639841   0.0017303628
       -0.0013903776  -0.0013300299   0.0053757350   0.0038559722   0.0109317183
        0.0007519493  -0.0067057377   0.0000023810
        0.0001412307  -0.0012504320   0.0001348071   0.0003359361   0.0005732391
       -0.0003139227  -0.0012264709  -0.0003397815  -0.0000555339   0.0065508689
       -0.0002174249   0.0011601560  -0.0176599512  -0.0177979704   0.0148830313
       -0.0444683670  -0.0875390894   0.0805306188   0.2059418873   0.3218936350
        0.0010062390  -0.0697064863  -0.1104275599  -0.0103554429  -0.0158358630
       -0.0156580390   0.0107328303  -0.0408957912  -0.0879430482  -0.0801786218
       -0.0155794153  -0.0171615061  -0.0164041188  -0.0013767184  -0.0033827451
       -0.0001811055  -0.0002840440   0.0000981675  -0.0001069486   0.0000588124
        0.0018562912  -0.0001216567  -0.0000395037   0.0000924994   0.0000107773
        0.0005673838  -0.0001499201   0.0000399695  -0.0000637424  -0.0000568812
        0.0000403007   0.0003296502   0.0001847462   0.0002742695   0.0003991544
        0.0003539377  -0.0003081721  -0.0070196162   0.0027139632  -0.0001938740
        0.0028067563   0.0052054923  -0.0092064982  -0.0015147517  -0.0008014448
        0.0022053562  -0.0006716732   0.0012505688  -0.0010155145   0.0024646257
        0.0007756797  -0.0018196174   0.0034247972   0.0050558347   0.0093339459
       -0.0066787084   0.0026717877  -0.0000912745
       -0.0000438460  -0.0001727669  -0.0000012129   0.0001674734   0.0003094575
        0.0000337962   0.0001310999   0.0001233525  -0.0009640809   0.0018407193
        0.0005800671  -0.0654384076   0.0567573198   0.0512278210   0.0324364902
        0.0437535085   0.0344684280  -0.2508660970  -0.0110930766   0.0010062390
        0.6562166331  -0.0310829506  -0.0280077643  -0.0929247549   0.0238686677
        0.0212621999   0.0051549617  -0.0294574827  -0.0307931198  -0.2546208994
       -0.0618871614  -0.0538963543   0.0266240319  -0.0000921059  -0.0005025843
       -0.0004178066  -0.0000176695   0.0001011685  -0.0000304945   0.0001129510
        0.0002092444   0.0000550892  -0.0000352987   0.0000366333   0.0000534951
        0.0002020408  -0.0000211127  -0.0000698788  -0.0000897483   0.0000100063
        0.0001041971  -0.0000849269   0.0000526417   0.0000084227   0.0004214741
        0.0000765857   0.0000375340  -0.0007625120  -0.0010261325   0.0011939643
        0.0096508262   0.0075036029  -0.0275189927   0.0023042643   0.0019736885
       -0.0045581155   0.0006887629   0.0006156672   0.0005710273   0.0006950295
        0.0005291829   0.0004312422  -0.0067264876  -0.0064146542  -0.0269181852
        0.0007791288   0.0007485027   0.0014080407
       -0.0003004962   0.0005137354  -0.0001876996  -0.0003604019  -0.0006265633
        0.0002076769   0.0004186421   0.0006963092   0.0002221329  -0.0011424974
       -0.0014705544  -0.0011574818   0.0045544135  -0.0000152668   0.0023549229
       -0.0209368580  -0.0220077366   0.0099466580  -0.1260650774  -0.0697064863
       -0.0310829506   0.2422213319   0.1470916955  -0.0454679020  -0.0717744098
       -0.0200573829   0.0439494365  -0.0182454291  -0.0229232585  -0.0097333771
        0.0036820158  -0.0020183107  -0.0024957393   0.0002007649   0.0023811069
       -0.0002525209   0.0004876782  -0.0003232037   0.0000559576   0.0003440490
       -0.0013462368   0.0000104836   0.0001061943  -0.0003632134  -0.0001350496
       -0.0004260139  -0.0001298708  -0.0000887876   0.0002128497  -0.0000871731
       -0.0001361060  -0.0000058472  -0.0001211390  -0.0001132637  -0.0001392959
       -0.0002323761   0.0002507326  -0.0003131608  -0.0003578268   0.0000975594
       -0.0007194752   0.0020198722  -0.0003194033  -0.0123060190  -0.0107588084
        0.0227045991   0.0106685656   0.0023588657  -0.0119803210  -0.0084536359
       -0.0025339758   0.0228452885  -0.0007648817   0.0006561055   0.0007753448
       -0.0009430053  -0.0006383070  -0.0002701907
       -0.0000677651   0.0011091506  -0.0000465785  -0.0001249351  -0.0003446378
        0.0002270882   0.0013188997  -0.0004529043   0.0002206246  -0.0011509469
       -0.0012245252  -0.0011761382  -0.0003301484   0.0046440049   0.0018240280
       -0.0197651057  -0.0167251771   0.0081916288  -0.0748402817  -0.1104275599
       -0.0280077643   0.1470916955   0.2098557264  -0.0370063580  -0.0179114654
       -0.0685495935   0.0373052307  -0.0207613246  -0.0157118602  -0.0083875492
       -0.0026002059   0.0044544925  -0.0025347584   0.0018596533   0.0027209661
        0.0003127631   0.0002948237   0.0000800606   0.0001361286  -0.0003126792
       -0.0014116797   0.0000513939   0.0000224894   0.0000745726   0.0000844538
       -0.0004600431   0.0001526764  -0.0001068003   0.0001272347   0.0000333008
       -0.0000556230  -0.0002941662   0.0000262649  -0.0002621063  -0.0004955203
       -0.0002979481   0.0001005960  -0.0003657916  -0.0003349452   0.0000092800
        0.0019796369  -0.0013068349  -0.0002733876  -0.0113713021  -0.0094266532
        0.0205547230  -0.0059241662  -0.0069213378   0.0232923884   0.0041420327
        0.0119551670  -0.0148943700   0.0006987750  -0.0010612974   0.0007224780
       -0.0007593935  -0.0009094284  -0.0002813712
        0.0000470186  -0.0000398928   0.0001007520  -0.0001457241   0.0000550459
        0.0000634988   0.0001546043   0.0000407585   0.0002736019  -0.0002632703
       -0.0002840395   0.0004966212   0.0019005604   0.0015099857  -0.0045602178
        0.0237619019   0.0212462024   0.0029503007  -0.0111185379  -0.0103554429
       -0.0929247549  -0.0454679020  -0.0370063580   0.3730059801   0.0274836101
        0.0259509259  -0.2010426901  -0.0241715750  -0.0220362131  -0.0032479925
       -0.0003491935  -0.0005815131  -0.0062349924   0.0002291941   0.0001568128
        0.0002271501   0.0000317472  -0.0001417716   0.0001040719  -0.0000757974
       -0.0001665778   0.0000960924  -0.0000530977  -0.0000401948   0.0000745346
        0.0000314863   0.0000508860   0.0002600837  -0.0000152215   0.0001738217
        0.0001770600   0.0000759270   0.0000089273   0.0003205401  -0.0000283357
       -0.0000057146   0.0002580367   0.0012193662   0.0012054697  -0.0001228657
       -0.0004730816  -0.0000956755   0.0017811763   0.0027441589   0.0022715933
        0.0036689464   0.0060452013   0.0165074309  -0.0384400967   0.0185514700
        0.0017234627  -0.0383829645   0.0011467370   0.0010413859   0.0012040587
       -0.0012612469  -0.0011893150  -0.0001059309
        0.0001231734   0.0001806245   0.0000380290  -0.0000396303   0.0000320237
        0.0000218651  -0.0003168843   0.0001161197   0.0000173962   0.0001387608
       -0.0000308732   0.0002880348  -0.0006458025  -0.0016787463   0.0011417403
       -0.0018284540  -0.0031233647  -0.0011632572  -0.0199068461  -0.0158358630
        0.0238686677  -0.0717744098  -0.0179114654   0.0274836101   0.5045009315
        0.0053718409   0.0360729987  -0.0010165119   0.0009135181   0.0000221103
       -0.0001098522  -0.0007905845   0.0007517790   0.0004774280   0.0001020273
        0.0000502353  -0.0000843075   0.0000034272  -0.0000010967  -0.0001775930
       -0.0002779329   0.0000264570  -0.0000823903  -0.0000077469   0.0000688518
        0.0000519171   0.0000261313   0.0000335391   0.0000181050  -0.0000364586
        0.0000547532   0.0000164325   0.0000447402   0.0000298981   0.0000815402
        0.0001209487  -0.0000936369  -0.0003217893  -0.0000867688  -0.0000828789
        0.0000305480  -0.0001533739  -0.0001434886  -0.1647516719  -0.1092282854
       -0.0411851793  -0.1685647066   0.0754853443  -0.0856892849  -0.0742282072
        0.0682048488   0.0377826315  -0.0017478244  -0.0015202565   0.0004547683
        0.0001580449   0.0000801254   0.0001514569
        0.0000944910  -0.0002648810  -0.0000077268   0.0000961162   0.0000700002
       -0.0000666942   0.0001216345  -0.0001983781   0.0000522098  -0.0001639896
        0.0001572582   0.0003533042  -0.0017186883  -0.0001365160   0.0009919537
       -0.0032033589  -0.0011394491  -0.0009040569  -0.0143655215  -0.0156580390
        0.0212621999  -0.0200573829  -0.0685495935   0.0259509259   0.0053718409
        0.5065782651   0.0269291054   0.0006514078  -0.0012862006   0.0000145759
       -0.0006769374   0.0001329921   0.0006646549  -0.0000513457  -0.0005146879
        0.0000262865  -0.0000382180   0.0000104870  -0.0000351177  -0.0000928173
        0.0004068139   0.0000206164  -0.0000266243   0.0000473847  -0.0000346504
        0.0000428445  -0.0000051419   0.0000272651  -0.0000575063   0.0000646679
        0.0000238519   0.0000011510  -0.0000344709   0.0000587958  -0.0000328083
       -0.0000513908   0.0000919576  -0.0001156005  -0.0002953041  -0.0000371309
       -0.0001286764   0.0000718393  -0.0001016007  -0.1094373513  -0.1445148451
       -0.0377280405   0.0776385147  -0.0888836222   0.0483478646   0.0676204679
       -0.1847615987  -0.0864019724  -0.0015613666  -0.0013731045   0.0003675272
        0.0000897248   0.0001275151   0.0001338956
       -0.0001510674   0.0002429882  -0.0001819539  -0.0000532613  -0.0002802215
        0.0000556788   0.0002360860   0.0001635644   0.0000269654  -0.0000867468
       -0.0000844852   0.0010185757  -0.0001083436  -0.0001534817  -0.0011450253
       -0.0000311980  -0.0002315363   0.0000118375   0.0113987686   0.0107328303
        0.0051549617   0.0439494365   0.0373052307  -0.2010426901   0.0360729987
        0.0269291054   0.4322339144  -0.0030902866  -0.0030678859   0.0009714321
        0.0009127965   0.0009047267   0.0002187668  -0.0001301530   0.0005912066
       -0.0007425018   0.0000552805  -0.0000181499   0.0001271124   0.0000589176
       -0.0002928468   0.0003699454   0.0000766996  -0.0000285787   0.0000953696
       -0.0000785822   0.0000534542  -0.0000133082   0.0001130103   0.0000016606
        0.0000101732  -0.0000672910  -0.0000179983  -0.0001551125  -0.0001043481
       -0.0000947013  -0.0000064575  -0.0000168147  -0.0000846629   0.0001516655
        0.0001225814  -0.0000041419   0.0001829213  -0.0375004189  -0.0338107765
       -0.0540539468  -0.0877427028   0.0489632150  -0.0942877470   0.0375797750
       -0.0864482688  -0.0885281674  -0.0013158304  -0.0012244649  -0.0001939713
       -0.0000993060  -0.0000457815  -0.0002784378
        0.0000366409   0.0003461432  -0.0001334469  -0.0001376409   0.0001032346
        0.0000199789   0.0033202318  -0.0036410347   0.0021312558  -0.0231456836
       -0.0196950307   0.0614313709  -0.0263332361  -0.0208444381  -0.0238099771
        0.0315000728   0.0259020105  -0.0154385195  -0.0962177656  -0.0408957912
       -0.0294574827  -0.0182454291  -0.0207613246  -0.0241715750  -0.0010165119
        0.0006514078  -0.0030902866   0.4319428457   0.2860938317  -0.0219224105
       -0.2165663010  -0.1540478966  -0.0333394058  -0.0000807598   0.0004626391
       -0.0000927133  -0.0000315711   0.0000085677   0.0000318422  -0.0003122013
       -0.0002041896   0.0003074223   0.0000602345   0.0000411427   0.0000507366
        0.0000022699   0.0000554466  -0.0000513807   0.0001604171  -0.0000992209
       -0.0001380315  -0.0000182195   0.0000920757  -0.0001923750  -0.0014972482
       -0.0009910530   0.0001495809  -0.0001714436   0.0000346930  -0.0005507954
        0.0022746547  -0.0041007320   0.0024247231   0.0003232648  -0.0001237622
       -0.0005337858   0.0001621399   0.0000948457   0.0002572509  -0.0001276410
       -0.0001939542  -0.0002776711  -0.0759089417  -0.0390145901   0.0888790705
       -0.0099721779  -0.0092730204  -0.0024833754
        0.0003011384   0.0001591525  -0.0002268452  -0.0017435760  -0.0012658587
        0.0004431950  -0.0027156900   0.0038475661   0.0011452100  -0.0203491980
       -0.0165585257   0.0534329820  -0.0194498395  -0.0212180267  -0.0207698103
        0.0263711683   0.0236066000  -0.0140076616  -0.0397678042  -0.0879430482
       -0.0307931198  -0.0229232585  -0.0157118602  -0.0220362131   0.0009135181
       -0.0012862006  -0.0030678859   0.2860938317   0.3636571597  -0.0096032084
       -0.1548812708  -0.1773694936  -0.0286420266   0.0011756635  -0.0008279561
       -0.0005815704  -0.0000205282  -0.0001993294  -0.0000337708  -0.0005125208
       -0.0004147722   0.0002647576   0.0000857977  -0.0001244315  -0.0000656964
       -0.0004562172   0.0001178493   0.0000459318   0.0000713083  -0.0001134374
       -0.0001363065   0.0001415527   0.0000873602   0.0000659341  -0.0000082847
        0.0002567299  -0.0001172888   0.0000212907  -0.0001697708  -0.0004367857
       -0.0041723208   0.0034130977   0.0019756469  -0.0001305603   0.0004193969
       -0.0004872327  -0.0003286864  -0.0001166975  -0.0002367182   0.0000289964
        0.0003865631   0.0004438743  -0.0385283970  -0.0647058884   0.0757102787
       -0.0092161133  -0.0079261785  -0.0022856700
       -0.0002712081   0.0001670001  -0.0000667537  -0.0001074245   0.0002166251
       -0.0001751701   0.0031572313   0.0019791545  -0.0036540930   0.0166615482
        0.0146093998   0.0270134146  -0.0184438247  -0.0166203462  -0.0141646160
        0.0199252194   0.0154499839  -0.0588454089  -0.0848872116  -0.0801786218
       -0.2546208994  -0.0097333771  -0.0083875492  -0.0032479925   0.0000221103
        0.0000145759   0.0009714321  -0.0219224105  -0.0096032084   0.6500860772
        0.0246020814   0.0216886346  -0.0917369505  -0.0000500430   0.0008726596
       -0.0003705869   0.0002531136  -0.0000154993   0.0000226440   0.0002509956
       -0.0003862697   0.0000941651   0.0000905928  -0.0000117715  -0.0000518099
       -0.0000163378  -0.0000706828  -0.0001135428   0.0000046475   0.0000146762
       -0.0001178728  -0.0001182827  -0.0001021256  -0.0002834131   0.0001582849
        0.0004179919  -0.0000628588  -0.0004768760  -0.0003079894   0.0005716140
        0.0020676979   0.0016690882  -0.0045005544   0.0004030317   0.0003496210
       -0.0006745688  -0.0004768076   0.0006276009   0.0003628430   0.0004986791
       -0.0005053518   0.0004015805   0.0890933712   0.0761853830  -0.2439257941
       -0.0206848014  -0.0180729789  -0.0029108849
       -0.0000872882  -0.0003001288   0.0000621502  -0.0010081222  -0.0015924532
        0.0003754185  -0.0146816325  -0.0128089940   0.0188583806  -0.1079599240
       -0.0528221405   0.0503069062   0.0305501835   0.0261777017   0.0241212878
       -0.0285294601  -0.0207858473   0.0181414175  -0.0182145058  -0.0155794153
       -0.0618871614   0.0036820158  -0.0026002059  -0.0003491935  -0.0001098522
       -0.0006769374   0.0009127965  -0.2165663010  -0.1548812708   0.0246020814
        0.4345914277   0.2836243369   0.0017977982  -0.0010755347   0.0003413820
        0.0005517443  -0.0000205455  -0.0000278478   0.0002218404   0.0001347752
        0.0003996736  -0.0001983431   0.0001274681  -0.0000594799   0.0001796208
       -0.0004987313   0.0003416627   0.0000775189  -0.0001357076  -0.0000661335
        0.0000335880   0.0001126146   0.0006513628   0.0016969543  -0.0013376031
       -0.0012215613   0.0002911132   0.0028074276  -0.0037887100  -0.0024623711
       -0.0001176768  -0.0001412812   0.0006622761   0.0001611613   0.0001337205
       -0.0000258728  -0.0007127694  -0.0004353975  -0.0000452719  -0.0001717509
       -0.0000693891   0.0000709121  -0.0108939295  -0.0094848083   0.0020077638
       -0.0700457388  -0.0343278383  -0.0800033552
        0.0004199299   0.0000988744  -0.0004380368   0.0011095539  -0.0015380998
        0.0007843440  -0.0143932054  -0.0115351121   0.0157966258  -0.0514196405
       -0.0895441728   0.0407499060   0.0249386588   0.0239299229   0.0194706875
       -0.0212975544  -0.0213956909   0.0156662906  -0.0145394743  -0.0171615061
       -0.0538963543  -0.0020183107   0.0044544925  -0.0005815131  -0.0007905845
        0.0001329921   0.0009047267  -0.1540478966  -0.1773694936   0.0216886346
        0.2836243369   0.3600388593   0.0099856257  -0.0003640245  -0.0008398693
       -0.0002239418  -0.0003481081  -0.0001293972   0.0001420512  -0.0003941706
        0.0005174540   0.0001886041   0.0000561635  -0.0000197475  -0.0000373502
       -0.0000950036   0.0004102487   0.0001129192  -0.0001705146   0.0001941201
        0.0000262706   0.0004130055   0.0006487398   0.0018556283  -0.0025224741
       -0.0025807313   0.0008664473  -0.0038924894   0.0037249465  -0.0023895123
       -0.0001227712  -0.0000623543   0.0006276899   0.0001693953   0.0000617487
       -0.0000386449   0.0000287274  -0.0001366353   0.0000165173  -0.0004558440
       -0.0007358668  -0.0000263659  -0.0094570495  -0.0081951526   0.0017217288
       -0.0344306555  -0.0629685695  -0.0729729782
       -0.0002595908   0.0001106066  -0.0002763841  -0.0021391785  -0.0003064110
        0.0004445937   0.0054734578   0.0034982227  -0.0017565442   0.1083483115
        0.0907827548  -0.2587239042  -0.0180202643  -0.0171839018  -0.0677561127
        0.0221190463   0.0190665745  -0.0119502339  -0.0194935602  -0.0164041188
        0.0266240319  -0.0024957393  -0.0025347584  -0.0062349924   0.0007517790
        0.0006646549   0.0002187668  -0.0333394058  -0.0286420266  -0.0917369505
        0.0017977982   0.0099856257   0.6611177351  -0.0000048218   0.0008097055
       -0.0005101141  -0.0004056742  -0.0000941467   0.0001963173   0.0008766775
       -0.0001760913   0.0006263090  -0.0000002195  -0.0000321501   0.0000384557
       -0.0006099136   0.0000155761  -0.0000318172   0.0001565923  -0.0001351801
       -0.0003387894  -0.0019501743  -0.0017291956   0.0012041777  -0.0007348154
       -0.0008599424   0.0001724431  -0.0017188512  -0.0018808266  -0.0045964293
        0.0004158089   0.0003730467   0.0005044811   0.0000196169   0.0000545405
        0.0001406436   0.0003601604  -0.0000425004  -0.0001208362   0.0000463820
        0.0003603465  -0.0001418937   0.0200558097   0.0173249332  -0.0020061318
       -0.0792492315  -0.0730253376  -0.2451068213
       -0.0032200448  -0.0075856811   0.0000295314  -0.0005937913   0.0010731502
       -0.0011027059   0.0000129933   0.0000055512   0.0000522738  -0.0002867975
       -0.0003469398  -0.0000564461  -0.0005676706  -0.0002423904   0.0000979011
       -0.0002511241   0.0006656331   0.0003223228  -0.0005186988  -0.0013767184
       -0.0000921059   0.0002007649   0.0018596533   0.0002291941   0.0004774280
       -0.0000513457  -0.0001301530  -0.0000807598   0.0011756635  -0.0000500430
       -0.0010755347  -0.0003640245  -0.0000048218   0.0012897179  -0.0075925150
       -0.0005084324  -0.0004453111   0.0002338957   0.0004128655   0.0030848042
        0.0119197350   0.0010094824   0.0007255025   0.0003880092  -0.0001048448
        0.0002971199  -0.0005238948   0.0001877842  -0.0001268269   0.0000845189
       -0.0001064229   0.0002302972  -0.0000022836   0.0000046056   0.0003319213
       -0.0000288174   0.0000325517   0.0001764664   0.0001093709  -0.0002234959
        0.0001160827  -0.0000218750   0.0000582332  -0.0001824243   0.0000721594
       -0.0000193929   0.0000244130   0.0002404394  -0.0002749426  -0.0000998761
        0.0003312153   0.0001434923   0.0002527394  -0.0000730380  -0.0001527766
        0.0002286094   0.0000505287   0.0002463458
       -0.0069397154  -0.0091006502  -0.0002465590  -0.0004790434   0.0008941998
       -0.0010737630  -0.0000167102   0.0004000654   0.0000918980   0.0009257155
        0.0002297153  -0.0001067848  -0.0001440577  -0.0006758540  -0.0010260494
        0.0005201485  -0.0002530770  -0.0007453115  -0.0027138704  -0.0033827451
       -0.0005025843   0.0023811069   0.0027209661   0.0001568128   0.0001020273
       -0.0005146879   0.0005912066   0.0004626391  -0.0008279561   0.0008726596
        0.0003413820  -0.0008398693   0.0008097055  -0.0075925150  -0.0028658542
       -0.0008583336   0.0001389267   0.0003416947   0.0008773785   0.0122755499
        0.0140108766   0.0016376295   0.0008203087  -0.0004572847  -0.0000190860
       -0.0002600716  -0.0003990100   0.0001328578   0.0001775878   0.0003372050
       -0.0003056841  -0.0001502152   0.0002100296  -0.0001536539  -0.0000344306
       -0.0000692880   0.0001050776  -0.0001133725   0.0000951975   0.0000411193
        0.0001175551   0.0000256109   0.0002029898   0.0002238943  -0.0000893586
        0.0000142871   0.0001595672  -0.0001881862  -0.0002879054  -0.0000875782
       -0.0000038636  -0.0000690265   0.0000206279   0.0000968749  -0.0002184380
       -0.0001354569   0.0003052490   0.0000795574
       -0.0006740050  -0.0011136848   0.0012758128  -0.0000867810   0.0000265001
       -0.0004794188   0.0000007219  -0.0000317506   0.0000603940  -0.0001141194
        0.0000118953   0.0000618612  -0.0005965262   0.0000280206  -0.0000856998
        0.0001208114   0.0007638855  -0.0000672925   0.0001834081  -0.0001811055
       -0.0004178066  -0.0002525209   0.0003127631   0.0002271501   0.0000502353
        0.0000262865  -0.0007425018  -0.0000927133  -0.0005815704  -0.0003705869
        0.0005517443  -0.0002239418  -0.0005101141  -0.0005084324  -0.0008583336
        0.0040392689   0.0002736742   0.0004257745  -0.0000463242   0.0013146816
        0.0017489014  -0.0047119436  -0.0000262030  -0.0001533799  -0.0006882953
        0.0000338253   0.0000345964   0.0003428975  -0.0002206142  -0.0000641548
        0.0004079126   0.0000245332   0.0001226365   0.0004598263   0.0000575938
       -0.0000502596   0.0004358844   0.0000096248  -0.0000705157   0.0003847745
        0.0002374230   0.0001129082   0.0002026334   0.0000356680  -0.0001102769
       -0.0002639456  -0.0000550541  -0.0002370543  -0.0001462350  -0.0000870180
        0.0000247696  -0.0001220751  -0.0002868383  -0.0001451223   0.0002393085
        0.0001068810   0.0001822124   0.0005145150
       -0.0452721822   0.0001052064  -0.0039075081   0.0005084972  -0.0023895912
       -0.0070923679   0.0008285466  -0.0008933564  -0.0008274620  -0.0001031164
        0.0000599424  -0.0002159232  -0.0001564733  -0.0000519933  -0.0002010106
        0.0001780348   0.0001186440  -0.0000585578  -0.0003827773  -0.0002840440
       -0.0000176695   0.0004876782   0.0002948237   0.0000317472  -0.0000843075
       -0.0000382180   0.0000552805  -0.0000315711  -0.0000205282   0.0002531136
       -0.0000205455  -0.0003481081  -0.0004056742  -0.0004453111   0.0001389267
        0.0002736742   0.0433438133  -0.0022854702   0.0014343666   0.0019143471
       -0.0078033183  -0.0173764718  -0.0010456827   0.0113826962   0.0274072825
        0.0001134141  -0.0002693726   0.0006734208   0.0003138502   0.0015034440
       -0.0013428732   0.0001049111   0.0006199622   0.0004290656  -0.0001192980
        0.0000235487   0.0002631997  -0.0000032208  -0.0000106625   0.0001587486
        0.0000498697   0.0000119332   0.0000456048   0.0000137991   0.0000309727
       -0.0000171685   0.0000011273  -0.0000292193  -0.0000362771   0.0000010335
       -0.0000172553  -0.0000315586   0.0000247376  -0.0000040036  -0.0000235660
       -0.0002191741   0.0001550409   0.0005285845
        0.0017220058  -0.0804774805  -0.0968226209  -0.0001951723   0.0083146262
        0.0188799636  -0.0004344160   0.0007151521   0.0006029660   0.0001727217
        0.0000136212  -0.0001404014   0.0000773704  -0.0000164293   0.0001051165
       -0.0000429865  -0.0000870176   0.0000116648   0.0001766563   0.0000981675
        0.0001011685  -0.0003232037   0.0000800606  -0.0001417716   0.0000034272
        0.0000104870  -0.0000181499   0.0000085677  -0.0001993294  -0.0000154993
       -0.0000278478  -0.0001293972  -0.0000941467   0.0002338957   0.0003416947
        0.0004257745  -0.0022854702   0.0850237810   0.1067008111  -0.0021804748
       -0.0079895771  -0.0211202713   0.0017994826  -0.0028562589  -0.0121687898
       -0.0001210862   0.0001149864   0.0009018583   0.0012489094  -0.0027872194
        0.0034237253   0.0001380368  -0.0003166373  -0.0006618322   0.0000855905
       -0.0000341201  -0.0000094390  -0.0000181532  -0.0000057667   0.0000129487
       -0.0000271045   0.0000066425   0.0000131877   0.0000073287  -0.0000267492
       -0.0000102133  -0.0000039273   0.0000088470   0.0000068592  -0.0000099696
        0.0000133600  -0.0000109213  -0.0000595259   0.0000185969   0.0000279471
        0.0000553451   0.0001659597   0.0000000655
        0.0007935306  -0.0963896146  -0.3050302909  -0.0019771479  -0.0009518459
       -0.0217783295   0.0001430190  -0.0002509283   0.0015910420  -0.0003589533
       -0.0004053124  -0.0003048723   0.0000710268   0.0000468522  -0.0002102038
        0.0001177007   0.0000937642  -0.0000945841  -0.0000909468  -0.0001069486
       -0.0000304945   0.0000559576   0.0001361286   0.0001040719  -0.0000010967
       -0.0000351177   0.0001271124   0.0000318422  -0.0000337708   0.0000226440
        0.0002218404   0.0001420512   0.0001963173   0.0004128655   0.0008773785
       -0.0000463242   0.0014343666   0.1067008111   0.3385033492  -0.0036296064
       -0.0069094282  -0.0030794503   0.0036035959  -0.0061025255  -0.0088143934
       -0.0000007656  -0.0005931177   0.0004906693  -0.0007227414   0.0038205782
       -0.0021558095  -0.0005957943   0.0003201362   0.0000820091   0.0003977293
       -0.0003662845   0.0001765776   0.0000119415   0.0000055134   0.0000428924
        0.0000181603   0.0000350995   0.0000387218   0.0000691547  -0.0000036537
        0.0000382429  -0.0000140171   0.0000054604   0.0000130268  -0.0000114459
       -0.0000074464  -0.0000036001   0.0000391029   0.0000457284   0.0000031963
       -0.0000193186  -0.0000735074   0.0001184797
       -0.1526877049  -0.1264791686  -0.0100336584   0.0072693082   0.0011659125
        0.0042186769   0.0001082286   0.0004546797  -0.0004639694   0.0018902044
        0.0002765537  -0.0001983529  -0.0001620932  -0.0002553977  -0.0008761407
        0.0002115113  -0.0001697693  -0.0003579801  -0.0004044160   0.0000588124
        0.0001129510   0.0003440490  -0.0003126792  -0.0000757974  -0.0001775930
       -0.0000928173   0.0000589176  -0.0003122013  -0.0005125208   0.0002509956
        0.0001347752  -0.0003941706   0.0008766775   0.0030848042   0.0122755499
        0.0013146816   0.0019143471  -0.0021804748  -0.0036296064   0.1613187448
        0.1307135885   0.0101899750  -0.0223350136  -0.0169455751  -0.0001202728
       -0.0000503246   0.0023692443  -0.0013674660   0.0006939822   0.0002254674
       -0.0000880022  -0.0002724654   0.0001661625   0.0000375975  -0.0004491507
        0.0001296501   0.0000535527  -0.0001260205  -0.0000433347   0.0002175830
       -0.0000050417  -0.0000465531   0.0000056995   0.0001567903  -0.0001480458
       -0.0000193164   0.0000790307  -0.0001372420   0.0000773596   0.0000812928
       -0.0002638837  -0.0001026296  -0.0001145894   0.0000382646  -0.0000298527
       -0.0001904544   0.0001077470  -0.0000516223
       -0.1284932071  -0.1852902289  -0.0125073860  -0.0091713190  -0.0172488511
        0.0048531535  -0.0001996417   0.0000886977  -0.0005412276   0.0007562953
        0.0005918116   0.0002735313   0.0004210256   0.0004128768   0.0005191480
       -0.0003403445  -0.0003893556   0.0002751793   0.0010040964   0.0018562912
        0.0002092444  -0.0013462368  -0.0014116797  -0.0001665778  -0.0002779329
        0.0004068139  -0.0002928468  -0.0002041896  -0.0004147722  -0.0003862697
        0.0003996736   0.0005174540  -0.0001760913   0.0119197350   0.0140108766
        0.0017489014  -0.0078033183  -0.0079895771  -0.0069094282   0.1307135885
        0.1854264063   0.0104552525   0.0024636253   0.0101549054   0.0007671242
        0.0008944689  -0.0014387442   0.0023376359   0.0002438336   0.0005267053
       -0.0003020454   0.0000551232  -0.0004673083   0.0000651981  -0.0001096017
        0.0002793346  -0.0001062480  -0.0001066954   0.0000322664   0.0001718468
       -0.0002858920   0.0001760392  -0.0001132095  -0.0001587444   0.0001629643
       -0.0000038713  -0.0001701933   0.0000823677   0.0001820997   0.0000496701
       -0.0000008081   0.0000081723  -0.0002608968   0.0000891479   0.0001307430
        0.0000070780  -0.0001636336  -0.0004920289
       -0.0085042755  -0.0113874845  -0.0416881771   0.0104727591   0.0120706938
        0.0006559237  -0.0005115565   0.0000957418  -0.0000299821   0.0001875715
       -0.0001143526   0.0003452725   0.0000190620  -0.0002904283  -0.0001997704
       -0.0001518695  -0.0003470762  -0.0001044764  -0.0000908439  -0.0001216567
        0.0000550892   0.0000104836   0.0000513939   0.0000960924   0.0000264570
        0.0000206164   0.0003699454   0.0003074223   0.0002647576   0.0000941651
       -0.0001983431   0.0001886041   0.0006263090   0.0010094824   0.0016376295
       -0.0047119436  -0.0173764718  -0.0211202713  -0.0030794503   0.0101899750
        0.0104552525   0.0479165091   0.0050350403   0.0043651667   0.0032427044
       -0.0009571429   0.0035043506  -0.0023259082   0.0004735955   0.0009060954
       -0.0004706302  -0.0000327169  -0.0002001851  -0.0005326853   0.0000320116
       -0.0000939520  -0.0002132391   0.0000024688  -0.0001565426  -0.0003499176
       -0.0000358887  -0.0002294260   0.0000600632   0.0000732749  -0.0000012867
        0.0003340869  -0.0000059382   0.0001599369   0.0003121868   0.0000135900
        0.0001077228   0.0001441853   0.0000426651   0.0002419080   0.0000302146
       -0.0000308120  -0.0000072082  -0.0005765676
       -0.2872950168   0.0986406765   0.0611338374  -0.0066652015   0.0048187474
       -0.0007282513   0.0002306240   0.0015202215  -0.0015767891   0.0004568140
        0.0000122001  -0.0000312313   0.0001354802   0.0000413478   0.0000947224
        0.0000363159  -0.0000054371  -0.0001219855  -0.0001203345  -0.0000395037
       -0.0000352987   0.0001061943   0.0000224894  -0.0000530977  -0.0000823903
       -0.0000266243   0.0000766996   0.0000602345   0.0000857977   0.0000905928
        0.0001274681   0.0000561635  -0.0000002195   0.0007255025   0.0008203087
       -0.0000262030  -0.0010456827   0.0017994826   0.0036035959  -0.0223350136
        0.0024636253   0.0050350403   0.3151869586  -0.1089800775  -0.0676876518
        0.0007663005  -0.0009544002   0.0004558821   0.0000861457  -0.0001127460
        0.0001089377   0.0001357794  -0.0002162912  -0.0003677244  -0.0004033140
        0.0000625016   0.0002454644  -0.0000468194  -0.0000075826  -0.0000146802
        0.0000056911  -0.0000144755   0.0000157135   0.0000214436   0.0000120954
       -0.0000176355  -0.0000144395   0.0000045571  -0.0000109905   0.0000114285
       -0.0000162878  -0.0000380621  -0.0000190373   0.0000142156  -0.0000463659
       -0.0000651314  -0.0000010043  -0.0001042996
        0.0944173552  -0.0808671646  -0.0239005632   0.0177921295  -0.0088189615
       -0.0024069179   0.0009532224  -0.0034417538   0.0033497220  -0.0002412134
        0.0002867756   0.0000216576   0.0000060943   0.0000582669   0.0000655209
       -0.0000264391  -0.0000861956   0.0000280169   0.0002141759   0.0000924994
        0.0000366333  -0.0003632134   0.0000745726  -0.0000401948  -0.0000077469
        0.0000473847  -0.0000285787   0.0000411427  -0.0001244315  -0.0000117715
       -0.0000594799  -0.0000197475  -0.0000321501   0.0003880092  -0.0004572847
       -0.0001533799   0.0113826962  -0.0028562589  -0.0061025255  -0.0169455751
        0.0101549054   0.0043651667  -0.1089800775   0.0860046638   0.0250209782
        0.0004644489  -0.0002835583  -0.0001690262   0.0000944500   0.0004670921
       -0.0000540650  -0.0001794409   0.0001300032   0.0002204290   0.0011543088
       -0.0004273549  -0.0001910542   0.0000078898   0.0000074841   0.0000004110
       -0.0000257023   0.0000211519  -0.0000102620  -0.0000235934   0.0000323972
       -0.0000099845  -0.0000158539   0.0000163161   0.0000033340  -0.0000075008
       -0.0000005687  -0.0000016917  -0.0000333430   0.0000112719   0.0000177675
       -0.0000067432  -0.0000215048  -0.0000174719
        0.0582288883  -0.0239587042  -0.0609249929  -0.0150403421   0.0059247181
        0.0039739557  -0.0012067808   0.0030324154  -0.0021689250   0.0001901989
       -0.0000269000  -0.0000096044  -0.0000779541  -0.0000655355   0.0000607347
        0.0000005266   0.0000025029  -0.0000216298   0.0000416077   0.0000107773
        0.0000534951  -0.0001350496   0.0000844538   0.0000745346   0.0000688518
       -0.0000346504   0.0000953696   0.0000507366  -0.0000656964  -0.0000518099
        0.0001796208  -0.0000373502   0.0000384557  -0.0001048448  -0.0000190860
       -0.0006882953   0.0274072825  -0.0121687898  -0.0088143934  -0.0001202728
        0.0007671242   0.0032427044  -0.0676876518   0.0250209782   0.0646735461
       -0.0001781488   0.0003052602   0.0003641250  -0.0008998550   0.0006277487
       -0.0003930877   0.0001204532  -0.0000339185  -0.0000529857  -0.0008211333
        0.0005720003   0.0004504514   0.0000303203   0.0000386884  -0.0000461511
       -0.0000189844  -0.0000018930   0.0000166088   0.0000768972  -0.0000432961
        0.0000579259  -0.0000126138   0.0000175945   0.0000398311  -0.0000252992
        0.0000195265   0.0000114664  -0.0000022056   0.0000305245   0.0000352029
       -0.0000642478   0.0000015069  -0.0000165322
        0.0049869066   0.0051606499  -0.0004615795  -0.1560316685  -0.1166748710
       -0.0003009864  -0.0252673463  -0.0149530466  -0.0001454969  -0.0050149682
        0.0027650092   0.0020664353  -0.0001299417   0.0001635314   0.0005949738
        0.0001205054  -0.0001974080   0.0001058877   0.0004962196   0.0005673838
        0.0002020408  -0.0004260139  -0.0004600431   0.0000314863   0.0000519171
        0.0000428445  -0.0000785822   0.0000022699  -0.0004562172  -0.0000163378
       -0.0004987313  -0.0000950036  -0.0006099136   0.0002971199  -0.0002600716
        0.0000338253   0.0001134141  -0.0001210862  -0.0000007656  -0.0000503246
        0.0008944689  -0.0009571429   0.0007663005   0.0004644489  -0.0001781488
        0.1823014223   0.1287789942   0.0022457516  -0.0025489207  -0.0051424535
       -0.0023371742   0.0008380690  -0.0004834449  -0.0001137860   0.0001185275
       -0.0001000952  -0.0002549412  -0.0000930864   0.0001050830  -0.0000066840
       -0.0000544893   0.0000113999   0.0000216508   0.0000030912  -0.0000201735
        0.0000331428   0.0000315821   0.0000124363   0.0000304030   0.0000256405
        0.0000148317   0.0000682407  -0.0000050566  -0.0001091632   0.0000392080
       -0.0000324380   0.0000919960  -0.0000115069
       -0.0144538413  -0.0259106350   0.0064985320  -0.1119223740  -0.1510296823
       -0.0017623913   0.0074628760   0.0069165706   0.0000364835   0.0012436376
       -0.0005660812  -0.0007454029   0.0000995709   0.0000678141   0.0000081188
        0.0000977093   0.0000577313  -0.0000160105   0.0000983260  -0.0001499201
       -0.0000211127  -0.0001298708   0.0001526764   0.0000508860   0.0000261313
       -0.0000051419   0.0000534542   0.0000554466   0.0001178493  -0.0000706828
        0.0003416627   0.0004102487   0.0000155761  -0.0005238948  -0.0003990100
        0.0000345964  -0.0002693726   0.0001149864  -0.0005931177   0.0023692443
       -0.0014387442   0.0035043506  -0.0009544002  -0.0002835583   0.0003052602
        0.1287789942   0.1821982518  -0.0020109104  -0.0129102676  -0.0109410343
       -0.0052606331   0.0002133539   0.0004721569   0.0001593800   0.0002921317
        0.0003572885  -0.0002087817   0.0000369973  -0.0001651764  -0.0000472037
        0.0000567110  -0.0000728319   0.0000074741   0.0000038491   0.0000166149
        0.0000402066   0.0000161277   0.0000233443   0.0000378061  -0.0000179096
        0.0000059286  -0.0000001711   0.0000172276   0.0000675441  -0.0000077703
       -0.0000280662  -0.0000171900  -0.0000079366
        0.0129420208   0.0205840460  -0.0031682104  -0.0019506731  -0.0047241501
       -0.0457406443   0.0066976911   0.0043598679   0.0010256738   0.0011275476
       -0.0005116880   0.0002841277   0.0000165706   0.0001539855   0.0000130119
       -0.0000092822   0.0001375388  -0.0000341986   0.0000283796   0.0000399695
       -0.0000698788  -0.0000887876  -0.0001068003   0.0002600837   0.0000335391
        0.0000272651  -0.0000133082  -0.0000513807   0.0000459318  -0.0001135428
        0.0000775189   0.0001129192  -0.0000318172   0.0001877842   0.0001328578
        0.0003428975   0.0006734208   0.0009018583   0.0004906693  -0.0013674660
        0.0023376359  -0.0023259082   0.0004558821  -0.0001690262   0.0003641250
        0.0022457516  -0.0020109104   0.0518195374  -0.0208752102  -0.0217866295
       -0.0036059041   0.0003240184   0.0004241591   0.0000910360  -0.0005151613
        0.0001682186   0.0002301313   0.0001416942  -0.0000536759   0.0001376834
        0.0000044952   0.0000199749  -0.0000101687   0.0000269325   0.0000246669
        0.0000158910  -0.0000178407  -0.0000147906  -0.0000037444  -0.0000267069
       -0.0000165767  -0.0000106931  -0.0000482469  -0.0000298413   0.0000301523
       -0.0000324913  -0.0000468063   0.0000229985
       -0.0006835012  -0.0007821237  -0.0080711567  -0.0438050332  -0.0065909312
       -0.0099750608  -0.0016089091   0.0120688028   0.0232583883   0.0012045801
        0.0002159222   0.0004389639   0.0001118620  -0.0001518132   0.0009050642
       -0.0000705456  -0.0000379746  -0.0002514651  -0.0001624852  -0.0000637424
       -0.0000897483   0.0002128497   0.0001272347  -0.0000152215   0.0000181050
       -0.0000575063   0.0001130103   0.0001604171   0.0000713083   0.0000046475
       -0.0001357076  -0.0001705146   0.0001565923  -0.0001268269   0.0001775878
       -0.0002206142   0.0003138502   0.0012489094  -0.0007227414   0.0006939822
        0.0002438336   0.0004735955   0.0000861457   0.0000944500  -0.0008998550
       -0.0025489207  -0.0129102676  -0.0208752102   0.0508493038   0.0039376338
        0.0144735191  -0.0046022100   0.0026213138   0.0021863451   0.0004412144
       -0.0001388311   0.0001996290  -0.0005122581   0.0001678728  -0.0008810379
       -0.0000075288   0.0000180996  -0.0000038439   0.0000772495  -0.0000429251
        0.0000317740   0.0000250369  -0.0000254393   0.0000100921   0.0000222428
       -0.0000355831   0.0000144294   0.0000473194  -0.0000131159  -0.0000190427
       -0.0000002325   0.0000277991  -0.0002410531
        0.0028264127   0.0047686234   0.0242021850  -0.0090860572  -0.0763671706
       -0.0855387101   0.0032594167  -0.0062385518  -0.0120494551  -0.0003195659
        0.0004976807   0.0005361380  -0.0000734659  -0.0001281094  -0.0002822996
        0.0000831723  -0.0001304579   0.0000242169   0.0000044216  -0.0000568812
        0.0000100063  -0.0000871731   0.0000333008   0.0001738217  -0.0000364586
        0.0000646679   0.0000016606  -0.0000992209  -0.0001134374   0.0000146762
       -0.0000661335   0.0001941201  -0.0001351801   0.0000845189   0.0003372050
       -0.0000641548   0.0015034440  -0.0027872194   0.0038205782   0.0002254674
        0.0005267053   0.0009060954  -0.0001127460   0.0004670921   0.0006277487
       -0.0051424535  -0.0109410343  -0.0217866295   0.0039376338   0.0903464286
        0.0903848621   0.0028760580  -0.0006107652  -0.0008996077   0.0001566950
       -0.0000823131  -0.0003264706   0.0001478669   0.0002007951   0.0002153308
        0.0000000974  -0.0000467258  -0.0000075335  -0.0000267729   0.0000781328
        0.0000422601  -0.0000090042   0.0000190855   0.0000336384  -0.0000094811
       -0.0000061317   0.0000086185  -0.0000162923   0.0000159742   0.0000022079
       -0.0000203796  -0.0000410137   0.0000859961
       -0.0036276402  -0.0020801225  -0.0249548854  -0.0111399286  -0.0790984423
       -0.2392242683   0.0035890155  -0.0060529489  -0.0088942775  -0.0002399850
        0.0003613709  -0.0000743463  -0.0002129142  -0.0000721026   0.0002746633
        0.0001085773   0.0000064122  -0.0000969982   0.0000682916   0.0000403007
        0.0001041971  -0.0001361060  -0.0000556230   0.0001770600   0.0000547532
        0.0000238519   0.0000101732  -0.0001380315  -0.0001363065  -0.0001178728
        0.0000335880   0.0000262706  -0.0003387894  -0.0001064229  -0.0003056841
        0.0004079126  -0.0013428732   0.0034237253  -0.0021558095  -0.0000880022
       -0.0003020454  -0.0004706302   0.0001089377  -0.0000540650  -0.0003930877
       -0.0023371742  -0.0052606331  -0.0036059041   0.0144735191   0.0903848621
        0.2782132940   0.0015424140  -0.0010611175   0.0002377350  -0.0003108372
        0.0001410647   0.0003972005  -0.0001288061   0.0000695455   0.0002449943
       -0.0000484252  -0.0000917853  -0.0000064856   0.0000227177   0.0000019175
        0.0000642488  -0.0000121007   0.0000218838   0.0000461826  -0.0000286277
        0.0000230846   0.0000147456  -0.0000519098  -0.0000051124   0.0000415767
       -0.0000520295   0.0000516988   0.0000993713
        0.0009377828  -0.0009446179   0.0007059088  -0.0035517175   0.0130149565
        0.0265312923  -0.0421964912  -0.0036785425  -0.0121835306  -0.0046710867
       -0.0114357544  -0.0202690483  -0.0026362685  -0.0038812113   0.0003211827
       -0.0007445630  -0.0001925510  -0.0008489902   0.0002828916   0.0003296502
       -0.0000849269  -0.0000058472  -0.0002941662   0.0000759270   0.0000164325
        0.0000011510  -0.0000672910  -0.0000182195   0.0001415527  -0.0001182827
        0.0001126146   0.0004130055  -0.0019501743   0.0002302972  -0.0001502152
        0.0000245332   0.0001049111   0.0001380368  -0.0005957943  -0.0002724654
        0.0000551232  -0.0000327169   0.0001357794  -0.0001794409   0.0001204532
        0.0008380690   0.0002133539   0.0003240184  -0.0046022100   0.0028760580
        0.0015424140   0.0552808345   0.0057334772   0.0123719848   0.0010829688
       -0.0017980120  -0.0072893780  -0.0000149569   0.0000271762   0.0003618490
       -0.0003509740  -0.0001103548  -0.0000038504  -0.0000097139   0.0000096516
        0.0000117955   0.0000134295  -0.0000100746   0.0000070035   0.0000113015
        0.0000120033   0.0000304490   0.0000559317   0.0000494714   0.0000272981
       -0.0000287303  -0.0003397268   0.0009878741
       -0.0007757968   0.0008665745  -0.0008373742   0.0037576600  -0.0074419128
       -0.0143654288  -0.0045417377  -0.0793846452  -0.0799834855  -0.0058334073
       -0.0097283755  -0.0197611283  -0.0032658370  -0.0026112494   0.0001997914
       -0.0004374110  -0.0000604006  -0.0009715948   0.0003084757   0.0001847462
        0.0000526417  -0.0001211390   0.0000262649   0.0000089273   0.0000447402
       -0.0000344709  -0.0000179983   0.0000920757   0.0000873602  -0.0001021256
        0.0006513628   0.0006487398  -0.0017291956  -0.0000022836   0.0002100296
        0.0001226365   0.0006199622  -0.0003166373   0.0003201362   0.0001661625
       -0.0004673083  -0.0002001851  -0.0002162912   0.0001300032  -0.0000339185
       -0.0004834449   0.0004721569   0.0004241591   0.0026213138  -0.0006107652
       -0.0010611175   0.0057334772   0.0909630982   0.0945265314   0.0020037858
        0.0076813051   0.0219602482   0.0000368660  -0.0001477018   0.0001844171
       -0.0001704457  -0.0002426344   0.0000232704   0.0000404042  -0.0000344249
        0.0000180747   0.0000208597   0.0000010329   0.0000256448  -0.0000114166
        0.0000111279  -0.0000056783   0.0000853392   0.0001096664   0.0000130530
       -0.0003232742  -0.0003115795   0.0011896986
       -0.0007755601   0.0006354419   0.0017287867   0.0034616399  -0.0055290917
       -0.0115303428  -0.0108755783  -0.0794128619  -0.2317506648  -0.0046398411
       -0.0046676876  -0.0048236506  -0.0006284565  -0.0010772991   0.0002366509
        0.0000644398   0.0001102351  -0.0003041055   0.0002406910   0.0002742695
        0.0000084227  -0.0001132637  -0.0002621063   0.0003205401   0.0000298981
        0.0000587958  -0.0001551125  -0.0001923750   0.0000659341  -0.0002834131
        0.0016969543   0.0018556283   0.0012041777   0.0000046056  -0.0001536539
        0.0004598263   0.0004290656  -0.0006618322   0.0000820091   0.0000375975
        0.0000651981  -0.0005326853  -0.0003677244   0.0002204290  -0.0000529857
       -0.0001137860   0.0001593800   0.0000910360   0.0021863451  -0.0008996077
        0.0002377350   0.0123719848   0.0945265314   0.2712777907  -0.0030460641
       -0.0054443036  -0.0270357186   0.0000815843   0.0001380008   0.0003590044
       -0.0000643349  -0.0000250952  -0.0000052925  -0.0000025975   0.0000649153
       -0.0000015983   0.0000044342  -0.0000211274  -0.0000177579  -0.0000157924
       -0.0000160256   0.0000082843   0.0000560634   0.0000100815   0.0000173805
        0.0001700701  -0.0000141488   0.0004616835
       -0.0054318299   0.0037962723   0.0005223085  -0.0071012430   0.0180199721
       -0.0148055524  -0.0484431768   0.0375225874  -0.0304006928   0.0000393834
       -0.0198348885   0.0135781397   0.0001585942  -0.0001112967   0.0010313199
       -0.0002916449   0.0002932606   0.0002212469   0.0002976101   0.0003991544
        0.0004214741  -0.0001392959  -0.0004955203  -0.0000283357   0.0000815402
       -0.0000328083  -0.0001043481  -0.0014972482  -0.0000082847   0.0001582849
       -0.0013376031  -0.0025224741  -0.0007348154   0.0003319213  -0.0000344306
        0.0000575938  -0.0001192980   0.0000855905   0.0003977293  -0.0004491507
       -0.0001096017   0.0000320116  -0.0004033140   0.0011543088  -0.0008211333
        0.0001185275   0.0002921317  -0.0005151613   0.0004412144   0.0001566950
       -0.0003108372   0.0010829688   0.0020037858  -0.0030460641   0.0624005374
       -0.0403635433   0.0347927205   0.0003484563  -0.0001148549  -0.0001987227
        0.0000455780   0.0000652368  -0.0000125279   0.0000164416  -0.0000452793
       -0.0000308092  -0.0000201438   0.0000083343  -0.0000013291   0.0000178090
        0.0000220413  -0.0000138807  -0.0002278164  -0.0000408381  -0.0000107320
        0.0000811825  -0.0001055505  -0.0001778872
        0.0032388783  -0.0010867683  -0.0006891620   0.0055316306  -0.0116267419
        0.0091058842   0.0397600697  -0.1679925168   0.1054806396  -0.0048079911
       -0.0200549956   0.0144867630   0.0004902270   0.0012230685   0.0014387430
       -0.0004130176   0.0002393465   0.0002192660   0.0004920504   0.0003539377
        0.0000765857  -0.0002323761  -0.0002979481  -0.0000057146   0.0001209487
       -0.0000513908  -0.0000947013  -0.0009910530   0.0002567299   0.0004179919
       -0.0012215613  -0.0025807313  -0.0008599424  -0.0000288174  -0.0000692880
       -0.0000502596   0.0000235487  -0.0000341201  -0.0003662845   0.0001296501
        0.0002793346  -0.0000939520   0.0000625016  -0.0004273549   0.0005720003
       -0.0001000952   0.0003572885   0.0001682186  -0.0001388311  -0.0000823131
        0.0001410647  -0.0017980120   0.0076813051  -0.0054443036  -0.0403635433
        0.1945217479  -0.1233270764   0.0001088688  -0.0003237636  -0.0008551222
        0.0000964777   0.0001337329   0.0000084831   0.0000293136  -0.0000322196
       -0.0000392410   0.0000382480  -0.0000508666  -0.0000379003   0.0000477291
       -0.0000606743   0.0000159007  -0.0001672320  -0.0000788314  -0.0000462094
        0.0000923878  -0.0001959672  -0.0002216716
        0.0012784089  -0.0013718346   0.0010726950   0.0007410075  -0.0032198541
        0.0028833979  -0.0333188183   0.1038152027  -0.1326453674   0.0038993242
        0.0036665873   0.0002860406  -0.0011051171  -0.0014710306   0.0002781193
        0.0005603160   0.0000772371  -0.0003804646  -0.0002173524  -0.0003081721
        0.0000375340   0.0002507326   0.0001005960   0.0002580367  -0.0000936369
        0.0000919576  -0.0000064575   0.0001495809  -0.0001172888  -0.0000628588
        0.0002911132   0.0008664473   0.0001724431   0.0000325517   0.0001050776
        0.0004358844   0.0002631997  -0.0000094390   0.0001765776   0.0000535527
       -0.0001062480  -0.0002132391   0.0002454644  -0.0001910542   0.0004504514
       -0.0002549412  -0.0002087817   0.0002301313   0.0001996290  -0.0003264706
        0.0003972005  -0.0072893780   0.0219602482  -0.0270357186   0.0347927205
       -0.1233270764   0.1537110321  -0.0001756699   0.0000152177  -0.0000631553
        0.0000071692  -0.0000369479  -0.0000530794  -0.0000175526   0.0000825912
       -0.0000168912  -0.0000235284  -0.0000138548  -0.0000269408  -0.0000258401
       -0.0000406249  -0.0000613083  -0.0000366985  -0.0000084637  -0.0000156803
       -0.0002062369  -0.0000240213   0.0001916174
        0.0000684804   0.0000337238   0.0001448100  -0.0001968012  -0.0002793002
       -0.0004287013  -0.0008606253   0.0014436012  -0.0007770292   0.0040204888
        0.0026058558  -0.0068713164  -0.0800800540  -0.0394952621   0.0891516009
       -0.0110491545  -0.0093092132   0.0198962564   0.0007911291  -0.0070196162
       -0.0007625120  -0.0003131608  -0.0003657916   0.0012193662  -0.0003217893
       -0.0001156005  -0.0000168147  -0.0001714436   0.0000212907  -0.0004768760
        0.0028074276  -0.0038924894  -0.0017188512   0.0001764664  -0.0001133725
        0.0000096248  -0.0000032208  -0.0000181532   0.0000119415  -0.0001260205
       -0.0001066954   0.0000024688  -0.0000468194   0.0000078898   0.0000303203
       -0.0000930864   0.0000369973   0.0001416942  -0.0005122581   0.0001478669
       -0.0001288061  -0.0000149569   0.0000368660   0.0000815843   0.0003484563
        0.0001088688  -0.0001756699   0.0871066555   0.0533767774  -0.0993345220
       -0.0008170586   0.0019715292   0.0005497734  -0.0000404395  -0.0000635709
        0.0000641362  -0.0000217945   0.0000546896  -0.0000247069  -0.0000421419
        0.0000347353  -0.0000441103  -0.0007383306   0.0008229940  -0.0000551307
        0.0001300519   0.0000753792  -0.0004885301
        0.0000669765  -0.0001233536   0.0001030220   0.0002526184   0.0005084602
       -0.0000677129   0.0015068317  -0.0007614468  -0.0006723838   0.0026053971
        0.0030314719  -0.0070474789  -0.0395604869  -0.0656255302   0.0734438720
       -0.0100567526  -0.0079010579   0.0174111261  -0.0070369061   0.0027139632
       -0.0010261325  -0.0003578268  -0.0003349452   0.0012054697  -0.0000867688
       -0.0002953041  -0.0000846629   0.0000346930  -0.0001697708  -0.0003079894
       -0.0037887100   0.0037249465  -0.0018808266   0.0001093709   0.0000951975
       -0.0000705157  -0.0000106625  -0.0000057667   0.0000055134  -0.0000433347
        0.0000322664  -0.0001565426  -0.0000075826   0.0000074841   0.0000386884
        0.0001050830  -0.0001651764  -0.0000536759   0.0001678728   0.0002007951
        0.0000695455   0.0000271762  -0.0001477018   0.0001380008  -0.0001148549
       -0.0003237636   0.0000152177   0.0533767774   0.0676584522  -0.0811973169
        0.0018735018  -0.0012312802   0.0005713248  -0.0000680682   0.0000121124
        0.0000346657   0.0000077376  -0.0000638451  -0.0000562500   0.0000594078
       -0.0000555800  -0.0000028055   0.0008220057  -0.0009775238  -0.0000136923
        0.0001165041   0.0001968969  -0.0003984602
       -0.0000664721  -0.0001410549   0.0002902827  -0.0000372816   0.0002191389
       -0.0003349049   0.0010117772   0.0008221111   0.0009091874   0.0106399523
        0.0088102342  -0.0280186534   0.0897032933   0.0732913195  -0.2351677332
        0.0018902680   0.0016905388  -0.0012691768  -0.0000319122  -0.0001938740
        0.0011939643   0.0000975594   0.0000092800  -0.0001228657  -0.0000828789
       -0.0000371309   0.0001516655  -0.0005507954  -0.0004367857   0.0005716140
       -0.0024623711  -0.0023895123  -0.0045964293  -0.0002234959   0.0000411193
        0.0003847745   0.0001587486   0.0000129487   0.0000428924   0.0002175830
        0.0001718468  -0.0003499176  -0.0000146802   0.0000004110  -0.0000461511
       -0.0000066840  -0.0000472037   0.0001376834  -0.0008810379   0.0002153308
        0.0002449943   0.0003618490   0.0001844171   0.0003590044  -0.0001987227
       -0.0008551222  -0.0000631553  -0.0993345220  -0.0811973169   0.2661098874
       -0.0006341507  -0.0004440140   0.0010905381   0.0000085157   0.0000452993
       -0.0000013114  -0.0000115649  -0.0000580657  -0.0000313877  -0.0000253747
       -0.0000344609  -0.0000100770  -0.0000584517  -0.0000476226   0.0001346222
        0.0005308496   0.0003681685  -0.0016093473
       -0.0000171060   0.0001849364   0.0000388054   0.0001777377  -0.0000524879
        0.0000532770  -0.0004333047  -0.0005534983  -0.0010522023   0.0005558840
       -0.0066979770   0.0005386076  -0.0092122758  -0.0089137777  -0.0200806456
       -0.0710270486  -0.0359624748  -0.0820080083   0.0054466816   0.0028067563
        0.0096508262  -0.0007194752   0.0019796369  -0.0004730816   0.0000305480
       -0.0001286764   0.0001225814   0.0022746547  -0.0041723208   0.0020676979
       -0.0001176768  -0.0001227712   0.0004158089   0.0001160827   0.0001175551
        0.0002374230   0.0000498697  -0.0000271045   0.0000181603  -0.0000050417
       -0.0002858920  -0.0000358887   0.0000056911  -0.0000257023  -0.0000189844
       -0.0000544893   0.0000567110   0.0000044952  -0.0000075288   0.0000000974
       -0.0000484252  -0.0003509740  -0.0001704457  -0.0000643349   0.0000455780
        0.0000964777   0.0000071692  -0.0008170586   0.0018735018  -0.0006341507
        0.0749438940   0.0487029554   0.0907910756   0.0000346184  -0.0000712486
       -0.0000123513  -0.0000199540   0.0000619846  -0.0000820439  -0.0000061872
       -0.0000018750  -0.0000831077  -0.0001305446   0.0004680964   0.0006344389
       -0.0007625745   0.0008375432   0.0000128579
        0.0000285216  -0.0001123871   0.0000886615  -0.0000387664   0.0001208270
        0.0000144011  -0.0004838248  -0.0002917612  -0.0007911214  -0.0068092021
        0.0022466621   0.0000899895  -0.0082291362  -0.0077310649  -0.0175567988
       -0.0363049306  -0.0679145304  -0.0792126148   0.0023350682   0.0052054923
        0.0075036029   0.0020198722  -0.0013068349  -0.0000956755  -0.0001533739
        0.0000718393  -0.0000041419  -0.0041007320   0.0034130977   0.0016690882
       -0.0001412812  -0.0000623543   0.0003730467  -0.0000218750   0.0000256109
        0.0001129082   0.0000119332   0.0000066425   0.0000350995  -0.0000465531
        0.0001760392  -0.0002294260  -0.0000144755   0.0000211519  -0.0000018930
        0.0000113999  -0.0000728319   0.0000199749   0.0000180996  -0.0000467258
       -0.0000917853  -0.0001103548  -0.0002426344  -0.0000250952   0.0000652368
        0.0001337329  -0.0000369479   0.0019715292  -0.0012312802  -0.0004440140
        0.0487029554   0.0689445220   0.0880640185  -0.0000759201   0.0000676383
       -0.0000163210  -0.0000043147  -0.0000395968  -0.0000796391   0.0000774598
       -0.0000708874  -0.0000476254   0.0004396794  -0.0003023922   0.0005769439
        0.0008529850  -0.0010079745   0.0000853646
       -0.0000266365   0.0000516856  -0.0000220678   0.0000085074  -0.0000214228
       -0.0000454537   0.0000943757   0.0000183898  -0.0001871936  -0.0000314155
       -0.0001894253   0.0016049535  -0.0023147110  -0.0020970918  -0.0028309709
       -0.0818016895  -0.0789362898  -0.2489140657  -0.0093150902  -0.0092064982
       -0.0275189927  -0.0003194033  -0.0002733876   0.0017811763  -0.0001434886
       -0.0001016007   0.0001829213   0.0024247231   0.0019756469  -0.0045005544
        0.0006622761   0.0006276899   0.0005044811   0.0000582332   0.0002029898
        0.0002026334   0.0000456048   0.0000131877   0.0000387218   0.0000056995
       -0.0001132095   0.0000600632   0.0000157135  -0.0000102620   0.0000166088
        0.0000216508   0.0000074741  -0.0000101687  -0.0000038439  -0.0000075335
       -0.0000064856  -0.0000038504   0.0000232704  -0.0000052925  -0.0000125279
        0.0000084831  -0.0000530794   0.0005497734   0.0005713248   0.0010905381
        0.0907910756   0.0880640185   0.2792198143  -0.0000214633   0.0000005264
        0.0001652552  -0.0000114157  -0.0001832606   0.0002039095  -0.0001893456
        0.0000196405   0.0002075015  -0.0005139105  -0.0005194836  -0.0013251806
        0.0000311587   0.0000751379   0.0001409276
       -0.0000986116   0.0000701430   0.0000341006  -0.0000289449   0.0000243516
        0.0000175719  -0.0000613153  -0.0000250254   0.0000145242   0.0000592008
        0.0000263144   0.0001106335  -0.0000999329  -0.0001339168   0.0001159811
       -0.0001127142  -0.0003797445  -0.0003903377  -0.0010974376  -0.0015147517
        0.0023042643  -0.0123060190  -0.0113713021   0.0027441589  -0.1647516719
       -0.1094373513  -0.0375004189   0.0003232648  -0.0001305603   0.0004030317
        0.0001611613   0.0001693953   0.0000196169  -0.0001824243   0.0002238943
        0.0000356680   0.0000137991   0.0000073287   0.0000691547   0.0001567903
       -0.0001587444   0.0000732749   0.0000214436  -0.0000235934   0.0000768972
        0.0000030912   0.0000038491   0.0000269325   0.0000772495  -0.0000267729
        0.0000227177  -0.0000097139   0.0000404042  -0.0000025975   0.0000164416
        0.0000293136  -0.0000175526  -0.0000404395  -0.0000680682   0.0000085157
        0.0000346184  -0.0000759201  -0.0000214633   0.1916386750   0.1319584712
        0.0399158158  -0.0208471462  -0.0155193018  -0.0100057430   0.0073820945
        0.0062807578   0.0017485115  -0.0002171771   0.0000319168   0.0002056717
       -0.0000342818  -0.0000010871  -0.0000089298
        0.0000547256  -0.0001079095  -0.0000414975   0.0000212536  -0.0000594798
        0.0000044708   0.0000521174  -0.0000164918   0.0000535700  -0.0000188716
        0.0000402346   0.0001498132  -0.0001412329  -0.0000301403   0.0001272054
       -0.0003308407   0.0000069145  -0.0002921006  -0.0015353989  -0.0008014448
        0.0019736885  -0.0107588084  -0.0094266532   0.0022715933  -0.1092282854
       -0.1445148451  -0.0338107765  -0.0001237622   0.0004193969   0.0003496210
        0.0001337205   0.0000617487   0.0000545405   0.0000721594  -0.0000893586
       -0.0001102769   0.0000309727  -0.0000267492  -0.0000036537  -0.0001480458
        0.0001629643  -0.0000012867   0.0000120954   0.0000323972  -0.0000432961
       -0.0000201735   0.0000166149   0.0000246669  -0.0000429251   0.0000781328
        0.0000019175   0.0000096516  -0.0000344249   0.0000649153  -0.0000452793
       -0.0000322196   0.0000825912  -0.0000635709   0.0000121124   0.0000452993
       -0.0000712486   0.0000676383   0.0000005264   0.1319584712   0.1671145792
        0.0366995848   0.0085918572   0.0081927097   0.0026076813  -0.0184355540
       -0.0207654565  -0.0104404042   0.0000205877  -0.0002578643   0.0002032527
        0.0000063851  -0.0000424061   0.0000283542
        0.0000089336  -0.0000038770  -0.0001233023  -0.0000880961  -0.0000891885
       -0.0000727107   0.0000504111   0.0000586153  -0.0000150053  -0.0000876326
       -0.0000639746   0.0001856640   0.0000669760   0.0000227896  -0.0003013003
        0.0011221007   0.0010002096   0.0001566676   0.0023537559   0.0022053562
       -0.0045581155   0.0227045991   0.0205547230   0.0036689464  -0.0411851793
       -0.0377280405  -0.0540539468  -0.0005337858  -0.0004872327  -0.0006745688
       -0.0000258728  -0.0000386449   0.0001406436  -0.0000193929   0.0000142871
       -0.0002639456  -0.0000171685  -0.0000102133   0.0000382429  -0.0000193164
       -0.0000038713   0.0003340869  -0.0000176355  -0.0000099845   0.0000579259
        0.0000331428   0.0000402066   0.0000158910   0.0000317740   0.0000422601
        0.0000642488   0.0000117955   0.0000180747  -0.0000015983  -0.0000308092
       -0.0000392410  -0.0000168912   0.0000641362   0.0000346657  -0.0000013114
       -0.0000123513  -0.0000163210   0.0001652552   0.0399158158   0.0366995848
        0.0627860214  -0.0130891596  -0.0103206282  -0.0040384570  -0.0110443281
       -0.0117570474  -0.0039681255  -0.0002377175  -0.0001789683   0.0004429288
        0.0000450050   0.0000564606   0.0000327562
       -0.0000172665   0.0000924009  -0.0000332475  -0.0000577082   0.0000874312
       -0.0000369006   0.0000012432  -0.0001274437   0.0000205251  -0.0000304730
        0.0000151023  -0.0002829185   0.0000267689   0.0002026846   0.0002025719
       -0.0003066099  -0.0001347028   0.0002311751   0.0016848103  -0.0006716732
        0.0006887629   0.0106685656  -0.0059241662   0.0060452013  -0.1685647066
        0.0776385147  -0.0877427028   0.0001621399  -0.0003286864  -0.0004768076
       -0.0007127694   0.0000287274   0.0003601604   0.0000244130   0.0001595672
       -0.0000550541   0.0000011273  -0.0000039273  -0.0000140171   0.0000790307
       -0.0001701933  -0.0000059382  -0.0000144395  -0.0000158539  -0.0000126138
        0.0000315821   0.0000161277  -0.0000178407   0.0000250369  -0.0000090042
       -0.0000121007   0.0000134295   0.0000208597   0.0000044342  -0.0000201438
        0.0000382480  -0.0000235284  -0.0000217945   0.0000077376  -0.0000115649
       -0.0000199540  -0.0000043147  -0.0000114157  -0.0208471462   0.0085918572
       -0.0130891596   0.1890531634  -0.0857361303   0.0999551843  -0.0113359918
        0.0075205069  -0.0057809524   0.0001359422  -0.0012721263   0.0000746288
        0.0000417503  -0.0000215432   0.0000241186
        0.0000504187  -0.0000243460  -0.0000515483   0.0000565621  -0.0001130140
       -0.0000097930   0.0000819649   0.0000235165  -0.0001352208   0.0000165720
        0.0000899766  -0.0005998864   0.0004027344   0.0005181596   0.0002304782
       -0.0006118277  -0.0003292544   0.0004629654   0.0020402358   0.0012505688
        0.0006156672   0.0023588657  -0.0069213378   0.0165074309   0.0754853443
       -0.0888836222   0.0489632150   0.0000948457  -0.0001166975   0.0006276009
       -0.0004353975  -0.0001366353  -0.0000425004   0.0002404394  -0.0001881862
       -0.0002370543  -0.0000292193   0.0000088470   0.0000054604  -0.0001372420
        0.0000823677   0.0001599369   0.0000045571   0.0000163161   0.0000175945
        0.0000124363   0.0000233443  -0.0000147906  -0.0000254393   0.0000190855
        0.0000218838  -0.0000100746   0.0000010329  -0.0000211274   0.0000083343
       -0.0000508666  -0.0000138548   0.0000546896  -0.0000638451  -0.0000580657
        0.0000619846  -0.0000395968  -0.0001832606  -0.0155193018   0.0081927097
       -0.0103206282  -0.0857361303   0.1039100174  -0.0654565677   0.0226474866
       -0.0147106763   0.0106581672  -0.0011296974  -0.0026492927  -0.0010815709
        0.0000168584   0.0000914288  -0.0000445312
       -0.0000228861  -0.0000997348  -0.0001011218  -0.0000362626  -0.0000690480
       -0.0000962723  -0.0000213383   0.0000767412  -0.0000782937   0.0000711040
        0.0001138531   0.0003199416  -0.0002074775  -0.0004255163  -0.0000060460
        0.0004496677   0.0000953114  -0.0004127250  -0.0016639841  -0.0010155145
        0.0005710273  -0.0119803210   0.0232923884  -0.0384400967  -0.0856892849
        0.0483478646  -0.0942877470   0.0002572509  -0.0002367182   0.0003628430
       -0.0000452719   0.0000165173  -0.0001208362  -0.0002749426  -0.0002879054
       -0.0001462350  -0.0000362771   0.0000068592   0.0000130268   0.0000773596
        0.0001820997   0.0003121868  -0.0000109905   0.0000033340   0.0000398311
        0.0000304030   0.0000378061  -0.0000037444   0.0000100921   0.0000336384
        0.0000461826   0.0000070035   0.0000256448  -0.0000177579  -0.0000013291
       -0.0000379003  -0.0000269408  -0.0000247069  -0.0000562500  -0.0000313877
       -0.0000820439  -0.0000796391   0.0002039095  -0.0100057430   0.0026076813
       -0.0040384570   0.0999551843  -0.0654565677   0.1275477811   0.0095579268
       -0.0066922470   0.0076900454  -0.0002920443  -0.0004200371   0.0006830559
       -0.0000210881   0.0000373389   0.0000178302
       -0.0000367827  -0.0000499862  -0.0000484918  -0.0000764423   0.0000547500
       -0.0000414078   0.0000048359   0.0000782960  -0.0000415009   0.0001087204
       -0.0000123945  -0.0006572893   0.0006193305   0.0003829491   0.0002643606
       -0.0005357207  -0.0006458158   0.0005387791   0.0017303628   0.0024646257
        0.0006950295  -0.0084536359   0.0041420327   0.0185514700  -0.0742282072
        0.0676204679   0.0375797750  -0.0001276410   0.0000289964   0.0004986791
       -0.0001717509  -0.0004558440   0.0000463820  -0.0000998761  -0.0000875782
       -0.0000870180   0.0000010335  -0.0000099696  -0.0000114459   0.0000812928
        0.0000496701   0.0000135900   0.0000114285  -0.0000075008  -0.0000252992
        0.0000256405  -0.0000179096  -0.0000267069   0.0000222428  -0.0000094811
       -0.0000286277   0.0000113015  -0.0000114166  -0.0000157924   0.0000178090
        0.0000477291  -0.0000258401  -0.0000421419   0.0000594078  -0.0000253747
       -0.0000061872   0.0000774598  -0.0001893456   0.0073820945  -0.0184355540
       -0.0110443281  -0.0113359918   0.0226474866   0.0095579268   0.0879204747
       -0.0770312686  -0.0543601851  -0.0028863492  -0.0008895073  -0.0010927018
        0.0000641595   0.0000103552  -0.0000246368
        0.0001303775  -0.0000018517  -0.0000287682   0.0000491102  -0.0001601535
       -0.0000177568  -0.0000625288   0.0000703816  -0.0000760913   0.0000002733
       -0.0000206081  -0.0001422538   0.0000757061  -0.0000981988   0.0001246017
        0.0000065483  -0.0000867125   0.0000896899  -0.0013903776   0.0007756797
        0.0005291829  -0.0025339758   0.0119551670   0.0017234627   0.0682048488
       -0.1847615987  -0.0864482688  -0.0001939542   0.0003865631  -0.0005053518
       -0.0000693891  -0.0007358668   0.0003603465   0.0003312153  -0.0000038636
        0.0000247696  -0.0000172553   0.0000133600  -0.0000074464  -0.0002638837
       -0.0000008081   0.0001077228  -0.0000162878  -0.0000005687   0.0000195265
        0.0000148317   0.0000059286  -0.0000165767  -0.0000355831  -0.0000061317
        0.0000230846   0.0000120033   0.0000111279  -0.0000160256   0.0000220413
       -0.0000606743  -0.0000406249   0.0000347353  -0.0000555800  -0.0000344609
       -0.0000018750  -0.0000708874   0.0000196405   0.0062807578  -0.0207654565
       -0.0117570474   0.0075205069  -0.0147106763  -0.0066922470  -0.0770312686
        0.2078747309   0.1025254713  -0.0010621836   0.0003510373   0.0002300198
       -0.0000043934   0.0000956606   0.0000054007
        0.0000636758  -0.0000100103  -0.0000950685  -0.0001102612   0.0000186126
       -0.0000733847   0.0000442654  -0.0000259232   0.0000123674   0.0001033368
        0.0000708119   0.0003326451  -0.0004691028  -0.0001667497   0.0000052529
        0.0002119450   0.0004914697  -0.0004260088  -0.0013300299  -0.0018196174
        0.0004312422   0.0228452885  -0.0148943700  -0.0383829645   0.0377826315
       -0.0864019724  -0.0885281674  -0.0002776711   0.0004438743   0.0004015805
        0.0000709121  -0.0000263659  -0.0001418937   0.0001434923  -0.0000690265
       -0.0001220751  -0.0000315586  -0.0000109213  -0.0000036001  -0.0001026296
        0.0000081723   0.0001441853  -0.0000380621  -0.0000016917   0.0000114664
        0.0000682407  -0.0000001711  -0.0000106931   0.0000144294   0.0000086185
        0.0000147456   0.0000304490  -0.0000056783   0.0000082843  -0.0000138807
        0.0000159007  -0.0000613083  -0.0000441103  -0.0000028055  -0.0000100770
       -0.0000831077  -0.0000476254   0.0002075015   0.0017485115  -0.0104404042
       -0.0039681255  -0.0057809524   0.0106581672   0.0076900454  -0.0543601851
        0.1025254713   0.1217927702  -0.0005183912  -0.0002895143   0.0007162335
        0.0000327647  -0.0000282514   0.0000550461
        0.0000293943   0.0001588088  -0.0000996291   0.0000161781  -0.0000984662
        0.0000300777  -0.0004441863  -0.0007016836   0.0009739737   0.0004926510
       -0.0064487984  -0.0006951173  -0.0000930815   0.0000024038  -0.0003618277
        0.0024069844  -0.0039356567  -0.0017350854   0.0053757350   0.0034247972
       -0.0067264876  -0.0007648817   0.0006987750   0.0011467370  -0.0017478244
       -0.0015613666  -0.0013158304  -0.0759089417  -0.0385283970   0.0890933712
       -0.0108939295  -0.0094570495   0.0200558097   0.0002527394   0.0000206279
       -0.0002868383   0.0000247376  -0.0000595259   0.0000391029  -0.0001145894
       -0.0002608968   0.0000426651  -0.0000190373  -0.0000333430  -0.0000022056
       -0.0000050566   0.0000172276  -0.0000482469   0.0000473194  -0.0000162923
       -0.0000519098   0.0000559317   0.0000853392   0.0000560634  -0.0002278164
       -0.0001672320  -0.0000366985  -0.0007383306   0.0008220057  -0.0000584517
       -0.0001305446   0.0004396794  -0.0005139105  -0.0002171771   0.0000205877
       -0.0002377175   0.0001359422  -0.0011296974  -0.0002920443  -0.0028863492
       -0.0010621836  -0.0005183912   0.0861940049   0.0559238915  -0.0990020033
       -0.0008398718   0.0018464452   0.0005445946
       -0.0000004721  -0.0000165651  -0.0000610459  -0.0001137782  -0.0002378577
       -0.0000351521  -0.0005960683  -0.0000314012   0.0007550335  -0.0066475640
        0.0021219934  -0.0005468824  -0.0000206666  -0.0001162793  -0.0002928612
       -0.0039592326   0.0031478998  -0.0018674156   0.0038559722   0.0050558347
       -0.0064146542   0.0006561055  -0.0010612974   0.0010413859  -0.0015202565
       -0.0013731045  -0.0012244649  -0.0390145901  -0.0647058884   0.0761853830
       -0.0094848083  -0.0081951526   0.0173249332  -0.0000730380   0.0000968749
       -0.0001451223  -0.0000040036   0.0000185969   0.0000457284   0.0000382646
        0.0000891479   0.0002419080   0.0000142156   0.0000112719   0.0000305245
       -0.0001091632   0.0000675441  -0.0000298413  -0.0000131159   0.0000159742
       -0.0000051124   0.0000494714   0.0001096664   0.0000100815  -0.0000408381
       -0.0000788314  -0.0000084637   0.0008229940  -0.0009775238  -0.0000476226
        0.0004680964  -0.0003023922  -0.0005194836   0.0000319168  -0.0002578643
       -0.0001789683  -0.0012721263  -0.0026492927  -0.0004200371  -0.0008895073
        0.0003510373  -0.0002895143   0.0559238915   0.0701580659  -0.0841007172
        0.0018983013  -0.0012404569   0.0005523812
        0.0000359692  -0.0000760188   0.0000245464  -0.0001030053   0.0000694765
       -0.0000617061  -0.0000244024  -0.0000705609  -0.0001077904  -0.0000012348
       -0.0001671468   0.0015793268  -0.0006390077  -0.0005718246   0.0005003415
       -0.0021939461  -0.0022683150  -0.0048303818   0.0109317183   0.0093339459
       -0.0269181852   0.0007753448   0.0007224780   0.0012040587   0.0004547683
        0.0003675272  -0.0001939713   0.0888790705   0.0757102787  -0.2439257941
        0.0020077638   0.0017217288  -0.0020061318  -0.0001527766  -0.0002184380
        0.0002393085  -0.0000235660   0.0000279471   0.0000031963  -0.0000298527
        0.0001307430   0.0000302146  -0.0000463659   0.0000177675   0.0000352029
        0.0000392080  -0.0000077703   0.0000301523  -0.0000190427   0.0000022079
        0.0000415767   0.0000272981   0.0000130530   0.0000173805  -0.0000107320
       -0.0000462094  -0.0000156803  -0.0000551307  -0.0000136923   0.0001346222
        0.0006344389   0.0005769439  -0.0013251806   0.0002056717   0.0002032527
        0.0004429288   0.0000746288  -0.0010815709   0.0006830559  -0.0010927018
        0.0002300198   0.0007162335  -0.0990020033  -0.0841007172   0.2725037592
       -0.0006721124  -0.0005051057   0.0011989166
        0.0000770856   0.0000712674  -0.0000050896  -0.0002390148  -0.0001236246
        0.0001054419  -0.0004178330   0.0017011101   0.0015218350   0.0035005990
        0.0025705511   0.0085000941   0.0026520295  -0.0039516280   0.0020879171
       -0.0002902863   0.0000341942   0.0004367054   0.0007519493  -0.0066787084
        0.0007791288  -0.0009430053  -0.0007593935  -0.0012612469   0.0001580449
        0.0000897248  -0.0000993060  -0.0099721779  -0.0092161133  -0.0206848014
       -0.0700457388  -0.0344306555  -0.0792492315   0.0002286094  -0.0001354569
        0.0001068810  -0.0002191741   0.0000553451  -0.0000193186  -0.0001904544
        0.0000070780  -0.0000308120  -0.0000651314  -0.0000067432  -0.0000642478
       -0.0000324380  -0.0000280662  -0.0000324913  -0.0000002325  -0.0000203796
       -0.0000520295  -0.0000287303  -0.0003232742   0.0001700701   0.0000811825
        0.0000923878  -0.0002062369   0.0001300519   0.0001165041   0.0005308496
       -0.0007625745   0.0008529850   0.0000311587  -0.0000342818   0.0000063851
        0.0000450050   0.0000417503   0.0000168584  -0.0000210881   0.0000641595
       -0.0000043934   0.0000327647  -0.0008398718   0.0018983013  -0.0006721124
        0.0763954832   0.0481657445   0.0880501604
       -0.0000531587  -0.0000315614   0.0000936564   0.0003086382   0.0002078170
       -0.0002788728   0.0016495005  -0.0003907654   0.0015511771   0.0018712752
        0.0023221420   0.0069057504  -0.0038852361   0.0036952861   0.0016470104
        0.0000740918  -0.0002715078   0.0002539689  -0.0067057377   0.0026717877
        0.0007485027  -0.0006383070  -0.0009094284  -0.0011893150   0.0000801254
        0.0001275151  -0.0000457815  -0.0092730204  -0.0079261785  -0.0180729789
       -0.0343278383  -0.0629685695  -0.0730253376   0.0000505287   0.0003052490
        0.0001822124   0.0001550409   0.0001659597  -0.0000735074   0.0001077470
       -0.0001636336  -0.0000072082  -0.0000010043  -0.0000215048   0.0000015069
        0.0000919960  -0.0000171900  -0.0000468063   0.0000277991  -0.0000410137
        0.0000516988  -0.0003397268  -0.0003115795  -0.0000141488  -0.0001055505
       -0.0001959672  -0.0000240213   0.0000753792   0.0001968969   0.0003681685
        0.0008375432  -0.0010079745   0.0000751379  -0.0000010871  -0.0000424061
        0.0000564606  -0.0000215432   0.0000914288   0.0000373389   0.0000103552
        0.0000956606  -0.0000282514   0.0018464452  -0.0012404569  -0.0005051057
        0.0481657445   0.0656599942   0.0813387454
       -0.0000333475  -0.0000128124   0.0003096300  -0.0000042444   0.0002570728
       -0.0002135448  -0.0012311035  -0.0013275693   0.0007462689  -0.0087925292
       -0.0084073454  -0.0285014683   0.0028930297   0.0023419859  -0.0044915914
        0.0004852083   0.0004626034   0.0006511570   0.0000023810  -0.0000912745
        0.0014080407  -0.0002701907  -0.0002813712  -0.0001059309   0.0001514569
        0.0001338956  -0.0002784378  -0.0024833754  -0.0022856700  -0.0029108849
       -0.0800033552  -0.0729729782  -0.2451068213   0.0002463458   0.0000795574
        0.0005145150   0.0005285845   0.0000000655   0.0001184797  -0.0000516223
       -0.0004920289  -0.0005765676  -0.0001042996  -0.0000174719  -0.0000165322
       -0.0000115069  -0.0000079366   0.0000229985  -0.0002410531   0.0000859961
        0.0000993713   0.0009878741   0.0011896986   0.0004616835  -0.0001778872
       -0.0002216716   0.0001916174  -0.0004885301  -0.0003984602  -0.0016093473
        0.0000128579   0.0000853646   0.0001409276  -0.0000089298   0.0000283542
        0.0000327562   0.0000241186  -0.0000445312   0.0000178302  -0.0000246368
        0.0000054007   0.0000550461   0.0005445946   0.0005523812   0.0011989166
        0.0880501604   0.0813387454   0.2778418874
