   124
          4          1          4
          1          5          5
          1          6          6
          1          7          7
          1          8          8
          1          9          9
          1         10         10
          2         11         12
          1         13         13
          2         14         15
          1         16         16
          1         17         17
          2         18         19
          1         20         20
          1         21         21
          1         22         22
          1         23         23
          3         24         26
          1         27         27
          1         28         28
          1         29         29
          1         30         30
          2         31         32
          1         33         33
          1         34         34
          1         35         35
          1         36         36
          1         37         37
          1         38         38
          1         39         39
          1         40         40
          3         41         43
          1         44         44
          1         45         45
          1         46         46
          2         47         48
          1         49         49
          1         50         50
          1         51         51
          1         52         52
          1         53         53
          1         54         54
          1         55         55
          1         56         56
          1         57         57
          1         58         58
          3         59         61
          1         62         62
          2         63         64
          1         65         65
          1         66         66
          3         67         69
          1         70         70
          1         71         71
          1         72         72
          1         73         73
          1         74         74
          2         75         76
          1         77         77
          2         78         79
          2         80         81
          1         82         82
          1         83         83
          1         84         84
          2         85         86
          1         87         87
          1         88         88
          1         89         89
          1         90         90
          1         91         91
          1         92         92
          1         93         93
          2         94         95
          1         96         96
          1         97         97
          1         98         98
          1         99         99
          1        100        100
          1        101        101
          1        102        102
          1        103        103
          1        104        104
          1        105        105
          1        106        106
          1        107        107
          1        108        108
          1        109        109
          1        110        110
          2        111        112
          1        113        113
          1        114        114
          1        115        115
          1        116        116
          1        117        117
          2        118        119
          1        120        120
          1        121        121
          1        122        122
          1        123        123
          1        124        124
          1        125        125
          1        126        126
          1        127        127
          1        128        128
          1        129        129
          1        130        130
          1        131        131
          1        132        132
          1        133        133
          1        134        134
          2        135        136
          1        137        137
          1        138        138
          1        139        139
          1        140        140
          1        141        141
          1        142        142
          1        143        143
          1        144        144
          1        145        145
          1        146        146
          1        147        147
          1        148        148
          1        149        149
