           1           2  0.95520007948097840     
           2           3  0.99905971500279844     
           3           4  0.98413132936333547     
           4           5   1.0157349597112617     
           5           6   1.4424979630487340     
           6           7   1.3853343147356452     
           7           8   1.4213586837048613     
           8           9   1.2479307286722450     
           9          10   1.2503434292659885     
          10          11   1.4346924549431130     
          11          12   1.3750723674026963     
          10          13  0.10260853865384657     
          12          13   1.5088009151363835     
           5          14   1.2173812078914674     
           9          14   1.2588349332595428     
          13          14   1.3005292006164102     
           8          15   1.1105646162088316     
          15          16   1.4345252725895066     
          16          17   1.3680540683507996     
          15          18  0.10164757349027011     
          17          18   1.5222677435220473     
          18          19   1.2802632809919940     
          19          20   1.2809888846198241     
          20          21   1.5235807147731233     
          21          22   1.3658248021623314     
          10          23   1.1032322370831260     
          20          23  0.10188753938017264     
          22          23   1.4386045802129039     
          15          24   1.2468229688357182     
          19          24   1.2571072200200919     
          23          24   1.2499939927599548     
           1          26  0.90499835627622638     
           1          27  0.92003194408584887     
           1          28  0.84028587700320545     
           2          29  0.96580669304762756     
           2          30  0.96875859448412438     
           3          31  0.95200071104323580     
           3          32  0.95978515320466640     
           6          33  0.93656501564956185     
           7          34  0.95585470472889156     
          11          35  0.96139294731460967     
          12          36  0.97046302129020057     
          13          37  0.96740741496777471     
          16          38  0.96042310673594666     
          17          39  0.96989627969228509     
          18          40  0.96891885493737184     
          20          41  0.96886055069394006     
          21          42  0.97027563656674487     
          22          43  0.96169014014270449     
