$coord
        -16.362541086894         -3.317183138028          0.263855399607     n 
        -16.790212272349         -0.649349958273          1.062019826022     c 
        -15.567644377425          1.266705513007         -0.728438295516     c 
        -12.751028450467          1.297674305959         -0.634233647908     c 
        -11.271215174099          3.361744900376         -1.019386217201     c 
         -8.635909184004          2.869219336447         -0.866630267143     c 
         -8.054244761009          0.404132324960         -0.360102274614     c 
         -5.550177353426         -0.624337385737         -0.120578989543     c 
         -4.982047146735         -3.070118337663          0.494742724583     c 
         -2.365659135844         -3.608582202871          0.622970797158     c 
         -1.379599584646         -6.153228052354          1.310903667516     c 
         -0.870461801212         -1.538261891110          0.079991812951     c 
          1.881578561596         -1.462339309894          0.048714972937     c 
          3.297805547238         -3.282545494869         -1.183548546852     c 
          5.931831554515         -3.181085886797         -1.311104466205     c 
          7.327706921306         -1.251989247422         -0.237211242411     c 
         10.068422112469         -1.213561690085         -0.490168608341     c 
         11.607166995422          0.848922237891         -0.887698878633     c 
         10.704330422097          3.492473016509         -1.229178767432     c 
         14.218517855435          0.196671776486         -1.001103098610     c 
         14.680080937907         -2.303049840426         -0.747490495529     c 
         11.904399305443         -3.957201366514         -0.360455235170     s 
          5.972845297245          0.647353432005          1.164485648722     c 
          6.933731829104          2.510234940179          2.514016020265     n 
          4.593603035588          4.082898596210          3.797021311536     s 
          2.261709960477          2.347218140288          2.721126136826     n 
          3.230785159022          0.544254869909          1.300191006507     c 
         -2.776181217613          1.071262291014         -0.607157969902     s 
        -10.845918252421         -1.317234529503         -0.060668481295     s 
          2.045309496103          4.680050643900         -2.893264857035     cl
        -14.453025118842         -3.639416345290          0.104696447085     h 
        -17.158095496961         -3.661422730259         -1.473678617634     h 
        -17.092434979349         -4.594421656743          1.534083287706     h 
        -16.042903151394         -0.369235753063          2.973051968824     h 
        -18.829466924372         -0.305471396106          1.202156358722     h 
        -16.263457669364          3.172308705782         -0.309413555299     h 
        -16.162064369697          0.870236429661         -2.669731210294     h 
        -12.037256057639          5.208327682486         -1.419827190420     h 
         -7.209091873109          4.300655913672         -1.131138575947     h 
         -6.415047762256         -4.468121243532          0.869161857787     h 
          0.444877377384         -6.010871375312          2.256283413237     h 
         -1.150256627241         -7.330785620493         -0.363341430620     h 
         -2.671287913619         -7.120130406586          2.592302229502     h 
          2.318490383733         -4.786788398655         -2.137906632647     h 
          6.931915567007         -4.634110344046         -2.322582730785     h 
         10.623867695864          4.474831169805          0.578574489388     h 
          8.816779166966          3.525484162150         -2.054077780667     h 
         11.956411339558          4.548877407355         -2.477715556409     h 
         15.681904576739          1.588978293587         -1.281662523065     h 
         16.511916862792         -3.172778466709         -0.786707238516     h 
$end
