$coord
         -6.935538950030         -2.307556259315         -0.995785922471     n 
         -6.191134451053         -0.821839987417          1.285812115018     c 
         -5.157889810307          1.792445497375          0.642891117808     c 
         -2.680467743833          1.765444380206         -0.856661164730     c 
         -0.437214867283          0.654496616502          0.592972896643     c 
          2.058723867122          0.839101869003         -0.857937688970     c 
          4.313669471171         -0.245264339779          0.592558486546     c 
          6.813980923141         -0.021263079974         -0.845216063895     c 
          9.054009945363         -1.094470795854          0.605463053722     c 
         -5.409511919881         -2.676726282418         -2.146860855472     h 
         -8.251021390073         -1.341481795344         -2.058364886465     h 
         -7.725630845702         -4.022497833335         -0.512099382918     h 
         -4.799202134839         -1.892816579458          2.380951525959     h 
         -7.843717544665         -0.642955832040          2.525979040558     h 
         -4.878877545683          2.882595466971          2.382658972723     h 
         -6.602192651287          2.828409361922         -0.421737555200     h 
         -2.203502014807          3.696122261754         -1.439060791841     h 
         -2.942018250180          0.727372503686         -2.626873953919     h 
         -0.811267974554         -1.324571511255          1.066215728166     h 
         -0.246972015767          1.621061905041          2.413760633819     h 
          2.434507820310          2.818463114987         -1.334467670247     h 
          1.875344288037         -0.128662365424         -2.678784972544     h 
          3.953514965855         -2.231928701169          1.050535267143     h 
          4.482646571963          0.708453608154          2.422469788290     h 
          7.160462968874          1.969419549510         -1.306697198213     h 
          6.636892590018         -0.973137055436         -2.677723230586     h 
          8.787896831772         -3.096182514910          1.018661932676     h 
          9.310506537261         -0.127524234696          2.407395597082     h 
         10.816932809811         -0.910794567023         -0.449762985847     h 
$end
