   -0.17305605
   -0.03198874
    0.05645704
   -0.28529081
    0.13473179
   -0.01324408
   -0.03627958
   -0.04338224
    0.00028028
   -0.00102745
   -0.04435676
   -0.07556617
   -0.04093441
   -0.04422106
    0.00842288
   -0.04457900
   -0.03623658
   -0.04431786
    0.00875078
    0.00115121
   -0.94299086
    0.31487851
    0.30206968
    0.29924274
    0.11189364
    0.11261792
    0.08461640
    0.06561033
    0.04496323
    0.03226171
    0.04930911
    0.06067811
    0.03900425
    0.03360566
    0.03315357
    0.03230349
    0.03146931
