   46
          1          1          1
          1          2          2
          2          3          4
          1          5          5
          4          6          9
          1         10         10
          1         11         11
          2         12         13
          1         14         14
          1         15         15
          2         16         17
          1         18         18
          1         19         19
          3         20         22
          2         23         24
          5         25         29
          1         30         30
          1         31         31
          1         32         32
          7         33         39
          2         40         41
          1         42         42
          5         43         47
          4         48         51
          1         52         52
          1         53         53
          1         54         54
          1         55         55
          1         56         56
          2         57         58
          1         59         59
          1         60         60
          1         61         61
          5         62         66
          7         67         73
          3         74         76
          2         77         78
          2         79         80
          1         81         81
          1         82         82
          6         83         88
          4         89         92
          9         93        101
          6        102        107
          3        108        110
          6        111        116
