           1           2  0.94512757778938539     
           2           3  0.98813765691290012     
           3           4   1.0623388749236657     
           4           5   2.8868292068192694     
           1           7  0.92113696080211704     
           1           8  0.84070928514935983     
           1           9  0.91877556113676939     
           2          10  0.96763577101876030     
           2          11  0.97201684056438198     
           3          12  0.94777664197719647     
           3          13  0.93627015248421641     
           5          14  0.96864006460605800     
