$hessian                                                                        
        0.5183655975  -0.0097987728  -0.0509422819  -0.1129305344  -0.0121555693
       -0.0450253538  -0.0035352693  -0.0075758086  -0.0062153040   0.0005698278
       -0.0000552849   0.0001069152  -0.0116535282   0.0078325067   0.0028322899
       -0.2430128578   0.0942358553   0.0313151856  -0.0471436335  -0.0360457558
        0.0000699537  -0.0788275026  -0.0286188598   0.0906228103  -0.0262314103
       -0.0081415017  -0.0266467457   0.0042168480   0.0011560536   0.0026305836
        0.0001657205  -0.0012814830   0.0006298991   0.0005514830   0.0006383084
        0.0009041224   0.0002083648   0.0003440285  -0.0001341706  -0.0002176409
        0.0000164200  -0.0001414430  -0.0005254645  -0.0005501367  -0.0000064608
       -0.0097987728   0.5811129814  -0.0298803009  -0.0177098163  -0.0738216681
       -0.0178024574  -0.0206420083  -0.0146330422  -0.0248518125   0.0003423199
        0.0007262714   0.0004508798   0.0058204147  -0.0021244752  -0.0011369092
        0.0977388976  -0.0864902115  -0.0140343750  -0.0314832369  -0.3351862769
       -0.0001462756  -0.0311171431  -0.0688808443   0.0770473808   0.0053082696
        0.0031160052   0.0065263699   0.0053538041   0.0022708934   0.0052605538
       -0.0011275830  -0.0070395288  -0.0007138448  -0.0011737354   0.0016470993
        0.0002115589  -0.0003053142   0.0000818777  -0.0000681978  -0.0003675576
        0.0003483048  -0.0003428089  -0.0008385384  -0.0011273862  -0.0005197612
       -0.0509422819  -0.0298803009   0.5258112073  -0.0484334859  -0.0120837321
       -0.1243969955  -0.0052324821  -0.0089367362  -0.0053399802   0.0003144811
        0.0007382625  -0.0004363038   0.0014854883  -0.0006600411   0.0008122256
        0.0340282634  -0.0151314331  -0.0452875437   0.0001967001   0.0025092243
       -0.0453719042   0.0926152358   0.0713478411  -0.2802954289  -0.0038408174
       -0.0000187601  -0.0007093166  -0.0206906392  -0.0077291431  -0.0276886848
       -0.0003280437  -0.0018298853   0.0014176950  -0.0002866383   0.0008499044
        0.0001772781   0.0000074945  -0.0001133924   0.0001081797   0.0002809890
        0.0001923628   0.0001741570   0.0008257361   0.0007458291   0.0010254150
       -0.1129305344  -0.0177098163  -0.0484334859   0.4933517299  -0.0299065605
       -0.0439799580  -0.0660218812   0.0009183985   0.0032518024  -0.0022648740
       -0.0135469543   0.0014895522   0.0007952730  -0.0007487187  -0.0002135988
       -0.0178431487  -0.0047260337  -0.0156716253  -0.0024494620  -0.0031230640
       -0.0025907902   0.0069227918   0.0042662675   0.0023849236  -0.2268861100
        0.0811485547   0.0406904615  -0.0702356675  -0.0258105226   0.0639178981
       -0.0018568809  -0.0157456622  -0.0037567330  -0.0000307894   0.0274874247
        0.0018937917   0.0002921393  -0.0012590108  -0.0002211064  -0.0007608997
       -0.0014969107   0.0021841569  -0.0000816862   0.0002526084  -0.0009452888
       -0.0121555693  -0.0738216681  -0.0120837321  -0.0299065605   0.4557161243
       -0.0391643240   0.0010095427  -0.1840991732  -0.0024178608  -0.0051980475
       -0.0211780235   0.0058878735   0.0002746783  -0.0010810464  -0.0004518732
        0.0030673415   0.0051193230   0.0075917801  -0.0164767796  -0.0083284255
       -0.0189257260   0.0058885413   0.0037066068   0.0042281243   0.0780774045
       -0.0751970495  -0.0124494391  -0.0257165845  -0.0730838946   0.0728813458
       -0.0007429364  -0.0089179772  -0.0031156863   0.0028101729  -0.0192194532
       -0.0030466535   0.0007235682   0.0012680779  -0.0008078944  -0.0015326723
       -0.0009831695   0.0028943861  -0.0001220994   0.0000997486  -0.0010203205
       -0.0450253538  -0.0178024574  -0.1243969955  -0.0439799580  -0.0391643240
        0.4825080090   0.0022873704  -0.0021376142  -0.0630251118   0.0022216837
        0.0240876236   0.0004746043   0.0014298966  -0.0012423064  -0.0010693311
       -0.0055840476   0.0039231767   0.0029445690  -0.0010705666  -0.0032107059
       -0.0006819411  -0.0148518337  -0.0052093094  -0.0228378992   0.0357434213
       -0.0135203709  -0.0513022493   0.0692993317   0.0766315443  -0.2140533417
       -0.0019462813  -0.0211668822  -0.0046729465   0.0001030849  -0.0042629319
       -0.0006040227  -0.0004673170   0.0003715770   0.0009469571   0.0021913191
        0.0027099941  -0.0040003539  -0.0003507498  -0.0000070135  -0.0002299467
       -0.0035352693  -0.0206420083  -0.0052324821  -0.0660218812   0.0010095427
        0.0022873704   0.5172473677  -0.0156271084   0.0066017325  -0.0923529617
       -0.0221456810   0.0479436909  -0.0001724925   0.0002410825   0.0002773806
        0.0008083038  -0.0004878693   0.0003167018  -0.0022594315  -0.0015897025
       -0.0031773669  -0.0001043705   0.0001372048   0.0004447145  -0.0002078925
        0.0269493481   0.0023258284  -0.0002764377  -0.0114381237   0.0009175353
       -0.1086432776  -0.0279608926  -0.0964385583  -0.2339459502   0.0786107193
        0.0273731765  -0.0164673918  -0.0109048622   0.0260179310  -0.0013666184
       -0.0023125252   0.0026055778   0.0072983031   0.0061608757  -0.0122632325
       -0.0075758086  -0.0146330422  -0.0089367362   0.0009183985  -0.1840991732
       -0.0021376142  -0.0156271084   0.4597893286   0.0134283862  -0.0223556682
       -0.0847618271   0.0450096441  -0.0001993629   0.0000685751   0.0000884682
       -0.0001398247   0.0014586567  -0.0000788089  -0.0012256818   0.0002011097
       -0.0013460380  -0.0003696788   0.0003515318   0.0002131026   0.0038264217
       -0.0191291767  -0.0028170176  -0.0022902161  -0.0156267993   0.0022790220
       -0.0300011812  -0.0572913755  -0.0456436976   0.0808918548  -0.0771382407
       -0.0125435453   0.0036449081   0.0036843276  -0.0083602693  -0.0121315172
       -0.0146099128   0.0230287290   0.0026344648   0.0017360180  -0.0021836250
       -0.0062153040  -0.0248518125  -0.0053399802   0.0032518024  -0.0024178608
       -0.0630251118   0.0066017325   0.0134283862   0.5025238378   0.0489052304
        0.0448944228  -0.1616993636  -0.0001516421  -0.0000193117   0.0005161950
        0.0004011644   0.0000856371   0.0003690585  -0.0029977499  -0.0019643599
       -0.0036768972  -0.0002832508  -0.0005843211   0.0003183399   0.0013252079
       -0.0071000180   0.0001524999   0.0014112709   0.0232038128  -0.0001867940
       -0.0966753364  -0.0452475161  -0.1877303867   0.0284607858  -0.0134558204
       -0.0493965712   0.0072703987   0.0023226772  -0.0074929454  -0.0005828183
        0.0009535374   0.0012635587   0.0092785084   0.0107525469  -0.0265954396
        0.0005698278   0.0003423199   0.0003144811  -0.0022648740  -0.0051980475
        0.0022216837  -0.0923529617  -0.0223556682   0.0489052304   0.5027120663
       -0.0071257689   0.0137658646  -0.0001016356  -0.0002872009  -0.0002896195
        0.0001489831   0.0003742697  -0.0002384947   0.0001543003   0.0001055299
        0.0000679633  -0.0000104079  -0.0006765270   0.0004169446   0.0008652859
        0.0008836146  -0.0007295247   0.0006099001  -0.0000501510   0.0001014756
        0.0062405353   0.0051871945  -0.0116549252  -0.0144092584  -0.0098830700
        0.0237959749  -0.2359084391   0.0804136296   0.0324049938  -0.0475652273
       -0.0211803458  -0.0028744607  -0.1186880946  -0.0205497790  -0.1062075873
       -0.0000552849   0.0007262714   0.0007382625  -0.0135469543  -0.0211780235
        0.0240876236  -0.0221456810  -0.0847618271   0.0448944228  -0.0071257689
        0.5077578435   0.0104367586   0.0000151692   0.0003780733   0.0000169352
        0.0007589270  -0.0009194567  -0.0000503924   0.0002570687   0.0004560775
        0.0000948485   0.0006630803   0.0008275497   0.0003517296  -0.0008360323
        0.0015311111   0.0002626887  -0.0009869582  -0.0064050183   0.0001260766
        0.0020761542   0.0021519776  -0.0019543051   0.0028405264   0.0039332923
       -0.0064532455   0.0804601212  -0.0784460636  -0.0143767599  -0.0211591996
       -0.2751187842  -0.0265939855  -0.0212151677  -0.0509330230  -0.0315806578
        0.0001069152   0.0004508798  -0.0004363038   0.0014895522   0.0058878735
        0.0004746043   0.0479436909   0.0450096441  -0.1616993636   0.0137658646
        0.0104367586   0.4878070544  -0.0000270063   0.0000385357  -0.0003696153
       -0.0000307508  -0.0001517064   0.0000176146  -0.0001046707  -0.0002162807
        0.0000817722  -0.0000692172  -0.0011428912   0.0001571881  -0.0005035978
       -0.0007143692   0.0004521159   0.0000773243  -0.0004528669   0.0008351547
        0.0093928521   0.0104055025  -0.0264951427   0.0057354268   0.0023714582
       -0.0063103016   0.0316656739  -0.0142766272  -0.0503729837  -0.0028761641
       -0.0267378757  -0.0475371351  -0.1065658930  -0.0309080350  -0.1966046586
       -0.0116535282   0.0058204147   0.0014854883   0.0007952730   0.0002746783
        0.0014298966  -0.0001724925  -0.0001993629  -0.0001516421  -0.0001016356
        0.0000151692  -0.0000270063  -0.0044962467   0.0048055456   0.0016534907
        0.0161367231  -0.0115220333  -0.0039439569  -0.0003008508  -0.0009766060
       -0.0001525283   0.0004642286   0.0000423070  -0.0011129557  -0.0004445281
        0.0002678290  -0.0000268148   0.0003695731  -0.0001568402   0.0002785954
       -0.0004827473   0.0001759400  -0.0000652485   0.0003441271   0.0008627131
        0.0007667333  -0.0003132956   0.0003904726   0.0001968920  -0.0002731928
        0.0000192710   0.0000057020   0.0001285926   0.0001805017  -0.0003366457
        0.0078325067  -0.0021244752  -0.0006600411  -0.0007487187  -0.0010810464
       -0.0012423064   0.0002410825   0.0000685751  -0.0000193117  -0.0002872009
        0.0003780733   0.0000385357   0.0048055456   0.0004211387  -0.0012423400
       -0.0118652842   0.0015934324   0.0022023079   0.0000861680   0.0005048361
        0.0000758998   0.0000332855  -0.0007093500   0.0003505242   0.0005278345
        0.0003986013   0.0001698385   0.0001812232   0.0000861013  -0.0002389476
       -0.0001870274   0.0001264014   0.0000850419   0.0001859581  -0.0005830106
        0.0003429431  -0.0003575604   0.0004198573   0.0000437275  -0.0003945098
        0.0005231102   0.0001183502  -0.0000533028  -0.0000222451  -0.0000242220
        0.0028322899  -0.0011369092   0.0008122256  -0.0002135988  -0.0004518732
       -0.0010693311   0.0002773806   0.0000884682   0.0005161950  -0.0002896195
        0.0000169352  -0.0003696153   0.0016534907  -0.0012423400   0.0023829471
       -0.0040828091   0.0022345444  -0.0036059609   0.0002304874   0.0000668466
       -0.0001657189  -0.0001830343  -0.0001789970   0.0001643570  -0.0002656257
        0.0002929977   0.0008426299  -0.0003224807   0.0000138772   0.0006657976
       -0.0004271112   0.0003901871   0.0001329350   0.0000132811   0.0005064668
       -0.0009484821   0.0002380643  -0.0002236457   0.0004240831   0.0002247312
       -0.0001005014  -0.0001013888   0.0003145541  -0.0002760569   0.0003193267
       -0.2430128578   0.0977388976   0.0340282634  -0.0178431487   0.0030673415
       -0.0055840476   0.0008083038  -0.0001398247   0.0004011644   0.0001489831
        0.0007589270  -0.0000307508   0.0161367231  -0.0118652842  -0.0040828091
        0.2479981031  -0.0947525765  -0.0316490003   0.0042224577   0.0045462027
        0.0003507198  -0.0105688931   0.0029064497   0.0085865761  -0.0005526728
       -0.0006719141  -0.0021794858   0.0003637328  -0.0002466562   0.0001066839
        0.0009889917   0.0000790051   0.0001539473   0.0007845826  -0.0006942768
       -0.0003599191   0.0000608033  -0.0003622490  -0.0001466402   0.0005335821
        0.0002200476  -0.0000151432  -0.0000686909  -0.0005840897   0.0004204410
        0.0942358553  -0.0864902115  -0.0151314331  -0.0047260337   0.0051193230
        0.0039231767  -0.0004878693   0.0014586567   0.0000856371   0.0003742697
       -0.0009194567  -0.0001517064  -0.0115220333   0.0015934324   0.0022345444
       -0.0947525765   0.0901939307   0.0155354476   0.0238171694  -0.0159275638
       -0.0041478272  -0.0060595686   0.0067328530  -0.0000451139  -0.0023206753
       -0.0003049686  -0.0017858019  -0.0001468952   0.0005494470   0.0003259167
        0.0001254208  -0.0004077901  -0.0000656080   0.0003949201  -0.0002480430
       -0.0007367643   0.0005324314  -0.0006826161  -0.0001000637   0.0004261129
       -0.0005257914  -0.0001700953   0.0001094724  -0.0001412016   0.0002296913
        0.0313151856  -0.0140343750  -0.0452875437  -0.0156716253   0.0075917801
        0.0029445690   0.0003167018  -0.0000788089   0.0003690585  -0.0002384947
       -0.0000503924   0.0000176146  -0.0039439569   0.0022023079  -0.0036059609
       -0.0316490003   0.0155354476   0.0526747542  -0.0003178232  -0.0003819922
        0.0025386753   0.0234676499  -0.0088816679  -0.0051859498  -0.0032122159
       -0.0013996277  -0.0037643985  -0.0004013244  -0.0000489298  -0.0006391698
        0.0005229156  -0.0004776540  -0.0000989235   0.0004048487  -0.0009689172
        0.0006883032  -0.0001850347   0.0002286025  -0.0007649616  -0.0001249875
        0.0001066746   0.0002658269  -0.0002828387   0.0006575524  -0.0001518939
       -0.0471436335  -0.0314832369   0.0001967001  -0.0024494620  -0.0164767796
       -0.0010705666  -0.0022594315  -0.0012256818  -0.0029977499   0.0001543003
        0.0002570687  -0.0001046707  -0.0003008508   0.0000861680   0.0002304874
        0.0042224577   0.0238171694  -0.0003178232   0.0469172517   0.0388063156
        0.0016477286   0.0003837747  -0.0123481372   0.0025163680  -0.0004741204
       -0.0006573225  -0.0001884456   0.0006360905  -0.0000249786   0.0001529792
        0.0002246478  -0.0009455737  -0.0000592415   0.0000798533   0.0002210934
        0.0000147697  -0.0001219229  -0.0000612505  -0.0000311287   0.0001414934
        0.0000765707  -0.0000348983  -0.0000104483  -0.0000414250   0.0000454915
       -0.0360457558  -0.3351862769   0.0025092243  -0.0031230640  -0.0083284255
       -0.0032107059  -0.0015897025   0.0002011097  -0.0019643599   0.0001055299
        0.0004560775  -0.0002162807  -0.0009766060   0.0005048361   0.0000668466
        0.0045462027  -0.0159275638  -0.0003819922   0.0388063156   0.3697942575
       -0.0020193865  -0.0025126494  -0.0124657940   0.0043951842   0.0004771713
        0.0003878492   0.0004395230   0.0004173907   0.0007039516   0.0005596043
       -0.0000458867  -0.0004408721   0.0001494394  -0.0002557939   0.0003670515
        0.0000087287   0.0000867790  -0.0001714261  -0.0000988522   0.0000580022
        0.0001777278  -0.0001365322   0.0000520669  -0.0000725026  -0.0001004409
        0.0000699537  -0.0001462756  -0.0453719042  -0.0025907902  -0.0189257260
       -0.0006819411  -0.0031773669  -0.0013460380  -0.0036768972   0.0000679633
        0.0000948485   0.0000817722  -0.0001525283   0.0000758998  -0.0001657189
        0.0003507198  -0.0041478272   0.0025386753   0.0016477286  -0.0020193865
        0.0482842247   0.0043510144   0.0287360868  -0.0011729845  -0.0001165399
       -0.0002635332   0.0001812008  -0.0002923321  -0.0011465266  -0.0004630807
       -0.0002112646  -0.0014183041   0.0000768123  -0.0001335638   0.0001089478
        0.0001259192   0.0000208884   0.0000897453  -0.0000247359   0.0000534251
        0.0001273333   0.0002695069   0.0001126923   0.0001807557  -0.0000008490
       -0.0788275026  -0.0311171431   0.0926152358   0.0069227918   0.0058885413
       -0.0148518337  -0.0001043705  -0.0003696788  -0.0002832508  -0.0000104079
        0.0006630803  -0.0000692172   0.0004642286   0.0000332855  -0.0001830343
       -0.0105688931  -0.0060595686   0.0234676499   0.0003837747  -0.0025126494
        0.0043510144   0.0830072503   0.0346496332  -0.1009151665   0.0002320323
        0.0003428704  -0.0011407705  -0.0018395441  -0.0012368518  -0.0036246049
        0.0001307115  -0.0000926486   0.0000808844  -0.0000150006   0.0000779909
        0.0002079656  -0.0007653542  -0.0001346671  -0.0002015245   0.0000742852
        0.0001594113   0.0001483275   0.0009159985  -0.0002916056   0.0003983247
       -0.0286188598  -0.0688808443   0.0713478411   0.0042662675   0.0037066068
       -0.0052093094   0.0001372048   0.0003515318  -0.0005843211  -0.0006765270
        0.0008275497  -0.0011428912   0.0000423070  -0.0007093500  -0.0001789970
        0.0029064497   0.0067328530  -0.0088816679  -0.0123481372  -0.0124657940
        0.0287360868   0.0346496332   0.0712201417  -0.0848270179   0.0000673017
        0.0003371266   0.0002841952  -0.0010806332   0.0002933029  -0.0012979776
        0.0000346984  -0.0001523967   0.0001167807   0.0000916811  -0.0001113221
       -0.0003392604  -0.0000814155  -0.0001179519   0.0000553634   0.0003464324
       -0.0000053981   0.0002920514   0.0002635968  -0.0010260555   0.0016291240
        0.0906228103   0.0770473808  -0.2802954289   0.0023849236   0.0042281243
       -0.0228378992   0.0004447145   0.0002131026   0.0003183399   0.0004169446
        0.0003517296   0.0001571881  -0.0011129557   0.0003505242   0.0001643570
        0.0085865761  -0.0000451139  -0.0051859498   0.0025163680   0.0043951842
       -0.0011729845  -0.1009151665  -0.0848270179   0.3101035577   0.0007453891
       -0.0000059028   0.0008997737  -0.0036551692  -0.0015669359  -0.0029450256
        0.0003180562   0.0001403476   0.0002573130   0.0001009981  -0.0000825016
       -0.0002011396  -0.0001343830  -0.0000576614   0.0000704282  -0.0000530125
        0.0002303432   0.0001689277  -0.0002660936  -0.0003716029   0.0004985423
       -0.0262314103   0.0053082696  -0.0038408174  -0.2268861100   0.0780774045
        0.0357434213  -0.0002078925   0.0038264217   0.0013252079   0.0008652859
       -0.0008360323  -0.0005035978  -0.0004445281   0.0005278345  -0.0002656257
       -0.0005526728  -0.0023206753  -0.0032122159  -0.0004741204   0.0004771713
       -0.0001165399   0.0002320323   0.0000673017   0.0007453891   0.2669889750
       -0.0902433361  -0.0388299506  -0.0143328506   0.0051215408   0.0082823892
        0.0000639912  -0.0000711736   0.0001803913   0.0008888795   0.0000765422
        0.0003438567   0.0002585973   0.0002167704  -0.0000814052  -0.0000259754
       -0.0002746492   0.0001558530  -0.0001422012   0.0000466095   0.0000736440
       -0.0081415017   0.0031160052  -0.0000187601   0.0811485547  -0.0751970495
       -0.0135203709   0.0269493481  -0.0191291767  -0.0071000180   0.0008836146
        0.0015311111  -0.0007143692   0.0002678290   0.0003986013   0.0002929977
       -0.0006719141  -0.0003049686  -0.0013996277  -0.0006573225   0.0003878492
       -0.0002635332   0.0003428704   0.0003371266  -0.0000059028  -0.0902433361
        0.0895550290   0.0192476561  -0.0085479807   0.0051476399   0.0031104998
        0.0002590549   0.0002692121   0.0001776693  -0.0006937925  -0.0065560407
       -0.0003671244  -0.0008798166  -0.0000163466   0.0005403093   0.0000467523
        0.0004418032   0.0000141987  -0.0000623598   0.0000192045   0.0000063752
       -0.0266467457   0.0065263699  -0.0007093166   0.0406904615  -0.0124494391
       -0.0513022493   0.0023258284  -0.0028170176   0.0001524999  -0.0007295247
        0.0002626887   0.0004521159  -0.0000268148   0.0001698385   0.0008426299
       -0.0021794858  -0.0017858019  -0.0037643985  -0.0001884456   0.0004395230
        0.0001812008  -0.0011407705   0.0002841952   0.0008997737  -0.0388299506
        0.0192476561   0.0610051845   0.0270923613  -0.0089727222  -0.0083969244
        0.0000466633  -0.0002721384   0.0000801793  -0.0004393373  -0.0008558254
        0.0007013463   0.0000672781   0.0001277272   0.0002485627   0.0000333420
        0.0000616707  -0.0001246119  -0.0000748596   0.0000332753  -0.0002659922
        0.0042168480   0.0053538041  -0.0206906392  -0.0702356675  -0.0257165845
        0.0692993317  -0.0002764377  -0.0022902161   0.0014112709   0.0006099001
       -0.0009869582   0.0000773243   0.0003695731   0.0001812232  -0.0003224807
        0.0003637328  -0.0001468952  -0.0004013244   0.0006360905   0.0004173907
       -0.0002923321  -0.0018395441  -0.0010806332  -0.0036551692  -0.0143328506
       -0.0085479807   0.0270923613   0.0798785610   0.0332338398  -0.0721500651
       -0.0000710607  -0.0006636217   0.0000738056   0.0001900430   0.0004633859
       -0.0003584514   0.0003675994   0.0000364475  -0.0001527681   0.0002087567
       -0.0001837820   0.0001836814  -0.0000855442  -0.0000694195  -0.0001145450
        0.0011560536   0.0022708934  -0.0077291431  -0.0258105226  -0.0730838946
        0.0766315443  -0.0114381237  -0.0156267993   0.0232038128  -0.0000501510
       -0.0064050183  -0.0004528669  -0.0001568402   0.0000861013   0.0000138772
       -0.0002466562   0.0005494470  -0.0000489298  -0.0000249786   0.0007039516
       -0.0011465266  -0.0012368518   0.0002933029  -0.0015669359   0.0051215408
        0.0051476399  -0.0089727222   0.0332338398   0.0862749450  -0.0819041618
       -0.0002693451   0.0000425761   0.0005299964  -0.0001098895   0.0003046968
        0.0005668943   0.0003468783  -0.0000406167  -0.0002658993  -0.0005573646
       -0.0006614665   0.0014983830   0.0000424106   0.0001442414  -0.0003573226
        0.0026305836   0.0052605538  -0.0276886848   0.0639178981   0.0728813458
       -0.2140533417   0.0009175353   0.0022790220  -0.0001867940   0.0001014756
        0.0001260766   0.0008351547   0.0002785954  -0.0002389476   0.0006657976
        0.0001066839   0.0003259167  -0.0006391698   0.0001529792   0.0005596043
       -0.0004630807  -0.0036246049  -0.0012979776  -0.0029450256   0.0082823892
        0.0031104998  -0.0083969244  -0.0721500651  -0.0819041618   0.2515412281
       -0.0000306279  -0.0008278282   0.0007414405  -0.0001954215  -0.0002112367
        0.0003052902  -0.0002090637   0.0000298219  -0.0000230218  -0.0000884247
       -0.0000131461   0.0000766818  -0.0000899325  -0.0000795429   0.0002304500
        0.0001657205  -0.0011275830  -0.0003280437  -0.0018568809  -0.0007429364
       -0.0019462813  -0.1086432776  -0.0300011812  -0.0966753364   0.0062405353
        0.0020761542   0.0093928521  -0.0004827473  -0.0001870274  -0.0004271112
        0.0009889917   0.0001254208   0.0005229156   0.0002246478  -0.0000458867
       -0.0002112646   0.0001307115   0.0000346984   0.0003180562   0.0000639912
        0.0002590549   0.0000466633  -0.0000710607  -0.0002693451  -0.0000306279
        0.1244814895   0.0348572753   0.1111417669  -0.0223322434  -0.0048465046
       -0.0248242173   0.0006587785   0.0002341812   0.0004436149   0.0003059106
        0.0003756482   0.0000174487   0.0001254334  -0.0007419686   0.0025595647
       -0.0012814830  -0.0070395288  -0.0018298853  -0.0157456622  -0.0089179772
       -0.0211668822  -0.0279608926  -0.0572913755  -0.0452475161   0.0051871945
        0.0021519776   0.0104055025   0.0001759400   0.0001264014   0.0003901871
        0.0000790051  -0.0004077901  -0.0004776540  -0.0009455737  -0.0004408721
       -0.0014183041  -0.0000926486  -0.0001523967   0.0001403476  -0.0000711736
        0.0002692121  -0.0002721384  -0.0006636217   0.0000425761  -0.0008278282
        0.0348572753   0.0673640683   0.0485570636   0.0072738750   0.0039141780
        0.0083411257   0.0001102026   0.0001842968  -0.0002919998   0.0003054800
        0.0003715807   0.0008599942  -0.0012279172  -0.0001743507   0.0028379873
        0.0006298991  -0.0007138448   0.0014176950  -0.0037567330  -0.0031156863
       -0.0046729465  -0.0964385583  -0.0456436976  -0.1877303867  -0.0116549252
       -0.0019543051  -0.0264951427  -0.0000652485   0.0000850419   0.0001329350
        0.0001539473  -0.0000656080  -0.0000989235  -0.0000592415   0.0001494394
        0.0000768123   0.0000808844   0.0001167807   0.0002573130   0.0001803913
        0.0001776693   0.0000801793   0.0000738056   0.0005299964   0.0007414405
        0.1111417669   0.0485570636   0.2190030435  -0.0022110381   0.0004453103
        0.0010027299  -0.0005158724  -0.0004756650   0.0006495926  -0.0003444453
       -0.0002810998   0.0004013544   0.0027853675   0.0021886050  -0.0047656962
        0.0005514830  -0.0011737354  -0.0002866383  -0.0000307894   0.0028101729
        0.0001030849  -0.2339459502   0.0808918548   0.0284607858  -0.0144092584
        0.0028405264   0.0057354268   0.0003441271   0.0001859581   0.0000132811
        0.0007845826   0.0003949201   0.0004048487   0.0000798533  -0.0002557939
       -0.0001335638  -0.0000150006   0.0000916811   0.0001009981   0.0008888795
       -0.0006937925  -0.0004393373   0.0001900430  -0.0001098895  -0.0001954215
       -0.0223322434   0.0072738750  -0.0022110381   0.2672790467  -0.0910419952
       -0.0333016171  -0.0002905992  -0.0013899216   0.0026289355   0.0000442125
       -0.0000006721  -0.0001436370   0.0008616136   0.0001768118  -0.0007361078
        0.0006383084   0.0016470993   0.0008499044   0.0274874247  -0.0192194532
       -0.0042629319   0.0786107193  -0.0771382407  -0.0134558204  -0.0098830700
        0.0039332923   0.0023714582   0.0008627131  -0.0005830106   0.0005064668
       -0.0006942768  -0.0002480430  -0.0009689172   0.0002210934   0.0003670515
        0.0001089478   0.0000779909  -0.0001113221  -0.0000825016   0.0000765422
       -0.0065560407  -0.0008558254   0.0004633859   0.0003046968  -0.0002112367
       -0.0048465046   0.0039141780   0.0004453103  -0.0910419952   0.0932905226
        0.0130257640  -0.0014669754  -0.0002405449   0.0025126886  -0.0005618667
        0.0003534555   0.0002920901   0.0000565107   0.0002863592  -0.0002753969
        0.0009041224   0.0002115589   0.0001772781   0.0018937917  -0.0030466535
       -0.0006040227   0.0273731765  -0.0125435453  -0.0493965712   0.0237959749
       -0.0064532455  -0.0063103016   0.0007667333   0.0003429431  -0.0009484821
       -0.0003599191  -0.0007367643   0.0006883032   0.0000147697   0.0000087287
        0.0001259192   0.0002079656  -0.0003392604  -0.0002011396   0.0003438567
       -0.0003671244   0.0007013463  -0.0003584514   0.0005668943   0.0003052902
       -0.0248242173   0.0083411257   0.0010027299  -0.0333016171   0.0130257640
        0.0576573419   0.0031045727   0.0019754285  -0.0041553402  -0.0000432957
       -0.0003549697   0.0003250784   0.0004825369  -0.0006308803   0.0006325700
        0.0002083648  -0.0003053142   0.0000074945   0.0002921393   0.0007235682
       -0.0004673170  -0.0164673918   0.0036449081   0.0072703987  -0.2359084391
        0.0804601212   0.0316656739  -0.0003132956  -0.0003575604   0.0002380643
        0.0000608033   0.0005324314  -0.0001850347  -0.0001219229   0.0000867790
        0.0000208884  -0.0007653542  -0.0000814155  -0.0001343830   0.0002585973
       -0.0008798166   0.0000672781   0.0003675994   0.0003468783  -0.0002090637
        0.0006587785   0.0001102026  -0.0005158724  -0.0002905992  -0.0014669754
        0.0031045727   0.2753404304  -0.0941127234  -0.0399622797  -0.0000800447
        0.0021589462  -0.0000217716  -0.0232396655   0.0091399705  -0.0008786485
        0.0003440285   0.0000818777  -0.0001133924  -0.0012590108   0.0012680779
        0.0003715770  -0.0109048622   0.0036843276   0.0023226772   0.0804136296
       -0.0784460636  -0.0142766272   0.0003904726   0.0004198573  -0.0002236457
       -0.0003622490  -0.0006826161   0.0002286025  -0.0000612505  -0.0001714261
        0.0000897453  -0.0001346671  -0.0001179519  -0.0000576614   0.0002167704
       -0.0000163466   0.0001277272   0.0000364475  -0.0000406167   0.0000298219
        0.0002341812   0.0001842968  -0.0004756650  -0.0013899216  -0.0002405449
        0.0019754285  -0.0941127234   0.0889780499   0.0148247747   0.0311183952
       -0.0174196583  -0.0051826490  -0.0045292404   0.0025187371   0.0003592864
       -0.0001341706  -0.0000681978   0.0001081797  -0.0002211064  -0.0008078944
        0.0009469571   0.0260179310  -0.0083602693  -0.0074929454   0.0324049938
       -0.0143767599  -0.0503729837   0.0001968920   0.0000437275   0.0004240831
       -0.0001466402  -0.0001000637  -0.0007649616  -0.0000311287  -0.0000988522
       -0.0000247359  -0.0002015245   0.0000553634   0.0000704282  -0.0000814052
        0.0005403093   0.0002485627  -0.0001527681  -0.0002658993  -0.0000230218
        0.0004436149  -0.0002919998   0.0006495926   0.0026289355   0.0025126886
       -0.0041553402  -0.0399622797   0.0148247747   0.0581582441   0.0048010530
       -0.0034888427   0.0001275541  -0.0255623967   0.0098819155   0.0021003868
       -0.0002176409  -0.0003675576   0.0002809890  -0.0007608997  -0.0015326723
        0.0021913191  -0.0013666184  -0.0121315172  -0.0005828183  -0.0475652273
       -0.0211591996  -0.0028761641  -0.0002731928  -0.0003945098   0.0002247312
        0.0005335821   0.0004261129  -0.0001249875   0.0001414934   0.0000580022
        0.0000534251   0.0000742852   0.0003464324  -0.0000530125  -0.0000259754
        0.0000467523   0.0000333420   0.0002087567  -0.0005573646  -0.0000884247
        0.0003059106   0.0003054800  -0.0003444453   0.0000442125  -0.0005618667
       -0.0000432957  -0.0000800447   0.0311183952   0.0048010530   0.0512006897
        0.0245016239   0.0020466531  -0.0022193311  -0.0200981109  -0.0055183646
        0.0000164200   0.0003483048   0.0001923628  -0.0014969107  -0.0009831695
        0.0027099941  -0.0023125252  -0.0146099128   0.0009535374  -0.0211803458
       -0.2751187842  -0.0267378757   0.0000192710   0.0005231102  -0.0001005014
        0.0002200476  -0.0005257914   0.0001066746   0.0000765707   0.0001777278
        0.0001273333   0.0001594113  -0.0000053981   0.0002303432  -0.0002746492
        0.0004418032   0.0000616707  -0.0001837820  -0.0006614665  -0.0000131461
        0.0003756482   0.0003715807  -0.0002810998  -0.0000006721   0.0003534555
       -0.0003549697   0.0021589462  -0.0174196583  -0.0034888427   0.0245016239
        0.3164000373   0.0307101643  -0.0020790539  -0.0092918389  -0.0041156449
       -0.0001414430  -0.0003428089   0.0001741570   0.0021841569   0.0028943861
       -0.0040003539   0.0026055778   0.0230287290   0.0012635587  -0.0028744607
       -0.0265939855  -0.0475371351   0.0000057020   0.0001183502  -0.0001013888
       -0.0000151432  -0.0001700953   0.0002658269  -0.0000348983  -0.0001365322
        0.0002695069   0.0001483275   0.0002920514   0.0001689277   0.0001558530
        0.0000141987  -0.0001246119   0.0001836814   0.0014983830   0.0000766818
        0.0000174487   0.0008599942   0.0004013544  -0.0001436370   0.0002920901
        0.0003250784  -0.0000217716  -0.0051826490   0.0001275541   0.0020466531
        0.0307101643   0.0545408308  -0.0041160466  -0.0272822761  -0.0058499871
       -0.0005254645  -0.0008385384   0.0008257361  -0.0000816862  -0.0001220994
       -0.0003507498   0.0072983031   0.0026344648   0.0092785084  -0.1186880946
       -0.0212151677  -0.1065658930   0.0001285926  -0.0000533028   0.0003145541
       -0.0000686909   0.0001094724  -0.0002828387  -0.0000104483   0.0000520669
        0.0001126923   0.0009159985   0.0002635968  -0.0002660936  -0.0001422012
       -0.0000623598  -0.0000748596  -0.0000855442   0.0000424106  -0.0000899325
        0.0001254334  -0.0012279172   0.0027853675   0.0008616136   0.0000565107
        0.0004825369  -0.0232396655  -0.0045292404  -0.0255623967  -0.0022193311
       -0.0020790539  -0.0041160466   0.1357311852   0.0269691574   0.1235094152
       -0.0005501367  -0.0011273862   0.0007458291   0.0002526084   0.0000997486
       -0.0000070135   0.0061608757   0.0017360180   0.0107525469  -0.0205497790
       -0.0509330230  -0.0309080350   0.0001805017  -0.0000222451  -0.0002760569
       -0.0005840897  -0.0001412016   0.0006575524  -0.0000414250  -0.0000725026
        0.0001807557  -0.0002916056  -0.0010260555  -0.0003716029   0.0000466095
        0.0000192045   0.0000332753  -0.0000694195   0.0001442414  -0.0000795429
       -0.0007419686  -0.0001743507   0.0021886050   0.0001768118   0.0002863592
       -0.0006308803   0.0091399705   0.0025187371   0.0098819155  -0.0200981109
       -0.0092918389  -0.0272822761   0.0269691574   0.0579842948   0.0351149278
       -0.0000064608  -0.0005197612   0.0010254150  -0.0009452888  -0.0010203205
       -0.0002299467  -0.0122632325  -0.0021836250  -0.0265954396  -0.1062075873
       -0.0315806578  -0.1966046586  -0.0003366457  -0.0000242220   0.0003193267
        0.0004204410   0.0002296913  -0.0001518939   0.0000454915  -0.0001004409
       -0.0000008490   0.0003983247   0.0016291240   0.0004985423   0.0000736440
        0.0000063752  -0.0002659922  -0.0001145450  -0.0003573226   0.0002304500
        0.0025595647   0.0028379873  -0.0047656962  -0.0007361078  -0.0002753969
        0.0006325700  -0.0008786485   0.0003592864   0.0021003868  -0.0055183646
       -0.0041156449  -0.0058499871   0.1235094152   0.0351149278   0.2296577724
