           1           2  0.94370340697693977     
           2           3   1.0098757768057347     
           3           4  0.98862287336924470     
           4           5  0.99581022154828525     
           5           6   1.0075620492061299     
           6           7   1.0082092406381247     
           7           8   1.0082527709682483     
           4           9  0.99584248422556643     
           8           9   1.0075150774732990     
           1          11  0.91946133782085715     
           1          12  0.84332030572454897     
           1          13  0.91932735449348879     
           2          14  0.96277310087070744     
           2          15  0.96285700904505589     
           3          16  0.97307259709055027     
           3          17  0.97310243294875298     
           4          18  0.96493827800644871     
           5          19  0.97671536885852406     
           5          20  0.97410172597858469     
           6          21  0.97754535097098794     
           6          22  0.97664095055988920     
           7          23  0.97705706348107679     
           7          24  0.97767358551523076     
           8          25  0.97754543992932497     
           8          26  0.97664898335991124     
           9          27  0.97673221199792659     
           9          28  0.97413368366183228     
