           1           2  0.88079556849080987     
           2           3   1.0099868795661393     
           2           4  0.99173963218546846     
           4           5   1.4136690699390106     
           5           6   1.4396822449561064     
           4           7  0.10833535037286274     
           6           7   1.4419927071868954     
           5           8  0.10833016610118902     
           7           8   1.4331255657708530     
           4           9   1.4026610473900301     
           6           9  0.11051542808389675     
           8           9   1.4493658062640713     
           1          10  0.91215597215915367     
           1          11  0.90274746756078217     
           1          12  0.91584172299617139     
           2          13  0.95949304992986462     
           3          14  0.97802469683890148     
           3          15  0.97883785598910333     
           3          16  0.96960466506489751     
           5          17  0.96699557340943365     
           6          18  0.96766768076173215     
           7          19  0.96794665820717607     
           8          20  0.96841129723592345     
           9          21  0.96248146740183360     
