$coord
          0.048765968326         -2.567348653266          2.360426259435     n 
         -0.115183753928         -5.277881995345          1.626653753413     c 
         -1.462323765008         -5.677006235491         -0.889729964020     c 
         -0.077723249484         -4.500802341922         -3.172466356736     c 
         -1.341449932675         -2.122504656946         -4.217433352862     c 
         -1.370535513941          0.001937982369         -2.436940716614     n 
         -3.771243445155          1.282888924025         -1.677107106228     c 
         -2.803715421369          3.589876465780         -0.041657360900     c 
         -3.415564986485          3.381755990422          2.723939687053     c 
         -4.906734060530          1.597619304163          3.685737353113     c 
         -6.086858622572         -0.296857409179          2.118628396655     c 
         -5.612947157442         -0.455449651408         -0.345855107417     c 
          0.753810929820          1.519032057613         -1.915934232888     c 
          0.025680087803          3.629653023261         -0.504192162755     c 
          1.810272966756          5.361562476437          0.286703876504     c 
          4.324441654957          4.976688710698         -0.335632255815     c 
          5.048873072891          2.887035681390         -1.742506038525     c 
          3.281927137988          1.145539214591         -2.546685371174     c 
          5.898550476640         -2.187663070027          2.526598289768     cl
          0.927049487161         -2.298529310764          4.083799578803     h 
         -1.720319071534         -1.755955333946          2.454253380616     h 
          1.026198674524         -1.533111221937          1.020311825947     h 
         -1.082369662861         -6.326773223211          3.132025969521     h 
          1.793097087921         -6.080326469055          1.530298321020     h 
         -3.376957867199         -4.898120269756         -0.771977017304     h 
         -1.741173932909         -7.711671536868         -1.200524956609     h 
          0.090811117243         -5.901660877680         -4.695906779706     h 
          1.876197195057         -4.074525500208         -2.636400210017     h 
         -3.291307263657         -2.538523361529         -4.760727478728     h 
         -0.395674218125         -1.476863821586         -5.943222557976     h 
         -4.648590884461          1.992201694948         -3.420799892271     h 
         -3.633668012870          5.350725501697         -0.775777811957     h 
         -2.537882836840          4.734270097509          3.976284007555     h 
         -5.258759919502          1.549322800076          5.694948235493     h 
         -7.403069716374         -1.593549569571          2.983484187321     h 
         -6.554533618659         -1.873269316221         -1.462995508348     h 
          1.234371859063          6.979299717452          1.376710469569     h 
          5.732352740932          6.320019519357          0.278367198923     h 
          7.013619895912          2.621844669780         -2.216270022828     h 
          3.828789429841         -0.458006768469         -3.663160735403     h 
$end
