   -0.13042791
   -0.01800018
   -0.08277652
    0.00811064
   -0.06442002
   -0.05036250
    0.02005761
    0.01918550
   -0.05017262
   -0.05094735
    0.02219706
    0.02042376
   -0.04916469
   -0.05000363
    0.02308125
    0.02032832
   -0.05147493
   -0.04329301
   -0.01882954
   -0.01970142
   -0.02890859
   -0.03067343
   -0.07378487
   -0.95774366
    0.32113840
    0.26076882
    0.24921729
    0.09394180
    0.08302476
    0.10719082
    0.07783632
    0.10454683
    0.05001539
    0.04004246
    0.04313105
    0.04433820
    0.03904288
    0.03710001
    0.03822810
    0.04773756
