   -0.15437931
   -0.04495882
    0.04815619
   -0.26886117
    0.12924448
   -0.07995938
   -0.04288583
   -0.00838233
   -0.00019911
    0.00330678
   -0.03936472
   -0.03828661
   -0.04184955
   -0.00973531
    0.00294548
   -0.04453247
   -0.03701781
   -0.04366397
    0.00736922
   -0.04252627
   -0.03690038
   -0.04281861
    0.00193969
    0.00014668
    0.32370015
    0.30704437
    0.31362537
    0.13169141
    0.13094757
    0.07641802
    0.07927298
    0.05366303
    0.03643118
    0.03040376
    0.04192001
    0.07030589
    0.03722191
    0.02998509
    0.02697405
    0.02802659
    0.02970483
    0.03587689
