           1           2  0.97588659889238261     
           2           3   1.0084787188590272     
           3           4  0.95381208693651676     
           4           5   1.0726740968462241     
           5           6   1.4517998296018424     
           6           7   1.3626209641190026     
           7           8   1.4447178092223081     
           8           9   1.2392139672115057     
           9          10   1.2515097389203478     
          10          11   1.4417486580482808     
          11          12   1.3679785653759524     
          10          13  0.10096360137227106     
          12          13   1.5157228303712156     
           5          14   1.2078461924342703     
           9          14   1.2667154962134937     
          13          14   1.2971282735360794     
           8          15   1.1015928339647683     
          15          16   1.4428985642400010     
          16          17   1.3608759075504115     
          15          18  0.10070844253658810     
          17          18   1.5265028910285923     
          18          19   1.2801207054657109     
          19          20   1.2802798671344593     
          20          21   1.5273014009627701     
          21          22   1.3599645703347512     
          10          23   1.0981015666958183     
          20          23  0.10120629549819721     
          22          23   1.4450681526301745     
          15          24   1.2475893531498432     
          19          24   1.2565892078160650     
          23          24   1.2492844604001245     
           1          25  0.88280922901998826     
           1          26  0.88711761345528728     
           1          27  0.88702799055501291     
           2          28  0.96025337870100769     
           2          29  0.96074888756857035     
           3          30  0.96175971951723538     
           3          31  0.96118740506556533     
           6          32  0.96350171141903729     
           7          33  0.96223374378846760     
          11          34  0.96226690456709785     
          12          35  0.96951017764655956     
          13          36  0.96343388731005319     
          16          37  0.96210740373868275     
          17          38  0.97039059569943809     
          18          39  0.96869359213560102     
          20          40  0.96860334036472218     
          21          41  0.97037895209598113     
          22          42  0.96190194600586698     
