$hessian                                                                        
        0.5505407206  -0.0384122523  -0.0187109783  -0.0842148197  -0.0240348604
       -0.0206344547   0.0064526018   0.0058430868   0.0064363926  -0.0011471060
        0.0007521342   0.0005137910   0.0004491549  -0.0007731141  -0.0002745349
        0.0000128367   0.0001437772  -0.0001012170   0.0004488036   0.0017352365
       -0.0005006050  -0.0127132928   0.0012452496   0.0030254224  -0.0517082590
       -0.0076941335   0.0470590765  -0.2939210155  -0.0247814830   0.0346061106
       -0.1006082553   0.1108773696  -0.0331568933  -0.0147832709  -0.0265263061
       -0.0194647897   0.0018371018   0.0017884062   0.0012180576  -0.0008397482
       -0.0001368410   0.0000069202   0.0000747796  -0.0001228300  -0.0001226015
        0.0001197684   0.0000965602   0.0001003035
       -0.0384122523   0.5208433362  -0.0613424687  -0.0351292925  -0.1107080056
       -0.0439812676   0.0006700896  -0.0409348455  -0.0082763459  -0.0045246437
        0.0027779590  -0.0005970077  -0.0014571804  -0.0016669755   0.0009448906
        0.0014551680  -0.0009525389   0.0007911657   0.0022728666  -0.0010042760
       -0.0025722219  -0.0020387048   0.0021692824   0.0003760987  -0.0088396978
       -0.0557745474   0.0537694387  -0.0197086462  -0.0424863237   0.0041954068
        0.1140900855  -0.2617889001   0.0654417406  -0.0066950530  -0.0075252504
       -0.0052474151  -0.0006132722  -0.0013968386  -0.0039356373  -0.0008622626
       -0.0015816800  -0.0003796508  -0.0001363596  -0.0001586216   0.0000578514
       -0.0000708446   0.0001882258   0.0007554223
       -0.0187109783  -0.0613424687   0.5548194298  -0.0255742039  -0.0348677818
       -0.1011192739   0.0064153834  -0.0025246472   0.0081886030  -0.0016770439
        0.0016621768   0.0006870561  -0.0004095399  -0.0010579944  -0.0000582638
        0.0011594975  -0.0000074150   0.0000785966  -0.0000627974   0.0018407021
       -0.0011534709   0.0016358538   0.0002316257   0.0007360674   0.0508131030
        0.0508802212  -0.3260301572   0.0374715019   0.0046682405  -0.0461710422
       -0.0356778429   0.0680365649  -0.0667369362  -0.0022959972  -0.0016938968
        0.0003050819  -0.0129729875  -0.0253643133  -0.0229275819  -0.0001265259
       -0.0004822241  -0.0004470316   0.0000134610  -0.0000777016  -0.0003152988
       -0.0000008837   0.0000989116   0.0001442217
       -0.0842148197  -0.0351292925  -0.0255742039   0.5197380568  -0.0142483379
       -0.0133700932  -0.0944955117   0.0614140814  -0.0202003217  -0.0145188393
        0.0277435788  -0.0091683996  -0.0059360814   0.0013364054  -0.0006270830
       -0.0015542194  -0.0019561387   0.0005168087   0.0041597243  -0.0092721600
        0.0020717910   0.0001334534  -0.0000253425   0.0000230018   0.0017606247
        0.0029791783  -0.0000980504  -0.0090639275  -0.0187239243  -0.0131155358
        0.0041099328   0.0066729455   0.0063097040  -0.2682723848  -0.0121291167
        0.0292831323  -0.0525885652  -0.0105251261   0.0437004905   0.0004744064
        0.0003873233   0.0003157822  -0.0001724214   0.0016152524  -0.0001922594
        0.0004405721  -0.0001393264   0.0001252363
       -0.0240348604  -0.1107080056  -0.0348677818  -0.0142483379   0.4101711747
       -0.0389780235   0.0520169587  -0.1705949131   0.0414382105   0.0167970844
       -0.0151649509   0.0013747726   0.0030975503   0.0052603098   0.0014115586
       -0.0051626651  -0.0025500641   0.0005538146   0.0039690053  -0.0182950779
        0.0084244542   0.0016034067  -0.0016781023  -0.0004546155   0.0019859764
        0.0043909224  -0.0028285060  -0.0091411891  -0.0018958102  -0.0007356439
       -0.0066433147  -0.0183728029  -0.0112098444  -0.0151411732  -0.0407988367
        0.0022853873  -0.0065583261  -0.0403075688   0.0345530870   0.0007825095
        0.0013800113  -0.0003538896  -0.0000417181  -0.0003437157   0.0001743298
        0.0007190935  -0.0004925701  -0.0007873097
       -0.0206344547  -0.0439812676  -0.1011192739  -0.0133700932  -0.0389780235
        0.4834411473  -0.0244810767   0.0494324551  -0.0660649391  -0.0002355242
        0.0001897169  -0.0051035024   0.0001992978   0.0028039834   0.0059707948
       -0.0015336945   0.0020893870   0.0008925397  -0.0011309028   0.0028647755
       -0.0032024438   0.0013411593  -0.0007733796  -0.0010372073  -0.0090603143
       -0.0210586147  -0.0177949367  -0.0052097950   0.0010963602   0.0018453117
        0.0028536929   0.0027679754   0.0043349539   0.0255800331   0.0009519797
       -0.0478800239   0.0453320330   0.0419791207  -0.2540671971   0.0003727504
       -0.0000177976  -0.0016240140   0.0000790174   0.0002949097   0.0000664011
       -0.0001021284   0.0003384194   0.0013423897
        0.0064526018   0.0006700896   0.0064153834  -0.0944955117   0.0520169587
       -0.0244810767   0.6228779620  -0.1205228913   0.0427971558  -0.4007472215
        0.0311090324  -0.0130870049  -0.0141197101   0.0708819936  -0.0201256563
       -0.0222959629  -0.0032071430   0.0005894421  -0.0593934434  -0.0638405950
        0.0204775109   0.0016314881   0.0024388418  -0.0004321318   0.0011212927
        0.0001420151   0.0008593612   0.0006363463  -0.0011487371   0.0002941857
        0.0001853707  -0.0010898628  -0.0009435287  -0.0177781551   0.0272376682
       -0.0095144241   0.0042182510   0.0033139314  -0.0012518464  -0.0241426856
       -0.0005223907  -0.0003959811  -0.0003852597   0.0024371168  -0.0007696886
       -0.0037653626   0.0000839723  -0.0004317005
        0.0058430868  -0.0409348455  -0.0025246472   0.0614140814  -0.1705949131
        0.0494324551  -0.1205228913   0.4750828382  -0.1105779306   0.0774099337
       -0.0765329226   0.0134267366   0.0226957574  -0.0179272431   0.0050142438
        0.0086235112  -0.0240557877   0.0084569219  -0.0476694334  -0.1205097727
        0.0256049353   0.0002645853   0.0006211269   0.0000905655  -0.0002237454
        0.0005049049  -0.0008416186  -0.0000867745  -0.0008054178  -0.0006716745
       -0.0018442209  -0.0053842728  -0.0032134097   0.0050085366  -0.0018121459
        0.0015673452   0.0050382386  -0.0158487400   0.0117548837  -0.0175137614
        0.0026905558  -0.0008961751  -0.0001372520  -0.0044318990   0.0022079499
        0.0017003477  -0.0000614655   0.0011694188
        0.0064363926  -0.0082763459   0.0081886030  -0.0202003217   0.0414382105
       -0.0660649391   0.0427971558  -0.1105779306   0.1304915186  -0.0269778594
        0.0128621932  -0.0422869022  -0.0074149009   0.0054019604   0.0010892570
       -0.0016695277   0.0072659768   0.0002048846   0.0136184024   0.0281541228
       -0.0295117762  -0.0001327041  -0.0000124008   0.0004782211   0.0002685315
        0.0003318479   0.0008838401   0.0002857980   0.0004163198   0.0000113381
       -0.0008224090  -0.0024771486  -0.0009225760   0.0009857151  -0.0017794452
        0.0017728536  -0.0114581624   0.0251932422  -0.0091586583   0.0048539291
       -0.0006000831   0.0014585331  -0.0000255442   0.0023285515   0.0026016814
       -0.0005444949   0.0003309291   0.0007641213
       -0.0011471060  -0.0045246437  -0.0016770439  -0.0145188393   0.0167970844
       -0.0002355242  -0.4007472215   0.0774099337  -0.0269778594   0.7306286432
        0.0643071438  -0.0106739964  -0.0927451217   0.0091884156  -0.0036284228
        0.0231860464  -0.0066477141   0.0023107918  -0.0657833852  -0.0454296525
        0.0121917103  -0.0020825419  -0.0034386534   0.0000458278  -0.0003393727
        0.0003427255  -0.0001933556   0.0003141478  -0.0003932440  -0.0002159573
       -0.0002436704  -0.0008852280  -0.0001355765  -0.0012972066   0.0014354845
       -0.0001314286  -0.0001276082  -0.0027825551   0.0008672406  -0.1673256789
       -0.1260706940   0.0345627586  -0.0042556953   0.0227245743  -0.0068542800
       -0.0035153896  -0.0020329770   0.0007451157
        0.0007521342   0.0027779590   0.0016621768   0.0277435788  -0.0151649509
        0.0001897169   0.0311090324  -0.0765329226   0.0128621932   0.0643071438
        0.5674789268  -0.1329832749   0.0629512380  -0.2338397828   0.0538936605
       -0.0569298369  -0.0515187674   0.0156169439   0.0006236373  -0.0129363508
        0.0059325472  -0.0025322132  -0.0028916685   0.0004835292  -0.0000543717
       -0.0000826540   0.0003450348   0.0002388149   0.0001292611   0.0001069803
       -0.0001675730   0.0003526771   0.0000505249   0.0028108076  -0.0042949102
        0.0012627361   0.0006978151   0.0011780710  -0.0008489010  -0.1297234854
       -0.1660300412   0.0366370686   0.0017853352  -0.0069324308   0.0021478436
       -0.0036120572  -0.0016924160   0.0026412197
        0.0005137910  -0.0005970077   0.0006870561  -0.0091683996   0.0013747726
       -0.0051035024  -0.0130870049   0.0134267366  -0.0422869022  -0.0106739964
       -0.1329832749   0.1483881701  -0.0184705339   0.0536385546  -0.0695463846
        0.0163304301   0.0163087448  -0.0015166773  -0.0004028149   0.0045839090
        0.0032134517  -0.0000502103  -0.0000210790   0.0015137700  -0.0005081315
        0.0002637164  -0.0001537332  -0.0002670162   0.0004272157  -0.0001247794
        0.0000412684  -0.0003368214  -0.0002841482  -0.0002425816   0.0016194671
        0.0003927886  -0.0002072261   0.0003571241   0.0005294606   0.0357245740
        0.0369823678  -0.0423090420  -0.0005422739   0.0021515584  -0.0006697817
        0.0010101258   0.0028040160   0.0072702538
        0.0004491549  -0.0014571804  -0.0004095399  -0.0059360814   0.0030975503
        0.0001992978  -0.0141197101   0.0226957574  -0.0074149009  -0.0927451217
        0.0629512380  -0.0184705339   0.7597397176   0.0164249551   0.0001222435
       -0.3109609413  -0.1874323303   0.0533034257  -0.0711250425   0.0182612497
       -0.0059759267  -0.0005417047  -0.0014572969   0.0002752840  -0.0002576494
        0.0001721121  -0.0000950448   0.0003250432   0.0007885811  -0.0000289997
        0.0000921983  -0.0001707665  -0.0000435218  -0.0003122387   0.0008774926
       -0.0003509540  -0.0000691319  -0.0007113846   0.0001365642   0.0057278757
       -0.0148909758   0.0046130912  -0.2710773717   0.0815610735  -0.0261422296
        0.0008110036  -0.0007100751   0.0002817450
       -0.0007731141  -0.0016669755  -0.0010579944   0.0013364054   0.0052603098
        0.0028039834   0.0708819936  -0.0179272431   0.0054019604   0.0091884156
       -0.2338397828   0.0536385546   0.0164249551   0.5335270497  -0.1251014255
       -0.1337115660  -0.1837326347   0.0424167223  -0.0289504993   0.0000995317
        0.0002621616  -0.0000950034   0.0000797938   0.0000909028  -0.0001019391
       -0.0000387513   0.0000543860   0.0004876720   0.0002315893   0.0001079030
       -0.0002520477  -0.0000794041  -0.0000018625  -0.0000729459  -0.0002717942
        0.0003991479  -0.0002167841  -0.0015352121   0.0002549502   0.0039089083
       -0.0143601391   0.0046136369   0.0836228044  -0.0701970945   0.0119512941
       -0.0216772548  -0.0155492431   0.0041656793
       -0.0002745349   0.0009448906  -0.0000582638  -0.0006270830   0.0014115586
        0.0059707948  -0.0201256563   0.0050142438   0.0010892570  -0.0036284228
        0.0538936605  -0.0695463846   0.0001222435  -0.1251014255   0.1472288205
        0.0380809069   0.0417847804  -0.0492558389   0.0079603006   0.0021351722
        0.0032504544  -0.0000638892   0.0000761333   0.0003244558  -0.0001866758
       -0.0001753816   0.0000055805  -0.0000846619  -0.0001128903   0.0005148154
        0.0001526344   0.0001207023   0.0002655931  -0.0004067017   0.0001633049
       -0.0003613919   0.0004279542  -0.0000952767   0.0001749031  -0.0010256343
        0.0040336568  -0.0008548190  -0.0266724597   0.0119212985  -0.0356659446
        0.0063516799   0.0039855721  -0.0030820319
        0.0000128367   0.0014551680   0.0011594975  -0.0015542194  -0.0051626651
       -0.0015336945  -0.0222959629   0.0086235112  -0.0016695277   0.0231860464
       -0.0569298369   0.0163304301  -0.3109609413  -0.1337115660   0.0380809069
        0.4977561057   0.1268369822  -0.0346632484  -0.1248910874   0.0720432842
       -0.0210888004   0.0003396785   0.0000109541   0.0000083593   0.0002430782
        0.0000669237  -0.0000172448  -0.0002811250   0.0001343604  -0.0001295582
        0.0002834539   0.0001956238   0.0000120025  -0.0000976135   0.0000906812
       -0.0002605996   0.0001974966   0.0016845348   0.0000698751  -0.0003534755
       -0.0004697213   0.0000329732  -0.0246686043  -0.0142037079   0.0040261339
       -0.0369156666  -0.0006645264  -0.0003575049
        0.0001437772  -0.0009525389  -0.0000074150  -0.0019561387  -0.0025500641
        0.0020893870  -0.0032071430  -0.0240557877   0.0072659768  -0.0066477141
       -0.0515187674   0.0163087448  -0.1874323303  -0.1837326347   0.0417847804
        0.1268369822   0.6364882575  -0.1643422413   0.0592455860  -0.0765331655
        0.0153121337  -0.0007013895  -0.0002177813   0.0000272383  -0.0000439526
        0.0000124560   0.0001772506   0.0005154630   0.0002299516   0.0000113029
       -0.0000210961  -0.0001187233  -0.0000749794  -0.0005348959  -0.0000699691
       -0.0000893958   0.0003373795  -0.0009210578  -0.0000017013   0.0025856123
       -0.0043050618   0.0022461719   0.0063819422   0.0046150730  -0.0014412350
        0.0044979178  -0.2963701865   0.0807339813
       -0.0001012170   0.0007911657   0.0000785966   0.0005168087   0.0005538146
        0.0008925397   0.0005894421   0.0084569219   0.0002048846   0.0023107918
        0.0156169439  -0.0015166773   0.0533034257   0.0424167223  -0.0492558389
       -0.0346632484  -0.1643422413   0.1251079625  -0.0177496674   0.0150003905
       -0.0302003769   0.0002406470   0.0002309297   0.0001837799   0.0000294167
       -0.0000078878  -0.0000100167  -0.0001634766  -0.0002236001  -0.0000550006
        0.0000295989   0.0000636643   0.0001725832   0.0001819194   0.0001619474
       -0.0000744918   0.0000027440   0.0000908374   0.0000157134  -0.0008195171
        0.0020310017   0.0021539465  -0.0021091400  -0.0015659696   0.0001734020
       -0.0015985277   0.0807253594  -0.0478710064
        0.0004488036   0.0022728666  -0.0000627974   0.0041597243   0.0039690053
       -0.0011309028  -0.0593934434  -0.0476694334   0.0136184024  -0.0657833852
        0.0006236373  -0.0004028149  -0.0711250425  -0.0289504993   0.0079603006
       -0.1248910874   0.0592455860  -0.0177496674   0.3239834656   0.0098544441
       -0.0015973912  -0.0004336293  -0.0023388208   0.0000385730  -0.0000539182
       -0.0004268393  -0.0001572092  -0.0014184534   0.0001932735   0.0001856782
       -0.0000873506   0.0003893254   0.0002820970   0.0007874000   0.0009597539
       -0.0001737473  -0.0007516367   0.0005290473  -0.0005481783  -0.0018441188
        0.0050620956  -0.0012862682  -0.0029850801  -0.0036391611   0.0009522949
       -0.0006122480  -0.0000742810   0.0000716307
        0.0017352365  -0.0010042760   0.0018407021  -0.0092721600  -0.0182950779
        0.0028647755  -0.0638405950  -0.1205097727   0.0281541228  -0.0454296525
       -0.0129363508   0.0045839090   0.0182612497   0.0000995317   0.0021351722
        0.0720432842  -0.0765331655   0.0150003905   0.0098544441   0.2381015568
       -0.0594442415   0.0000235828  -0.0015227314  -0.0000136866   0.0000606614
       -0.0002375363   0.0002641728  -0.0009490559  -0.0003451390   0.0001033716
       -0.0002467068  -0.0001438762  -0.0003503022   0.0002222343   0.0003126165
       -0.0005793936   0.0001731746  -0.0007445536   0.0002523220   0.0008602125
        0.0029126868   0.0011455666  -0.0005898688  -0.0001005658   0.0021949276
        0.0170939589  -0.0090533467   0.0018481914
       -0.0005006050  -0.0025722219  -0.0011534709   0.0020717910   0.0084244542
       -0.0032024438   0.0204775109   0.0256049353  -0.0295117762   0.0121917103
        0.0059325472   0.0032134517  -0.0059759267   0.0002621616   0.0032504544
       -0.0210888004   0.0153121337  -0.0302003769  -0.0015973912  -0.0594442415
        0.0496048197   0.0001103820   0.0007091700   0.0000218156   0.0002641902
       -0.0000384186  -0.0000760204   0.0004010898  -0.0002558246  -0.0008382540
        0.0000183093  -0.0005209518  -0.0001684578  -0.0002147943  -0.0001014282
        0.0003312630  -0.0008290108   0.0016090645  -0.0011315974  -0.0005006377
        0.0009607119   0.0060903192   0.0001049447   0.0022133105   0.0067111421
       -0.0049327621   0.0019045979  -0.0029408682
       -0.0127132928  -0.0020387048   0.0016358538   0.0001334534   0.0016034067
        0.0013411593   0.0016314881   0.0002645853  -0.0001327041  -0.0020825419
       -0.0025322132  -0.0000502103  -0.0005417047  -0.0000950034  -0.0000638892
        0.0003396785  -0.0007013895   0.0002406470  -0.0004336293   0.0000235828
        0.0001103820  -0.0042933416   0.0035333130   0.0019629433   0.0001466939
        0.0000781747  -0.0010508372   0.0197421095   0.0006037624  -0.0046537645
        0.0003359417  -0.0010597953   0.0000968132  -0.0004052044  -0.0001932232
        0.0000737196   0.0003869460  -0.0000530273   0.0004471140  -0.0023502197
        0.0009754489   0.0000076662   0.0001100022  -0.0003457946  -0.0000333417
       -0.0000063788  -0.0000631226   0.0000684484
        0.0012452496   0.0021692824   0.0002316257  -0.0000253425  -0.0016781023
       -0.0007733796   0.0024388418   0.0006211269  -0.0000124008  -0.0034386534
       -0.0028916685  -0.0000210790  -0.0014572969   0.0000797938   0.0000761333
        0.0000109541  -0.0002177813   0.0002309297  -0.0023388208  -0.0015227314
        0.0007091700   0.0035333130   0.0067437158  -0.0009650233   0.0003413075
       -0.0004717069  -0.0000814347  -0.0014476655  -0.0047395653   0.0003058618
       -0.0002410179  -0.0000796009   0.0000021349   0.0000278801   0.0004021548
        0.0001970045   0.0001740877   0.0001766281   0.0001788684   0.0023326695
        0.0018465346  -0.0002185759  -0.0004143416  -0.0002038921  -0.0000137721
       -0.0007411647  -0.0002341879   0.0001539372
        0.0030254224   0.0003760987   0.0007360674   0.0000230018  -0.0004546155
       -0.0010372073  -0.0004321318   0.0000905655   0.0004782211   0.0000458278
        0.0004835292   0.0015137700   0.0002752840   0.0000909028   0.0003244558
        0.0000083593   0.0000272383   0.0001837799   0.0000385730  -0.0000136866
        0.0000218156   0.0019629433  -0.0009650233   0.0026743640  -0.0001173924
        0.0000434679   0.0003560421  -0.0050700324   0.0000286245  -0.0031397989
        0.0002044258   0.0002024957  -0.0002614214  -0.0002499695   0.0001083378
        0.0008811392  -0.0002583411  -0.0001169287   0.0007560665   0.0001574009
        0.0001548271  -0.0025134167   0.0001354795  -0.0000867163  -0.0008280148
        0.0002511495   0.0000308830  -0.0001458625
       -0.0517082590  -0.0088396978   0.0508131030   0.0017606247   0.0019859764
       -0.0090603143   0.0011212927  -0.0002237454   0.0002685315  -0.0003393727
       -0.0000543717  -0.0005081315  -0.0002576494  -0.0001019391  -0.0001866758
        0.0002430782  -0.0000439526   0.0000294167  -0.0000539182   0.0000606614
        0.0002641902   0.0001466939   0.0003413075  -0.0001173924   0.0507540592
        0.0108185108  -0.0534281560  -0.0053521823  -0.0059965091   0.0275667527
        0.0037933817   0.0037542126  -0.0131883106   0.0000670672  -0.0002045608
       -0.0011131232   0.0000595767  -0.0016827752  -0.0016018557  -0.0001041232
        0.0001092725   0.0000432850  -0.0000349936   0.0000133471   0.0000745087
       -0.0000952760   0.0000642631   0.0001441715
       -0.0076941335  -0.0557745474   0.0508802212   0.0029791783   0.0043909224
       -0.0210586147   0.0001420151   0.0005049049   0.0003318479   0.0003427255
       -0.0000826540   0.0002637164   0.0001721121  -0.0000387513  -0.0001753816
        0.0000669237   0.0000124560  -0.0000078878  -0.0004268393  -0.0002375363
       -0.0000384186   0.0000781747  -0.0004717069   0.0000434679   0.0108185108
        0.0577380978  -0.0569472219  -0.0017787093   0.0022018826   0.0031549699
       -0.0030669127  -0.0056936752   0.0272908120   0.0000624972   0.0003727975
       -0.0002452794  -0.0019547400  -0.0032867747  -0.0033373514   0.0002668558
        0.0002270904  -0.0001286926  -0.0000109135   0.0000520752  -0.0000418464
        0.0000032552   0.0000854188   0.0000156591
        0.0470590765   0.0537694387  -0.3260301572  -0.0000980504  -0.0028285060
       -0.0177949367   0.0008593612  -0.0008416186   0.0008838401  -0.0001933556
        0.0003450348  -0.0001537332  -0.0000950448   0.0000543860   0.0000055805
       -0.0000172448   0.0001772506  -0.0000100167  -0.0001572092   0.0002641728
       -0.0000760204  -0.0010508372  -0.0000814347   0.0003560421  -0.0534281560
       -0.0569472219   0.3601852173   0.0077952012   0.0022498107  -0.0063207361
        0.0007444302   0.0062071828  -0.0103180375   0.0003290075   0.0003843598
        0.0005802829  -0.0019095889  -0.0029816752  -0.0014769831   0.0002557021
        0.0000653619   0.0000108531  -0.0000444965   0.0000751001   0.0000897398
       -0.0000487953   0.0000883581   0.0000690651
       -0.2939210155  -0.0197086462   0.0374715019  -0.0090639275  -0.0091411891
       -0.0052097950   0.0006363463  -0.0000867745   0.0002857980   0.0003141478
        0.0002388149  -0.0002670162   0.0003250432   0.0004876720  -0.0000846619
       -0.0002811250   0.0005154630  -0.0001634766  -0.0014184534  -0.0009490559
        0.0004010898   0.0197421095  -0.0014476655  -0.0050700324  -0.0053521823
       -0.0017787093   0.0077952012   0.3005513850   0.0242186582  -0.0350086368
       -0.0148445770   0.0057809618   0.0004500120   0.0008676433  -0.0005196937
       -0.0009314752   0.0008060011   0.0002986319   0.0000485113   0.0018268879
        0.0016840526   0.0002303250  -0.0000892128   0.0002758833   0.0001254433
       -0.0000990707   0.0001315965  -0.0000727883
       -0.0247814830  -0.0424863237   0.0046682405  -0.0187239243  -0.0018958102
        0.0010963602  -0.0011487371  -0.0008054178   0.0004163198  -0.0003932440
        0.0001292611   0.0004272157   0.0007885811   0.0002315893  -0.0001128903
        0.0001343604   0.0002299516  -0.0002236001   0.0001932735  -0.0003451390
       -0.0002558246   0.0006037624  -0.0047395653   0.0000286245  -0.0059965091
        0.0022018826   0.0022498107   0.0242186582   0.0476876618  -0.0025630306
        0.0241584650   0.0019915520  -0.0023707523  -0.0018639913  -0.0031524373
       -0.0026601885  -0.0002014114   0.0003577792   0.0000119045   0.0020523723
        0.0001676398  -0.0004117284   0.0003394956   0.0003865317  -0.0000800112
        0.0006203317   0.0000408442  -0.0002204498
        0.0346061106   0.0041954068  -0.0461710422  -0.0131155358  -0.0007356439
        0.0018453117   0.0002941857  -0.0006716745   0.0000113381  -0.0002159573
        0.0001069803  -0.0001247794  -0.0000289997   0.0001079030   0.0005148154
       -0.0001295582   0.0000113029  -0.0000550006   0.0001856782   0.0001033716
       -0.0008382540  -0.0046537645   0.0003058618  -0.0031397989   0.0275667527
        0.0031549699  -0.0063207361  -0.0350086368  -0.0025630306   0.0515655112
       -0.0073823444  -0.0002294266   0.0035432514  -0.0015033028  -0.0030326648
       -0.0021295719  -0.0005627652  -0.0004225153  -0.0005088312   0.0002013415
       -0.0003545491   0.0012499572  -0.0000789906   0.0000410507   0.0007365981
       -0.0001742135  -0.0000173421  -0.0001787689
       -0.1006082553   0.1140900855  -0.0356778429   0.0041099328  -0.0066433147
        0.0028536929   0.0001853707  -0.0018442209  -0.0008224090  -0.0002436704
       -0.0001675730   0.0000412684   0.0000921983  -0.0002520477   0.0001526344
        0.0002834539  -0.0000210961   0.0000295989  -0.0000873506  -0.0002467068
        0.0000183093   0.0003359417  -0.0002410179   0.0002044258   0.0037933817
       -0.0030669127   0.0007444302  -0.0148445770   0.0241584650  -0.0073823444
        0.1061281420  -0.1249787781   0.0401764354   0.0001763904  -0.0012198350
       -0.0001278986   0.0003976560  -0.0000114555  -0.0001821642   0.0002379362
        0.0002518514  -0.0001209164   0.0000325586   0.0000737619   0.0000583406
        0.0000108911   0.0001187944   0.0000344395
        0.1108773696  -0.2617889001   0.0680365649   0.0066729455  -0.0183728029
        0.0027679754  -0.0010898628  -0.0053842728  -0.0024771486  -0.0008852280
        0.0003526771  -0.0003368214  -0.0001707665  -0.0000794041   0.0001207023
        0.0001956238  -0.0001187233   0.0000636643   0.0003893254  -0.0001438762
       -0.0005209518  -0.0010597953  -0.0000796009   0.0002024957   0.0037542126
       -0.0056936752   0.0062071828   0.0057809618   0.0019915520  -0.0002294266
       -0.1249787781   0.2886239647  -0.0743368917   0.0001222987   0.0003214697
        0.0004154432   0.0002762956   0.0002580398   0.0000131040   0.0000810586
       -0.0000468793   0.0000123710  -0.0000142028   0.0000622400  -0.0000103536
        0.0000485421   0.0000981915   0.0000720902
       -0.0331568933   0.0654417406  -0.0667369362   0.0063097040  -0.0112098444
        0.0043349539  -0.0009435287  -0.0032134097  -0.0009225760  -0.0001355765
        0.0000505249  -0.0002841482  -0.0000435218  -0.0000018625   0.0002655931
        0.0000120025  -0.0000749794   0.0001725832   0.0002820970  -0.0003503022
       -0.0001684578   0.0000968132   0.0000021349  -0.0002614214  -0.0131883106
        0.0272908120  -0.0103180375   0.0004500120  -0.0023707523   0.0035432514
        0.0401764354  -0.0743368917   0.0699165509  -0.0000340385  -0.0001519129
        0.0003889551   0.0001782370  -0.0010651825  -0.0003221563  -0.0000069100
       -0.0000852382   0.0000658240  -0.0000077063   0.0000314250   0.0001357636
        0.0000111845   0.0000437384   0.0001902581
       -0.0147832709  -0.0066950530  -0.0022959972  -0.2682723848  -0.0151411732
        0.0255800331  -0.0177781551   0.0050085366   0.0009857151  -0.0012972066
        0.0028108076  -0.0002425816  -0.0003122387  -0.0000729459  -0.0004067017
       -0.0000976135  -0.0005348959   0.0001819194   0.0007874000   0.0002222343
       -0.0002147943  -0.0004052044   0.0000278801  -0.0002499695   0.0000670672
        0.0000624972   0.0003290075   0.0008676433  -0.0018639913  -0.0015033028
        0.0001763904   0.0001222987  -0.0000340385   0.3117259119   0.0171149691
       -0.0282464693  -0.0113194742  -0.0010439936   0.0062636215   0.0003074646
       -0.0000996684  -0.0000076634   0.0001032975   0.0001361452  -0.0001600907
        0.0002303733  -0.0000536473   0.0000213125
       -0.0265263061  -0.0075252504  -0.0016938968  -0.0121291167  -0.0407988367
        0.0009519797   0.0272376682  -0.0018121459  -0.0017794452   0.0014354845
       -0.0042949102   0.0016194671   0.0008774926  -0.0002717942   0.0001633049
        0.0000906812  -0.0000699691   0.0001619474   0.0009597539   0.0003126165
       -0.0001014282  -0.0001932232   0.0004021548   0.0001083378  -0.0002045608
        0.0003727975   0.0003843598  -0.0005196937  -0.0031524373  -0.0030326648
       -0.0012198350   0.0003214697  -0.0001519129   0.0171149691   0.0549200348
        0.0003756719  -0.0065588844   0.0020838544   0.0027709328  -0.0001705894
       -0.0001710395  -0.0000349403  -0.0000553095  -0.0004243088   0.0001643936
       -0.0001385305   0.0001077644   0.0000938931
       -0.0194647897  -0.0052474151   0.0003050819   0.0292831323   0.0022853873
       -0.0478800239  -0.0095144241   0.0015673452   0.0017728536  -0.0001314286
        0.0012627361   0.0003927886  -0.0003509540   0.0003991479  -0.0003613919
       -0.0002605996  -0.0000893958  -0.0000744918  -0.0001737473  -0.0005793936
        0.0003312630   0.0000737196   0.0001970045   0.0008811392  -0.0011131232
       -0.0002452794   0.0005802829  -0.0009314752  -0.0026601885  -0.0021295719
       -0.0001278986   0.0004154432   0.0003889551  -0.0282464693   0.0003756719
        0.0536800158   0.0311914258   0.0023254804  -0.0076567163  -0.0001935992
       -0.0000413965  -0.0002940787  -0.0000197027   0.0000551953  -0.0000808738
       -0.0000200662  -0.0000203428   0.0001447682
        0.0018371018  -0.0006132722  -0.0129729875  -0.0525885652  -0.0065583261
        0.0453320330   0.0042182510   0.0050382386  -0.0114581624  -0.0001276082
        0.0006978151  -0.0002072261  -0.0000691319  -0.0002167841   0.0004279542
        0.0001974966   0.0003373795   0.0000027440  -0.0007516367   0.0001731746
       -0.0008290108   0.0003869460   0.0001740877  -0.0002583411   0.0000595767
       -0.0019547400  -0.0019095889   0.0008060011  -0.0002014114  -0.0005627652
        0.0003976560   0.0002762956   0.0001782370  -0.0113194742  -0.0065588844
        0.0311914258   0.0572665434   0.0092969700  -0.0488599434  -0.0001637945
        0.0001026694   0.0000220486  -0.0000385577  -0.0000414929  -0.0000757796
       -0.0001108044   0.0000482806  -0.0000206376
        0.0017884062  -0.0013968386  -0.0253643133  -0.0105251261  -0.0403075688
        0.0419791207   0.0033139314  -0.0158487400   0.0251932422  -0.0027825551
        0.0011780710   0.0003571241  -0.0007113846  -0.0015352121  -0.0000952767
        0.0016845348  -0.0009210578   0.0000908374   0.0005290473  -0.0007445536
        0.0016090645  -0.0000530273   0.0001766281  -0.0001169287  -0.0016827752
       -0.0032867747  -0.0029816752   0.0002986319   0.0003577792  -0.0004225153
       -0.0000114555   0.0002580398  -0.0010651825  -0.0010439936   0.0020838544
        0.0023254804   0.0092969700   0.0600278599  -0.0414994361  -0.0001849744
       -0.0001273762   0.0003309330  -0.0000177779   0.0000610006  -0.0000123490
        0.0001015478   0.0000248887  -0.0003281257
        0.0012180576  -0.0039356373  -0.0229275819   0.0437004905   0.0345530870
       -0.2540671971  -0.0012518464   0.0117548837  -0.0091586583   0.0008672406
       -0.0008489010   0.0005294606   0.0001365642   0.0002549502   0.0001749031
        0.0000698751  -0.0000017013   0.0000157134  -0.0005481783   0.0002523220
       -0.0011315974   0.0004471140   0.0001788684   0.0007560665  -0.0016018557
       -0.0033373514  -0.0014769831   0.0000485113   0.0000119045  -0.0005088312
       -0.0001821642   0.0000131040  -0.0003221563   0.0062636215   0.0027709328
       -0.0076567163  -0.0488599434  -0.0414994361   0.2956997332  -0.0002609786
       -0.0000569161  -0.0001494852   0.0000274914  -0.0000814088   0.0001065854
       -0.0000739996  -0.0000287003   0.0001167444
       -0.0008397482  -0.0008622626  -0.0001265259   0.0004744064   0.0007825095
        0.0003727504  -0.0241426856  -0.0175137614   0.0048539291  -0.1673256789
       -0.1297234854   0.0357245740   0.0057278757   0.0039089083  -0.0010256343
       -0.0003534755   0.0025856123  -0.0008195171  -0.0018441188   0.0008602125
       -0.0005006377  -0.0023502197   0.0023326695   0.0001574009  -0.0001041232
        0.0002668558   0.0002557021   0.0018268879   0.0020523723   0.0002013415
        0.0002379362   0.0000810586  -0.0000069100   0.0003074646  -0.0001705894
       -0.0001935992  -0.0001637945  -0.0001849744  -0.0002609786   0.1877783116
        0.1345072037  -0.0383260488   0.0002625323   0.0005593333  -0.0001331752
        0.0005084296   0.0005183375  -0.0001726710
       -0.0001368410  -0.0015816800  -0.0004822241   0.0003873233   0.0013800113
       -0.0000177976  -0.0005223907   0.0026905558  -0.0006000831  -0.1260706940
       -0.1660300412   0.0369823678  -0.0148909758  -0.0143601391   0.0040336568
       -0.0004697213  -0.0043050618   0.0020310017   0.0050620956   0.0029126868
        0.0009607119   0.0009754489   0.0018465346   0.0001548271   0.0001092725
        0.0002270904   0.0000653619   0.0016840526   0.0001676398  -0.0003545491
        0.0002518514  -0.0000468793  -0.0000852382  -0.0000996684  -0.0001710395
       -0.0000413965   0.0001026694  -0.0001273762  -0.0000569161   0.1345072037
        0.1774493713  -0.0424918486  -0.0002948254   0.0004321498  -0.0002783927
       -0.0005948007  -0.0004838228   0.0001805190
        0.0000069202  -0.0003796508  -0.0004470316   0.0003157822  -0.0003538896
       -0.0016240140  -0.0003959811  -0.0008961751   0.0014585331   0.0345627586
        0.0366370686  -0.0423090420   0.0046130912   0.0046136369  -0.0008548190
        0.0000329732   0.0022461719   0.0021539465  -0.0012862682   0.0011455666
        0.0060903192   0.0000076662  -0.0002185759  -0.0025134167   0.0000432850
       -0.0001286926   0.0000108531   0.0002303250  -0.0004117284   0.0012499572
       -0.0001209164   0.0000123710   0.0000658240  -0.0000076634  -0.0000349403
       -0.0002940787   0.0000220486   0.0003309330  -0.0001494852  -0.0383260488
       -0.0424918486   0.0377843646   0.0000942077  -0.0002740781  -0.0004885250
        0.0002078201   0.0002038314  -0.0001333857
        0.0000747796  -0.0001363596   0.0000134610  -0.0001724214  -0.0000417181
        0.0000790174  -0.0003852597  -0.0001372520  -0.0000255442  -0.0042556953
        0.0017853352  -0.0005422739  -0.2710773717   0.0836228044  -0.0266724597
       -0.0246686043   0.0063819422  -0.0021091400  -0.0029850801  -0.0005898688
        0.0001049447   0.0001100022  -0.0004143416   0.0001354795  -0.0000349936
       -0.0000109135  -0.0000444965  -0.0000892128   0.0003394956  -0.0000789906
        0.0000325586  -0.0000142028  -0.0000077063   0.0001032975  -0.0000553095
       -0.0000197027  -0.0000385577  -0.0000177779   0.0000274914   0.0002625323
       -0.0002948254   0.0000942077   0.3026500402  -0.0905902802   0.0290805683
        0.0004739861   0.0001732721  -0.0000348560
       -0.0001228300  -0.0001586216  -0.0000777016   0.0016152524  -0.0003437157
        0.0002949097   0.0024371168  -0.0044318990   0.0023285515   0.0227245743
       -0.0069324308   0.0021515584   0.0815610735  -0.0701970945   0.0119212985
       -0.0142037079   0.0046150730  -0.0015659696  -0.0036391611  -0.0001005658
        0.0022133105  -0.0003457946  -0.0002038921  -0.0000867163   0.0000133471
        0.0000520752   0.0000751001   0.0002758833   0.0003865317   0.0000410507
        0.0000737619   0.0000622400   0.0000314250   0.0001361452  -0.0004243088
        0.0000551953  -0.0000414929   0.0000610006  -0.0000814088   0.0005593333
        0.0004321498  -0.0002740781  -0.0905902802   0.0769569476  -0.0163984067
       -0.0004532212   0.0002265105  -0.0006281185
       -0.0001226015   0.0000578514  -0.0003152988  -0.0001922594   0.0001743298
        0.0000664011  -0.0007696886   0.0022079499   0.0026016814  -0.0068542800
        0.0021478436  -0.0006697817  -0.0261422296   0.0119512941  -0.0356659446
        0.0040261339  -0.0014412350   0.0001734020   0.0009522949   0.0021949276
        0.0067111421  -0.0000333417  -0.0000137721  -0.0008280148   0.0000745087
       -0.0000418464   0.0000897398   0.0001254433  -0.0000800112   0.0007365981
        0.0000583406  -0.0000103536   0.0001357636  -0.0001600907   0.0001643936
       -0.0000808738  -0.0000757796  -0.0000123490   0.0001065854  -0.0001331752
       -0.0002783927  -0.0004885250   0.0290805683  -0.0163984067   0.0291980895
        0.0001661565  -0.0006222235  -0.0017709644
        0.0001197684  -0.0000708446  -0.0000008837   0.0004405721   0.0007190935
       -0.0001021284  -0.0037653626   0.0017003477  -0.0005444949  -0.0035153896
       -0.0036120572   0.0010101258   0.0008110036  -0.0216772548   0.0063516799
       -0.0369156666   0.0044979178  -0.0015985277  -0.0006122480   0.0170939589
       -0.0049327621  -0.0000063788  -0.0007411647   0.0002511495  -0.0000952760
        0.0000032552  -0.0000487953  -0.0000990707   0.0006203317  -0.0001742135
        0.0000108911   0.0000485421   0.0000111845   0.0002303733  -0.0001385305
       -0.0000200662  -0.0001108044   0.0001015478  -0.0000739996   0.0005084296
       -0.0005948007   0.0002078201   0.0004739861  -0.0004532212   0.0001661565
        0.0425251726   0.0025028789  -0.0005022448
        0.0000965602   0.0001882258   0.0000989116  -0.0001393264  -0.0004925701
        0.0003384194   0.0000839723  -0.0000614655   0.0003309291  -0.0020329770
       -0.0016924160   0.0028040160  -0.0007100751  -0.0155492431   0.0039855721
       -0.0006645264  -0.2963701865   0.0807253594  -0.0000742810  -0.0090533467
        0.0019045979  -0.0000631226  -0.0002341879   0.0000308830   0.0000642631
        0.0000854188   0.0000883581   0.0001315965   0.0000408442  -0.0000173421
        0.0001187944   0.0000981915   0.0000437384  -0.0000536473   0.0001077644
       -0.0000203428   0.0000482806   0.0000248887  -0.0000287003   0.0005183375
       -0.0004838228   0.0002038314   0.0001732721   0.0002265105  -0.0006222235
        0.0025028789   0.3231653947  -0.0898660077
        0.0001003035   0.0007554223   0.0001442217   0.0001252363  -0.0007873097
        0.0013423897  -0.0004317005   0.0011694188   0.0007641213   0.0007451157
        0.0026412197   0.0072702538   0.0002817450   0.0041656793  -0.0030820319
       -0.0003575049   0.0807339813  -0.0478710064   0.0000716307   0.0018481914
       -0.0029408682   0.0000684484   0.0001539372  -0.0001458625   0.0001441715
        0.0000156591   0.0000690651  -0.0000727883  -0.0002204498  -0.0001787689
        0.0000344395   0.0000720902   0.0001902581   0.0000213125   0.0000938931
        0.0001447682  -0.0000206376  -0.0003281257   0.0001167444  -0.0001726710
        0.0001805190  -0.0001333857  -0.0000348560  -0.0006281185  -0.0017709644
       -0.0005022448  -0.0898660077   0.0460810658
