   -0.12868008
   -0.01691569
   -0.08495312
    0.00889018
   -0.04174838
   -0.03467252
    0.01550580
   -0.03847495
   -0.03828386
    0.01800997
   -0.05360930
    0.16870397
   -0.22938664
   -0.04847634
   -0.02815231
   -0.03927132
   -0.03170734
   -0.03788949
   -0.96884297
    0.32219548
    0.25392201
    0.25119802
    0.10060016
    0.07628158
    0.05321762
    0.10014329
    0.02891221
    0.03863384
    0.04502611
    0.04227111
    0.05735760
    0.05561196
    0.04605889
    0.04134205
    0.04394617
    0.05323632
