$hessian                                                                        
        0.5332989618  -0.0002733981  -0.0876052268  -0.0989036921  -0.0000738105
       -0.0406068982  -0.0172817675  -0.0075902127  -0.0174776399  -0.0005590805
       -0.0000297126  -0.0000297504  -0.0005321709   0.0000112911  -0.0000245382
       -0.0172306874   0.0074570295  -0.0175151801  -0.1086396088   0.0004035484
        0.1295555974  -0.1455469023  -0.1419001377   0.0143017219  -0.1452472786
        0.1419488506   0.0135033211   0.0051025927   0.0000057672   0.0039830761
        0.0010319140   0.0015306258   0.0001987380  -0.0031218048  -0.0025849657
        0.0005919136   0.0000986963  -0.0000269213  -0.0000635502  -0.0002489040
        0.0001661510   0.0002279007   0.0000964266   0.0000264315  -0.0000693149
       -0.0002392244  -0.0001583952   0.0002208591   0.0010342236  -0.0015241604
        0.0002156351  -0.0031116938   0.0026120191   0.0005933357
       -0.0002733981   0.6157462421  -0.0001796616  -0.0000599613  -0.0643834676
       -0.0001070575  -0.0176565738  -0.0044338877  -0.0177630985  -0.0004424541
       -0.0005785485  -0.0005061054   0.0004348337  -0.0005425352   0.0004901747
        0.0176228359  -0.0042982209   0.0178252135   0.0003916368  -0.0449440900
       -0.0007627736  -0.1449348547  -0.2468999167   0.0179118402   0.1449989057
       -0.2475587010  -0.0168232263  -0.0000655011   0.0006846610  -0.0000919264
       -0.0007695868   0.0017011626  -0.0012824387  -0.0036712500  -0.0033959135
        0.0001782604   0.0001172724   0.0000362390  -0.0001225540  -0.0003268925
        0.0002692026   0.0002629602  -0.0001225198   0.0000342294   0.0001246167
        0.0003200207   0.0002689972  -0.0002583276   0.0007646846   0.0017068166
        0.0012655952   0.0036728023  -0.0034122695  -0.0001614912
       -0.0876052268  -0.0001796616   0.5211616147  -0.0346349345  -0.0001030037
       -0.1173480994  -0.0052820667  -0.0055393823  -0.0018391932   0.0001916315
        0.0001424233  -0.0002532277   0.0002134129  -0.0001519905  -0.0002295608
       -0.0053905099   0.0055340618  -0.0019932201   0.1240445020  -0.0007580114
       -0.2855319294   0.0161570250   0.0210092131  -0.0446825850   0.0153374063
       -0.0199261337  -0.0444430866  -0.0218566255  -0.0000666369  -0.0303566851
        0.0009021125   0.0003881895   0.0010201142  -0.0013522258  -0.0007164654
        0.0013740240  -0.0001510835  -0.0001371445   0.0001447320   0.0000209414
        0.0000872437   0.0002136982  -0.0001509658   0.0001337505   0.0001630720
        0.0000235105  -0.0000822500   0.0002217651   0.0008879475  -0.0003866101
        0.0009999123  -0.0013548510   0.0007524082   0.0013786547
       -0.0989036921  -0.0000599613  -0.0346349345   0.4446921487   0.0002779557
       -0.0692845995  -0.0926564100  -0.0440689513   0.0093723807  -0.0243451754
       -0.0113464461   0.0070726137  -0.0243720182   0.0114057904   0.0070101887
       -0.0921595816   0.0436047092   0.0090989721   0.0113547430   0.0000008256
        0.0035307707  -0.0124085393  -0.0039514572  -0.0107996944  -0.0123986437
        0.0038957298  -0.0108137307  -0.0891713615   0.0002887405   0.0924610848
        0.0056045118   0.0069089321  -0.0023619764  -0.0051138314  -0.0086255734
       -0.0014425799  -0.0018299379   0.0002749227   0.0000476352  -0.0035177928
        0.0007967614   0.0022472615  -0.0017195544  -0.0002372220   0.0000237654
       -0.0035370469  -0.0008140743   0.0023242216   0.0056758995  -0.0070287146
       -0.0023467403  -0.0051937178   0.0086780328  -0.0015046388
       -0.0000738105  -0.0643834676  -0.0001030037   0.0002779557   0.4101222801
        0.0001787249  -0.0433600117  -0.1251346137   0.0096000639  -0.0076133635
        0.0030209035   0.0048741618   0.0077406007   0.0027887963  -0.0048775528
        0.0429156119  -0.1247690391  -0.0092714504  -0.0000446752   0.0006896626
       -0.0000622229  -0.0145167196  -0.0000520118  -0.0150097648   0.0145294916
        0.0000336668   0.0150387102   0.0003018824  -0.0402652042  -0.0004971601
       -0.0147904664  -0.0221221175   0.0021477680  -0.0065751959  -0.0078476046
       -0.0007349998  -0.0009530377  -0.0003578525  -0.0002082844   0.0004504047
       -0.0007928643   0.0000696609   0.0009391870  -0.0003483294   0.0001913675
       -0.0004245780  -0.0007842532  -0.0000967419   0.0148075840  -0.0221865709
       -0.0020244513   0.0063891403  -0.0076113807   0.0007851748
       -0.0406068982  -0.0001070575  -0.1173480994  -0.0692845995   0.0001787249
        0.4881508259   0.0071492536   0.0120167456  -0.0650311339   0.0126541058
        0.0080308140  -0.0003588798   0.0128092894  -0.0082149025  -0.0002874531
        0.0068518029  -0.0116109551  -0.0649455201  -0.0143780612  -0.0000661275
       -0.0242437975  -0.0020913758  -0.0040530682   0.0010377690  -0.0021768854
        0.0040670724   0.0009130689   0.0969690451  -0.0005300564  -0.2086213203
        0.0073538532   0.0118017462  -0.0023245282  -0.0139689116  -0.0192422368
       -0.0007259726   0.0014187499  -0.0004245014  -0.0007527745   0.0013591334
       -0.0002747017  -0.0008364492   0.0013482413   0.0003836387  -0.0007346491
        0.0014256557   0.0003113832  -0.0008693452   0.0071603276  -0.0115206873
       -0.0022092452  -0.0139927263   0.0192541694  -0.0008124957
       -0.0172817675  -0.0176565738  -0.0052820667  -0.0926564100  -0.0433600117
        0.0071492536   0.4221678286  -0.0385794571   0.0409550441  -0.1339323049
        0.0248008245   0.0440028569  -0.0047463247   0.0123751210   0.0023983022
        0.0068014170   0.0034867542   0.0006352129   0.0005663312   0.0004268331
        0.0004226853  -0.0020351904   0.0000586377  -0.0030928133   0.0008329163
       -0.0003666447   0.0001656586  -0.0095763489  -0.0146813822   0.0035986090
       -0.0872053277   0.0780996717  -0.0512164268  -0.0553076998  -0.0174359517
       -0.0569924280  -0.0022506860   0.0022892923   0.0032319633  -0.0225764766
        0.0075109591   0.0123455495  -0.0010171866   0.0002461948  -0.0000142598
       -0.0001051328   0.0015724526   0.0007247744  -0.0015352953   0.0012952567
        0.0008792421  -0.0001423420  -0.0000819763   0.0000888428
       -0.0075902127  -0.0044338877  -0.0055393823  -0.0440689513  -0.1251346137
        0.0120167456  -0.0385794571   0.4920016174   0.0023873810   0.0279515623
       -0.0717927385  -0.0173709829   0.0161679040  -0.0158288267  -0.0111538090
       -0.0035680562  -0.0283902235  -0.0025995360  -0.0001191414   0.0006385863
       -0.0001990744  -0.0004854947   0.0003084482  -0.0005060846   0.0006536537
        0.0011910274  -0.0004165590  -0.0042763711  -0.0027603050   0.0000568331
        0.0789017343  -0.1725232781   0.0850682418  -0.0181595755  -0.0668696525
       -0.0669304969  -0.0043485707   0.0021664516   0.0022668602  -0.0054044778
        0.0030773792   0.0033215013   0.0003618608  -0.0031960026  -0.0000813755
       -0.0000881386  -0.0030946356  -0.0004277127   0.0023023722  -0.0041190280
        0.0002273145   0.0003493598  -0.0012403180  -0.0001198639
       -0.0174776399  -0.0177630985  -0.0018391932   0.0093723807   0.0096000639
       -0.0650311339   0.0409550441   0.0023873810   0.5074883986   0.0447739050
       -0.0155779783  -0.0943804981   0.0020841707  -0.0053998848   0.0001815904
        0.0006890331   0.0027885788   0.0039414645  -0.0002530325  -0.0002223400
        0.0008225211  -0.0040117015  -0.0006446030  -0.0029281193   0.0003497546
       -0.0010478057   0.0000918032   0.0119852813   0.0170798236  -0.0029358118
       -0.0518878372   0.0826071015  -0.0956221424  -0.0543485621  -0.0668592223
       -0.2374060651   0.0244219649  -0.0082680463  -0.0168519040  -0.0070149650
        0.0019578125   0.0046609620   0.0001032838  -0.0008528186   0.0001651096
        0.0002118549   0.0001071842  -0.0005395368   0.0000905412   0.0004173638
       -0.0000485693  -0.0000434762  -0.0003095120   0.0002311245
       -0.0005590805  -0.0004424541   0.0001916315  -0.0243451754  -0.0076133635
        0.0126541058  -0.1339323049   0.0279515623   0.0447739050   0.4879145083
        0.0459094023   0.0203934797  -0.0619872903  -0.0010371162  -0.0005643248
       -0.0049639850  -0.0160581104   0.0019262388   0.0002356110  -0.0000962506
       -0.0000219094   0.0000470542   0.0000102975  -0.0003267628   0.0000149057
       -0.0001930276   0.0000147364  -0.0024446484  -0.0021968388   0.0006595918
       -0.0132055076   0.0061139181   0.0072486169   0.0006674054  -0.0006405178
        0.0022031367  -0.0450518532  -0.0010388784  -0.0043782828  -0.2005181496
       -0.0673536284  -0.0860882175   0.0014573949  -0.0022585604  -0.0008229007
        0.0002586479   0.0202070785  -0.0000522983  -0.0028215950  -0.0007425792
        0.0017070497  -0.0007659375  -0.0005209332   0.0004822038
       -0.0000297126  -0.0005785485   0.0001424233  -0.0113464461   0.0030209035
        0.0080308140   0.0248008245  -0.0717927385  -0.0155779783   0.0459094023
        0.4368193150  -0.0238892380  -0.0000569648  -0.1699772033  -0.0026131664
       -0.0123899123  -0.0157804552   0.0053754517  -0.0000181059   0.0003070582
       -0.0000577392  -0.0000385264  -0.0000765382  -0.0001966338  -0.0000657409
       -0.0002618161  -0.0000681064  -0.0013670973  -0.0029213478   0.0005124964
        0.0177741211  -0.0056823502  -0.0095617732   0.0067177821  -0.0009971708
       -0.0046243238  -0.0003847192  -0.0684131423   0.0748018693  -0.0674724403
       -0.0694009058  -0.0341633905  -0.0009271219  -0.0166091958  -0.0016515730
        0.0008594286  -0.0155279588   0.0014605523  -0.0014214663  -0.0013933675
        0.0017984323  -0.0005433046  -0.0007345379   0.0002818833
       -0.0000297504  -0.0005061054  -0.0002532277   0.0070726137   0.0048741618
       -0.0003588798   0.0440028569  -0.0173709829  -0.0943804981   0.0203934797
       -0.0238892380   0.5060160365  -0.0005467405   0.0015736136  -0.0654696557
        0.0025647438   0.0114497413   0.0003007852   0.0000289794   0.0000148474
        0.0000227728  -0.0000442828  -0.0001502122  -0.0001605657   0.0000792680
        0.0000642142   0.0000331574   0.0012938769   0.0008409028   0.0002972626
       -0.0074045256   0.0031056729   0.0051864970   0.0216889215  -0.0090174563
       -0.0156982266  -0.0059133806   0.0749451496  -0.2433829646  -0.0839163773
       -0.0336405015  -0.0906819066   0.0000577479  -0.0247973065  -0.0010274356
       -0.0011959588   0.0119855283   0.0009217534   0.0010095013   0.0004206176
       -0.0006145788   0.0008590269   0.0000973533  -0.0007503256
       -0.0005321709   0.0004348337   0.0002134129  -0.0243720182   0.0077406007
        0.0128092894  -0.0047463247   0.0161679040   0.0020841707  -0.0619872903
       -0.0000569648  -0.0005467405   0.4872764197  -0.0462705970   0.0208752662
       -0.1328456457  -0.0273028861   0.0450028203   0.0002612707   0.0000904718
       -0.0000153262   0.0000164889   0.0001991546   0.0000256706   0.0000552951
       -0.0000206898  -0.0003134812  -0.0024527935   0.0022301048   0.0006590101
       -0.0027954196   0.0007402773   0.0016520082  -0.0008358825   0.0005515996
        0.0005129761   0.0014915903   0.0016180259  -0.0007449449   0.0000623586
       -0.0201799985  -0.0002114945  -0.0452015124  -0.0001761469  -0.0080113959
       -0.2012146360   0.0695096666  -0.0834491819  -0.0131008919  -0.0060312253
        0.0073963648   0.0009211623   0.0007558695   0.0020615757
        0.0000112911  -0.0005425352  -0.0001519905   0.0114057904   0.0027887963
       -0.0082149025   0.0123751210  -0.0158288267  -0.0053998848  -0.0010371162
       -0.1699772033   0.0015736136  -0.0462705970   0.4372012792   0.0241684617
       -0.0243168230  -0.0714566492   0.0154911931  -0.0000026216   0.0003155239
        0.0000609655   0.0000632357  -0.0002559709   0.0000729910   0.0000359132
       -0.0000637819   0.0001868568   0.0013951621  -0.0029425760  -0.0004980272
        0.0014363181  -0.0013950486  -0.0017808156   0.0005776298  -0.0007779130
       -0.0002765249   0.0006648183  -0.0167627574   0.0014944985  -0.0009732523
       -0.0153261372  -0.0016747093  -0.0007394705  -0.0672475590  -0.0734630062
        0.0696303991  -0.0712170955   0.0341137920  -0.0178414529  -0.0056386695
        0.0098026309  -0.0064143450  -0.0008728760   0.0044948579
       -0.0000245382   0.0004901747  -0.0002295608   0.0070101887  -0.0048775528
       -0.0002874531   0.0023983022  -0.0111538090   0.0001815904  -0.0005643248
       -0.0026131664  -0.0654696557   0.0208752662   0.0241684617   0.5058594054
        0.0444303590   0.0172986257  -0.0954110986   0.0000226829  -0.0000123086
        0.0000289346   0.0000771185  -0.0000640700   0.0000461013  -0.0000408018
        0.0001454419  -0.0001467324   0.0012812250  -0.0008085753   0.0003124069
        0.0009107873  -0.0004054733  -0.0005878260   0.0009181947  -0.0001170090
       -0.0007835201   0.0002722169   0.0246669373  -0.0008165464  -0.0013599114
       -0.0125623152   0.0007848304  -0.0094479756  -0.0736544725  -0.2447676682
       -0.0812640084   0.0335461550  -0.0877607448  -0.0071904075  -0.0029255811
        0.0051124383   0.0216956264   0.0088785370  -0.0160649009
       -0.0172306874   0.0176228359  -0.0053905099  -0.0921595816   0.0429156119
        0.0068518029   0.0068014170  -0.0035680562   0.0006890331  -0.0049639850
       -0.0123899123   0.0025647438  -0.1328456457  -0.0243168230   0.0444303590
        0.4216631171   0.0394336856   0.0416248390   0.0005685709  -0.0004229824
        0.0004167648   0.0008295438   0.0003724497   0.0001531321  -0.0020314645
       -0.0000648247  -0.0030923528  -0.0095566638   0.0146903543   0.0035106699
       -0.0015332681  -0.0013113691   0.0008769733  -0.0001494420   0.0000858577
        0.0000917035  -0.0010244342  -0.0002817822  -0.0000216128  -0.0001127954
       -0.0015808306   0.0006855052  -0.0018347483  -0.0021423698   0.0030224308
       -0.0224015857  -0.0073708929   0.0125719103  -0.0879310977  -0.0790015014
       -0.0504674124  -0.0560872496   0.0173305495  -0.0585179797
        0.0074570295  -0.0042982209   0.0055340618   0.0436047092  -0.1247690391
       -0.0116109551   0.0034867542  -0.0283902235   0.0027885788  -0.0160581104
       -0.0157804552   0.0114497413  -0.0273028861  -0.0714566492   0.0172986257
        0.0394336856   0.4913534225  -0.0025995940   0.0001240121   0.0006410085
        0.0001907772  -0.0006533227   0.0012086288   0.0004013727   0.0004471232
        0.0003222026   0.0004887294   0.0043189760  -0.0028555108  -0.0000762474
       -0.0022801457  -0.0041155111  -0.0002053919  -0.0003656425  -0.0012710006
        0.0001463797  -0.0003859288  -0.0033317277   0.0000633946   0.0000524369
       -0.0029565009   0.0004033876   0.0041663331   0.0021010067  -0.0022089825
        0.0057304634   0.0031542513  -0.0035698882  -0.0798420472  -0.1739774264
       -0.0837133971   0.0180665603  -0.0655782550   0.0652194074
       -0.0175151801   0.0178252135  -0.0019932201   0.0090989721  -0.0092714504
       -0.0649455201   0.0006352129  -0.0025995360   0.0039414645   0.0019262388
        0.0053754517   0.0003007852   0.0450028203   0.0154911931  -0.0954110986
        0.0416248390  -0.0025995940   0.5077482012  -0.0002666710   0.0002386055
        0.0008201052   0.0003579679   0.0010395368   0.0000749468  -0.0040175186
        0.0006392052  -0.0029424375   0.0119417679  -0.0171284189  -0.0028383982
        0.0001054074  -0.0003905902  -0.0000438632  -0.0000468992   0.0002981379
        0.0002377985   0.0001417444   0.0008558552   0.0001982468   0.0002163754
       -0.0001089280  -0.0005277531   0.0244541107   0.0082564168  -0.0173214776
       -0.0066579062  -0.0018837450   0.0045446075  -0.0511079957  -0.0812464407
       -0.0933870665  -0.0558932858   0.0652090874  -0.2384553207
       -0.1086396088   0.0003916368   0.1240445020   0.0113547430  -0.0000446752
       -0.0143780612   0.0005663312  -0.0001191414  -0.0002530325   0.0002356110
       -0.0000181059   0.0000289794   0.0002612707  -0.0000026216   0.0000226829
        0.0005685709   0.0001240121  -0.0002666710   0.1160222991  -0.0004390487
       -0.1413764291  -0.0086728314  -0.0032505097   0.0174275495  -0.0086552547
        0.0033567277   0.0173842734  -0.0021243580  -0.0000092046  -0.0040287448
        0.0001282459  -0.0002373099  -0.0000448503  -0.0001614807  -0.0001480602
        0.0001466073  -0.0005006817  -0.0004689263   0.0003265826   0.0000757098
       -0.0000286607   0.0002520683  -0.0004974111   0.0004837970   0.0003587265
        0.0000821054   0.0000312269   0.0002571331   0.0001199223   0.0002311700
       -0.0000457986  -0.0001631829   0.0001476935   0.0001444825
        0.0004035484  -0.0449440900  -0.0007580114   0.0000008256   0.0006896626
       -0.0000661275   0.0004268331   0.0006385863  -0.0002223400  -0.0000962506
        0.0003070582   0.0000148474   0.0000904718   0.0003155239  -0.0000123086
       -0.0004229824   0.0006410085   0.0002386055  -0.0004390487   0.0434701653
        0.0008576618  -0.0136840291   0.0000522425   0.0223486695   0.0137250960
       -0.0001112061  -0.0223865886  -0.0000088019   0.0008739848  -0.0000087945
        0.0000164431  -0.0008421404  -0.0001916781  -0.0000547583  -0.0001537820
        0.0001074986  -0.0003742615  -0.0000188869   0.0002279331  -0.0000400298
        0.0000385152   0.0001144678   0.0003787251  -0.0000062582  -0.0002448218
        0.0000421477   0.0000415602  -0.0001167509  -0.0000207070  -0.0008360853
        0.0002021283   0.0000567785  -0.0001558587  -0.0001043905
        0.1295555974  -0.0007627736  -0.2855319294   0.0035307707  -0.0000622229
       -0.0242437975   0.0004226853  -0.0001990744   0.0008225211  -0.0000219094
       -0.0000577392   0.0000227728  -0.0000153262   0.0000609655   0.0000289346
        0.0004167648   0.0001907772   0.0008201052  -0.1413764291   0.0008576618
        0.3156031010   0.0054048301   0.0031057216  -0.0028602153   0.0053273269
       -0.0031284089  -0.0027215121  -0.0037034777  -0.0000074765  -0.0032086713
       -0.0001146376  -0.0004296361  -0.0000411048   0.0001013008   0.0000791203
        0.0002790018   0.0001447553   0.0000524580   0.0002372293   0.0000962774
        0.0000111255   0.0001610864   0.0001377009  -0.0000505835   0.0002424360
        0.0000963411  -0.0000132379   0.0001634767  -0.0001086943   0.0004302900
       -0.0000494694   0.0001061236  -0.0000769669   0.0002760350
       -0.1455469023  -0.1449348547   0.0161570250  -0.0124085393  -0.0145167196
       -0.0020913758  -0.0020351904  -0.0004854947  -0.0040117015   0.0000470542
       -0.0000385264  -0.0000442828   0.0000164889   0.0000632357   0.0000771185
        0.0008295438  -0.0006533227   0.0003579679  -0.0086728314  -0.0136840291
        0.0054048301   0.1569414790   0.1606328727  -0.0152890986   0.0113062971
        0.0123135075  -0.0009982477   0.0006805411   0.0000016237   0.0002693955
       -0.0000140322   0.0005236599  -0.0002330989  -0.0008292925  -0.0007173578
        0.0001981554  -0.0000365708   0.0000618025  -0.0000975096   0.0000410285
        0.0001462928   0.0000862459  -0.0000960992   0.0000774846   0.0000291828
        0.0001194991   0.0000246543   0.0000136334  -0.0004973149   0.0011860885
        0.0000783210   0.0001548413  -0.0000009172   0.0000934394
       -0.1419001377  -0.2468999167   0.0210092131  -0.0039514572  -0.0000520118
       -0.0040530682   0.0000586377   0.0003084482  -0.0006446030   0.0000102975
       -0.0000765382  -0.0001502122   0.0001991546  -0.0002559709  -0.0000640700
        0.0003724497   0.0012086288   0.0010395368  -0.0032505097   0.0000522425
        0.0031057216   0.1606328727   0.2714595877  -0.0220766436  -0.0123676365
       -0.0259268001   0.0020424104   0.0001180417   0.0003933691   0.0001911257
       -0.0001038319   0.0001998834  -0.0002328057  -0.0002788598   0.0001636416
        0.0000539850   0.0000524076  -0.0000825024  -0.0000898578   0.0000241132
        0.0001277760   0.0000299951  -0.0000252460  -0.0000685318  -0.0000397334
        0.0001435011   0.0000684907   0.0000150393  -0.0000794914  -0.0004631529
       -0.0002494287   0.0003456946  -0.0001566433   0.0001133957
        0.0143017219   0.0179118402  -0.0446825850  -0.0107996944  -0.0150097648
        0.0010377690  -0.0030928133  -0.0005060846  -0.0029281193  -0.0003267628
       -0.0001966338  -0.0001605657   0.0000256706   0.0000729910   0.0000461013
        0.0001531321   0.0004013727   0.0000749468   0.0174275495   0.0223486695
       -0.0028602153  -0.0152890986  -0.0220766436   0.0464921512  -0.0009328491
       -0.0018812455   0.0030162142  -0.0007453732  -0.0007013144  -0.0004790446
        0.0001766656   0.0002910579  -0.0001673503  -0.0007324994  -0.0006627600
        0.0000839296   0.0000336574  -0.0000170319  -0.0001200512  -0.0000772369
        0.0000449466   0.0001208132   0.0001605123  -0.0000204594  -0.0000837032
       -0.0000018876  -0.0000102954   0.0000766775  -0.0001015027   0.0001538772
        0.0006283424  -0.0001791915  -0.0001425215  -0.0000953107
       -0.1452472786   0.1449989057   0.0153374063  -0.0123986437   0.0145294916
       -0.0021768854   0.0008329163   0.0006536537   0.0003497546   0.0000149057
       -0.0000657409   0.0000792680   0.0000552951   0.0000359132  -0.0000408018
       -0.0020314645   0.0004471232  -0.0040175186  -0.0086552547   0.0137250960
        0.0053273269   0.0113062971  -0.0123676365  -0.0009328491   0.1565991542
       -0.1606589028  -0.0143818294   0.0006816833  -0.0000013170   0.0002702003
       -0.0005055717  -0.0011866979   0.0000922804   0.0001532980   0.0000026227
        0.0000920696  -0.0000925292  -0.0000785124   0.0000234467   0.0001210595
       -0.0000288246   0.0000158430  -0.0000378236  -0.0000577577  -0.0000931983
        0.0000449566  -0.0001466264   0.0000827585  -0.0000148022  -0.0005239029
       -0.0002247422  -0.0008261976   0.0007231129   0.0001974704
        0.1419488506  -0.2475587010  -0.0199261337   0.0038957298   0.0000336668
        0.0040670724  -0.0003666447   0.0011910274  -0.0010478057  -0.0001930276
       -0.0002618161   0.0000642142  -0.0000206898  -0.0000637819   0.0001454419
       -0.0000648247   0.0003222026   0.0006392052   0.0033567277  -0.0001112061
       -0.0031284089   0.0123135075  -0.0259268001  -0.0018812455  -0.1606589028
        0.2721837643   0.0208618397  -0.0001238170   0.0003974674  -0.0001969664
        0.0000802007  -0.0004578751   0.0002626596  -0.0003473760  -0.0001532517
       -0.0001166543   0.0000197891  -0.0000703559   0.0000403829  -0.0001382126
        0.0000651352  -0.0000153649  -0.0000535334  -0.0000826756   0.0000875577
       -0.0000249542   0.0001307636  -0.0000259405   0.0001021351   0.0001976890
        0.0002271230   0.0002750422   0.0001647471  -0.0000569766
        0.0135033211  -0.0168232263  -0.0444430866  -0.0108137307   0.0150387102
        0.0009130689   0.0001656586  -0.0004165590   0.0000918032   0.0000147364
       -0.0000681064   0.0000331574  -0.0003134812   0.0001868568  -0.0001467324
       -0.0030923528   0.0004887294  -0.0029424375   0.0173842734  -0.0223865886
       -0.0027215121  -0.0009982477   0.0020424104   0.0030162142  -0.0143818294
        0.0208618397   0.0462413178  -0.0007435340   0.0006959661  -0.0004806552
       -0.0001022929  -0.0001417002   0.0006329695  -0.0001824629   0.0001435318
       -0.0000981725   0.0001638028   0.0000216001  -0.0000791718  -0.0000008781
        0.0000092543   0.0000724010   0.0000275340   0.0000214869  -0.0001245023
       -0.0000757894  -0.0000452081   0.0001251264   0.0001773925  -0.0002928416
       -0.0001708098  -0.0007321199   0.0006638446   0.0000810219
        0.0051025927  -0.0000655011  -0.0218566255  -0.0891713615   0.0003018824
        0.0969690451  -0.0095763489  -0.0042763711   0.0119852813  -0.0024446484
       -0.0013670973   0.0012938769  -0.0024527935   0.0013951621   0.0012812250
       -0.0095566638   0.0043189760   0.0119417679  -0.0021243580  -0.0000088019
       -0.0037034777   0.0006805411   0.0001180417  -0.0007453732   0.0006816833
       -0.0001238170  -0.0007435340   0.1123638109  -0.0002836571  -0.0993779585
       -0.0008270959  -0.0004728366   0.0002719920  -0.0004810874  -0.0004299658
        0.0006525851  -0.0001950364   0.0001981193   0.0000919078  -0.0002620266
        0.0000807285   0.0004681508  -0.0001824429  -0.0001904620   0.0000829011
       -0.0002692105  -0.0000878936   0.0004790167  -0.0008103336   0.0004638773
        0.0002638414  -0.0004752210   0.0004296161   0.0006453778
        0.0000057672   0.0006846610  -0.0000666369   0.0002887405  -0.0402652042
       -0.0005300564  -0.0146813822  -0.0027603050   0.0170798236  -0.0021968388
       -0.0029213478   0.0008409028   0.0022301048  -0.0029425760  -0.0008085753
        0.0146903543  -0.0028555108  -0.0171284189  -0.0000092046   0.0008739848
       -0.0000074765   0.0000016237   0.0003933691  -0.0007013144  -0.0000013170
        0.0003974674   0.0006959661  -0.0002836571   0.0498231405   0.0006068264
       -0.0005730182  -0.0010147259   0.0005939853  -0.0004785093   0.0004638745
        0.0008847143  -0.0003357298   0.0002287717   0.0003058684  -0.0004426303
        0.0000945194   0.0004535550   0.0003146933   0.0002189267  -0.0002933764
        0.0004601494   0.0001060820  -0.0004725248   0.0005598313  -0.0009989118
       -0.0005848664   0.0004510227   0.0004737844  -0.0008683959
        0.0039830761  -0.0000919264  -0.0303566851   0.0924610848  -0.0004971601
       -0.2086213203   0.0035986090   0.0000568331  -0.0029358118   0.0006595918
        0.0005124964   0.0002972626   0.0006590101  -0.0004980272   0.0003124069
        0.0035106699  -0.0000762474  -0.0028383982  -0.0040287448  -0.0000087945
       -0.0032086713   0.0002693955   0.0001911257  -0.0004790446   0.0002702003
       -0.0001969664  -0.0004806552  -0.0993779585   0.0006068264   0.2455584069
        0.0000830235   0.0001783500  -0.0000157856  -0.0011490244  -0.0009827769
        0.0013566010  -0.0000443964  -0.0000740040   0.0001110610   0.0001099961
       -0.0000743284  -0.0000746623  -0.0000518789   0.0000696204   0.0001162946
        0.0001066574   0.0000774547  -0.0000716610   0.0000768040  -0.0001710726
       -0.0000149481  -0.0011361155   0.0009785972   0.0013456105
        0.0010319140  -0.0007695868   0.0009021125   0.0056045118  -0.0147904664
        0.0073538532  -0.0872053277   0.0789017343  -0.0518878372  -0.0132055076
        0.0177741211  -0.0074045256  -0.0027954196   0.0014363181   0.0009107873
       -0.0015332681  -0.0022801457   0.0001054074   0.0001282459   0.0000164431
       -0.0001146376  -0.0000140322  -0.0001038319   0.0001766656  -0.0005055717
        0.0000802007  -0.0001022929  -0.0008270959  -0.0005730182   0.0000830235
        0.1035101489  -0.0889315053   0.0572296905  -0.0036375286   0.0077059670
       -0.0077874211   0.0009874224   0.0004643580  -0.0003867719  -0.0019974034
        0.0009096225   0.0008742110  -0.0000830421   0.0001965831  -0.0000227448
        0.0001289398   0.0006370575   0.0000146963   0.0003765259  -0.0005657058
       -0.0000362751   0.0000364883  -0.0001081453   0.0000920589
        0.0015306258   0.0017011626   0.0003881895   0.0069089321  -0.0221221175
        0.0118017462   0.0780996717  -0.1725232781   0.0826071015   0.0061139181
       -0.0056823502   0.0031056729   0.0007402773  -0.0013950486  -0.0004054733
       -0.0013113691  -0.0041155111  -0.0003905902  -0.0002373099  -0.0008421404
       -0.0004296361   0.0005236599   0.0001998834   0.0002910579  -0.0011866979
       -0.0004578751  -0.0001417002  -0.0004728366  -0.0010147259   0.0001783500
       -0.0889315053   0.2008492697  -0.0945482866  -0.0022387141   0.0061843225
       -0.0023135328  -0.0006529204   0.0007234052   0.0002938056   0.0004928752
       -0.0005130778  -0.0003258020   0.0000761332  -0.0001325807   0.0000533409
       -0.0001096612  -0.0001659008  -0.0000499675   0.0005676444  -0.0007374335
        0.0000179407   0.0000872768   0.0000439962  -0.0001322166
        0.0001987380  -0.0012824387   0.0010201142  -0.0023619764   0.0021477680
       -0.0023245282  -0.0512164268   0.0850682418  -0.0956221424   0.0072486169
       -0.0095617732   0.0051864970   0.0016520082  -0.0017808156  -0.0005878260
        0.0008769733  -0.0002053919  -0.0000438632  -0.0000448503  -0.0001916781
       -0.0000411048  -0.0002330989  -0.0002328057  -0.0001673503   0.0000922804
        0.0002626596   0.0006329695   0.0002719920   0.0005939853  -0.0000157856
        0.0572296905  -0.0945482866   0.1100647167  -0.0157925607   0.0220617287
       -0.0195424395   0.0011438256  -0.0012355321   0.0012739585   0.0007828163
       -0.0002549796  -0.0001516550   0.0001007466  -0.0002653705   0.0000610006
        0.0000774068  -0.0004566926   0.0000563613  -0.0000384085  -0.0000177883
        0.0000466921   0.0000122271  -0.0001008307   0.0001543851
       -0.0031218048  -0.0036712500  -0.0013522258  -0.0051138314  -0.0065751959
       -0.0139689116  -0.0553076998  -0.0181595755  -0.0543485621   0.0006674054
        0.0067177821   0.0216889215  -0.0008358825   0.0005776298   0.0009181947
       -0.0001494420  -0.0003656425  -0.0000468992  -0.0001614807  -0.0000547583
        0.0001013008  -0.0008292925  -0.0002788598  -0.0007324994   0.0001532980
       -0.0003473760  -0.0001824629  -0.0004810874  -0.0004785093  -0.0011490244
       -0.0036375286  -0.0022387141  -0.0157925607   0.0707017511   0.0221205413
        0.0597184539  -0.0026327513   0.0015492504   0.0029021772   0.0005586175
        0.0006908999   0.0019779937   0.0000921936   0.0003969733  -0.0000251537
       -0.0000051263   0.0001440930   0.0002703862   0.0000385048  -0.0000930512
        0.0000097821   0.0000641568   0.0000657630   0.0000110899
       -0.0025849657  -0.0033959135  -0.0007164654  -0.0086255734  -0.0078476046
       -0.0192422368  -0.0174359517  -0.0668696525  -0.0668592223  -0.0006405178
       -0.0009971708  -0.0090174563   0.0005515996  -0.0007779130  -0.0001170090
        0.0000858577  -0.0012710006   0.0002981379  -0.0001480602  -0.0001537820
        0.0000791203  -0.0007173578   0.0001636416  -0.0006627600   0.0000026227
       -0.0001532517   0.0001435318  -0.0004299658   0.0004638745  -0.0009827769
        0.0077059670   0.0061843225   0.0220617287   0.0221205413   0.0746759988
        0.0750649482   0.0007420027  -0.0001476414  -0.0004249067  -0.0006994863
        0.0008544683   0.0004245128   0.0000084471   0.0000302549   0.0000805366
        0.0000158041  -0.0001824198  -0.0001403775   0.0001119010   0.0000409613
        0.0000946152  -0.0000628644  -0.0006171720  -0.0000839206
        0.0005919136   0.0001782604   0.0013740240  -0.0014425799  -0.0007349998
       -0.0007259726  -0.0569924280  -0.0669304969  -0.2374060651   0.0022031367
       -0.0046243238  -0.0156982266   0.0005129761  -0.0002765249  -0.0007835201
        0.0000917035   0.0001463797   0.0002377985   0.0001466073   0.0001074986
        0.0002790018   0.0001981554   0.0000539850   0.0000839296   0.0000920696
       -0.0001166543  -0.0000981725   0.0006525851   0.0008847143   0.0013566010
       -0.0077874211  -0.0023135328  -0.0195424395   0.0597184539   0.0750649482
        0.2705728520   0.0024555131  -0.0016415522  -0.0014349304  -0.0005047200
        0.0000771986   0.0011066845  -0.0000480151  -0.0001911947   0.0002263739
        0.0000083623   0.0000982158  -0.0000005943   0.0000921788   0.0001314118
        0.0001544109   0.0000115087   0.0000866671   0.0002982450
        0.0000986963   0.0001172724  -0.0001510835  -0.0018299379  -0.0009530377
        0.0014187499  -0.0022506860  -0.0043485707   0.0244219649  -0.0450518532
       -0.0003847192  -0.0059133806   0.0014915903   0.0006648183   0.0002722169
       -0.0010244342  -0.0003859288   0.0001417444  -0.0005006817  -0.0003742615
        0.0001447553  -0.0000365708   0.0000524076   0.0000336574  -0.0000925292
        0.0000197891   0.0001638028  -0.0001950364  -0.0003357298  -0.0000443964
        0.0009874224  -0.0006529204   0.0011438256  -0.0026327513   0.0007420027
        0.0024555131   0.0529832101  -0.0023844782   0.0034826714  -0.0029538909
        0.0074901870  -0.0279035944   0.0009423158   0.0001545251   0.0003113662
        0.0000555478   0.0006644196  -0.0000373843  -0.0000772749  -0.0000761068
        0.0001060387   0.0000868638  -0.0000096689  -0.0000464674
       -0.0000269213   0.0000362390  -0.0001371445   0.0002749227  -0.0003578525
       -0.0004245014   0.0022892923   0.0021664516  -0.0082680463  -0.0010388784
       -0.0684131423   0.0749451496   0.0016180259  -0.0167627574   0.0246669373
       -0.0002817822  -0.0033317277   0.0008558552  -0.0004689263  -0.0000188869
        0.0000524580   0.0000618025  -0.0000825024  -0.0000170319  -0.0000785124
       -0.0000703559   0.0000216001   0.0001981193   0.0002287717  -0.0000740040
        0.0004643580   0.0007234052  -0.0012355321   0.0015492504  -0.0001476414
       -0.0016415522  -0.0023844782   0.0848983913  -0.0826607989  -0.0012292115
        0.0046920520  -0.0088167014  -0.0001906102   0.0003436592   0.0015195214
       -0.0001319510  -0.0038067287   0.0007303326  -0.0002340589  -0.0001344006
        0.0002879816  -0.0003904406   0.0000370259   0.0001954768
       -0.0000635502  -0.0001225540   0.0001447320   0.0000476352  -0.0002082844
       -0.0007527745   0.0032319633   0.0022668602  -0.0168519040  -0.0043782828
        0.0748018693  -0.2433829646  -0.0007449449   0.0014944985  -0.0008165464
       -0.0000216128   0.0000633946   0.0001982468   0.0003265826   0.0002279331
        0.0002372293  -0.0000975096  -0.0000898578  -0.0001200512   0.0000234467
        0.0000403829  -0.0000791718   0.0000919078   0.0003058684   0.0001110610
       -0.0003867719   0.0002938056   0.0012739585   0.0029021772  -0.0004249067
       -0.0014349304   0.0034826714  -0.0826607989   0.2789864670  -0.0051255389
        0.0052718806  -0.0199872047   0.0002829059  -0.0015289464   0.0019744038
        0.0004859040   0.0004083662   0.0001973278  -0.0000250919  -0.0000583757
        0.0000692885  -0.0000318909  -0.0000811353   0.0002328326
       -0.0002489040  -0.0003268925   0.0000209414  -0.0035177928   0.0004504047
        0.0013591334  -0.0225764766  -0.0054044778  -0.0070149650  -0.2005181496
       -0.0674724403  -0.0839163773   0.0000623586  -0.0009732523  -0.0013599114
       -0.0001127954   0.0000524369   0.0002163754   0.0000757098  -0.0000400298
        0.0000962774   0.0000410285   0.0000241132  -0.0000772369   0.0001210595
       -0.0001382126  -0.0000008781  -0.0002620266  -0.0004426303   0.0001099961
       -0.0019974034   0.0004928752   0.0007828163   0.0005586175  -0.0006994863
       -0.0005047200  -0.0029538909  -0.0012292115  -0.0051255389   0.2298197577
        0.0741845768   0.0943331393   0.0000772776   0.0001054388   0.0004974768
        0.0013197319   0.0013332946   0.0004871016   0.0001252154   0.0001067047
        0.0000812845  -0.0000133171  -0.0000232113   0.0000150854
        0.0001661510   0.0002692026   0.0000872437   0.0007967614  -0.0007928643
       -0.0002747017   0.0075109591   0.0030773792   0.0019578125  -0.0673536284
       -0.0694009058  -0.0336405015  -0.0201799985  -0.0153261372  -0.0125623152
       -0.0015808306  -0.0029565009  -0.0001089280  -0.0000286607   0.0000385152
        0.0000111255   0.0001462928   0.0001277760   0.0000449466  -0.0000288246
        0.0000651352   0.0000092543   0.0000807285   0.0000945194  -0.0000743284
        0.0009096225  -0.0005130778  -0.0002549796   0.0006908999   0.0008544683
        0.0000771986   0.0074901870   0.0046920520   0.0052718806   0.0741845768
        0.0837607362   0.0400481983  -0.0007296544  -0.0039278159  -0.0004490806
       -0.0013290862   0.0002782744  -0.0005023697  -0.0006131623  -0.0001588479
        0.0004588605  -0.0001323333  -0.0001819087  -0.0000993160
        0.0002279007   0.0002629602   0.0002136982   0.0022472615   0.0000696609
       -0.0008364492   0.0123455495   0.0033215013   0.0046609620  -0.0860882175
       -0.0341633905  -0.0906819066  -0.0002114945  -0.0016747093   0.0007848304
        0.0006855052   0.0004033876  -0.0005277531   0.0002520683   0.0001144678
        0.0001610864   0.0000862459   0.0000299951   0.0001208132   0.0000158430
       -0.0000153649   0.0000724010   0.0004681508   0.0004535550  -0.0000746623
        0.0008742110  -0.0003258020  -0.0001516550   0.0019779937   0.0004245128
        0.0011066845  -0.0279035944  -0.0088167014  -0.0199872047   0.0943331393
        0.0400481983   0.1037605598  -0.0000504398  -0.0007799831   0.0002207053
        0.0004675637   0.0004651340   0.0011034750   0.0000070079   0.0000469542
        0.0000609654   0.0002653057   0.0001356240  -0.0000065504
        0.0000964266  -0.0001225198  -0.0001509658  -0.0017195544   0.0009391870
        0.0013482413  -0.0010171866   0.0003618608   0.0001032838   0.0014573949
       -0.0009271219   0.0000577479  -0.0452015124  -0.0007394705  -0.0094479756
       -0.0018347483   0.0041663331   0.0244541107  -0.0004974111   0.0003787251
        0.0001377009  -0.0000960992  -0.0000252460   0.0001605123  -0.0000378236
       -0.0000535334   0.0000275340  -0.0001824429   0.0003146933  -0.0000518789
       -0.0000830421   0.0000761332   0.0001007466   0.0000921936   0.0000084471
       -0.0000480151   0.0009423158  -0.0001906102   0.0002829059   0.0000772776
       -0.0007296544  -0.0000504398   0.0531128116   0.0039026108   0.0075324647
       -0.0034712246  -0.0072557440  -0.0281010460   0.0010101095   0.0006332716
        0.0011247100  -0.0026474846  -0.0007373615   0.0025203632
        0.0000264315   0.0000342294   0.0001337505  -0.0002372220  -0.0003483294
        0.0003836387   0.0002461948  -0.0031960026  -0.0008528186  -0.0022585604
       -0.0166091958  -0.0247973065  -0.0001761469  -0.0672475590  -0.0736544725
       -0.0021423698   0.0021010067   0.0082564168   0.0004837970  -0.0000062582
       -0.0000505835   0.0000774846  -0.0000685318  -0.0000204594  -0.0000577577
       -0.0000826756   0.0000214869  -0.0001904620   0.0002189267   0.0000696204
        0.0001965831  -0.0001325807  -0.0002653705   0.0003969733   0.0000302549
       -0.0001911947   0.0001545251   0.0003436592  -0.0015289464   0.0001054388
       -0.0039278159  -0.0007799831   0.0039026108   0.0836021963   0.0811438342
        0.0014648378   0.0046992279   0.0092428396  -0.0004369599   0.0007045492
        0.0012328053  -0.0015553979  -0.0001151012   0.0016567428
       -0.0000693149   0.0001246167   0.0001630720   0.0000237654   0.0001913675
       -0.0007346491  -0.0000142598  -0.0000813755   0.0001651096  -0.0008229007
       -0.0016515730  -0.0010274356  -0.0080113959  -0.0734630062  -0.2447676682
        0.0030224308  -0.0022089825  -0.0173214776   0.0003587265  -0.0002448218
        0.0002424360   0.0000291828  -0.0000397334  -0.0000837032  -0.0000931983
        0.0000875577  -0.0001245023   0.0000829011  -0.0002933764   0.0001162946
       -0.0000227448   0.0000533409   0.0000610006  -0.0000251537   0.0000805366
        0.0002263739   0.0003113662   0.0015195214   0.0019744038   0.0004974768
       -0.0004490806   0.0002207053   0.0075324647   0.0811438342   0.2806111416
       -0.0053758158  -0.0049168773  -0.0194785588  -0.0003921313  -0.0002842515
        0.0012521882   0.0029686009   0.0004323030  -0.0014947309
       -0.0002392244   0.0003200207   0.0000235105  -0.0035370469  -0.0004245780
        0.0014256557  -0.0001051328  -0.0000881386   0.0002118549   0.0002586479
        0.0008594286  -0.0011959588  -0.2012146360   0.0696303991  -0.0812640084
       -0.0224015857   0.0057304634  -0.0066579062   0.0000821054   0.0000421477
        0.0000963411   0.0001194991   0.0001435011  -0.0000018876   0.0000449566
       -0.0000249542  -0.0000757894  -0.0002692105   0.0004601494   0.0001066574
        0.0001289398  -0.0001096612   0.0000774068  -0.0000051263   0.0000158041
        0.0000083623   0.0000555478  -0.0001319510   0.0004859040   0.0013197319
       -0.0013290862   0.0004675637  -0.0034712246   0.0014648378  -0.0053758158
        0.2305648636  -0.0767812022   0.0914041422  -0.0019181157  -0.0004732939
        0.0007629516   0.0005870108   0.0006961134  -0.0004989839
       -0.0001583952   0.0002689972  -0.0000822500  -0.0008140743  -0.0007842532
        0.0003113832   0.0015724526  -0.0030946356   0.0001071842   0.0202070785
       -0.0155279588   0.0119855283   0.0695096666  -0.0712170955   0.0335461550
       -0.0073708929   0.0031542513  -0.0018837450   0.0000312269   0.0000415602
       -0.0000132379   0.0000246543   0.0000684907  -0.0000102954  -0.0001466264
        0.0001307636  -0.0000452081  -0.0000878936   0.0001060820   0.0000774547
        0.0006370575  -0.0001659008  -0.0004566926   0.0001440930  -0.0001824198
        0.0000982158   0.0006644196  -0.0038067287   0.0004083662   0.0013332946
        0.0002782744   0.0004651340  -0.0072557440   0.0046992279  -0.0049168773
       -0.0767812022   0.0856910592  -0.0397604357  -0.0008643796  -0.0004981382
        0.0002473189  -0.0006447352   0.0008384240  -0.0000779983
        0.0002208591  -0.0002583276   0.0002217651   0.0023242216  -0.0000967419
       -0.0008693452   0.0007247744  -0.0004277127  -0.0005395368  -0.0000522983
        0.0014605523   0.0009217534  -0.0834491819   0.0341137920  -0.0877607448
        0.0125719103  -0.0035698882   0.0045446075   0.0002571331  -0.0001167509
        0.0001634767   0.0000136334   0.0000150393   0.0000766775   0.0000827585
       -0.0000259405   0.0001251264   0.0004790167  -0.0004725248  -0.0000716610
        0.0000146963  -0.0000499675   0.0000563613   0.0002703862  -0.0001403775
       -0.0000005943  -0.0000373843   0.0007303326   0.0001973278   0.0004871016
       -0.0005023697   0.0011034750  -0.0281010460   0.0092428396  -0.0194785588
        0.0914041422  -0.0397604357   0.1004107173   0.0008517354   0.0003146536
       -0.0001738599   0.0019375417  -0.0004561724   0.0010730128
        0.0010342236   0.0007646846   0.0008879475   0.0056758995   0.0148075840
        0.0071603276  -0.0015352953   0.0023023722   0.0000905412  -0.0028215950
       -0.0014214663   0.0010095013  -0.0131008919  -0.0178414529  -0.0071904075
       -0.0879310977  -0.0798420472  -0.0511079957   0.0001199223  -0.0000207070
       -0.0001086943  -0.0004973149  -0.0000794914  -0.0001015027  -0.0000148022
        0.0001021351   0.0001773925  -0.0008103336   0.0005598313   0.0000768040
        0.0003765259   0.0005676444  -0.0000384085   0.0000385048   0.0001119010
        0.0000921788  -0.0000772749  -0.0002340589  -0.0000250919   0.0001252154
       -0.0006131623   0.0000070079   0.0010101095  -0.0004369599  -0.0003921313
       -0.0019181157  -0.0008643796   0.0008517354   0.1041142988   0.0900483154
        0.0563985984  -0.0037879786  -0.0079107423  -0.0077878025
       -0.0015241604   0.0017068166  -0.0003866101  -0.0070287146  -0.0221865709
       -0.0115206873   0.0012952567  -0.0041190280   0.0004173638  -0.0007425792
       -0.0013933675   0.0004206176  -0.0060312253  -0.0056386695  -0.0029255811
       -0.0790015014  -0.1739774264  -0.0812464407   0.0002311700  -0.0008360853
        0.0004302900   0.0011860885  -0.0004631529   0.0001538772  -0.0005239029
        0.0001976890  -0.0002928416   0.0004638773  -0.0009989118  -0.0001710726
       -0.0005657058  -0.0007374335  -0.0000177883  -0.0000930512   0.0000409613
        0.0001314118  -0.0000761068  -0.0001344006  -0.0000583757   0.0001067047
       -0.0001588479   0.0000469542   0.0006332716   0.0007045492  -0.0002842515
       -0.0004732939  -0.0004981382   0.0003146536   0.0900483154   0.2025162015
        0.0929439860   0.0020955572   0.0059758150   0.0020444945
        0.0002156351   0.0012655952   0.0009999123  -0.0023467403  -0.0020244513
       -0.0022092452   0.0008792421   0.0002273145  -0.0000485693   0.0017070497
        0.0017984323  -0.0006145788   0.0073963648   0.0098026309   0.0051124383
       -0.0504674124  -0.0837133971  -0.0933870665  -0.0000457986   0.0002021283
       -0.0000494694   0.0000783210  -0.0002494287   0.0006283424  -0.0002247422
        0.0002271230  -0.0001708098   0.0002638414  -0.0005848664  -0.0000149481
       -0.0000362751   0.0000179407   0.0000466921   0.0000097821   0.0000946152
        0.0001544109   0.0001060387   0.0002879816   0.0000692885   0.0000812845
        0.0004588605   0.0000609654   0.0011247100   0.0012328053   0.0012521882
        0.0007629516   0.0002473189  -0.0001738599   0.0563985984   0.0929439860
        0.1074999434  -0.0159028508  -0.0222345890  -0.0191556346
       -0.0031116938   0.0036728023  -0.0013548510  -0.0051937178   0.0063891403
       -0.0139927263  -0.0001423420   0.0003493598  -0.0000434762  -0.0007659375
       -0.0005433046   0.0008590269   0.0009211623  -0.0064143450   0.0216956264
       -0.0560872496   0.0180665603  -0.0558932858  -0.0001631829   0.0000567785
        0.0001061236   0.0001548413   0.0003456946  -0.0001791915  -0.0008261976
        0.0002750422  -0.0007321199  -0.0004752210   0.0004510227  -0.0011361155
        0.0000364883   0.0000872768   0.0000122271   0.0000641568  -0.0000628644
        0.0000115087   0.0000868638  -0.0003904406  -0.0000318909  -0.0000133171
       -0.0001323333   0.0002653057  -0.0026474846  -0.0015553979   0.0029686009
        0.0005870108  -0.0006447352   0.0019375417  -0.0037879786   0.0020955572
       -0.0159028508   0.0713637991  -0.0220458137   0.0614105467
        0.0026120191  -0.0034122695   0.0007524082   0.0086780328  -0.0076113807
        0.0192541694  -0.0000819763  -0.0012403180  -0.0003095120  -0.0005209332
       -0.0007345379   0.0000973533   0.0007558695  -0.0008728760   0.0088785370
        0.0173305495  -0.0655782550   0.0652090874   0.0001476935  -0.0001558587
       -0.0000769669  -0.0000009172  -0.0001566433  -0.0001425215   0.0007231129
        0.0001647471   0.0006638446   0.0004296161   0.0004737844   0.0009785972
       -0.0001081453   0.0000439962  -0.0001008307   0.0000657630  -0.0006171720
        0.0000866671  -0.0000096689   0.0000370259  -0.0000811353  -0.0000232113
       -0.0001819087   0.0001356240  -0.0007373615  -0.0001151012   0.0004323030
        0.0006961134   0.0008384240  -0.0004561724  -0.0079107423   0.0059758150
       -0.0222345890  -0.0220458137   0.0731425286  -0.0730868635
        0.0005933357  -0.0001614912   0.0013786547  -0.0015046388   0.0007851748
       -0.0008124957   0.0000888428  -0.0001198639   0.0002311245   0.0004822038
        0.0002818833  -0.0007503256   0.0020615757   0.0044948579  -0.0160649009
       -0.0585179797   0.0652194074  -0.2384553207   0.0001444825  -0.0001043905
        0.0002760350   0.0000934394   0.0001133957  -0.0000953107   0.0001974704
       -0.0000569766   0.0000810219   0.0006453778  -0.0008683959   0.0013456105
        0.0000920589  -0.0001322166   0.0001543851   0.0000110899  -0.0000839206
        0.0002982450  -0.0000464674   0.0001954768   0.0002328326   0.0000150854
       -0.0000993160  -0.0000065504   0.0025203632   0.0016567428  -0.0014947309
       -0.0004989839  -0.0000779983   0.0010730128  -0.0077878025   0.0020444945
       -0.0191556346   0.0614105467  -0.0730868635   0.2717643474
