           1           2  0.99433129669138942     
           2           3   1.0022041189563042     
           3           4   1.0127580102623479     
           4           5  0.96798687365933445     
           1           7  0.86120904721849800     
           2           8  0.97372390704506773     
           2           9  0.96948556545491860     
           3          10  0.97111725474397503     
           3          11  0.97246976467089352     
           4          12  0.96416625759557517     
           4          13  0.96867688030527421     
           5          14  0.89856274815267190     
           5          15  0.89397313294002856     
           5          16  0.83740607789612953     
