           1           2  0.93257920158158392     
           2           3   1.0027825680821596     
           3           4   1.2921169815287115     
           4           5   1.5633309206689148     
           3           6   1.5250172680708882     
           5           6  0.11611824291545339     
           6           7   1.2785550859924173     
           5           8   1.2753475330699107     
           7           8   1.2590469136507370     
           8           9   1.2742776341697066     
           9          10   1.5638152071416402     
          10          11   1.3161360207121597     
           7          12   1.2727331806303992     
           9          12  0.11901655175464144     
          11          12   1.5640623011165773     
           1          14  0.92162931852617058     
           1          15  0.92027458353345948     
           1          16  0.84768554757151726     
           2          17  0.97024624397567960     
           2          18  0.95878381534685808     
           4          19  0.94468504086516636     
           5          20  0.96615708161264569     
           6          21  0.96618930687567139     
           9          22  0.96819001786696013     
          10          23  0.97051717788544711     
          11          24  0.97069431629234448     
          12          25  0.96890340227492189     
