           1           2  0.94232281074591329     
           2           3   1.0066606267546416     
           3           4   1.0047891786663323     
           4           5   1.4083578765827467     
           5           6   1.4502114210829613     
           4           7  0.10966552473333431     
           6           7   1.4355903911598875     
           5           8  0.11310382539427213     
           7           8   1.4425572209483879     
           4           9   1.4163005897113754     
           6           9  0.10936947417649012     
           8           9   1.4402183786198326     
           1          11  0.92157885145021723     
           1          12  0.91899812667450276     
           1          13  0.84281521820079131     
           2          14  0.97076715721609219     
           2          15  0.96550194744007389     
           3          16  0.94988632731778533     
           3          17  0.96195893701707735     
           5          18  0.96929108577525147     
           6          19  0.97024826170832768     
           7          20  0.97087259836238948     
           8          21  0.97076016294746759     
           9          22  0.96713435537196557     
