$hessian                                                                        
        0.5753436380   0.0149691366   0.0077690490  -0.0713720763  -0.0022666658
        0.0018720610  -0.0027723989   0.0056311154   0.0256038877  -0.0005715506
        0.0002727229   0.0013160393   0.0004287646   0.0008163576  -0.0004240407
       -0.0004546432   0.0001201514  -0.0005322320   0.0013960162   0.0003802130
        0.0007424306  -0.0013520710  -0.0006093130  -0.0003050011   0.0001019466
        0.0003396126  -0.0001826135   0.0002517041   0.0000369807   0.0004342511
       -0.0004242382   0.0005278272   0.0012775323  -0.0083589527   0.0082933381
        0.0024950071  -0.0511839272  -0.0415400442   0.0201453386  -0.1834825780
        0.1155344681   0.0437300493  -0.2552024576  -0.1009907088  -0.0850552185
        0.0001275081   0.0000706036   0.0050589579   0.0006710388  -0.0037194517
       -0.0261974424  -0.0037540729   0.0032878562   0.0021195621   0.0006704027
       -0.0010686652  -0.0001737326   0.0000487855  -0.0000483882   0.0000554928
       -0.0000642312  -0.0000461846   0.0000598012  -0.0000860151   0.0000587309
        0.0000201529  -0.0000033940   0.0000324561   0.0000586764   0.0000052997
        0.0000681430   0.0000827343  -0.0000243986   0.0000589729  -0.0000286694
        0.0000619011  -0.0002092648   0.0000579263
        0.0149691366   0.5823592548  -0.0191277764  -0.0017188146  -0.0735809110
       -0.0107196536   0.0045279505  -0.0038881791  -0.0212207890  -0.0014499463
        0.0003329515  -0.0000738473  -0.0001201392  -0.0000238777   0.0003754240
        0.0001345306   0.0000495806   0.0001005331  -0.0008078375  -0.0003952986
       -0.0003558812   0.0008229681   0.0006141669   0.0002888278  -0.0000803244
       -0.0001273028   0.0001398028   0.0001621041   0.0001265921  -0.0001927220
       -0.0001460458  -0.0002082087  -0.0001015020   0.0079862250  -0.0056851188
       -0.0019662752  -0.0371184988  -0.2714778388   0.1187314331   0.1161716316
       -0.1346058733  -0.0348913929  -0.1054444827  -0.0940803717  -0.0400931574
       -0.0010239167   0.0028244620   0.0267228069  -0.0003303074  -0.0019736686
       -0.0146938741   0.0037762083  -0.0022333807  -0.0016756978  -0.0004471254
        0.0014106705  -0.0009560885   0.0000317535   0.0000501460  -0.0001254404
        0.0000591425   0.0000989098  -0.0000316429  -0.0000376564   0.0001114762
        0.0000472164  -0.0000523366   0.0000773928  -0.0000089402  -0.0000349713
        0.0000701115  -0.0000156157   0.0000706919   0.0000152358   0.0000100426
        0.0001000605   0.0001390792  -0.0001657903
        0.0077690490  -0.0191277764   0.4715569899   0.0021154857  -0.0108359319
       -0.1739297064   0.0089963900  -0.0074823707  -0.0189620096  -0.0024044597
       -0.0005258455   0.0002496878   0.0001660593   0.0001967491  -0.0000544491
       -0.0000056050  -0.0002088492   0.0000913941  -0.0007325447  -0.0004694670
       -0.0002722473   0.0006693862   0.0004793065   0.0005467148  -0.0000445866
       -0.0001834733   0.0000614620   0.0003554486   0.0003607978  -0.0000165911
       -0.0002795178   0.0007073777   0.0001661173   0.0040587420  -0.0033932485
        0.0000418460   0.0187313341   0.1187393710  -0.1081010325   0.0418435498
       -0.0330803747  -0.0510799203  -0.0841204520  -0.0388062875  -0.0787082557
        0.0018021936   0.0000606972  -0.0239440478  -0.0015010102  -0.0041577370
       -0.0197375129   0.0035131406  -0.0025169348   0.0001297146  -0.0009043415
        0.0007314461   0.0015664963  -0.0000946686  -0.0003197672   0.0001025725
        0.0000626308  -0.0000706868  -0.0000570836   0.0000328438   0.0000370820
        0.0000189181  -0.0000458964   0.0000302746  -0.0001104563  -0.0000141970
       -0.0000487812   0.0000058960   0.0000744799   0.0000950109   0.0002215092
       -0.0000434539  -0.0002105813   0.0002139939
       -0.0713720763  -0.0017188146   0.0021154857   0.5007298286   0.0287190937
        0.0326717357  -0.1327124724   0.0620033207   0.0195174082  -0.0355747908
        0.0098095207   0.0017815451   0.0002161946   0.0014848696  -0.0007697869
        0.0001111202  -0.0008435620  -0.0010088589   0.0003581983   0.0002162648
       -0.0000733980  -0.0001940669   0.0000253580   0.0001167729   0.0000582915
        0.0000763945   0.0000252474  -0.0003879131  -0.0014820974  -0.0010385139
       -0.0010134003  -0.0006971341   0.0018680193  -0.0005869342   0.0003382014
        0.0001034263   0.0001123003   0.0005439038   0.0037246449   0.0007422098
        0.0012977052   0.0162294193   0.0022773322  -0.0029542849  -0.0239916983
       -0.0475134089  -0.0246650117   0.0077445934  -0.2132164823  -0.0783677262
       -0.0615654505  -0.0011777057   0.0018540743   0.0020434728  -0.0006958163
        0.0039467118  -0.0000499524  -0.0001354502   0.0003399418   0.0001935609
        0.0001159618  -0.0000182882  -0.0000207597   0.0000062342  -0.0000587442
        0.0000807122   0.0000482758  -0.0000477182   0.0000507412   0.0000193543
       -0.0000634415   0.0000824748  -0.0000162300  -0.0001194285  -0.0000237510
       -0.0001985542   0.0003808915   0.0001929094
       -0.0022666658  -0.0735809110  -0.0108359319   0.0287190937   0.5116129411
       -0.0351144460   0.0538391634  -0.1127027676  -0.0115960127  -0.0012017633
        0.0096783510   0.0032614446  -0.0014251208  -0.0008317269  -0.0001211698
        0.0004982609  -0.0002863683  -0.0000329077   0.0005407706   0.0002645667
        0.0000445185  -0.0006845999  -0.0002206586  -0.0001932363   0.0000380071
        0.0000715123  -0.0000129172  -0.0001456337  -0.0005331147  -0.0003444603
       -0.0004988063  -0.0002392580  -0.0004191098  -0.0001484475  -0.0003879456
        0.0000465054  -0.0008826076   0.0043429624   0.0244208749   0.0005570030
       -0.0010528423  -0.0133108697  -0.0001830450  -0.0012562069  -0.0117765799
       -0.0236096924  -0.2277452787   0.0883869747  -0.0796605153  -0.0805300967
       -0.0245311558   0.0033498149  -0.0032644985  -0.0025437171   0.0235238264
       -0.0231765843  -0.0057115166  -0.0003424730   0.0002481191   0.0002627532
       -0.0000278987   0.0000157120   0.0000664211   0.0000213716  -0.0001029608
        0.0000486739   0.0000879909  -0.0000708297   0.0001326627   0.0000236377
       -0.0000163480   0.0000514708  -0.0000861173  -0.0001817831  -0.0001223613
       -0.0000355537  -0.0000539850  -0.0000559077
        0.0018720610  -0.0107196536  -0.1739297064   0.0326717357  -0.0351144460
        0.4331113346   0.0158942450  -0.0124336218  -0.0620972188  -0.0016992058
        0.0057000183   0.0028983436  -0.0000357821   0.0001719509   0.0003052485
        0.0000202227  -0.0001091828  -0.0003738280   0.0006490033   0.0003281950
        0.0001431792  -0.0006139895  -0.0003131225  -0.0001405024   0.0000362954
        0.0001755667  -0.0000319815  -0.0000765393  -0.0006462801  -0.0007197275
       -0.0009597802  -0.0015237582  -0.0010406614  -0.0019536618   0.0015621633
       -0.0000632617   0.0016523433   0.0035133771  -0.0175894888   0.0057404600
       -0.0054312290  -0.0073104999  -0.0053719851  -0.0042116847  -0.0134334737
        0.0097983512   0.0949615191  -0.0859064012  -0.0673972089  -0.0278592937
       -0.0651942621   0.0193694628  -0.0172177061  -0.0105088725  -0.0095273136
        0.0082687767   0.0022771288   0.0001627209   0.0004795174  -0.0001432749
       -0.0000683028   0.0000596729   0.0000472851   0.0000075199  -0.0000305322
       -0.0000090980   0.0000334706  -0.0000262507   0.0000781981  -0.0000187196
        0.0000205540  -0.0000362365  -0.0000993530  -0.0000453834  -0.0001917874
       -0.0000860503   0.0004408332  -0.0001404354
       -0.0027723989   0.0045279505   0.0089963900  -0.1327124724   0.0538391634
        0.0158942450   0.4499775681   0.0207543416   0.0086336572  -0.1739500836
       -0.0521275186  -0.0370212701  -0.0180909755  -0.0131271009  -0.0000213385
        0.0027485005  -0.0032443842   0.0007036593  -0.0007236254  -0.0002179515
       -0.0006511327  -0.0000496509   0.0004540612   0.0004044315  -0.0001535977
        0.0001431271   0.0000268458   0.0015909683  -0.0001230760  -0.0038348940
       -0.0191189791  -0.0061940618  -0.0118467816  -0.0002486210   0.0001968517
        0.0001028121   0.0004167775  -0.0002147823  -0.0003461516   0.0009835210
       -0.0009100064   0.0000092309   0.0000344460  -0.0006088728  -0.0001873838
        0.0002678932   0.0027308085  -0.0003624310  -0.0240276053   0.0155688210
        0.0049175468  -0.0386400183  -0.0009034685   0.0031217806  -0.0441824179
       -0.0224414842   0.0097899125  -0.0002296397   0.0018375242   0.0000697947
       -0.0005006884  -0.0002538249  -0.0002715844  -0.0000898533   0.0000974956
        0.0000099302  -0.0000391389   0.0001151314   0.0000200498  -0.0000593980
        0.0000338760  -0.0000340812  -0.0006371025  -0.0002766691  -0.0001401639
        0.0002065923   0.0003440489   0.0020169266
        0.0056311154  -0.0038881791  -0.0074823707   0.0620033207  -0.1127027676
       -0.0124336218   0.0207543416   0.4994027876  -0.0179293536  -0.0605681336
       -0.0877234712  -0.0136782417  -0.0225338165  -0.0128930381  -0.0045199327
       -0.0035468825  -0.0000568173   0.0050179442  -0.0004646915  -0.0003078665
        0.0002168135   0.0005761679  -0.0002192956  -0.0003943272   0.0000305183
       -0.0002810925  -0.0001527497  -0.0009418884   0.0027417938   0.0036314092
        0.0046144147   0.0024991305   0.0008591712  -0.0000576157  -0.0000636640
       -0.0000152061  -0.0009610191   0.0012562939   0.0001787301  -0.0000953973
        0.0005382929  -0.0007649251   0.0003280661   0.0002856100   0.0001176665
        0.0215366819  -0.0206725032  -0.0048483011  -0.0058548754   0.0054295531
        0.0015903246  -0.0002718348  -0.0507114341  -0.0362160168  -0.0219611902
       -0.2217915163   0.0883504689   0.0004459294  -0.0004878519  -0.0017320599
       -0.0010966581  -0.0003559753  -0.0001242109  -0.0000258955  -0.0000186468
       -0.0000473949  -0.0000847413   0.0000257170   0.0000344082   0.0001054031
        0.0000317364  -0.0000091558   0.0002822927   0.0002519673   0.0003188765
        0.0021563881  -0.0002887629   0.0000320550
        0.0256038877  -0.0212207890  -0.0189620096   0.0195174082  -0.0115960127
       -0.0620972188   0.0086336572  -0.0179293536   0.5149710336  -0.0385806788
       -0.0125876692  -0.0742001733   0.0121284135   0.0049471321   0.0034103106
        0.0000756543   0.0043715073   0.0005410870  -0.0001799721   0.0004617695
       -0.0003886390   0.0001067346  -0.0005849398  -0.0002106935   0.0001633305
       -0.0000915256  -0.0002180637  -0.0040561433   0.0043828449  -0.0012379556
       -0.0237758330  -0.0081873712  -0.0092810141   0.0004662068  -0.0002957563
        0.0000097301  -0.0001214492  -0.0009872513   0.0009321948  -0.0012045287
        0.0004521136  -0.0052017384   0.0009556708   0.0004264227   0.0008243266
       -0.0077886940   0.0059721766   0.0030712132  -0.0040125962   0.0035760945
        0.0019926886   0.0007277425  -0.0368984526  -0.2638541086   0.0106824933
        0.0883071214  -0.0898867644   0.0015810917  -0.0006195899  -0.0000116833
        0.0006116387   0.0004201278   0.0001341390  -0.0000090267   0.0000362387
       -0.0000310131  -0.0000743089  -0.0000762946  -0.0001908273   0.0000219096
       -0.0000494477  -0.0000209541  -0.0011717842  -0.0002507273  -0.0002038629
       -0.0003008240  -0.0019783683   0.0001099961
       -0.0005715506  -0.0014499463  -0.0024044597  -0.0355747908  -0.0012017633
       -0.0016992058  -0.1739500836  -0.0605681336  -0.0385806788   0.5226925409
        0.1572121219   0.1339286209  -0.1161839797  -0.1017760945   0.0643880276
       -0.0246732827  -0.0260220969   0.0098029269   0.0027686487   0.0056128044
        0.0015200055  -0.0008582390  -0.0004657538  -0.0005223213  -0.0000079596
       -0.0001744978  -0.0000785920  -0.0324593236  -0.0021281431  -0.0264586444
       -0.1322272379   0.0438680442  -0.1269994076   0.0001068020  -0.0000776433
       -0.0000243063  -0.0001724858  -0.0000190112   0.0003137611  -0.0000266536
        0.0001523905  -0.0001956018   0.0022062395   0.0003078315   0.0000574671
        0.0010266413  -0.0004414246  -0.0002951528  -0.0037610172   0.0022215448
        0.0009908980  -0.0064392807  -0.0027329978  -0.0076242365  -0.0076623073
       -0.0072948168   0.0005828583   0.0053614492   0.0092033737  -0.0083327456
       -0.0022384546  -0.0047894378  -0.0034222227   0.0000768958   0.0000883643
       -0.0000602611  -0.0000497735  -0.0000307516   0.0000788922   0.0000682842
       -0.0000812343   0.0000518653  -0.0021854389  -0.0047509346  -0.0035135823
        0.0047343576  -0.0046617940   0.0084960960
        0.0002727229   0.0003329515  -0.0005258455   0.0098095207   0.0096783510
        0.0057000183  -0.0521275186  -0.0877234712  -0.0125876692   0.1572121219
        0.4172404675  -0.2013321405  -0.0602004198  -0.1975287843   0.1277339153
       -0.0592268649  -0.0235684214  -0.0222657479   0.0056922452  -0.0271907363
        0.0305237297   0.0000108714   0.0002885096  -0.0004143959  -0.0003053534
        0.0003600305  -0.0005340378   0.0298976955   0.0309016251  -0.0101946678
        0.0003460188  -0.0954484636   0.0598325283   0.0001279827  -0.0001992567
       -0.0002026183  -0.0001092502  -0.0003926837   0.0002868776  -0.0002915785
        0.0004566994   0.0004218258  -0.0001666035   0.0002902900   0.0002525925
        0.0005849814   0.0008694978   0.0002306293   0.0033827327  -0.0016192704
       -0.0011381199  -0.0062036972  -0.0010763817  -0.0032951895  -0.0249884609
       -0.0147583760  -0.0043441208  -0.0031335936  -0.0084685609   0.0084363300
       -0.0043350088   0.0036274406   0.0018055294  -0.0000431017   0.0000214823
       -0.0001396408   0.0002897745   0.0003722307   0.0001176036   0.0004090774
        0.0000741443  -0.0001360936  -0.0049978653   0.0032609539   0.0015316790
        0.0080935711  -0.0098002681   0.0202370287
        0.0013160393  -0.0000738473   0.0002496878   0.0017815451   0.0032614446
        0.0028983436  -0.0370212701  -0.0136782417  -0.0742001733   0.1339286209
       -0.2013321405   0.4989878963   0.0133132513   0.0906564086  -0.1473437491
        0.0500465848   0.0069115821   0.0363112560   0.0007739569   0.0303229437
       -0.0424478146  -0.0003966928  -0.0005119360   0.0001965421   0.0001857645
       -0.0004493115   0.0008345480  -0.0655854153  -0.0388028994  -0.0096706390
       -0.0761823408   0.0982967453  -0.2322419076   0.0000787548  -0.0001462559
        0.0001036898   0.0002214991   0.0000112390   0.0000128599  -0.0000533961
        0.0002488044   0.0001035113   0.0001793423  -0.0003832287   0.0002321842
       -0.0004625445   0.0003303392  -0.0001477301   0.0009534543  -0.0007001738
        0.0003460305  -0.0271857113  -0.0123605610  -0.0114780501   0.0106539529
        0.0067177680   0.0032135561   0.0074610455   0.0201536700  -0.0164246874
       -0.0038174608   0.0014930691   0.0030450217   0.0001404538   0.0000308389
        0.0001150730  -0.0002798078  -0.0004656334  -0.0000310090  -0.0005301293
       -0.0002032455   0.0001238636  -0.0029586165   0.0019077367   0.0033492794
       -0.0065608800   0.0087648851  -0.0161375834
        0.0004287646  -0.0001201392   0.0001660593   0.0002161946  -0.0014251208
       -0.0000357821  -0.0180909755  -0.0225338165   0.0121284135  -0.1161839797
       -0.0602004198   0.0133132513   0.5509897235   0.1832455616   0.1612384693
       -0.2782271336  -0.1302970395  -0.0490807339  -0.0312220087   0.0304017748
       -0.0625561077   0.0015648579  -0.0013349123  -0.0024520236  -0.0000613354
       -0.0010300394   0.0005622144  -0.0336502478  -0.0282466786   0.0078498940
        0.0418373395   0.0056220980   0.0291671146   0.0000451497  -0.0001795514
        0.0000862870  -0.0001429591   0.0000709389  -0.0000217712  -0.0000641617
        0.0000142622  -0.0000823839  -0.0003680292   0.0002836522   0.0001446004
        0.0001000005  -0.0002679070   0.0000316041  -0.0001612830   0.0001363945
        0.0000557291   0.0001476150  -0.0004342100   0.0015175234  -0.0040524842
       -0.0027894560  -0.0010104930  -0.1003643315   0.0385495766  -0.1049956174
       -0.0126273196  -0.0078323517  -0.0020370050   0.0001602780   0.0000655213
        0.0000599939  -0.0007829736  -0.0002806103  -0.0001478601  -0.0003151893
       -0.0001923621   0.0000000120  -0.0001323427  -0.0004594757   0.0007305532
        0.0009568314  -0.0007656899  -0.0046319416
        0.0008163576  -0.0000238777   0.0001967491   0.0014848696  -0.0008317269
        0.0001719509  -0.0131271009  -0.0128930381   0.0049471321  -0.1017760945
       -0.1975287843   0.0906564086   0.1832455616   0.4140470192  -0.2031050981
       -0.0878817287  -0.1127437343   0.0086164217  -0.0005903854   0.0307668206
       -0.0411638758  -0.0000939657   0.0016960806   0.0057016832  -0.0009118566
       -0.0001832072   0.0004706231  -0.0309552420  -0.0287225492   0.0034839367
        0.0365812926  -0.0155232332   0.0533090807   0.0002307258  -0.0001165478
       -0.0002211396  -0.0001172463  -0.0000119795   0.0001191517  -0.0002372154
        0.0001610258   0.0002845255  -0.0007848407   0.0001870375   0.0005426165
        0.0002354200  -0.0001745209  -0.0003214705   0.0002458370   0.0001242348
       -0.0001363448   0.0007354243   0.0006690644   0.0013647758  -0.0026608361
       -0.0011638987  -0.0000465645   0.0384283449  -0.0683175071   0.0754167811
       -0.0207249192  -0.0113981301  -0.0042369377   0.0000533545   0.0000294333
       -0.0001073095  -0.0001356113  -0.0001114627   0.0001339369  -0.0005692866
       -0.0005776570  -0.0003385536  -0.0002888545  -0.0002884706   0.0000063574
       -0.0012020041   0.0029296090   0.0042551628
       -0.0004240407   0.0003754240  -0.0000544491  -0.0007697869  -0.0001211698
        0.0003052485  -0.0000213385  -0.0045199327   0.0034103106   0.0643880276
        0.1277339153  -0.1473437491   0.1612384693  -0.2031050981   0.4998300099
       -0.1003939857  -0.0283066972  -0.0951643768  -0.0244182395  -0.0133345123
       -0.0074523438  -0.0042385002   0.0044303750  -0.0028378815   0.0003854631
        0.0002750756   0.0006714641   0.0107921164   0.0055186001  -0.0006988460
       -0.0085887180   0.0260937419  -0.0376051609  -0.0001280699   0.0001754091
       -0.0000269413   0.0000787299   0.0000352874  -0.0001922205   0.0001796200
       -0.0002148173   0.0000096291   0.0005610146  -0.0001007138  -0.0002692050
       -0.0005485009   0.0001214922   0.0004337045  -0.0002483039   0.0000892214
        0.0000758087  -0.0009793336  -0.0008712883   0.0006743687  -0.0022709120
       -0.0009739872   0.0001546735  -0.1049153573   0.0751911409  -0.2157642543
        0.0138661070   0.0071619448   0.0035514323   0.0000915722  -0.0000267067
        0.0001238279   0.0004142977  -0.0000465876  -0.0001261544  -0.0002482052
        0.0000277529  -0.0000905292   0.0003724324  -0.0002524899   0.0004921297
       -0.0041745579   0.0046446201  -0.0021064958
       -0.0004546432   0.0001345306  -0.0000056050   0.0001111202   0.0004982609
        0.0000202227   0.0027485005  -0.0035468825   0.0000756543  -0.0246732827
       -0.0592268649   0.0500465848  -0.2782271336  -0.0878817287  -0.1003939857
        0.5443854583   0.2013579105   0.1377030882  -0.1239446553  -0.0026598192
       -0.0599104603  -0.0298208320   0.0015551166  -0.0325655031  -0.0010629824
        0.0026584933  -0.0023759483   0.0417623256   0.0343312341  -0.0060755134
       -0.0388161495   0.0006979101  -0.0319256611  -0.0000715198   0.0001746857
        0.0001052531   0.0001964251   0.0000400345  -0.0001419987   0.0002655443
       -0.0001141488  -0.0001265885   0.0003595291  -0.0003581244  -0.0000607631
       -0.0000802844   0.0001614658  -0.0000016377   0.0001647109   0.0000543770
        0.0000389819  -0.0001724094   0.0001517838  -0.0004915976  -0.0009260232
       -0.0001256899  -0.0002175643  -0.0152046292  -0.0057287408  -0.0067481896
       -0.0777294215  -0.0784860489   0.0544232548   0.0003227111   0.0003632711
       -0.0006022741   0.0001892415  -0.0000947541   0.0002273587  -0.0000840258
       -0.0000376914  -0.0002441202   0.0009833945  -0.0042778754  -0.0002537922
       -0.0002209691   0.0003592949  -0.0004991955
        0.0001201514   0.0000495806  -0.0002088492  -0.0008435620  -0.0002863683
       -0.0001091828  -0.0032443842  -0.0000568173   0.0043715073  -0.0260220969
       -0.0235684214   0.0069115821  -0.1302970395  -0.1127437343  -0.0283066972
        0.2013579105   0.4231255631  -0.2041206543   0.0384544056  -0.0999723670
        0.0926056593  -0.0095820185   0.0058930654  -0.0097345976   0.0002606871
        0.0004806090  -0.0027373567   0.0079571112  -0.0127146509   0.0237672982
       -0.0021110963  -0.0001616959  -0.0058597548   0.0001340883   0.0000486878
       -0.0002383598   0.0000376389  -0.0000211364   0.0000155201  -0.0002018913
       -0.0000755495   0.0001453581  -0.0002010681  -0.0002100756   0.0001698040
       -0.0001625718  -0.0001092299   0.0000037718  -0.0001020898   0.0000777403
        0.0000267257   0.0005267197   0.0000258028   0.0003808048  -0.0005567608
       -0.0003159484  -0.0000805110   0.0073471826   0.0037659818   0.0024193530
       -0.0786444847  -0.1840417241   0.1158138146  -0.0003289623   0.0000854561
        0.0001969412  -0.0000898359   0.0000078427  -0.0006252344  -0.0000660419
        0.0004355975   0.0004304638  -0.0040120770  -0.0001011314   0.0052857152
        0.0002700859   0.0003829233  -0.0005231215
       -0.0005322320   0.0001005331   0.0000913941  -0.0010088589  -0.0000329077
       -0.0003738280   0.0007036593   0.0050179442   0.0005410870   0.0098029269
       -0.0222657479   0.0363112560  -0.0490807339   0.0086164217  -0.0951643768
        0.1377030882  -0.2041206543   0.4778939900  -0.1105307002   0.0563206076
       -0.2167952623  -0.0184080254   0.0002599335  -0.0118996935   0.0004485385
       -0.0006144747  -0.0006922945   0.0261306406   0.0470348563  -0.0332282904
       -0.0284574543  -0.0035287751  -0.0244727015  -0.0001380872   0.0001586563
       -0.0000030618   0.0000765546   0.0000094080  -0.0001659682   0.0002807759
       -0.0002689426  -0.0001932722   0.0004720897  -0.0002032959  -0.0002165751
        0.0001013778  -0.0000660708  -0.0001398551  -0.0001288977   0.0001289558
       -0.0000290468   0.0001613045   0.0001891098  -0.0001187058   0.0008282851
        0.0007061130   0.0001769282  -0.0225032386  -0.0088761679  -0.0082292773
        0.0546193282   0.1161117176  -0.1239841839   0.0002699245   0.0008300275
       -0.0002965019  -0.0004464820   0.0003653155   0.0003748565   0.0004573735
       -0.0005205172   0.0001980356  -0.0004788817   0.0050315324   0.0003793857
       -0.0003422752  -0.0003835783   0.0000359620
        0.0013960162  -0.0008078375  -0.0007325447   0.0003581983   0.0005407706
        0.0006490033  -0.0007236254  -0.0004646915  -0.0001799721   0.0027686487
        0.0056922452   0.0007739569  -0.0312220087  -0.0005903854  -0.0244182395
       -0.1239446553   0.0384544056  -0.1105307002   0.4556408370   0.1359933055
        0.1130298909  -0.1601235506  -0.0456849377  -0.0459782648  -0.0227535412
       -0.0183124472   0.0051341856  -0.1085966764  -0.0888050683   0.0572723201
       -0.0234847266  -0.0242816397   0.0111940168   0.0009688600  -0.0007127627
       -0.0003569469  -0.0003684877   0.0000497966   0.0003093867  -0.0013046352
        0.0011069801   0.0005662096  -0.0008883433   0.0003248944   0.0006199483
       -0.0002400536   0.0000360480  -0.0000502659   0.0003410534  -0.0000218567
       -0.0000735514   0.0003597790   0.0001723290   0.0003233951   0.0003580975
        0.0003522643  -0.0000811476  -0.0018983098  -0.0046581909  -0.0035693445
        0.0072796194  -0.0036969363   0.0095566877  -0.0015584763  -0.0027441279
        0.0013442670   0.0013915879   0.0029173874  -0.0001875874   0.0016588025
       -0.0001060034  -0.0020346563   0.0066248274   0.0101508523  -0.0089660581
       -0.0020392373  -0.0049043938  -0.0036139885
        0.0003802130  -0.0003952986  -0.0004694670   0.0002162648   0.0002645667
        0.0003281950  -0.0002179515  -0.0003078665   0.0004617695   0.0056128044
       -0.0271907363   0.0303229437   0.0304017748   0.0307668206  -0.0133345123
       -0.0026598192  -0.0999723670   0.0563206076   0.1359933055   0.4051876844
       -0.2050090284  -0.0310269105  -0.0741173801   0.0085517525  -0.0278539453
       -0.0171008082  -0.0066177125  -0.0497132711  -0.1852899702   0.1189960243
       -0.0549848706  -0.0217759650  -0.0244686123   0.0002787998  -0.0003341463
       -0.0002480662  -0.0000763104   0.0000084022   0.0001031210  -0.0005716582
        0.0002751039   0.0000686767  -0.0000537798   0.0000773700   0.0001843535
       -0.0001248538   0.0000195197  -0.0000852253   0.0002265971  -0.0001454473
       -0.0000775318   0.0004134900  -0.0000906144   0.0000801822   0.0001039710
        0.0001455592  -0.0000055337  -0.0051373307   0.0032426307   0.0018169982
        0.0091647836  -0.0087614446   0.0203761577  -0.0024177316  -0.0035111546
        0.0027578892  -0.0013601389   0.0009970772  -0.0002255822   0.0011689011
        0.0011900564  -0.0009513270  -0.0035883666  -0.0071325232   0.0088293710
       -0.0041739668   0.0039509316   0.0022945567
        0.0007424306  -0.0003558812  -0.0002722473  -0.0000733980   0.0000445185
        0.0001431792  -0.0006511327   0.0002168135  -0.0003886390   0.0015200055
        0.0305237297  -0.0424478146  -0.0625561077  -0.0411638758  -0.0074523438
       -0.0599104603   0.0926056593  -0.2167952623   0.1130298909  -0.2050090284
        0.4873874574  -0.0639597057  -0.0045118157  -0.0954225816   0.0161221688
        0.0016317844   0.0098797721   0.0105184845   0.0852142103  -0.1461846697
        0.0481824194   0.0022958771   0.0368258681   0.0002756496  -0.0003000472
       -0.0002260385  -0.0001916627   0.0000224869   0.0000717711  -0.0004773037
        0.0003967935  -0.0000383822  -0.0005702041   0.0002815376   0.0002605280
        0.0000356488  -0.0001414069  -0.0000967703   0.0000559566  -0.0000358298
       -0.0001243100  -0.0000943885  -0.0000797244   0.0002649854   0.0002247863
        0.0000420692  -0.0000517656  -0.0027209690   0.0023100311   0.0033168115
       -0.0059621078   0.0091124160  -0.0149037948   0.0011034464   0.0025641361
       -0.0016269729  -0.0001271461   0.0006266939   0.0007009353   0.0018037734
        0.0010075798   0.0002073116   0.0079151018   0.0209678050  -0.0159477114
       -0.0042351764   0.0017334672   0.0029206843
       -0.0013520710   0.0008229681   0.0006693862  -0.0001940669  -0.0006845999
       -0.0006139895  -0.0000496509   0.0005761679   0.0001067346  -0.0008582390
        0.0000108714  -0.0003966928   0.0015648579  -0.0000939657  -0.0042385002
       -0.0298208320  -0.0095820185  -0.0184080254  -0.1601235506  -0.0310269105
       -0.0639597057   0.2982404225   0.1280563434   0.0393359180  -0.0751192123
       -0.0385049983   0.0244182674  -0.0261750452  -0.0202652220   0.0004372661
        0.0036494273  -0.0014405259   0.0006019103  -0.0010448193   0.0006821468
        0.0002011327   0.0004142379  -0.0000508101  -0.0003444326   0.0012908808
       -0.0010683959  -0.0005155831   0.0005579837  -0.0004309382  -0.0006478892
        0.0003144567  -0.0001523812  -0.0000289547  -0.0002390547  -0.0000298747
        0.0000616102  -0.0001464130  -0.0000386127  -0.0001036977  -0.0000844303
       -0.0001457810   0.0001224730  -0.0010918758  -0.0004094065  -0.0002053967
       -0.0004573744  -0.0002816563   0.0013904293  -0.0142036664  -0.0238940796
        0.0164709098   0.0096643499   0.0056369013  -0.0082809726  -0.0043323688
       -0.0091521421   0.0133632450  -0.0000551272   0.0016072886   0.0006649473
       -0.0003488190  -0.0001403685  -0.0001003899
       -0.0006093130   0.0006141669   0.0004793065   0.0000253580  -0.0002206586
       -0.0003131225   0.0004540612  -0.0002192956  -0.0005849398  -0.0004657538
        0.0002885096  -0.0005119360  -0.0013349123   0.0016960806   0.0044303750
        0.0015551166   0.0058930654   0.0002599335  -0.0456849377  -0.0741173801
       -0.0045118157   0.1280563434   0.2692204439  -0.1214051863  -0.0274084692
       -0.1383422166   0.0821375449  -0.0316766447  -0.0160566676  -0.0054108607
       -0.0014629204  -0.0001283197   0.0047877517  -0.0000882590   0.0007001822
        0.0005491729   0.0001832508  -0.0000334616  -0.0002285450   0.0005000293
       -0.0006101855  -0.0002726932   0.0002874373  -0.0003900822  -0.0002370026
        0.0000909953   0.0002417279   0.0001175870  -0.0001550956   0.0003193754
        0.0000582891  -0.0003655842   0.0002178698  -0.0003088384  -0.0001935148
        0.0000939765  -0.0001297015   0.0004158490   0.0001144322   0.0000586246
       -0.0004598286  -0.0010638661  -0.0009721608  -0.0089493089  -0.0110083309
        0.0057995919  -0.0091966547  -0.0379843366   0.0262457989  -0.0038331762
        0.0016901795   0.0123488344   0.0014962793  -0.0003847559  -0.0020938905
       -0.0011803471  -0.0005304527  -0.0002921176
       -0.0003050011   0.0002888278   0.0005467148   0.0001167729  -0.0001932363
       -0.0001405024   0.0004044315  -0.0003943272  -0.0002106935  -0.0005223213
       -0.0004143959   0.0001965421  -0.0024520236   0.0057016832  -0.0028378815
       -0.0325655031  -0.0097345976  -0.0118996935  -0.0459782648   0.0085517525
       -0.0954225816   0.0393359180  -0.1214051863   0.2582648389   0.0115731755
        0.0725536880  -0.1286434389   0.0134344838   0.0042752412   0.0092106033
        0.0006000352   0.0048811561  -0.0004323070  -0.0000976038   0.0002642770
        0.0005548637   0.0001587328   0.0000014302   0.0000487789   0.0003433402
       -0.0002860363  -0.0001573468   0.0002003556  -0.0000877766  -0.0002043805
        0.0000207857  -0.0000732074   0.0000987640  -0.0001367838  -0.0000269119
        0.0002632746  -0.0002123669  -0.0000030820   0.0000372653  -0.0001492582
       -0.0001121259   0.0001680873  -0.0013634927  -0.0007816762  -0.0005956543
        0.0015421068  -0.0009108527   0.0007742031  -0.0018518545  -0.0074730236
        0.0077049887  -0.0003278719   0.0155711750  -0.0060020566   0.0165900666
        0.0310702117  -0.0316382767   0.0007242729  -0.0019032070   0.0000467081
        0.0009178683   0.0006402001   0.0002691807
        0.0001019466  -0.0000803244  -0.0000445866   0.0000582915   0.0000380071
        0.0000362954  -0.0001535977   0.0000305183   0.0001633305  -0.0000079596
       -0.0003053534   0.0001857645  -0.0000613354  -0.0009118566   0.0003854631
       -0.0010629824   0.0002606871   0.0004485385  -0.0227535412  -0.0278539453
        0.0161221688  -0.0751192123  -0.0274084692   0.0115731755   0.5141302015
       -0.0144408550   0.0292896304  -0.0033119682  -0.0015350354  -0.0024706756
       -0.0011374295  -0.0019410366   0.0002766192   0.0000609259  -0.0001279856
        0.0000078116  -0.0000222884  -0.0000238719   0.0000420472  -0.0000925584
        0.0001543176   0.0000754361  -0.0000934503  -0.0000322559   0.0000621193
       -0.0000504743   0.0000065462  -0.0000010979   0.0000072523  -0.0000121156
        0.0000099069   0.0000799814   0.0000398400   0.0000426050   0.0000152369
        0.0000263280  -0.0000212706   0.0001487528  -0.0000271041   0.0000950512
       -0.0023346773  -0.0014681357  -0.0002854167  -0.2184206154  -0.0531131592
       -0.0883662824  -0.1411378262   0.1131019894   0.0008046776  -0.0484118077
        0.0156992764   0.0318202050  -0.0000530244  -0.0000155878  -0.0001589786
       -0.0003778401  -0.0000604184  -0.0000925374
        0.0003396126  -0.0001273028  -0.0001834733   0.0000763945   0.0000715123
        0.0001755667   0.0001431271  -0.0002810925  -0.0000915256  -0.0001744978
        0.0003600305  -0.0004493115  -0.0010300394  -0.0001832072   0.0002750756
        0.0026584933   0.0004806090  -0.0006144747  -0.0183124472  -0.0171008082
        0.0016317844  -0.0385049983  -0.1383422166   0.0725536880  -0.0144408550
        0.4563130180   0.0409325452  -0.0023961196   0.0001135934  -0.0003065575
       -0.0007197100  -0.0004813750   0.0015544839   0.0002130420  -0.0000196254
       -0.0000795838  -0.0001186471  -0.0000068587   0.0000606727  -0.0004295309
        0.0000519793   0.0000349165  -0.0001543521   0.0001413473   0.0000609575
       -0.0000326241  -0.0000061783  -0.0000357964   0.0000571318  -0.0000340201
       -0.0000380628  -0.0000007516  -0.0000583432   0.0000468576   0.0000129905
       -0.0000210638   0.0000117442   0.0000772738  -0.0000262435   0.0001688012
       -0.0001249545  -0.0002786918   0.0002470792  -0.0562849211  -0.0606311442
       -0.0302341841   0.1148331215  -0.1681998320  -0.0056812014   0.0145466870
       -0.0717836545  -0.0797615556  -0.0001579271   0.0001460777  -0.0000794663
       -0.0000754982  -0.0000965098  -0.0001989798
       -0.0001826135   0.0001398028   0.0000614620   0.0000252474  -0.0000129172
       -0.0000319815   0.0000268458  -0.0001527497  -0.0002180637  -0.0000785920
       -0.0005340378   0.0008345480   0.0005622144   0.0004706231   0.0006714641
       -0.0023759483  -0.0027373567  -0.0006922945   0.0051341856  -0.0066177125
        0.0098797721   0.0244182674   0.0821375449  -0.1286434389   0.0292896304
        0.0409325452   0.4767930587  -0.0015313933   0.0004423339  -0.0002315051
       -0.0008764642   0.0004640486  -0.0000601570  -0.0000944860   0.0001552354
       -0.0000336580   0.0000994589   0.0000496240  -0.0000312864   0.0001931885
       -0.0001562183  -0.0000912616   0.0001496191  -0.0000264722  -0.0000552103
        0.0000079327  -0.0000683241   0.0000118603  -0.0000396414  -0.0000602641
        0.0000278435  -0.0000829728  -0.0000676684  -0.0000376286  -0.0000273813
       -0.0000339819   0.0000462167  -0.0000331626   0.0000618081  -0.0000224675
       -0.0019493215  -0.0009311223  -0.0005618249  -0.0844745839  -0.0274212984
       -0.0858348165   0.0010726171  -0.0051011292  -0.0414624967   0.0308546206
       -0.0807607234  -0.2304359909   0.0000053173   0.0000173536   0.0001403527
       -0.0000925843  -0.0001889431  -0.0000224963
        0.0002517041   0.0001621041   0.0003554486  -0.0003879131  -0.0001456337
       -0.0000765393   0.0015909683  -0.0009418884  -0.0040561433  -0.0324593236
        0.0298976955  -0.0655854153  -0.0336502478  -0.0309552420   0.0107921164
        0.0417623256   0.0079571112   0.0261306406  -0.1085966764  -0.0497132711
        0.0105184845  -0.0261750452  -0.0316766447   0.0134344838  -0.0033119682
       -0.0023961196  -0.0015313933   0.5599305150   0.1825859672   0.1732669763
       -0.2811372523  -0.1318710957  -0.0508763705  -0.0000747467   0.0001014824
        0.0001213353  -0.0000416295  -0.0000211319  -0.0000047177   0.0001737293
       -0.0001805186   0.0000314094  -0.0006113538   0.0002364428  -0.0001154057
        0.0001482062  -0.0002302862   0.0000228873  -0.0000442376   0.0000474687
        0.0000986574  -0.0016157188  -0.0003295674  -0.0003381850   0.0000396930
       -0.0000729231   0.0001804174  -0.0001333272  -0.0003878741   0.0005649974
        0.0003888189  -0.0009489901  -0.0045370922  -0.0001426146  -0.0010425874
        0.0008817924  -0.0003474925  -0.0007627924  -0.0000206539  -0.0005372578
       -0.0001370207   0.0002179208  -0.1019045200   0.0384807725  -0.1073929606
       -0.0131146355  -0.0076554574  -0.0020826907
        0.0000369807   0.0001265921   0.0003607978  -0.0014820974  -0.0005331147
       -0.0006462801  -0.0001230760   0.0027417938   0.0043828449  -0.0021281431
        0.0309016251  -0.0388028994  -0.0282466786  -0.0287225492   0.0055186001
        0.0343312341  -0.0127146509   0.0470348563  -0.0888050683  -0.1852899702
        0.0852142103  -0.0202652220  -0.0160566676   0.0042752412  -0.0015350354
        0.0001135934   0.0004423339   0.1825859672   0.3994423254  -0.1916875833
       -0.0901466359  -0.1134491574   0.0082511330  -0.0000885055   0.0000951729
        0.0001851106   0.0000994284  -0.0000798443  -0.0001085007   0.0002197786
       -0.0003297247  -0.0003527310  -0.0002738061   0.0000199192  -0.0002905001
        0.0000942729  -0.0001921470   0.0000083982  -0.0002702698   0.0000920427
        0.0001198054   0.0005498832   0.0002892834   0.0004969612   0.0000814515
       -0.0000467898   0.0001439470  -0.0002295336  -0.0003078274  -0.0002121055
       -0.0012200466   0.0025505625   0.0040494520   0.0000680647  -0.0000927986
        0.0005363867  -0.0002748242  -0.0005140658  -0.0001152239  -0.0007329238
       -0.0003985990   0.0004218094   0.0385918869  -0.0667297921   0.0751270985
       -0.0208370818  -0.0109152119  -0.0043531625
        0.0004342511  -0.0001927220  -0.0000165911  -0.0010385139  -0.0003444603
       -0.0007197275  -0.0038348940   0.0036314092  -0.0012379556  -0.0264586444
       -0.0101946678  -0.0096706390   0.0078498940   0.0034839367  -0.0006988460
       -0.0060755134   0.0237672982  -0.0332282904   0.0572723201   0.1189960243
       -0.1461846697   0.0004372661  -0.0054108607   0.0092106033  -0.0024706756
       -0.0003065575  -0.0002315051   0.1732669763  -0.1916875833   0.4966096559
       -0.1008701587  -0.0278792510  -0.0963096785   0.0001229699  -0.0001329409
        0.0001343741  -0.0002128324  -0.0000524527  -0.0000497629  -0.0002658999
        0.0001142713  -0.0002563420  -0.0004183058   0.0001213230   0.0000531318
       -0.0000373559  -0.0000348156  -0.0000945234  -0.0002299403   0.0002176125
        0.0000673666  -0.0001250092  -0.0001319641  -0.0001006767   0.0002159433
        0.0002396644  -0.0001008840   0.0004028215  -0.0003477071   0.0004935838
       -0.0041754654   0.0043087348  -0.0020640081  -0.0004413665  -0.0003854078
        0.0004381881   0.0002040935   0.0004063808  -0.0001060434   0.0001450454
        0.0000584498  -0.0000372282  -0.1076729838   0.0748884799  -0.2196810352
        0.0139759782   0.0068678057   0.0037815033
       -0.0004242382  -0.0001460458  -0.0002795178  -0.0010134003  -0.0004988063
       -0.0009597802  -0.0191189791   0.0046144147  -0.0237758330  -0.1322272379
        0.0003460188  -0.0761823408   0.0418373395   0.0365812926  -0.0085887180
       -0.0388161495  -0.0021110963  -0.0284574543  -0.0234847266  -0.0549848706
        0.0481824194   0.0036494273  -0.0014629204   0.0006000352  -0.0011374295
       -0.0007197100  -0.0008764642  -0.2811372523  -0.0901466359  -0.1008701587
        0.5477716059   0.1952684961   0.1467319128   0.0001172443   0.0000596996
       -0.0001422540  -0.0000348160   0.0001015846  -0.0001691601   0.0000238153
       -0.0000328932  -0.0000862327   0.0005755937  -0.0001845568   0.0003967412
       -0.0001968254   0.0000444557   0.0000338489  -0.0002341481   0.0003447752
        0.0002865819  -0.0026146364  -0.0009584874  -0.0013329482   0.0003411421
        0.0017664714  -0.0010746059   0.0012870032  -0.0042151635  -0.0000451129
       -0.0001918225   0.0004318687  -0.0006310624  -0.0001673208  -0.0001335625
       -0.0000693030   0.0001497479   0.0005678141   0.0000840878   0.0006438320
        0.0002559867  -0.0004309950  -0.0144832874  -0.0053972390  -0.0066519390
       -0.0811144815  -0.0793908905   0.0543082530
        0.0005278272  -0.0002082087   0.0007073777  -0.0006971341  -0.0002392580
       -0.0015237582  -0.0061940618   0.0024991305  -0.0081873712   0.0438680442
       -0.0954484636   0.0982967453   0.0056220980  -0.0155232332   0.0260937419
        0.0006979101  -0.0001616959  -0.0035287751  -0.0242816397  -0.0217759650
        0.0022958771  -0.0014405259  -0.0001283197   0.0048811561  -0.0019410366
       -0.0004813750   0.0004640486  -0.1318710957  -0.1134491574  -0.0278792510
        0.1952684961   0.4203742804  -0.2060665499   0.0000329307  -0.0000089743
        0.0001857685  -0.0004934122   0.0000201751  -0.0001385964  -0.0000257998
        0.0000317212  -0.0001715551  -0.0001901369   0.0005724027  -0.0003818647
        0.0000452795  -0.0000926432   0.0001669601  -0.0002567071   0.0002969145
        0.0002099693  -0.0026208392  -0.0008690216  -0.0014150137  -0.0009981850
        0.0007511408  -0.0015822223  -0.0040216531  -0.0000522653   0.0054766997
        0.0001985311   0.0004234170  -0.0004866406  -0.0001469209  -0.0002094727
        0.0001487103   0.0000781195   0.0003410559  -0.0001050548   0.0000118823
       -0.0001037056  -0.0001378183   0.0077051928   0.0036431743   0.0024492482
       -0.0788771638  -0.1802016534   0.1102281685
        0.0012775323  -0.0001015020   0.0001661173   0.0018680193  -0.0004191098
       -0.0010406614  -0.0118467816   0.0008591712  -0.0092810141  -0.1269994076
        0.0598325283  -0.2322419076   0.0291671146   0.0533090807  -0.0376051609
       -0.0319256611  -0.0058597548  -0.0244727015   0.0111940168  -0.0244686123
        0.0368258681   0.0006019103   0.0047877517  -0.0004323070   0.0002766192
        0.0015544839  -0.0000601570  -0.0508763705   0.0082511330  -0.0963096785
        0.1467319128  -0.2060665499   0.4920129472   0.0003530630  -0.0002679264
        0.0000925462   0.0000781691  -0.0001106957   0.0000411318  -0.0004883253
        0.0003354880  -0.0000912593  -0.0014163717  -0.0000497666   0.0006070448
       -0.0002298933   0.0003367332  -0.0000696908   0.0002486500   0.0002034851
       -0.0000483028  -0.0011536803  -0.0003323401  -0.0006597310   0.0018342037
        0.0009551686   0.0007058046  -0.0004775849   0.0052466333   0.0007129062
       -0.0003710265  -0.0002448594  -0.0000264459   0.0000271410   0.0001817581
       -0.0001804364   0.0003287451   0.0003887370   0.0000043936   0.0002782255
       -0.0000085346  -0.0000415866  -0.0223619422  -0.0089585339  -0.0087224999
        0.0538817224   0.1106460333  -0.1198852190
       -0.0083589527   0.0079862250   0.0040587420  -0.0005869342  -0.0001484475
       -0.0019536618  -0.0002486210  -0.0000576157   0.0004662068   0.0001068020
        0.0001279827   0.0000787548   0.0000451497   0.0002307258  -0.0001280699
       -0.0000715198   0.0001340883  -0.0001380872   0.0009688600   0.0002787998
        0.0002756496  -0.0010448193  -0.0000882590  -0.0000976038   0.0000609259
        0.0002130420  -0.0000944860  -0.0000747467  -0.0000885055   0.0001229699
        0.0001172443   0.0000329307   0.0003530630  -0.0026942684   0.0063885465
        0.0017530232  -0.0004784696  -0.0007918538   0.0003253708   0.0110878579
       -0.0140850551  -0.0047004993   0.0011213038  -0.0002283180   0.0001637470
        0.0001405207  -0.0001935375  -0.0004826577  -0.0000134131  -0.0001287680
       -0.0001841649  -0.0000315407   0.0000088150   0.0002059179   0.0000858240
       -0.0000051438  -0.0001194226   0.0000361030  -0.0000460764  -0.0000391570
       -0.0000605889   0.0000145296   0.0000173514  -0.0001089990   0.0001657062
        0.0000240245  -0.0000660723   0.0001372454   0.0000416328  -0.0000268198
        0.0001470572   0.0000808728   0.0000042269   0.0000570341  -0.0000192031
        0.0000909474  -0.0000611480  -0.0000103133
        0.0082933381  -0.0056851188  -0.0033932485   0.0003382014  -0.0003879456
        0.0015621633   0.0001968517  -0.0000636640  -0.0002957563  -0.0000776433
       -0.0001992567  -0.0001462559  -0.0001795514  -0.0001165478   0.0001754091
        0.0001746857   0.0000486878   0.0001586563  -0.0007127627  -0.0003341463
       -0.0003000472   0.0006821468   0.0007001822   0.0002642770  -0.0001279856
       -0.0000196254   0.0001552354   0.0001014824   0.0000951729  -0.0001329409
        0.0000596996  -0.0000089743  -0.0002679264   0.0063885465  -0.0009794849
       -0.0013901301  -0.0003862565   0.0005605820  -0.0003677745  -0.0141191645
        0.0064079789   0.0038973409  -0.0006456456  -0.0008511363  -0.0001584247
       -0.0000801065  -0.0001087556   0.0001336165  -0.0000182657   0.0000941991
        0.0003980769   0.0002176378  -0.0000099170  -0.0002222760   0.0000766242
        0.0000552738  -0.0000137943  -0.0000347241   0.0000186614  -0.0000331607
        0.0000152455   0.0001459662  -0.0000225952  -0.0001043021   0.0002349151
        0.0000746714  -0.0001044418   0.0001383098  -0.0000007066  -0.0000543773
        0.0001502303  -0.0000176518   0.0000745845   0.0000481582   0.0000032257
        0.0000261831   0.0000662551  -0.0000599835
        0.0024950071  -0.0019662752   0.0000418460   0.0001034263   0.0000465054
       -0.0000632617   0.0001028121  -0.0000152061   0.0000097301  -0.0000243063
       -0.0002026183   0.0001036898   0.0000862870  -0.0002211396  -0.0000269413
        0.0001052531  -0.0002383598  -0.0000030618  -0.0003569469  -0.0002480662
       -0.0002260385   0.0002011327   0.0005491729   0.0005548637   0.0000078116
       -0.0000795838  -0.0000336580   0.0001213353   0.0001851106   0.0001343741
       -0.0001422540   0.0001857685   0.0000925462   0.0017530232  -0.0013901301
        0.0034317589   0.0000398517   0.0001080041  -0.0005590056  -0.0043808686
        0.0037692296  -0.0040272188  -0.0001524191   0.0001200023  -0.0007109376
       -0.0003857662  -0.0002734229   0.0001268660   0.0001207100   0.0002593940
        0.0000986423   0.0001698959  -0.0002613201   0.0003111221   0.0001036318
       -0.0002046073   0.0002690379   0.0000803859  -0.0002470644   0.0000374577
        0.0000458193  -0.0001144281  -0.0000169000   0.0000278130   0.0000100962
       -0.0000139179  -0.0000386570   0.0000254922  -0.0001035092   0.0000066523
       -0.0000576794   0.0000793644  -0.0000385202   0.0001977749   0.0002724776
       -0.0000511101   0.0000633506   0.0002206734
       -0.0511839272  -0.0371184988   0.0187313341   0.0001123003  -0.0008826076
        0.0016523433   0.0004167775  -0.0009610191  -0.0001214492  -0.0001724858
       -0.0001092502   0.0002214991  -0.0001429591  -0.0001172463   0.0000787299
        0.0001964251   0.0000376389   0.0000765546  -0.0003684877  -0.0000763104
       -0.0001916627   0.0004142379   0.0001832508   0.0001587328  -0.0000222884
       -0.0001186471   0.0000994589  -0.0000416295   0.0000994284  -0.0002128324
       -0.0000348160  -0.0004934122   0.0000781691  -0.0004784696  -0.0003862565
        0.0000398517   0.0499619129   0.0458091441  -0.0211415897   0.0052588769
        0.0182709160  -0.0089461239  -0.0050771530  -0.0259012401   0.0107319363
        0.0008675764   0.0001356517   0.0000670431   0.0003065040   0.0004566916
       -0.0010265542  -0.0000258973   0.0001647775  -0.0001446440   0.0001932495
        0.0005035077   0.0001628331  -0.0000005232   0.0000767357  -0.0000843114
        0.0000296829   0.0000346134  -0.0000220479   0.0000542596  -0.0000166901
        0.0000205497  -0.0000081273   0.0000004804   0.0000010021  -0.0000056736
       -0.0000094988  -0.0000131471   0.0000123414  -0.0000024682   0.0000104959
       -0.0002617065   0.0004203092  -0.0002261711
       -0.0415400442  -0.2714778388   0.1187393710   0.0005439038   0.0043429624
        0.0035133771  -0.0002147823   0.0012562939  -0.0009872513  -0.0000190112
       -0.0003926837   0.0000112390   0.0000709389  -0.0000119795   0.0000352874
        0.0000400345  -0.0000211364   0.0000094080   0.0000497966   0.0000084022
        0.0000224869  -0.0000508101  -0.0000334616   0.0000014302  -0.0000238719
       -0.0000068587   0.0000496240  -0.0000211319  -0.0000798443  -0.0000524527
        0.0001015846   0.0000201751  -0.0001106957  -0.0007918538   0.0005605820
        0.0001080041   0.0458091441   0.2980438199  -0.1331558331   0.0017242387
       -0.0192154721   0.0075520848  -0.0061346657  -0.0141651883   0.0057597489
        0.0004315817   0.0010808031  -0.0007678595  -0.0000767485   0.0005616800
       -0.0007314447   0.0002487843  -0.0001654440  -0.0002947215  -0.0002158845
       -0.0003115096   0.0002575540  -0.0000078055   0.0000231257  -0.0000196486
        0.0000061112   0.0000066837   0.0000011640  -0.0000136583   0.0000064383
        0.0000495221   0.0000405892  -0.0000379721   0.0000011797   0.0000246657
       -0.0000476044  -0.0000097553  -0.0000203640  -0.0000108992   0.0000008681
        0.0000392587   0.0000669266   0.0000173132
        0.0201453386   0.1187314331  -0.1081010325   0.0037246449   0.0244208749
       -0.0175894888  -0.0003461516   0.0001787301   0.0009321948   0.0003137611
        0.0002868776   0.0000128599  -0.0000217712   0.0001191517  -0.0001922205
       -0.0001419987   0.0000155201  -0.0001659682   0.0003093867   0.0001031210
        0.0000717711  -0.0003444326  -0.0002285450   0.0000487789   0.0000420472
        0.0000606727  -0.0000312864  -0.0000047177  -0.0001085007  -0.0000497629
       -0.0001691601  -0.0001385964   0.0000411318   0.0003253708  -0.0003677745
       -0.0005590056  -0.0211415897  -0.1331558331   0.1188540138  -0.0024752043
       -0.0018195717   0.0055581510  -0.0007516781  -0.0068857526   0.0067591813
        0.0002739516  -0.0009675149  -0.0063749125   0.0000528265   0.0005583838
        0.0003615572  -0.0001556143   0.0000834015   0.0002657719   0.0004267296
       -0.0007643929  -0.0000432035  -0.0000553122   0.0000084464   0.0000437310
       -0.0000697512  -0.0000194706   0.0000217466   0.0000099310  -0.0000082904
        0.0000262814   0.0000064317  -0.0000181188   0.0000164513  -0.0000161262
       -0.0000015558  -0.0000166516  -0.0000535577  -0.0000395020  -0.0000807006
        0.0001166457  -0.0000431935   0.0001906111
       -0.1834825780   0.1161716316   0.0418435498   0.0007422098   0.0005570030
        0.0057404600   0.0009835210  -0.0000953973  -0.0012045287  -0.0000266536
       -0.0002915785  -0.0000533961  -0.0000641617  -0.0002372154   0.0001796200
        0.0002655443  -0.0002018913   0.0002807759  -0.0013046352  -0.0005716582
       -0.0004773037   0.0012908808   0.0005000293   0.0003433402  -0.0000925584
       -0.0004295309   0.0001931885   0.0001737293   0.0002197786  -0.0002658999
        0.0000238153  -0.0000257998  -0.0004883253   0.0110878579  -0.0141191645
       -0.0043808686   0.0052588769   0.0017242387  -0.0024752043   0.1878842378
       -0.1142112027  -0.0411274173  -0.0237622255   0.0122031911   0.0025340115
        0.0004632133   0.0001569030   0.0002173229   0.0004877678  -0.0006448359
       -0.0005962107   0.0001991523  -0.0000908958  -0.0004757899  -0.0001374528
       -0.0001737452   0.0003037890  -0.0001029519   0.0000654635   0.0000011497
        0.0000675661   0.0000310912  -0.0000487500   0.0001450368  -0.0001806099
       -0.0000182643   0.0000496850  -0.0001058689  -0.0000421891   0.0000193425
       -0.0001428116  -0.0001010923   0.0000162401  -0.0001105771   0.0000615985
       -0.0001854598   0.0000034533   0.0000564341
        0.1155344681  -0.1346058733  -0.0330803747   0.0012977052  -0.0010528423
       -0.0054312290  -0.0009100064   0.0005382929   0.0004521136   0.0001523905
        0.0004566994   0.0002488044   0.0000142622   0.0001610258  -0.0002148173
       -0.0001141488  -0.0000755495  -0.0002689426   0.0011069801   0.0002751039
        0.0003967935  -0.0010683959  -0.0006101855  -0.0002860363   0.0001543176
        0.0000519793  -0.0001562183  -0.0001805186  -0.0003297247   0.0001142713
       -0.0000328932   0.0000317212   0.0003354880  -0.0140850551   0.0064079789
        0.0037692296   0.0182709160  -0.0192154721  -0.0018195717  -0.1142112027
        0.1378114669   0.0327301586  -0.0053965523   0.0097531575   0.0027640807
       -0.0005538637   0.0005847181   0.0006601073  -0.0000554927   0.0003966835
       -0.0004159882  -0.0000941856   0.0002587852   0.0002628686  -0.0001026667
        0.0001956630  -0.0001511427   0.0001174267  -0.0000800601   0.0000435346
        0.0000254278  -0.0002064435   0.0000173098   0.0000369524  -0.0001969410
       -0.0000136771   0.0001921069  -0.0002007819  -0.0000392592   0.0001079265
       -0.0002597615   0.0000103221  -0.0001056476  -0.0000499214  -0.0000110191
       -0.0001002509  -0.0000397188   0.0000831941
        0.0437300493  -0.0348913929  -0.0510799203   0.0162294193  -0.0133108697
       -0.0073104999   0.0000092309  -0.0007649251  -0.0052017384  -0.0001956018
        0.0004218258   0.0001035113  -0.0000823839   0.0002845255   0.0000096291
       -0.0001265885   0.0001453581  -0.0001932722   0.0005662096   0.0000686767
       -0.0000383822  -0.0005155831  -0.0002726932  -0.0001573468   0.0000754361
        0.0000349165  -0.0000912616   0.0000314094  -0.0003527310  -0.0002563420
       -0.0000862327  -0.0001715551  -0.0000912593  -0.0047004993   0.0038973409
       -0.0040272188  -0.0089461239   0.0075520848   0.0055581510  -0.0411274173
        0.0327301586   0.0595412779  -0.0060532083   0.0050335840   0.0051904832
        0.0006845445   0.0001340595  -0.0003495496  -0.0000144117  -0.0004989483
       -0.0003251152   0.0008069476  -0.0004820865  -0.0003374448  -0.0002137853
        0.0003860255  -0.0003564774  -0.0001670469   0.0003535266   0.0000453049
       -0.0001509024   0.0002146928   0.0001165081   0.0000510800  -0.0001255250
       -0.0000658700   0.0000225244  -0.0000098543   0.0002029084  -0.0000902561
        0.0001535017  -0.0000913174   0.0001147572  -0.0003292035  -0.0004214126
        0.0001484327  -0.0002004924  -0.0003733454
       -0.2552024576  -0.1054444827  -0.0841204520   0.0022773322  -0.0001830450
       -0.0053719851   0.0000344460   0.0003280661   0.0009556708   0.0022062395
       -0.0001666035   0.0001793423  -0.0003680292  -0.0007848407   0.0005610146
        0.0003595291  -0.0002010681   0.0004720897  -0.0008883433  -0.0000537798
       -0.0005702041   0.0005579837   0.0002874373   0.0002003556  -0.0000934503
       -0.0001543521   0.0001496191  -0.0006113538  -0.0002738061  -0.0004183058
        0.0005755937  -0.0001901369  -0.0014163717   0.0011213038  -0.0006456456
       -0.0001524191  -0.0050771530  -0.0061346657  -0.0007516781  -0.0237622255
       -0.0053965523  -0.0060532083   0.2782344560   0.1179111414   0.0958030867
        0.0003793793  -0.0000416965   0.0003463434   0.0007829956   0.0005467336
        0.0001242384  -0.0002769680   0.0001354136   0.0001684842  -0.0001096572
        0.0000651838  -0.0000083269  -0.0000500054   0.0000881839  -0.0001300508
       -0.0000163415   0.0000663573  -0.0000225642   0.0000534421   0.0000146250
        0.0000336969  -0.0000227385   0.0000032998  -0.0000045242  -0.0000177872
        0.0000004979  -0.0000222304  -0.0000557062   0.0000017002   0.0000114977
       -0.0000304842   0.0002220350   0.0000368814
       -0.1009907088  -0.0940803717  -0.0388062875  -0.0029542849  -0.0012562069
       -0.0042116847  -0.0006088728   0.0002856100   0.0004264227   0.0003078315
        0.0002902900  -0.0003832287   0.0002836522   0.0001870375  -0.0001007138
       -0.0003581244  -0.0002100756  -0.0002032959   0.0003248944   0.0000773700
        0.0002815376  -0.0004309382  -0.0003900822  -0.0000877766  -0.0000322559
        0.0001413473  -0.0000264722   0.0002364428   0.0000199192   0.0001213230
       -0.0001845568   0.0005724027  -0.0000497666  -0.0002283180  -0.0008511363
        0.0001200023  -0.0259012401  -0.0141651883  -0.0068857526   0.0122031911
        0.0097531575   0.0050335840   0.1179111414   0.0994036145   0.0438577895
        0.0004611225   0.0005496253   0.0010617727   0.0001314227   0.0009851184
       -0.0008176195  -0.0000445250   0.0000745685   0.0001413932  -0.0001472365
       -0.0004816630  -0.0001408872  -0.0000074291  -0.0000525529   0.0001277274
       -0.0000526704  -0.0000459808   0.0000717911  -0.0000202405  -0.0000124764
        0.0000631176   0.0000332377  -0.0000723201   0.0000308831   0.0000278105
       -0.0000520611   0.0000085027  -0.0000604893  -0.0000271793   0.0000192937
        0.0001011440  -0.0006427663   0.0003483448
       -0.0850552185  -0.0400931574  -0.0787082557  -0.0239916983  -0.0117765799
       -0.0134334737  -0.0001873838   0.0001176665   0.0008243266   0.0000574671
        0.0002525925   0.0002321842   0.0001446004   0.0005426165  -0.0002692050
       -0.0000607631   0.0001698040  -0.0002165751   0.0006199483   0.0001843535
        0.0002605280  -0.0006478892  -0.0002370026  -0.0002043805   0.0000621193
        0.0000609575  -0.0000552103  -0.0001154057  -0.0002905001   0.0000531318
        0.0003967412  -0.0003818647   0.0006070448   0.0001637470  -0.0001584247
       -0.0007109376   0.0107319363   0.0057597489   0.0067591813   0.0025340115
        0.0027640807   0.0051904832   0.0958030867   0.0438577895   0.0859692740
       -0.0004611668  -0.0001898690   0.0001642426   0.0003250050  -0.0008567347
       -0.0063550551  -0.0001125419   0.0001107294   0.0002825637  -0.0000185489
        0.0000366025  -0.0001513231  -0.0000662293   0.0000612893  -0.0001261584
       -0.0000736491  -0.0000110383   0.0000007896  -0.0000175052  -0.0000248100
       -0.0000196013   0.0000189901   0.0000051160   0.0000460648   0.0000019127
        0.0000078506  -0.0000082591  -0.0001146497  -0.0000128008  -0.0001462158
        0.0000630839   0.0001015848   0.0000148358
        0.0001275081  -0.0010239167   0.0018021936  -0.0475134089  -0.0236096924
        0.0097983512   0.0002678932   0.0215366819  -0.0077886940   0.0010266413
        0.0005849814  -0.0004625445   0.0001000005   0.0002354200  -0.0005485009
       -0.0000802844  -0.0001625718   0.0001013778  -0.0002400536  -0.0001248538
        0.0000356488   0.0003144567   0.0000909953   0.0000207857  -0.0000504743
       -0.0000326241   0.0000079327   0.0001482062   0.0000942729  -0.0000373559
       -0.0001968254   0.0000452795  -0.0002298933   0.0001405207  -0.0000801065
       -0.0003857662   0.0008675764   0.0004315817   0.0002739516   0.0004632133
       -0.0005538637   0.0006845445   0.0003793793   0.0004611225  -0.0004611668
        0.0528056228   0.0256771907  -0.0135204913  -0.0055114069  -0.0266221646
        0.0094092626   0.0003889949  -0.0001463835  -0.0002306066  -0.0031462368
        0.0035004306   0.0008159087  -0.0003457067  -0.0001877865   0.0006919984
        0.0000003412   0.0000121904   0.0000040016   0.0000154436   0.0000088170
       -0.0000410438  -0.0000091870  -0.0000093653  -0.0000459003  -0.0000183058
        0.0000075072  -0.0000549853   0.0000525298  -0.0000311520   0.0000093269
        0.0000135619  -0.0001019901   0.0001516648
        0.0000706036   0.0028244620   0.0000606972  -0.0246650117  -0.2277452787
        0.0949615191   0.0027308085  -0.0206725032   0.0059721766  -0.0004414246
        0.0008694978   0.0003303392  -0.0002679070  -0.0001745209   0.0001214922
        0.0001614658  -0.0001092299  -0.0000660708   0.0000360480   0.0000195197
       -0.0001414069  -0.0001523812   0.0002417279  -0.0000732074   0.0000065462
       -0.0000061783  -0.0000683241  -0.0002302862  -0.0001921470  -0.0000348156
        0.0000444557  -0.0000926432   0.0003367332  -0.0001935375  -0.0001087556
       -0.0002734229   0.0001356517   0.0010808031  -0.0009675149   0.0001569030
        0.0005847181   0.0001340595  -0.0000416965   0.0005496253  -0.0001898690
        0.0256771907   0.2603543866  -0.1041827969  -0.0062831667  -0.0156731853
        0.0055929850  -0.0001171890   0.0000054401   0.0000741331   0.0033985348
       -0.0022116183  -0.0010548718   0.0001522388   0.0003697723  -0.0002526100
       -0.0000575914  -0.0000342214  -0.0000382727  -0.0000330622   0.0000011095
       -0.0000811490   0.0000078862   0.0000115347  -0.0000495446   0.0000072308
       -0.0000223194  -0.0000215038  -0.0000361522   0.0000329333   0.0000102713
       -0.0000661575   0.0000970708  -0.0000990260
        0.0050589579   0.0267228069  -0.0239440478   0.0077445934   0.0883869747
       -0.0859064012  -0.0003624310  -0.0048483011   0.0030712132  -0.0002951528
        0.0002306293  -0.0001477301   0.0000316041  -0.0003214705   0.0004337045
       -0.0000016377   0.0000037718  -0.0001398551  -0.0000502659  -0.0000852253
       -0.0000967703  -0.0000289547   0.0001175870   0.0000987640  -0.0000010979
       -0.0000357964   0.0000118603   0.0000228873   0.0000083982  -0.0000945234
        0.0000338489   0.0001669601  -0.0000696908  -0.0004826577   0.0001336165
        0.0001268660   0.0000670431  -0.0007678595  -0.0063749125   0.0002173229
        0.0006601073  -0.0003495496   0.0003463434   0.0010617727   0.0001642426
       -0.0135204913  -0.1041827969   0.1074263177  -0.0009130753  -0.0058028942
        0.0052154430   0.0001924100  -0.0004303673   0.0002739484   0.0015520788
       -0.0010610999   0.0005102244   0.0003084264   0.0000508015  -0.0001338921
        0.0000190462   0.0000491588   0.0000194911   0.0000285927  -0.0000207496
       -0.0000139023  -0.0000092033   0.0000058443   0.0000217299  -0.0000117351
        0.0000123523  -0.0000088029   0.0000361498  -0.0000112124  -0.0000093312
        0.0000173978  -0.0000430082  -0.0000843959
        0.0006710388  -0.0003303074  -0.0015010102  -0.2132164823  -0.0796605153
       -0.0673972089  -0.0240276053  -0.0058548754  -0.0040125962  -0.0037610172
        0.0033827327   0.0009534543  -0.0001612830   0.0002458370  -0.0002483039
        0.0001647109  -0.0001020898  -0.0001288977   0.0003410534   0.0002265971
        0.0000559566  -0.0002390547  -0.0001550956  -0.0001367838   0.0000072523
        0.0000571318  -0.0000396414  -0.0000442376  -0.0002702698  -0.0002299403
       -0.0002341481  -0.0002567071   0.0002486500  -0.0000134131  -0.0000182657
        0.0001207100   0.0003065040  -0.0000767485   0.0000528265   0.0004877678
       -0.0000554927  -0.0000144117   0.0007829956   0.0001314227   0.0003250050
       -0.0055114069  -0.0062831667  -0.0009130753   0.2438210637   0.0896402111
        0.0730591144   0.0001606124  -0.0002419533   0.0001408719   0.0006433984
       -0.0004356225  -0.0002666371  -0.0001157529   0.0000500602   0.0000329523
       -0.0000113019   0.0000019880  -0.0000370431  -0.0000036713   0.0000063825
       -0.0000532817   0.0000091973   0.0000084143  -0.0000217588  -0.0000052146
        0.0000075189  -0.0000333063   0.0000007546  -0.0000422510  -0.0000464519
       -0.0000517605   0.0000250646   0.0000908072
       -0.0037194517  -0.0019736686  -0.0041577370  -0.0783677262  -0.0805300967
       -0.0278592937   0.0155688210   0.0054295531   0.0035760945   0.0022215448
       -0.0016192704  -0.0007001738   0.0001363945   0.0001242348   0.0000892214
        0.0000543770   0.0000777403   0.0001289558  -0.0000218567  -0.0001454473
       -0.0000358298  -0.0000298747   0.0003193754  -0.0000269119  -0.0000121156
       -0.0000340201  -0.0000602641   0.0000474687   0.0000920427   0.0002176125
        0.0003447752   0.0002969145   0.0002034851  -0.0001287680   0.0000941991
        0.0002593940   0.0004566916   0.0005616800   0.0005583838  -0.0006448359
        0.0003966835  -0.0004989483   0.0005467336   0.0009851184  -0.0008567347
       -0.0266221646  -0.0156731853  -0.0058028942   0.0896402111   0.0908445634
        0.0346675402   0.0000315908   0.0003498289   0.0002687522   0.0004447783
        0.0004726045   0.0003130037   0.0000644794  -0.0001369859  -0.0001330853
        0.0000121525   0.0000045735  -0.0000236442  -0.0000398569   0.0000232701
       -0.0000768892   0.0000101777   0.0000212384  -0.0000550756   0.0000086274
       -0.0000103904  -0.0000239731   0.0000101134   0.0000583729   0.0000398652
       -0.0000122869  -0.0000289288  -0.0000108533
       -0.0261974424  -0.0146938741  -0.0197375129  -0.0615654505  -0.0245311558
       -0.0651942621   0.0049175468   0.0015903246   0.0019926886   0.0009908980
       -0.0011381199   0.0003460305   0.0000557291  -0.0001363448   0.0000758087
        0.0000389819   0.0000267257  -0.0000290468  -0.0000735514  -0.0000775318
       -0.0001243100   0.0000616102   0.0000582891   0.0002632746   0.0000099069
       -0.0000380628   0.0000278435   0.0000986574   0.0001198054   0.0000673666
        0.0002865819   0.0002099693  -0.0000483028  -0.0001841649   0.0003980769
        0.0000986423  -0.0010265542  -0.0007314447   0.0003615572  -0.0005962107
       -0.0004159882  -0.0003251152   0.0001242384  -0.0008176195  -0.0063550551
        0.0094092626   0.0055929850   0.0052154430   0.0730591144   0.0346675402
        0.0830929003   0.0007797326  -0.0001040173   0.0001701680  -0.0002098769
        0.0001213609   0.0000072871  -0.0000472193  -0.0000805069   0.0000587265
        0.0000043293  -0.0000103024   0.0000133999   0.0000314874   0.0000061576
        0.0000353092  -0.0000164106  -0.0000036613  -0.0000152484  -0.0000198425
       -0.0000095154  -0.0000067480   0.0000558277   0.0000234415   0.0000297337
        0.0000128185  -0.0000265311  -0.0000205784
       -0.0037540729   0.0037762083   0.0035131406  -0.0011777057   0.0033498149
        0.0193694628  -0.0386400183  -0.0002718348   0.0007277425  -0.0064392807
       -0.0062036972  -0.0271857113   0.0001476150   0.0007354243  -0.0009793336
       -0.0001724094   0.0005267197   0.0001613045   0.0003597790   0.0004134900
       -0.0000943885  -0.0001464130  -0.0003655842  -0.0002123669   0.0000799814
       -0.0000007516  -0.0000829728  -0.0016157188   0.0005498832  -0.0001250092
       -0.0026146364  -0.0026208392  -0.0011536803  -0.0000315407   0.0002176378
        0.0001698959  -0.0000258973   0.0002487843  -0.0001556143   0.0001991523
       -0.0000941856   0.0008069476  -0.0002769680  -0.0000445250  -0.0001125419
        0.0003889949  -0.0001171890   0.0001924100   0.0001606124   0.0000315908
        0.0007797326   0.0516824945   0.0008748284   0.0003539011   0.0017090422
       -0.0000881792   0.0037681237   0.0002463987  -0.0005031452   0.0001393812
        0.0000845650   0.0000416150   0.0000291039   0.0000171816  -0.0000412196
       -0.0000064915   0.0000216258  -0.0000469243  -0.0000072389   0.0000139324
       -0.0000331260   0.0000130741  -0.0002754927  -0.0000429120   0.0000076958
        0.0000587788  -0.0002918838   0.0000834328
        0.0032878562  -0.0022333807  -0.0025169348   0.0018540743  -0.0032644985
       -0.0172177061  -0.0009034685  -0.0507114341  -0.0368984526  -0.0027329978
       -0.0010763817  -0.0123605610  -0.0004342100   0.0006690644  -0.0008712883
        0.0001517838   0.0000258028   0.0001891098   0.0001723290  -0.0000906144
       -0.0000797244  -0.0000386127   0.0002178698  -0.0000030820   0.0000398400
       -0.0000583432  -0.0000676684  -0.0003295674   0.0002892834  -0.0001319641
       -0.0009584874  -0.0008690216  -0.0003323401   0.0000088150  -0.0000099170
       -0.0002613201   0.0001647775  -0.0001654440   0.0000834015  -0.0000908958
        0.0002587852  -0.0004820865   0.0001354136   0.0000745685   0.0001107294
       -0.0001463835   0.0000054401  -0.0004303673  -0.0002419533   0.0003498289
       -0.0001040173   0.0008748284   0.0559479315   0.0415101763  -0.0004674601
        0.0014721236   0.0295832171  -0.0002608631  -0.0006279530   0.0003571054
        0.0000537050   0.0000662871   0.0000315795   0.0000210294  -0.0000742767
       -0.0000637176   0.0000299201  -0.0000197520   0.0000141471   0.0000049493
       -0.0000026084   0.0000043745  -0.0000932060  -0.0000588656   0.0000132644
       -0.0001012160  -0.0001144943  -0.0000758744
        0.0021195621  -0.0016756978   0.0001297146   0.0020434728  -0.0025437171
       -0.0105088725   0.0031217806  -0.0362160168  -0.2638541086  -0.0076242365
       -0.0032951895  -0.0114780501   0.0015175234   0.0013647758   0.0006743687
       -0.0004915976   0.0003808048  -0.0001187058   0.0003233951   0.0000801822
        0.0002649854  -0.0001036977  -0.0003088384   0.0000372653   0.0000426050
        0.0000468576  -0.0000376286  -0.0003381850   0.0004969612  -0.0001006767
       -0.0013329482  -0.0014150137  -0.0006597310   0.0002059179  -0.0002222760
        0.0003111221  -0.0001446440  -0.0002947215   0.0002657719  -0.0004757899
        0.0002628686  -0.0003374448   0.0001684842   0.0001413932   0.0002825637
       -0.0002306066   0.0000741331   0.0002739484   0.0001408719   0.0002687522
        0.0001701680   0.0003539011   0.0415101763   0.3052431175   0.0004206052
        0.0020807844  -0.0209502628   0.0000862987  -0.0004138842   0.0002226988
        0.0000835438   0.0000483093   0.0000171291   0.0000271869   0.0000064284
        0.0000471486   0.0000080962  -0.0000214830   0.0000143957  -0.0000148025
        0.0000092077  -0.0000043515  -0.0000481238  -0.0000883389  -0.0000387135
        0.0001413869  -0.0002764578   0.0001341481
        0.0006704027  -0.0004471254  -0.0009043415  -0.0006958163   0.0235238264
       -0.0095273136  -0.0441824179  -0.0219611902   0.0106824933  -0.0076623073
       -0.0249884609   0.0106539529  -0.0040524842  -0.0026608361  -0.0022709120
       -0.0009260232  -0.0005567608   0.0008282851   0.0003580975   0.0001039710
        0.0002247863  -0.0000844303  -0.0001935148  -0.0001492582   0.0000152369
        0.0000129905  -0.0000273813   0.0000396930   0.0000814515   0.0002159433
        0.0003411421  -0.0009981850   0.0018342037   0.0000858240   0.0000766242
        0.0001036318   0.0001932495  -0.0002158845   0.0004267296  -0.0001374528
       -0.0001026667  -0.0002137853  -0.0001096572  -0.0001472365  -0.0000185489
       -0.0031462368   0.0033985348   0.0015520788   0.0006433984   0.0004447783
       -0.0002098769   0.0017090422  -0.0004674601   0.0004206052   0.0573855556
        0.0245625527  -0.0121948626  -0.0000063780   0.0001657773  -0.0003343264
       -0.0003697540  -0.0000755625  -0.0000436048   0.0000092549   0.0000073270
       -0.0000299011  -0.0000137285   0.0000282591   0.0000026981   0.0000270831
        0.0000059839  -0.0000108384   0.0000915160   0.0000806380   0.0000371249
       -0.0001828098   0.0003221687  -0.0010475821
       -0.0010686652   0.0014106705   0.0007314461   0.0039467118  -0.0231765843
        0.0082687767  -0.0224414842  -0.2217915163   0.0883071214  -0.0072948168
       -0.0147583760   0.0067177680  -0.0027894560  -0.0011638987  -0.0009739872
       -0.0001256899  -0.0003159484   0.0007061130   0.0003522643   0.0001455592
        0.0000420692  -0.0001457810   0.0000939765  -0.0001121259   0.0000263280
       -0.0000210638  -0.0000339819  -0.0000729231  -0.0000467898   0.0002396644
        0.0017664714   0.0007511408   0.0009551686  -0.0000051438   0.0000552738
       -0.0002046073   0.0005035077  -0.0003115096  -0.0007643929  -0.0001737452
        0.0001956630   0.0003860255   0.0000651838  -0.0004816630   0.0000366025
        0.0035004306  -0.0022116183  -0.0010610999  -0.0004356225   0.0004726045
        0.0001213609  -0.0000881792   0.0014721236   0.0020807844   0.0245625527
        0.2591321026  -0.1041618285   0.0000572047   0.0001459712  -0.0002836381
       -0.0001424491  -0.0000639949  -0.0000921324  -0.0000041123   0.0000015216
       -0.0000449185   0.0000160851   0.0000146719   0.0000017613   0.0000306048
       -0.0000098285  -0.0000113388   0.0001321998   0.0000422908   0.0000259502
       -0.0001714764   0.0004192214  -0.0008765606
       -0.0001737326  -0.0009560885   0.0015664963  -0.0000499524  -0.0057115166
        0.0022771288   0.0097899125   0.0883504689  -0.0898867644   0.0005828583
       -0.0043441208   0.0032135561  -0.0010104930  -0.0000465645   0.0001546735
       -0.0002175643  -0.0000805110   0.0001769282  -0.0000811476  -0.0000055337
       -0.0000517656   0.0001224730  -0.0001297015   0.0001680873  -0.0000212706
        0.0000117442   0.0000462167   0.0001804174   0.0001439470  -0.0001008840
       -0.0010746059  -0.0015822223   0.0007058046  -0.0001194226  -0.0000137943
        0.0002690379   0.0001628331   0.0002575540  -0.0000432035   0.0003037890
       -0.0001511427  -0.0003564774  -0.0000083269  -0.0001408872  -0.0001513231
        0.0008159087  -0.0010548718   0.0005102244  -0.0002666371   0.0003130037
        0.0000072871   0.0037681237   0.0295832171  -0.0209502628  -0.0121948626
       -0.1041618285   0.1026849397  -0.0000765124  -0.0002744297   0.0000684718
       -0.0000242094  -0.0000899082  -0.0000494016   0.0000102316   0.0000448739
        0.0000575409  -0.0000059090  -0.0000217761  -0.0000584902  -0.0000039217
       -0.0000432428  -0.0000347784  -0.0000010336   0.0000358345   0.0000311225
       -0.0004069454   0.0000674969  -0.0002541649
        0.0000487855   0.0000317535  -0.0000946686  -0.0001354502  -0.0003424730
        0.0001627209  -0.0002296397   0.0004459294   0.0015810917   0.0053614492
       -0.0031335936   0.0074610455  -0.1003643315   0.0384283449  -0.1049153573
       -0.0152046292   0.0073471826  -0.0225032386  -0.0018983098  -0.0051373307
       -0.0027209690  -0.0010918758   0.0004158490  -0.0013634927   0.0001487528
        0.0000772738  -0.0000331626  -0.0001333272  -0.0002295336   0.0004028215
        0.0012870032  -0.0040216531  -0.0004775849   0.0000361030  -0.0000347241
        0.0000803859  -0.0000005232  -0.0000078055  -0.0000553122  -0.0001029519
        0.0001174267  -0.0001670469  -0.0000500054  -0.0000074291  -0.0000662293
       -0.0003457067   0.0001522388   0.0003084264  -0.0001157529   0.0000644794
       -0.0000472193   0.0002463987  -0.0002608631   0.0000862987  -0.0000063780
        0.0000572047  -0.0000765124   0.1128038359  -0.0359737392   0.1208976451
       -0.0000983181   0.0017037520   0.0004219341  -0.0000108359  -0.0000173981
        0.0000362059   0.0000397615   0.0000379653  -0.0000052682   0.0000530936
        0.0000063096  -0.0000109457  -0.0004023559   0.0005237975   0.0005356875
        0.0001652078  -0.0002429639   0.0005627444
       -0.0000483882   0.0000501460  -0.0003197672   0.0003399418   0.0002481191
        0.0004795174   0.0018375242  -0.0004878519  -0.0006195899   0.0092033737
       -0.0084685609   0.0201536700   0.0385495766  -0.0683175071   0.0751911409
       -0.0057287408   0.0037659818  -0.0088761679  -0.0046581909   0.0032426307
        0.0023100311  -0.0004094065   0.0001144322  -0.0007816762  -0.0000271041
       -0.0000262435   0.0000618081  -0.0003878741  -0.0003078274  -0.0003477071
       -0.0042151635  -0.0000522653   0.0052466333  -0.0000460764   0.0000186614
       -0.0002470644   0.0000767357   0.0000231257   0.0000084464   0.0000654635
       -0.0000800601   0.0003535266   0.0000881839  -0.0000525529   0.0000612893
       -0.0001877865   0.0003697723   0.0000508015   0.0000500602  -0.0001369859
       -0.0000805069  -0.0005031452  -0.0006279530  -0.0004138842   0.0001657773
        0.0001459712  -0.0002744297  -0.0359737392   0.0725157099  -0.0902985919
        0.0007273457  -0.0007197619  -0.0019815318  -0.0000094398  -0.0000362490
       -0.0000279975  -0.0000063936   0.0000714046   0.0000738077   0.0000250586
        0.0000806072   0.0000011778   0.0005387872  -0.0007972333  -0.0007400728
        0.0005336207  -0.0005355100   0.0010171369
        0.0000554928  -0.0001254404   0.0001025725   0.0001935609   0.0002627532
       -0.0001432749   0.0000697947  -0.0017320599  -0.0000116833  -0.0083327456
        0.0084363300  -0.0164246874  -0.1049956174   0.0754167811  -0.2157642543
       -0.0067481896   0.0024193530  -0.0082292773  -0.0035693445   0.0018169982
        0.0033168115  -0.0002053967   0.0000586246  -0.0005956543   0.0000950512
        0.0001688012  -0.0000224675   0.0005649974  -0.0002121055   0.0004935838
       -0.0000451129   0.0054766997   0.0007129062  -0.0000391570  -0.0000331607
        0.0000374577  -0.0000843114  -0.0000196486   0.0000437310   0.0000011497
        0.0000435346   0.0000453049  -0.0001300508   0.0001277274  -0.0001261584
        0.0006919984  -0.0002526100  -0.0001338921   0.0000329523  -0.0001330853
        0.0000587265   0.0001393812   0.0003571054   0.0002226988  -0.0003343264
       -0.0002836381   0.0000684718   0.1208976451  -0.0902985919   0.2377262410
        0.0016111453  -0.0011689725  -0.0001810149   0.0000073796  -0.0000212477
        0.0000349855   0.0000011569  -0.0000046475   0.0000264217  -0.0000003689
        0.0000292483   0.0000314351   0.0005106762  -0.0007273422  -0.0004019797
       -0.0003877604   0.0003985937  -0.0008870038
       -0.0000642312   0.0000591425   0.0000626308   0.0001159618  -0.0000278987
       -0.0000683028  -0.0005006884  -0.0010966581   0.0006116387  -0.0022384546
       -0.0043350088  -0.0038174608  -0.0126273196  -0.0207249192   0.0138661070
       -0.0777294215  -0.0786444847   0.0546193282   0.0072796194   0.0091647836
       -0.0059621078  -0.0004573744  -0.0004598286   0.0015421068  -0.0023346773
       -0.0001249545  -0.0019493215   0.0003888189  -0.0012200466  -0.0041754654
       -0.0001918225   0.0001985311  -0.0003710265  -0.0000605889   0.0000152455
        0.0000458193   0.0000296829   0.0000061112  -0.0000697512   0.0000675661
        0.0000254278  -0.0001509024  -0.0000163415  -0.0000526704  -0.0000736491
        0.0000003412  -0.0000575914   0.0000190462  -0.0000113019   0.0000121525
        0.0000043293   0.0000845650   0.0000537050   0.0000835438  -0.0003697540
       -0.0001424491  -0.0000242094  -0.0000983181   0.0007273457   0.0016111453
        0.0930986861   0.0962927579  -0.0541587907  -0.0002116176   0.0001446353
       -0.0001459729  -0.0005745722  -0.0011792441  -0.0012807509  -0.0032113545
        0.0000359054  -0.0002987388   0.0000674638   0.0007544412  -0.0003536410
       -0.0004348669   0.0005755696   0.0004343958
       -0.0000461846   0.0000989098  -0.0000706868  -0.0000182882   0.0000157120
        0.0000596729  -0.0002538249  -0.0003559753   0.0004201278  -0.0047894378
        0.0036274406   0.0014930691  -0.0078323517  -0.0113981301   0.0071619448
       -0.0784860489  -0.1840417241   0.1161117176  -0.0036969363  -0.0087614446
        0.0091124160  -0.0002816563  -0.0010638661  -0.0009108527  -0.0014681357
       -0.0002786918  -0.0009311223  -0.0009489901   0.0025505625   0.0043087348
        0.0004318687   0.0004234170  -0.0002448594   0.0000145296   0.0001459662
       -0.0001144281   0.0000346134   0.0000066837  -0.0000194706   0.0000310912
       -0.0002064435   0.0002146928   0.0000663573  -0.0000459808  -0.0000110383
        0.0000121904  -0.0000342214   0.0000491588   0.0000019880   0.0000045735
       -0.0000103024   0.0000416150   0.0000662871   0.0000483093  -0.0000755625
       -0.0000639949  -0.0000899082   0.0017037520  -0.0007197619  -0.0011689725
        0.0962927579   0.2013864958  -0.1327502480  -0.0001614322  -0.0000100352
       -0.0004628943  -0.0013865076  -0.0004017514  -0.0010943854   0.0003806262
        0.0005297856  -0.0003373659  -0.0001409317  -0.0007419768   0.0000194571
        0.0005748986  -0.0007318360  -0.0007827661
        0.0000598012  -0.0000316429  -0.0000570836  -0.0000207597   0.0000664211
        0.0000472851  -0.0002715844  -0.0001242109   0.0001341390  -0.0034222227
        0.0018055294   0.0030450217  -0.0020370050  -0.0042369377   0.0035514323
        0.0544232548   0.1158138146  -0.1239841839   0.0095566877   0.0203761577
       -0.0149037948   0.0013904293  -0.0009721608   0.0007742031  -0.0002854167
        0.0002470792  -0.0005618249  -0.0045370922   0.0040494520  -0.0020640081
       -0.0006310624  -0.0004866406  -0.0000264459   0.0000173514  -0.0000225952
       -0.0000169000  -0.0000220479   0.0000011640   0.0000217466  -0.0000487500
        0.0000173098   0.0001165081  -0.0000225642   0.0000717911   0.0000007896
        0.0000040016  -0.0000382727   0.0000194911  -0.0000370431  -0.0000236442
        0.0000133999   0.0000291039   0.0000315795   0.0000171291  -0.0000436048
       -0.0000921324  -0.0000494016   0.0004219341  -0.0019815318  -0.0001810149
       -0.0541587907  -0.1327502480   0.1353273025   0.0002179406  -0.0001905581
        0.0001786272  -0.0011350079  -0.0018332133  -0.0008500118  -0.0006175069
        0.0002448838   0.0008748836   0.0007367270   0.0008004712  -0.0009501898
        0.0004332272  -0.0007418649  -0.0004770996
       -0.0000860151  -0.0000376564   0.0000328438   0.0000062342   0.0000213716
        0.0000075199  -0.0000898533  -0.0000258955  -0.0000090267   0.0000768958
       -0.0000431017   0.0001404538   0.0001602780   0.0000533545   0.0000915722
        0.0003227111  -0.0003289623   0.0002699245  -0.0015584763  -0.0024177316
        0.0011034464  -0.0142036664  -0.0089493089  -0.0018518545  -0.2184206154
       -0.0562849211  -0.0844745839  -0.0001426146   0.0000680647  -0.0004413665
       -0.0001673208  -0.0001469209   0.0000271410  -0.0001089990  -0.0001043021
        0.0000278130   0.0000542596  -0.0000136583   0.0000099310   0.0001450368
        0.0000369524   0.0000510800   0.0000534421  -0.0000202405  -0.0000175052
        0.0000154436  -0.0000330622   0.0000285927  -0.0000036713  -0.0000398569
        0.0000314874   0.0000171816   0.0000210294   0.0000271869   0.0000092549
       -0.0000041123   0.0000102316  -0.0000108359  -0.0000094398   0.0000073796
       -0.0002116176  -0.0001614322   0.0002179406   0.2542843188   0.0701706980
        0.0973240730  -0.0225189069  -0.0023943722  -0.0118070404   0.0024459155
        0.0007121356  -0.0007620056  -0.0000130264  -0.0000290259  -0.0000355500
       -0.0000553532  -0.0000396054  -0.0000096845
        0.0000587309   0.0001114762   0.0000370820  -0.0000587442  -0.0001029608
       -0.0000305322   0.0000974956  -0.0000186468   0.0000362387   0.0000883643
        0.0000214823   0.0000308389   0.0000655213   0.0000294333  -0.0000267067
        0.0003632711   0.0000854561   0.0008300275  -0.0027441279  -0.0035111546
        0.0025641361  -0.0238940796  -0.0110083309  -0.0074730236  -0.0531131592
       -0.0606311442  -0.0274212984  -0.0010425874  -0.0000927986  -0.0003854078
       -0.0001335625  -0.0002094727   0.0001817581   0.0001657062   0.0002349151
        0.0000100962  -0.0000166901   0.0000064383  -0.0000082904  -0.0001806099
       -0.0001969410  -0.0001255250   0.0000146250  -0.0000124764  -0.0000248100
        0.0000088170   0.0000011095  -0.0000207496   0.0000063825   0.0000232701
        0.0000061576  -0.0000412196  -0.0000742767   0.0000064284   0.0000073270
        0.0000015216   0.0000448739  -0.0000173981  -0.0000362490  -0.0000212477
        0.0001446353  -0.0000100352  -0.0001905581   0.0701706980   0.0724801582
        0.0306846124   0.0208676496   0.0054867702   0.0098625967  -0.0107140487
       -0.0026930841  -0.0085637872  -0.0000388656   0.0001236740  -0.0000333380
       -0.0000641308  -0.0000081340   0.0000304280
        0.0000201529   0.0000472164   0.0000189181   0.0000807122   0.0000486739
       -0.0000090980   0.0000099302  -0.0000473949  -0.0000310131  -0.0000602611
       -0.0001396408   0.0001150730   0.0000599939  -0.0001073095   0.0001238279
       -0.0006022741   0.0001969412  -0.0002965019   0.0013442670   0.0027578892
       -0.0016269729   0.0164709098   0.0057995919   0.0077049887  -0.0883662824
       -0.0302341841  -0.0858348165   0.0008817924   0.0005363867   0.0004381881
       -0.0000693030   0.0001487103  -0.0001804364   0.0000240245   0.0000746714
       -0.0000139179   0.0000205497   0.0000495221   0.0000262814  -0.0000182643
       -0.0000136771  -0.0000658700   0.0000336969   0.0000631176  -0.0000196013
       -0.0000410438  -0.0000811490  -0.0000139023  -0.0000532817  -0.0000768892
        0.0000353092  -0.0000064915  -0.0000637176   0.0000471486  -0.0000299011
       -0.0000449185   0.0000575409   0.0000362059  -0.0000279975   0.0000349855
       -0.0001459729  -0.0004628943   0.0001786272   0.0973240730   0.0306846124
        0.0952747767  -0.0011372892  -0.0002148485   0.0003236061  -0.0258078179
       -0.0088813934  -0.0164821459  -0.0000157004  -0.0000307319   0.0001373161
        0.0000475748   0.0000194132   0.0000576887
       -0.0000033940  -0.0000523366  -0.0000458964   0.0000482758   0.0000879909
        0.0000334706  -0.0000391389  -0.0000847413  -0.0000743089  -0.0000497735
        0.0002897745  -0.0002798078  -0.0007829736  -0.0001356113   0.0004142977
        0.0001892415  -0.0000898359  -0.0004464820   0.0013915879  -0.0013601389
       -0.0001271461   0.0096643499  -0.0091966547  -0.0003278719  -0.1411378262
        0.1148331215   0.0010726171  -0.0003474925  -0.0002748242   0.0002040935
        0.0001497479   0.0000781195   0.0003287451  -0.0000660723  -0.0001044418
       -0.0000386570  -0.0000081273   0.0000405892   0.0000064317   0.0000496850
        0.0001921069   0.0000225244  -0.0000227385   0.0000332377   0.0000189901
       -0.0000091870   0.0000078862  -0.0000092033   0.0000091973   0.0000101777
       -0.0000164106   0.0000216258   0.0000299201   0.0000080962  -0.0000137285
        0.0000160851  -0.0000059090   0.0000397615  -0.0000063936   0.0000011569
       -0.0005745722  -0.0013865076  -0.0011350079  -0.0225189069   0.0208676496
       -0.0011372892   0.1587875550  -0.1291484184   0.0006281123  -0.0047487473
        0.0053391085   0.0009622879  -0.0000206413   0.0000102789  -0.0000343593
       -0.0000077076   0.0000038581  -0.0000224739
        0.0000324561   0.0000773928   0.0000302746  -0.0000477182  -0.0000708297
       -0.0000262507   0.0001151314   0.0000257170  -0.0000762946  -0.0000307516
        0.0003722307  -0.0004656334  -0.0002806103  -0.0001114627  -0.0000465876
       -0.0000947541   0.0000078427   0.0003653155   0.0029173874   0.0009970772
        0.0006266939   0.0056369013  -0.0379843366   0.0155711750   0.1131019894
       -0.1681998320  -0.0051011292  -0.0007627924  -0.0005140658   0.0004063808
        0.0005678141   0.0003410559   0.0003887370   0.0001372454   0.0001383098
        0.0000254922   0.0000004804  -0.0000379721  -0.0000181188  -0.0001058689
       -0.0002007819  -0.0000098543   0.0000032998  -0.0000723201   0.0000051160
       -0.0000093653   0.0000115347   0.0000058443   0.0000084143   0.0000212384
       -0.0000036613  -0.0000469243  -0.0000197520  -0.0000214830   0.0000282591
        0.0000146719  -0.0000217761   0.0000379653   0.0000714046  -0.0000046475
       -0.0011792441  -0.0004017514  -0.0018332133  -0.0023943722   0.0054867702
       -0.0002148485  -0.1291484184   0.2107911927  -0.0054123353   0.0113719967
       -0.0109028813  -0.0039092820   0.0000883190   0.0001620106  -0.0002187220
        0.0000531602  -0.0000024636  -0.0000411913
        0.0000586764  -0.0000089402  -0.0001104563   0.0000507412   0.0001326627
        0.0000781981   0.0000200498   0.0000344082  -0.0001908273   0.0000788922
        0.0001176036  -0.0000310090  -0.0001478601   0.0001339369  -0.0001261544
        0.0002273587  -0.0006252344   0.0003748565  -0.0001875874  -0.0002255822
        0.0007009353  -0.0082809726   0.0262457989  -0.0060020566   0.0008046776
       -0.0056812014  -0.0414624967  -0.0000206539  -0.0001152239  -0.0001060434
        0.0000840878  -0.0001050548   0.0000043936   0.0000416328  -0.0000007066
       -0.0001035092   0.0000010021   0.0000011797   0.0000164513  -0.0000421891
       -0.0000392592   0.0002029084  -0.0000045242   0.0000308831   0.0000460648
       -0.0000459003  -0.0000495446   0.0000217299  -0.0000217588  -0.0000550756
       -0.0000152484  -0.0000072389   0.0000141471   0.0000143957   0.0000026981
        0.0000017613  -0.0000584902  -0.0000052682   0.0000738077   0.0000264217
       -0.0012807509  -0.0010943854  -0.0008500118  -0.0118070404   0.0098625967
        0.0003236061   0.0006281123  -0.0054123353   0.0499482829   0.0198825990
       -0.0230980625  -0.0025856324  -0.0000242169  -0.0000959591  -0.0000128331
       -0.0000045663  -0.0000422208  -0.0001034754
        0.0000052997  -0.0000349713  -0.0000141970   0.0000193543   0.0000236377
       -0.0000187196  -0.0000593980   0.0001054031   0.0000219096   0.0000682842
        0.0004090774  -0.0005301293  -0.0003151893  -0.0005692866  -0.0002482052
       -0.0000840258  -0.0000660419   0.0004573735   0.0016588025   0.0011689011
        0.0018037734  -0.0043323688  -0.0038331762   0.0165900666  -0.0484118077
        0.0145466870   0.0308546206  -0.0005372578  -0.0007329238   0.0001450454
        0.0006438320   0.0000118823   0.0002782255  -0.0000268198  -0.0000543773
        0.0000066523  -0.0000056736   0.0000246657  -0.0000161262   0.0000193425
        0.0001079265  -0.0000902561  -0.0000177872   0.0000278105   0.0000019127
       -0.0000183058   0.0000072308  -0.0000117351  -0.0000052146   0.0000086274
       -0.0000198425   0.0000139324   0.0000049493  -0.0000148025   0.0000270831
        0.0000306048  -0.0000039217   0.0000530936   0.0000250586  -0.0000003689
       -0.0032113545   0.0003806262  -0.0006175069   0.0024459155  -0.0107140487
       -0.0258078179  -0.0047487473   0.0113719967   0.0198825990   0.0568360636
       -0.0124406450  -0.0425607926  -0.0000029201   0.0001379289  -0.0000933765
       -0.0000141331   0.0000524568   0.0000056194
        0.0000681430   0.0000701115  -0.0000487812  -0.0000634415  -0.0000163480
        0.0000205540   0.0000338760   0.0000317364  -0.0000494477  -0.0000812343
        0.0000741443  -0.0002032455  -0.0001923621  -0.0005776570   0.0000277529
       -0.0000376914   0.0004355975  -0.0005205172  -0.0001060034   0.0011900564
        0.0010075798  -0.0091521421   0.0016901795   0.0310702117   0.0156992764
       -0.0717836545  -0.0807607234  -0.0001370207  -0.0003985990   0.0000584498
        0.0002559867  -0.0001037056  -0.0000085346   0.0001470572   0.0001502303
       -0.0000576794  -0.0000094988  -0.0000476044  -0.0000015558  -0.0001428116
       -0.0002597615   0.0001535017   0.0000004979  -0.0000520611   0.0000078506
        0.0000075072  -0.0000223194   0.0000123523   0.0000075189  -0.0000103904
       -0.0000095154  -0.0000331260  -0.0000026084   0.0000092077   0.0000059839
       -0.0000098285  -0.0000432428   0.0000063096   0.0000806072   0.0000292483
        0.0000359054   0.0005297856   0.0002448838   0.0007121356  -0.0026930841
       -0.0088813934   0.0053391085  -0.0109028813  -0.0230980625  -0.0124406450
        0.0826064350   0.0811811431   0.0000349355   0.0000405260  -0.0000902939
        0.0000417352  -0.0000189062  -0.0000497428
        0.0000827343  -0.0000156157   0.0000058960   0.0000824748   0.0000514708
       -0.0000362365  -0.0000340812  -0.0000091558  -0.0000209541   0.0000518653
       -0.0001360936   0.0001238636   0.0000000120  -0.0003385536  -0.0000905292
       -0.0002441202   0.0004304638   0.0001980356  -0.0020346563  -0.0009513270
        0.0002073116   0.0133632450   0.0123488344  -0.0316382767   0.0318202050
       -0.0797615556  -0.2304359909   0.0002179208   0.0004218094  -0.0000372282
       -0.0004309950  -0.0001378183  -0.0000415866   0.0000808728  -0.0000176518
        0.0000793644  -0.0000131471  -0.0000097553  -0.0000166516  -0.0001010923
        0.0000103221  -0.0000913174  -0.0000222304   0.0000085027  -0.0000082591
       -0.0000549853  -0.0000215038  -0.0000088029  -0.0000333063  -0.0000239731
       -0.0000067480   0.0000130741   0.0000043745  -0.0000043515  -0.0000108384
       -0.0000113388  -0.0000347784  -0.0000109457   0.0000011778   0.0000314351
       -0.0002987388  -0.0003373659   0.0008748836  -0.0007620056  -0.0085637872
       -0.0164821459   0.0009622879  -0.0039092820  -0.0025856324  -0.0425607926
        0.0811811431   0.2799394692  -0.0000516182  -0.0001821672   0.0001115642
       -0.0000111386  -0.0000311540  -0.0000323337
       -0.0000243986   0.0000706919   0.0000744799  -0.0000162300  -0.0000861173
       -0.0000993530  -0.0006371025   0.0002822927  -0.0011717842  -0.0021854389
       -0.0049978653  -0.0029586165  -0.0001323427  -0.0002888545   0.0003724324
        0.0009833945  -0.0040120770  -0.0004788817   0.0066248274  -0.0035883666
        0.0079151018  -0.0000551272   0.0014962793   0.0007242729  -0.0000530244
       -0.0001579271   0.0000053173  -0.1019045200   0.0385918869  -0.1076729838
       -0.0144832874   0.0077051928  -0.0223619422   0.0000042269   0.0000745845
       -0.0000385202   0.0000123414  -0.0000203640  -0.0000535577   0.0000162401
       -0.0001056476   0.0001147572  -0.0000557062  -0.0000604893  -0.0001146497
        0.0000525298  -0.0000361522   0.0000361498   0.0000007546   0.0000101134
        0.0000558277  -0.0002754927  -0.0000932060  -0.0000481238   0.0000915160
        0.0001321998  -0.0000010336  -0.0004023559   0.0005387872   0.0005106762
        0.0000674638  -0.0001409317   0.0007367270  -0.0000130264  -0.0000388656
       -0.0000157004  -0.0000206413   0.0000883190  -0.0000242169  -0.0000029201
        0.0000349355  -0.0000516182   0.1124772175  -0.0371230117   0.1240497967
       -0.0000688977   0.0017245928   0.0004954431
        0.0000589729   0.0000152358   0.0000950109  -0.0001194285  -0.0001817831
       -0.0000453834  -0.0002766691   0.0002519673  -0.0002507273  -0.0047509346
        0.0032609539   0.0019077367  -0.0004594757  -0.0002884706  -0.0002524899
       -0.0042778754  -0.0001011314   0.0050315324   0.0101508523  -0.0071325232
        0.0209678050   0.0016072886  -0.0003847559  -0.0019032070  -0.0000155878
        0.0001460777   0.0000173536   0.0384807725  -0.0667297921   0.0748884799
       -0.0053972390   0.0036431743  -0.0089585339   0.0000570341   0.0000481582
        0.0001977749  -0.0000024682  -0.0000108992  -0.0000395020  -0.0001105771
       -0.0000499214  -0.0003292035   0.0000017002  -0.0000271793  -0.0000128008
       -0.0000311520   0.0000329333  -0.0000112124  -0.0000422510   0.0000583729
        0.0000234415  -0.0000429120  -0.0000588656  -0.0000883389   0.0000806380
        0.0000422908   0.0000358345   0.0005237975  -0.0007972333  -0.0007273422
        0.0007544412  -0.0007419768   0.0008004712  -0.0000290259   0.0001236740
       -0.0000307319   0.0000102789   0.0001620106  -0.0000959591   0.0001379289
        0.0000405260  -0.0001821672  -0.0371230117   0.0695014243  -0.0891615909
        0.0008149029  -0.0008222673  -0.0018762502
       -0.0000286694   0.0000100426   0.0002215092  -0.0000237510  -0.0001223613
       -0.0001917874  -0.0001401639   0.0003188765  -0.0002038629  -0.0035135823
        0.0015316790   0.0033492794   0.0007305532   0.0000063574   0.0004921297
       -0.0002537922   0.0052857152   0.0003793857  -0.0089660581   0.0088293710
       -0.0159477114   0.0006649473  -0.0020938905   0.0000467081  -0.0001589786
       -0.0000794663   0.0001403527  -0.1073929606   0.0751270985  -0.2196810352
       -0.0066519390   0.0024492482  -0.0087224999  -0.0000192031   0.0000032257
        0.0002724776   0.0000104959   0.0000008681  -0.0000807006   0.0000615985
       -0.0000110191  -0.0004214126   0.0000114977   0.0000192937  -0.0001462158
        0.0000093269   0.0000102713  -0.0000093312  -0.0000464519   0.0000398652
        0.0000297337   0.0000076958   0.0000132644  -0.0000387135   0.0000371249
        0.0000259502   0.0000311225   0.0005356875  -0.0007400728  -0.0004019797
       -0.0003536410   0.0000194571  -0.0009501898  -0.0000355500  -0.0000333380
        0.0001373161  -0.0000343593  -0.0002187220  -0.0000128331  -0.0000933765
       -0.0000902939   0.0001115642   0.1240497967  -0.0891615909   0.2416996400
        0.0015937524  -0.0011398292  -0.0001029459
        0.0000619011   0.0001000605  -0.0000434539  -0.0001985542  -0.0000355537
       -0.0000860503   0.0002065923   0.0021563881  -0.0003008240   0.0047343576
        0.0080935711  -0.0065608800   0.0009568314  -0.0012020041  -0.0041745579
       -0.0002209691   0.0002700859  -0.0003422752  -0.0020392373  -0.0041739668
       -0.0042351764  -0.0003488190  -0.0011803471   0.0009178683  -0.0003778401
       -0.0000754982  -0.0000925843  -0.0131146355  -0.0208370818   0.0139759782
       -0.0811144815  -0.0788771638   0.0538817224   0.0000909474   0.0000261831
       -0.0000511101  -0.0002617065   0.0000392587   0.0001166457  -0.0001854598
       -0.0001002509   0.0001484327  -0.0000304842   0.0001011440   0.0000630839
        0.0000135619  -0.0000661575   0.0000173978  -0.0000517605  -0.0000122869
        0.0000128185   0.0000587788  -0.0001012160   0.0001413869  -0.0001828098
       -0.0001714764  -0.0004069454   0.0001652078   0.0005336207  -0.0003877604
       -0.0004348669   0.0005748986   0.0004332272  -0.0000553532  -0.0000641308
        0.0000475748  -0.0000077076   0.0000531602  -0.0000045663  -0.0000141331
        0.0000417352  -0.0000111386  -0.0000688977   0.0008149029   0.0015937524
        0.0924195378   0.0940921251  -0.0546525659
       -0.0002092648   0.0001390792  -0.0002105813   0.0003808915  -0.0000539850
        0.0004408332   0.0003440489  -0.0002887629  -0.0019783683  -0.0046617940
       -0.0098002681   0.0087648851  -0.0007656899   0.0029296090   0.0046446201
        0.0003592949   0.0003829233  -0.0003835783  -0.0049043938   0.0039509316
        0.0017334672  -0.0001403685  -0.0005304527   0.0006402001  -0.0000604184
       -0.0000965098  -0.0001889431  -0.0076554574  -0.0109152119   0.0068678057
       -0.0793908905  -0.1802016534   0.1106460333  -0.0000611480   0.0000662551
        0.0000633506   0.0004203092   0.0000669266  -0.0000431935   0.0000034533
       -0.0000397188  -0.0002004924   0.0002220350  -0.0006427663   0.0001015848
       -0.0001019901   0.0000970708  -0.0000430082   0.0000250646  -0.0000289288
       -0.0000265311  -0.0002918838  -0.0001144943  -0.0002764578   0.0003221687
        0.0004192214   0.0000674969  -0.0002429639  -0.0005355100   0.0003985937
        0.0005755696  -0.0007318360  -0.0007418649  -0.0000396054  -0.0000081340
        0.0000194132   0.0000038581  -0.0000024636  -0.0000422208   0.0000524568
       -0.0000189062  -0.0000311540   0.0017245928  -0.0008222673  -0.0011398292
        0.0940921251   0.1967798521  -0.1290820611
        0.0000579263  -0.0001657903   0.0002139939   0.0001929094  -0.0000559077
       -0.0001404354   0.0020169266   0.0000320550   0.0001099961   0.0084960960
        0.0202370287  -0.0161375834  -0.0046319416   0.0042551628  -0.0021064958
       -0.0004991955  -0.0005231215   0.0000359620  -0.0036139885   0.0022945567
        0.0029206843  -0.0001003899  -0.0002921176   0.0002691807  -0.0000925374
       -0.0001989798  -0.0000224963  -0.0020826907  -0.0043531625   0.0037815033
        0.0543082530   0.1102281685  -0.1198852190  -0.0000103133  -0.0000599835
        0.0002206734  -0.0002261711   0.0000173132   0.0001906111   0.0000564341
        0.0000831941  -0.0003733454   0.0000368814   0.0003483448   0.0000148358
        0.0001516648  -0.0000990260  -0.0000843959   0.0000908072  -0.0000108533
       -0.0000205784   0.0000834328  -0.0000758744   0.0001341481  -0.0010475821
       -0.0008765606  -0.0002541649   0.0005627444   0.0010171369  -0.0008870038
        0.0004343958  -0.0007827661  -0.0004770996  -0.0000096845   0.0000304280
        0.0000576887  -0.0000224739  -0.0000411913  -0.0001034754   0.0000056194
       -0.0000497428  -0.0000323337   0.0004954431  -0.0018762502  -0.0001029459
       -0.0546525659  -0.1290820611   0.1326782955
