           1           2  0.94924573665461243     
           2           3  0.99875591319645796     
           3           4   1.0069475479636325     
           4           5   1.4080912132934658     
           5           6   1.4552199407265414     
           6           7   1.3678528154774314     
           7           8   1.0558276434496299     
           8           9  0.98616305045457198     
           5          10  0.10705285069931915     
           7          10   1.3592712626687298     
           4          11   1.3987084560588696     
          10          11   1.4665146397782931     
           1          13  0.91871225506460830     
           1          14  0.84339981396522223     
           1          15  0.91321222497532339     
           2          16  0.96524913731724449     
           2          17  0.96620299250604036     
           3          18  0.96050021392574525     
           3          19  0.97047197840616495     
           5          20  0.96817896721444008     
           6          21  0.96347576701088822     
           9          22  0.97821198258904796     
           9          23  0.97687122697943130     
           9          24  0.97695445389324143     
          10          25  0.96732091540518073     
          11          26  0.96802076326757691     
