           1           2  0.94238367453055882     
           2           3   1.0057285468377204     
           3           4  0.98942524882159111     
           4           5   1.0063233401390363     
           5           6   1.4144252239620794     
           6           7   1.4458449954659387     
           5           8  0.11019898460046795     
           7           8   1.4388886938925678     
           6           9  0.11194594219951029     
           8           9   1.4399554328950970     
           5          10   1.4161267341654293     
           7          10  0.11122988669570760     
           9          10   1.4438065769586663     
           1          12  0.92198723707527086     
           1          13  0.91910692900979374     
           1          14  0.84206139737797858     
           2          15  0.97136669849626822     
           2          16  0.96728778528449144     
           3          17  0.96514817265224639     
           3          18  0.97325831999050572     
           4          19  0.97295379157471340     
           4          20  0.97121579183245899     
           6          21  0.96874093851879084     
           7          22  0.97051068736017487     
           8          23  0.97115866447993682     
           9          24  0.97106494585894509     
          10          25  0.96983387750080063     
