   -0.15626988
   -0.03685003
   -0.08184769
   -0.07453281
   -0.06479345
   -0.06193749
   -0.06282545
   -0.06067606
   -0.06095717
   -0.06010144
   -0.06152557
   -0.05490585
   -0.10817703
    0.30001854
    0.31515487
    0.30827934
    0.10790977
    0.10620983
    0.06550101
    0.06239984
    0.04536651
    0.05151408
    0.03637718
    0.02967685
    0.03586852
    0.02188140
    0.02855933
    0.04040513
    0.03044364
    0.02287656
    0.02819099
    0.03363243
    0.02905764
    0.02534467
    0.02911598
    0.03186526
    0.02885897
    0.02684641
    0.03607886
    0.03346758
    0.03449873
