$hessian                                                                        
        0.5132128375  -0.0334189923  -0.0438447197  -0.1009817090  -0.0316525412
       -0.0395301438   0.0014387945  -0.0023149415   0.0046787250  -0.0227608482
       -0.0130088364  -0.0200387832  -0.0149434114   0.0033265860   0.0051255620
       -0.0578352000   0.0632285904  -0.0004522866  -0.0470545237  -0.0126365569
        0.0317797703  -0.2682986782   0.0300726400   0.0636261269  -0.0015578475
       -0.0005978800  -0.0022982693  -0.0000219146   0.0015984109   0.0000319734
        0.0000001338  -0.0001963317   0.0006524416  -0.0030789303  -0.0061171664
        0.0018912625   0.0018812971   0.0017170191  -0.0016216592
       -0.0334189923   0.5615606756  -0.0510292936  -0.0324617183  -0.0890745723
       -0.0302347372  -0.0172929987  -0.0189704678  -0.0189931807  -0.0041182106
       -0.0028659681   0.0018431645   0.0014528618   0.0005772790  -0.0004246879
        0.0666609707  -0.3269284406   0.0053120548  -0.0143347476  -0.0820130150
        0.0981647510   0.0332041654  -0.0441930691  -0.0071916273   0.0033830736
        0.0024653824   0.0022492786  -0.0049476258  -0.0033435706   0.0019746994
        0.0008792335   0.0021136726  -0.0016564296   0.0010468595  -0.0000025632
       -0.0002400198  -0.0000528711   0.0006746569   0.0002260277
       -0.0438447197  -0.0510292936   0.5342023446  -0.0413497357  -0.0286439428
       -0.1159170767  -0.0000870916  -0.0036323614  -0.0009843496  -0.0000392272
        0.0024053315   0.0040385709   0.0031730913  -0.0005031037  -0.0002684743
       -0.0027015675   0.0095683341  -0.0447007177   0.0351223263   0.0939280081
       -0.3031103453   0.0675983895  -0.0076284623  -0.0568423462  -0.0185357195
       -0.0146160998  -0.0209001701  -0.0011816373  -0.0003845698   0.0010895054
        0.0005764647   0.0007317734   0.0006851293   0.0005465396  -0.0003087227
        0.0010483113   0.0007228872   0.0001131089   0.0016596183
       -0.1009817090  -0.0324617183  -0.0413497357   0.3866175507   0.1373476324
       -0.0177769058  -0.0312996344  -0.0386525468  -0.0047275032  -0.1851695667
       -0.0459197766   0.0579125113   0.0009752087   0.0000191840  -0.0003906198
        0.0043842947  -0.0020947747   0.0016718567   0.0020002120   0.0028650370
       -0.0018769239  -0.0169150056  -0.0118932218  -0.0140524379  -0.0375210360
       -0.0054631050   0.0138645733  -0.0011079784  -0.0016950263   0.0012837234
        0.0042934370   0.0098907823  -0.0036182631  -0.0165063419  -0.0082327325
        0.0050105406  -0.0087694310  -0.0037097337   0.0040491840
       -0.0316525412  -0.0890745723  -0.0286439428   0.1373476324   0.4338165795
       -0.0842338619  -0.0109439279  -0.2142776972   0.0323602706  -0.0679884044
       -0.0366351161   0.0212018328   0.0009133032  -0.0009193718  -0.0004305600
       -0.0160811245  -0.0161014299  -0.0175229715   0.0056300183   0.0060427939
        0.0030635450  -0.0045837809   0.0026072404   0.0011306462  -0.0068116090
       -0.0577136441   0.0677846461  -0.0034058252  -0.0150951302   0.0020371396
       -0.0053175282  -0.0141510437   0.0043229669  -0.0002688352   0.0006021010
        0.0008646700   0.0031626225   0.0008992903  -0.0019343810
       -0.0395301438  -0.0302347372  -0.1159170767  -0.0177769058  -0.0842338619
        0.5360349557  -0.0084587236   0.0375739235  -0.0590705269   0.0570438540
        0.0120246031  -0.0788579589   0.0019632770  -0.0006346618  -0.0013384175
        0.0001612793  -0.0047703039  -0.0005740642  -0.0155341749  -0.0113981183
       -0.0223927166  -0.0053727072   0.0032668885   0.0051482083   0.0170123201
        0.0701999059  -0.2539660307  -0.0114115055  -0.0160443617   0.0046024587
        0.0130240840   0.0182688747  -0.0073479975  -0.0101275887  -0.0126066737
        0.0039649501   0.0190069351   0.0185885229  -0.0102857837
        0.0014387945  -0.0172929987  -0.0000870916  -0.0312996344  -0.0109439279
       -0.0084587236   0.3120142964  -0.1143809767   0.0931815412  -0.1371003621
        0.0851842838   0.0145957990   0.0002517617  -0.0006693648  -0.0000969067
       -0.0012214634  -0.0009757868  -0.0012893308   0.0006315595   0.0005178631
        0.0004989036  -0.0002425940   0.0009312759   0.0005167029  -0.0007776685
       -0.0018972105   0.0030726488  -0.0406536821  -0.0086642279  -0.0161991969
       -0.0850597543   0.0453684341  -0.0887750617  -0.0119902993   0.0170773261
        0.0003443895  -0.0059909540   0.0057453102   0.0026963264
       -0.0023149415  -0.0189704678  -0.0036323614  -0.0386525468  -0.2142776972
        0.0375739235  -0.1143809767   0.5775388298   0.0342016908   0.1131992142
       -0.1162535932  -0.0296912539   0.0002342659   0.0000887350   0.0001293763
       -0.0022643170  -0.0006528571  -0.0017650671  -0.0002928556   0.0011202659
        0.0004058359  -0.0002476810   0.0001777768  -0.0004598125  -0.0000919297
       -0.0115082660   0.0024486461  -0.0095031788  -0.1263515888  -0.1169024789
        0.0472459069  -0.0823136034   0.0787750873   0.0031983340  -0.0021111016
       -0.0004226305   0.0038707059  -0.0064864323  -0.0006609556
        0.0046787250  -0.0189931807  -0.0009843496  -0.0047275032   0.0323602706
       -0.0590705269   0.0931815412   0.0342016908   0.5201088127   0.0135305803
       -0.0223478533  -0.0596160482  -0.0001408450   0.0003480581  -0.0001940028
       -0.0025862907  -0.0030694603  -0.0023409253   0.0004105768  -0.0011980114
        0.0008115216   0.0010935309  -0.0001892955   0.0005259226  -0.0056417018
        0.0231645018  -0.0016685489  -0.0158301885  -0.1145868562  -0.2004153651
       -0.0890961587   0.0768319388  -0.1962115889  -0.0053002764   0.0177383401
        0.0003305661   0.0104280102  -0.0242601428  -0.0012754673
       -0.0227608482  -0.0041182106  -0.0000392272  -0.1851695667  -0.0679884044
        0.0570438540  -0.1371003621   0.1131992142   0.0135305803   0.5985937043
       -0.0607492874  -0.0083798987  -0.0004838680   0.0000143336   0.0001906100
        0.0001665409   0.0001482584  -0.0002894652   0.0009290851  -0.0001520932
        0.0004456150   0.0000620382  -0.0023025948  -0.0024359816  -0.0045788797
       -0.0023522268   0.0023650379   0.0002348939   0.0025340271  -0.0001667688
       -0.0127791040   0.0048747153   0.0035973945  -0.1806778752   0.0042800861
       -0.1202292927  -0.0564357585   0.0126121822   0.0543675425
       -0.0130088364  -0.0028659681   0.0024053315  -0.0459197766  -0.0366351161
        0.0120246031   0.0851842838  -0.1162535932  -0.0223478533  -0.0607492874
        0.2544657762   0.0544175055   0.0002780856   0.0003466485   0.0000758003
        0.0001098245   0.0001285720   0.0001176604   0.0009097602   0.0004914557
        0.0003452256  -0.0005136011  -0.0010018376  -0.0007381425  -0.0065942116
       -0.0019006140   0.0051878713   0.0130602408  -0.0080989561  -0.0044311130
        0.0108157319  -0.0065218272  -0.0018044343   0.0046068599  -0.0379783050
        0.0019681546   0.0118209263  -0.0441762351  -0.0472206092
       -0.0200387832   0.0018431645   0.0040385709   0.0579125113   0.0212018328
       -0.0788579589   0.0145957990  -0.0296912539  -0.0596160482  -0.0083798987
        0.0544175055   0.5499561455  -0.0001420949   0.0001427421   0.0006750320
        0.0001820051   0.0010892291   0.0007767290  -0.0011760706   0.0001059255
        0.0012759024  -0.0013389773  -0.0021302782  -0.0027782755   0.0229674492
       -0.0015313515  -0.0078598867   0.0211552077  -0.0054971138  -0.0061577923
       -0.0198483770   0.0048336974   0.0055399662  -0.1190711737   0.0029002467
       -0.1469678495   0.0531824030  -0.0476843461  -0.2600245349
       -0.0149434114   0.0014528618   0.0031730913   0.0009752087   0.0009133032
        0.0019632770   0.0002517617   0.0002342659  -0.0001408450  -0.0004838680
        0.0002780856  -0.0001420949  -0.0073309235   0.0023343894   0.0034350432
        0.0000560128  -0.0010907323  -0.0001531943   0.0001390477   0.0001792115
       -0.0011617517   0.0215395309  -0.0046312611  -0.0076940083   0.0001461114
       -0.0000629093   0.0003551042  -0.0002580209   0.0001372426   0.0000353016
        0.0000535786   0.0002068911  -0.0001345002  -0.0002429059  -0.0000056373
        0.0002218372   0.0000978780   0.0000542887   0.0002427401
        0.0033265860   0.0005772790  -0.0005031037   0.0000191840  -0.0009193718
       -0.0006346618  -0.0006693648   0.0000887350   0.0003480581   0.0000143336
        0.0003466485   0.0001427421   0.0023343894   0.0028059825  -0.0004363671
       -0.0002929970   0.0001348635  -0.0000831834   0.0002568311  -0.0004144173
       -0.0000813095  -0.0046140376  -0.0037610290   0.0011284822   0.0002481357
       -0.0002896768  -0.0001070132  -0.0003512384   0.0000149304   0.0003679410
       -0.0002829064   0.0000907454   0.0000314828  -0.0000027796   0.0006813117
       -0.0001040564   0.0000138639   0.0006439988  -0.0000690111
        0.0051255620  -0.0004246879  -0.0002684743  -0.0003906198  -0.0004305600
       -0.0013384175  -0.0000969067   0.0001293763  -0.0001940028   0.0001906100
        0.0000758003   0.0006750320   0.0034350432  -0.0004363671   0.0019447085
        0.0000654775   0.0002048231  -0.0002323191  -0.0003695734  -0.0002865354
        0.0002788243  -0.0076446810   0.0011414198  -0.0020275117  -0.0004613004
        0.0001457980   0.0003392105  -0.0003452736   0.0002335808  -0.0000701086
        0.0003650488  -0.0002524994  -0.0004108790  -0.0002832733   0.0001097404
        0.0008055556   0.0004098868  -0.0002098887   0.0004983821
       -0.0578352000   0.0666609707  -0.0027015675   0.0043842947  -0.0160811245
        0.0001612793  -0.0012214634  -0.0022643170  -0.0025862907   0.0001665409
        0.0001098245   0.0001820051   0.0000560128  -0.0002929970   0.0000654775
        0.0577808923  -0.0703295622   0.0045134310   0.0030547924  -0.0030376796
        0.0004173573  -0.0059975409   0.0260468227  -0.0003140477   0.0003045810
       -0.0001626012  -0.0001020853  -0.0005439458  -0.0006265745   0.0003230344
        0.0000299635   0.0002197223  -0.0001081535   0.0001235036  -0.0001752636
       -0.0001269031  -0.0003024310  -0.0000672207   0.0002764633
        0.0632285904  -0.3269284406   0.0095683341  -0.0020947747  -0.0161014299
       -0.0047703039  -0.0009757868  -0.0006528571  -0.0030694603   0.0001482584
        0.0001285720   0.0010892291  -0.0010907323   0.0001348635   0.0002048231
       -0.0703295622   0.3615971906  -0.0072871419   0.0033430746  -0.0136162483
        0.0049656315   0.0079530890  -0.0053193923  -0.0009965257   0.0002720204
        0.0006632040   0.0003641141  -0.0006781050  -0.0003136239   0.0003465085
        0.0002188821   0.0003752170  -0.0005073851   0.0002732154   0.0002596270
        0.0000393472  -0.0002681693  -0.0002266821   0.0000528293
       -0.0004522866   0.0053120548  -0.0447007177   0.0016718567  -0.0175229715
       -0.0005740642  -0.0012893308  -0.0017650671  -0.0023409253  -0.0002894652
        0.0001176604   0.0007767290  -0.0001531943  -0.0000831834  -0.0002323191
        0.0045134310  -0.0072871419   0.0464396737  -0.0060533375   0.0294202836
       -0.0017093711   0.0024329414  -0.0069036136   0.0027359128  -0.0001857344
       -0.0010557679  -0.0003093297  -0.0005389808  -0.0007852355   0.0004499717
        0.0000722680   0.0003958558  -0.0002159077   0.0001602323  -0.0001414907
       -0.0001580056   0.0001116004   0.0002986169  -0.0001616470
       -0.0470545237  -0.0143347476   0.0351223263   0.0020002120   0.0056300183
       -0.0155341749   0.0006315595  -0.0002928556   0.0004105768   0.0009290851
        0.0009097602  -0.0011760706   0.0001390477   0.0002568311  -0.0003695734
        0.0030547924   0.0033430746  -0.0060533375   0.0457826317   0.0156710589
       -0.0358792160  -0.0032166510  -0.0091654818   0.0249318133  -0.0015618811
       -0.0018290417  -0.0024140881   0.0001154121   0.0000835466   0.0001051041
        0.0002436783  -0.0001644805  -0.0000134285  -0.0000759054  -0.0001161561
        0.0002631262  -0.0009874576   0.0000084737   0.0006069425
       -0.0126365569  -0.0820130150   0.0939280081   0.0028650370   0.0060427939
       -0.0113981183   0.0005178631   0.0011202659  -0.0011980114  -0.0001520932
        0.0004914557   0.0001059255   0.0001792115  -0.0004144173  -0.0002865354
       -0.0030376796  -0.0136162483   0.0294202836   0.0156710589   0.0865153510
       -0.1077948455  -0.0013724386   0.0038513753  -0.0011376117  -0.0020319660
       -0.0007648336  -0.0022176712   0.0000103935  -0.0001225897   0.0002029374
        0.0002038451  -0.0011571312   0.0001398436   0.0000721761  -0.0000449174
        0.0001173042  -0.0002888509   0.0001119106   0.0001184910
        0.0317797703   0.0981647510  -0.3031103453  -0.0018769239   0.0030635450
       -0.0223927166   0.0004989036   0.0004058359   0.0008115216   0.0004456150
        0.0003452256   0.0012759024  -0.0011617517  -0.0000813095   0.0002788243
        0.0004173573   0.0049656315  -0.0017093711  -0.0358792160  -0.1077948455
        0.3346471500   0.0079113943   0.0035071439  -0.0091433941  -0.0023365478
       -0.0022754707  -0.0014462613   0.0002054686   0.0000759948   0.0002644766
       -0.0000324937  -0.0004381531   0.0003169366   0.0003164913   0.0001240105
        0.0000653908  -0.0002880672  -0.0000623595   0.0001418861
       -0.2682986782   0.0332041654   0.0675983895  -0.0169150056  -0.0045837809
       -0.0053727072  -0.0002425940  -0.0002476810   0.0010935309   0.0000620382
       -0.0005136011  -0.0013389773   0.0215395309  -0.0046140376  -0.0076446810
       -0.0059975409   0.0079530890   0.0024329414  -0.0032166510  -0.0013724386
        0.0079113943   0.2713550593  -0.0293720670  -0.0635062274   0.0006542471
       -0.0001534345  -0.0003085676   0.0007232985   0.0001034535   0.0000194194
        0.0001531049  -0.0002281981  -0.0001510596   0.0001851160  -0.0003816345
       -0.0000237257  -0.0000019252   0.0002061652  -0.0007097297
        0.0300726400  -0.0441930691  -0.0076284623  -0.0118932218   0.0026072404
        0.0032668885   0.0009312759   0.0001777768  -0.0001892955  -0.0023025948
       -0.0010018376  -0.0021302782  -0.0046312611  -0.0037610290   0.0011414198
        0.0260468227  -0.0053193923  -0.0069036136  -0.0091654818   0.0038513753
        0.0035071439  -0.0293720670   0.0497040504   0.0090087758  -0.0003398014
        0.0006600617   0.0001215830   0.0003703493   0.0001272603  -0.0004306446
        0.0003984329  -0.0006490592  -0.0000828690  -0.0003744057  -0.0013440853
        0.0003424314   0.0002593128  -0.0008592924  -0.0000230791
        0.0636261269  -0.0071916273  -0.0568423462  -0.0140524379   0.0011306462
        0.0051482083   0.0005167029  -0.0004598125   0.0005259226  -0.0024359816
       -0.0007381425  -0.0027782755  -0.0076940083   0.0011284822  -0.0020275117
       -0.0003140477  -0.0009965257   0.0027359128   0.0249318133  -0.0011376117
       -0.0091433941  -0.0635062274   0.0090087758   0.0639996731  -0.0005345744
       -0.0005560139  -0.0005808913   0.0001733305  -0.0002080510   0.0001760276
       -0.0001450536   0.0004216386   0.0004611263  -0.0003412029  -0.0008463533
       -0.0006667356  -0.0002244397   0.0004445951  -0.0010077163
       -0.0015578475   0.0033830736  -0.0185357195  -0.0375210360  -0.0068116090
        0.0170123201  -0.0007776685  -0.0000919297  -0.0056417018  -0.0045788797
       -0.0065942116   0.0229674492   0.0001461114   0.0002481357  -0.0004613004
        0.0003045810   0.0002720204  -0.0001857344  -0.0015618811  -0.0020319660
       -0.0023365478   0.0006542471  -0.0003398014  -0.0005345744   0.0462576976
        0.0144187564  -0.0143519980  -0.0001392786  -0.0009354446   0.0001936076
        0.0007705984   0.0016124017  -0.0007406648   0.0004382642   0.0009044578
        0.0009022854  -0.0024349083  -0.0040338833   0.0017125788
       -0.0005978800   0.0024653824  -0.0146160998  -0.0054631050  -0.0577136441
        0.0701999059  -0.0018972105  -0.0115082660   0.0231645018  -0.0023522268
       -0.0019006140  -0.0015313515  -0.0000629093  -0.0002896768   0.0001457980
       -0.0001626012   0.0006632040  -0.0010557679  -0.0018290417  -0.0007648336
       -0.0022754707  -0.0001534345   0.0006600617  -0.0005560139   0.0144187564
        0.0707007366  -0.0753599407   0.0012330290   0.0002404851   0.0007715935
       -0.0035421413  -0.0028524539   0.0018439756  -0.0006928486  -0.0000997793
        0.0002207852   0.0011016135   0.0003993979  -0.0009519156
       -0.0022982693   0.0022492786  -0.0209001701   0.0138645733   0.0677846461
       -0.2539660307   0.0030726488   0.0024486461  -0.0016685489   0.0023650379
        0.0051878713  -0.0078598867   0.0003551042  -0.0001070132   0.0003392105
       -0.0001020853   0.0003641141  -0.0003093297  -0.0024140881  -0.0022176712
       -0.0014462613  -0.0003085676   0.0001215830  -0.0005808913  -0.0143519980
       -0.0753599407   0.2842076430  -0.0003225362  -0.0005233475   0.0009217667
        0.0002483981  -0.0004049564   0.0004863609  -0.0005384700  -0.0008524996
        0.0006857620   0.0004302522   0.0013092894   0.0000903755
       -0.0000219146  -0.0049476258  -0.0011816373  -0.0011079784  -0.0034058252
       -0.0114115055  -0.0406536821  -0.0095031788  -0.0158301885   0.0002348939
        0.0130602408   0.0211552077  -0.0002580209  -0.0003512384  -0.0003452736
       -0.0005439458  -0.0006781050  -0.0005389808   0.0001154121   0.0000103935
        0.0002054686   0.0007232985   0.0003703493   0.0001733305  -0.0001392786
        0.0012330290  -0.0003225362   0.0424223375   0.0068360203   0.0175755779
       -0.0002462075  -0.0068867964  -0.0109905571   0.0009188368  -0.0012528868
        0.0011724433  -0.0014437509   0.0055156235   0.0003386509
        0.0015984109  -0.0033435706  -0.0003845698  -0.0016950263  -0.0150951302
       -0.0160443617  -0.0086642279  -0.1263515888  -0.1145868562   0.0025340271
       -0.0080989561  -0.0054971138   0.0001372426   0.0000149304   0.0002335808
       -0.0006265745  -0.0003136239  -0.0007852355   0.0000835466  -0.0001225897
        0.0000759948   0.0001034535   0.0001272603  -0.0002080510  -0.0009354446
        0.0002404851  -0.0005233475   0.0068360203   0.1458947543   0.1293939053
        0.0006992593   0.0073344340   0.0081878796   0.0004174491   0.0005323252
       -0.0004006456  -0.0004881363  -0.0008187300   0.0005388206
        0.0000319734   0.0019746994   0.0010895054   0.0012837234   0.0020371396
        0.0046024587  -0.0161991969  -0.1169024789  -0.2004153651  -0.0001667688
       -0.0044311130  -0.0061577923   0.0000353016   0.0003679410  -0.0000701086
        0.0003230344   0.0003465085   0.0004499717   0.0001051041   0.0002029374
        0.0002644766   0.0000194194  -0.0004306446   0.0001760276   0.0001936076
        0.0007715935   0.0009217667   0.0175755779   0.1293939053   0.2191557910
       -0.0032724691  -0.0130226897  -0.0212964387  -0.0004799611   0.0015493737
        0.0006750557   0.0005506542  -0.0018571722   0.0006046514
        0.0000001338   0.0008792335   0.0005764647   0.0042934370  -0.0053175282
        0.0130240840  -0.0850597543   0.0472459069  -0.0890961587  -0.0127791040
        0.0108157319  -0.0198483770   0.0000535786  -0.0002829064   0.0003650488
        0.0000299635   0.0002188821   0.0000722680   0.0002436783   0.0002038451
       -0.0000324937   0.0001531049   0.0003984329  -0.0001450536   0.0007705984
       -0.0035421413   0.0002483981  -0.0002462075   0.0006992593  -0.0032724691
        0.0934650598  -0.0546392999   0.0987859658  -0.0015803457   0.0055210159
       -0.0001474362   0.0006558572  -0.0022004318  -0.0005302410
       -0.0001963317   0.0021136726   0.0007317734   0.0098907823  -0.0141510437
        0.0182688747   0.0453684341  -0.0823136034   0.0768319388   0.0048747153
       -0.0065218272   0.0048336974   0.0002068911   0.0000907454  -0.0002524994
        0.0002197223   0.0003752170   0.0003958558  -0.0001644805  -0.0011571312
       -0.0004381531  -0.0002281981  -0.0006490592   0.0004216386   0.0016124017
       -0.0028524539  -0.0004049564  -0.0068867964   0.0073344340  -0.0130226897
       -0.0546392999   0.0980559244  -0.0877413719  -0.0005916680  -0.0007241201
        0.0001094756   0.0005338278   0.0003992453   0.0002664161
        0.0006524416  -0.0016564296   0.0006851293  -0.0036182631   0.0043229669
       -0.0073479975  -0.0887750617   0.0787750873  -0.1962115889   0.0035973945
       -0.0018044343   0.0055399662  -0.0001345002   0.0000314828  -0.0004108790
       -0.0001081535  -0.0005073851  -0.0002159077  -0.0000134285   0.0001398436
        0.0003169366  -0.0001510596  -0.0000828690   0.0004611263  -0.0007406648
        0.0018439756   0.0004863609  -0.0109905571   0.0081878796  -0.0212964387
        0.0987859658  -0.0877413719   0.2162352969   0.0009661352  -0.0013844528
        0.0005887946   0.0005297514  -0.0001242932   0.0011692011
       -0.0030789303   0.0010468595   0.0005465396  -0.0165063419  -0.0002688352
       -0.0101275887  -0.0119902993   0.0031983340  -0.0053002764  -0.1806778752
        0.0046068599  -0.1190711737  -0.0002429059  -0.0000027796  -0.0002832733
        0.0001235036   0.0002732154   0.0001602323  -0.0000759054   0.0000721761
        0.0003164913   0.0001851160  -0.0003744057  -0.0003412029   0.0004382642
       -0.0006928486  -0.0005384700   0.0009188368   0.0004174491  -0.0004799611
       -0.0015803457  -0.0005916680   0.0009661352   0.2073934787  -0.0074833559
        0.1315651967   0.0050934044  -0.0002010009   0.0025873510
       -0.0061171664  -0.0000025632  -0.0003087227  -0.0082327325   0.0006021010
       -0.0126066737   0.0170773261  -0.0021111016   0.0177383401   0.0042800861
       -0.0379783050   0.0029002467  -0.0000056373   0.0006813117   0.0001097404
       -0.0001752636   0.0002596270  -0.0001414907  -0.0001161561  -0.0000449174
        0.0001240105  -0.0003816345  -0.0013440853  -0.0008463533   0.0009044578
       -0.0000997793  -0.0008524996  -0.0012528868   0.0005323252   0.0015493737
        0.0055210159  -0.0007241201  -0.0013844528  -0.0074833559   0.0392246970
       -0.0023406901  -0.0040180528   0.0010048100  -0.0039408285
        0.0018912625  -0.0002400198   0.0010483113   0.0050105406   0.0008646700
        0.0039649501   0.0003443895  -0.0004226305   0.0003305661  -0.1202292927
        0.0019681546  -0.1469678495   0.0002218372  -0.0001040564   0.0008055556
       -0.0001269031   0.0000393472  -0.0001580056   0.0002631262   0.0001173042
        0.0000653908  -0.0000237257   0.0003424314  -0.0006667356   0.0009022854
        0.0002207852   0.0006857620   0.0011724433  -0.0004006456   0.0006750557
       -0.0001474362   0.0001094756   0.0005887946   0.1315651967  -0.0023406901
        0.1608178770  -0.0208437238  -0.0001541260  -0.0211896726
        0.0018812971  -0.0000528711   0.0007228872  -0.0087694310   0.0031626225
        0.0190069351  -0.0059909540   0.0038707059   0.0104280102  -0.0564357585
        0.0118209263   0.0531824030   0.0000978780   0.0000138639   0.0004098868
       -0.0003024310  -0.0002681693   0.0001116004  -0.0009874576  -0.0002888509
       -0.0002880672  -0.0000019252   0.0002593128  -0.0002244397  -0.0024349083
        0.0011016135   0.0004302522  -0.0014437509  -0.0004881363   0.0005506542
        0.0006558572   0.0005338278   0.0005297514   0.0050934044  -0.0040180528
       -0.0208437238   0.0686381797  -0.0156467923  -0.0640161497
        0.0017170191   0.0006746569   0.0001131089  -0.0037097337   0.0008992903
        0.0185885229   0.0057453102  -0.0064864323  -0.0242601428   0.0126121822
       -0.0441762351  -0.0476843461   0.0000542887   0.0006439988  -0.0002098887
       -0.0000672207  -0.0002266821   0.0002986169   0.0000084737   0.0001119106
       -0.0000623595   0.0002061652  -0.0008592924   0.0004445951  -0.0040338833
        0.0003993979   0.0013092894   0.0055156235  -0.0008187300  -0.0018571722
       -0.0022004318   0.0003992453  -0.0001242932  -0.0002010009   0.0010048100
       -0.0001541260  -0.0156467923   0.0484340619   0.0535981953
       -0.0016216592   0.0002260277   0.0016596183   0.0040491840  -0.0019343810
       -0.0102857837   0.0026963264  -0.0006609556  -0.0012754673   0.0543675425
       -0.0472206092  -0.2600245349   0.0002427401  -0.0000690111   0.0004983821
        0.0002764633   0.0000528293  -0.0001616470   0.0006069425   0.0001184910
        0.0001418861  -0.0007097297  -0.0000230791  -0.0010077163   0.0017125788
       -0.0009519156   0.0000903755   0.0003386509   0.0005388206   0.0006046514
       -0.0005302410   0.0002664161   0.0011692011   0.0025873510  -0.0039408285
       -0.0211896726  -0.0640161497   0.0535981953   0.2897807072
