   -0.43096791
    0.00326254
   -0.04917577
    0.00034525
   -0.03343118
   -0.03128929
    0.00663400
    0.00581662
   -0.03056941
   -0.03047371
    0.00641178
    0.00640817
   -0.03025046
   -0.03027604
    0.00633600
    0.00606349
   -0.03040623
   -0.03045529
   -0.02395676
   -0.07559715
   -0.07801466
   -0.07868974
   -0.09444600
    0.00000000
    0.13801532
    0.14093047
    0.15395513
    0.03406180
    0.03883077
    0.04595323
    0.03517226
    0.04084467
    0.05183493
    0.05212729
    0.05313224
    0.05348837
    0.05370605
    0.05268522
    0.04327988
    0.04870411
