   189
         51          1         51
         18         52         69
          1         70         70
          1         71         71
          1         72         72
          3         73         75
         11         76         86
         19         87        105
         11        106        116
          4        117        120
          6        121        126
          7        127        133
          1        134        134
          8        135        142
          3        143        145
          5        146        150
          2        151        152
         15        153        167
          2        168        169
          5        170        174
          2        175        176
         21        177        197
          6        198        203
         16        204        219
          3        220        222
          6        223        228
         13        229        241
          1        242        242
         10        243        252
          4        253        256
          4        257        260
          4        261        264
         12        265        276
          1        277        277
          5        278        282
          2        283        284
          5        285        289
          2        290        291
         36        292        327
         45        328        372
         15        373        387
          3        388        390
          2        391        392
          4        393        396
          4        397        400
          1        401        401
          1        402        402
         11        403        413
          1        414        414
          4        415        418
         26        419        444
          8        445        452
         19        453        471
          3        472        474
          4        475        478
          6        479        484
          4        485        488
          6        489        494
          5        495        499
          7        500        506
          5        507        511
         23        512        534
          2        535        536
          1        537        537
          2        538        539
          3        540        542
          1        543        543
          9        544        552
          4        553        556
          1        557        557
         15        558        572
          2        573        574
          6        575        580
          3        581        583
          5        584        588
         10        589        598
          2        599        600
          6        601        606
          2        607        608
          4        609        612
          2        613        614
          1        615        615
         12        616        627
          2        628        629
          3        630        632
         11        633        643
          4        644        647
          5        648        652
          5        653        657
          1        658        658
          4        659        662
         13        663        675
          3        676        678
          2        679        680
          3        681        683
         12        684        695
          1        696        696
          5        697        701
          3        702        704
         11        705        715
          6        716        721
          1        722        722
          5        723        727
         11        728        738
          6        739        744
         15        745        759
          3        760        762
          1        763        763
          1        764        764
         12        765        776
          1        777        777
          9        778        786
          4        787        790
          2        791        792
          1        793        793
          1        794        794
          3        795        797
          2        798        799
          1        800        800
          1        801        801
          2        802        803
          1        804        804
          1        805        805
          1        806        806
          1        807        807
          2        808        809
          2        810        811
         15        812        826
          1        827        827
          4        828        831
          4        832        835
          1        836        836
          7        837        843
          3        844        846
          3        847        849
          5        850        854
          2        855        856
          7        857        863
          3        864        866
          7        867        873
          4        874        877
          2        878        879
          5        880        884
          1        885        885
          4        886        889
          2        890        891
          1        892        892
          4        893        896
          4        897        900
          8        901        908
          1        909        909
          1        910        910
         11        911        921
          3        922        924
          1        925        925
          2        926        927
          4        928        931
          1        932        932
          9        933        941
          2        942        943
          2        944        945
          7        946        952
          3        953        955
          5        956        960
          5        961        965
          3        966        968
          3        969        971
          4        972        975
          7        976        982
          8        983        990
          3        991        993
         16        994       1009
          2       1010       1011
          3       1012       1014
         20       1015       1034
          1       1035       1035
         11       1036       1046
          1       1047       1047
          6       1048       1053
          2       1054       1055
          3       1056       1058
          1       1059       1059
          1       1060       1060
          5       1061       1065
          2       1066       1067
          1       1068       1068
          1       1069       1069
          3       1070       1072
          3       1073       1075
