           1           2  0.96978176419258211     
           2           3   1.0112576290156388     
           3           4   1.0053668326284821     
           4           5  0.98271558443758777     
           5           6   1.1531745395805695     
           5           7   1.7222785163109600     
           6           7  0.15726602678322424     
           1           8  0.88461914184987589     
           1           9  0.88953356027580188     
           1          10  0.88940122077376427     
           2          11  0.96442713928071988     
           2          12  0.96444039596560349     
           3          13  0.97087377111708018     
           3          14  0.97090600556742734     
           4          15  0.94521512583375289     
           4          16  0.94528951247410975     
           6          17  0.80575694075551629     
