           1           2  0.90673270908728820     
           2           3   1.0346919665619563     
           3           4   1.5245600710114300     
           4           5   1.3301222975738387     
           3           6  0.12788508101930468     
           5           6   1.5846855819093912     
           3           7   1.1788037345383688     
           4           7  0.11462628992145039     
           6           7   1.2345324498343277     
           1           8  0.90758096522120701     
           1           9  0.91072558406527748     
           1          10  0.90913786420406195     
           2          11  0.95941881726155143     
           2          12  0.96070151689685956     
           4          13  0.96321792706987830     
           5          14  0.96099536326322510     
           6          15  0.96703458045682034     
