           1           2  0.94839201545090934     
           2           3   1.0082869770158611     
           3           4  0.99546403623015378     
           4           5   1.0099937407342388     
           5           6   1.4000293802583099     
           6           7   1.4355430181361442     
           5           8  0.10761804232434730     
           7           8   1.4413870777887496     
           6           9  0.10938392899978588     
           8           9   1.4371841149076885     
           5          10   1.4073393385072384     
           7          10  0.11293656331665072     
           9          10   1.4467854822055823     
           1          12  0.92468278595595765     
           1          13  0.88697070242966070     
           1          14  0.84097413941541643     
           2          15  0.97044386069897615     
           2          16  0.97024695353197477     
           3          17  0.96684563933244760     
           3          18  0.96284801490004135     
           4          19  0.97416950975475336     
           4          20  0.96365259902444778     
           6          21  0.96881681146284349     
           7          22  0.97100458156438207     
           8          23  0.97076744973381079     
           9          24  0.96876614233396019     
          10          25  0.96605622449484219     
