   -0.12684183
   -0.02367096
   -0.08285031
   -0.00565219
   -0.04948892
   -0.03611953
    0.01740011
   -0.04175560
   -0.03536839
    0.01737736
   -0.05308520
    0.16943533
   -0.22817895
   -0.04716729
   -0.02733171
   -0.03836841
   -0.03230439
   -0.04020413
   -0.94937605
    0.31858030
    0.25729909
    0.25389099
    0.10609660
    0.10247219
    0.07650390
    0.05429410
    0.02510254
    0.04111963
    0.04577433
    0.04293839
    0.05726811
    0.05772779
    0.04837737
    0.04263320
    0.04441328
    0.03905926
