           1           2  0.94903389130267202     
           2           3   1.0087676321422547     
           3           4   1.0172958314467020     
           1           6  0.91881110690535439     
           1           7  0.83745171248665118     
           1           8  0.91878840354738411     
           2           9  0.96546983666735331     
           2          10  0.96550915686848104     
           3          11  0.97399609390459563     
           3          12  0.97399807535375738     
           4          13  0.98531114907039674     
           4          14  0.98531417528586740     
           4          15  0.98358680858774805     
