$coord
          4.610105850920         -0.977613912208          1.646538709165     n 
          3.227806434275         -0.096023447417         -0.590624687841     c 
          4.242304947306         -1.307884120342         -3.001263582075     c 
          0.412825319629         -0.492128910830         -0.310373510570     c 
         -0.568294406302         -2.934243295526          0.070930555104     c 
         -3.098073170982         -3.325834873365          0.339903099956     c 
         -1.213425351838          1.515654036419         -0.414681655633     c 
         -3.849302254976          1.183380322881         -0.144694542997     c 
         -4.810303255661         -1.280663869419          0.241564842752     c 
         -7.446466304504         -1.612887871637          0.516562460186     c 
         -9.040077119338          0.406482093921          0.410545712414     c 
         -8.088603975348          2.847947967757          0.026005423778     c 
         -5.557686414567          3.234447907871         -0.245686450510     c 
         10.408038222391          1.185306958579          0.533059181719     cl
          8.078405251768          0.314212523418          1.001209687846     h 
          4.431711207885         -2.879507963173          1.766738657666     h 
          3.763992856382         -0.276900690139          3.215923619620     h 
          3.564809600473          1.956473749080         -0.712423240560     h 
          3.960544306269         -3.346607966676         -2.962472430316     h 
          6.261755775371         -0.966869678792         -3.219231197690     h 
          3.282154236560         -0.577498390426         -4.671755820346     h 
          0.715811382560         -4.510857749254          0.146989912605     h 
         -3.823697257135         -5.204518756910          0.631615826047     h 
         -0.483455520557          3.390585184821         -0.705957427951     h 
         -8.177740178027         -3.488779446796          0.812499693581     h 
        -11.047362546153          0.131336772294          0.623449073756     h 
         -9.373603213600          4.426793519434         -0.054092789626     h 
         -4.827618834188          5.110901859426         -0.540866361869     h 
$end
