           1           2  0.94377690197836395     
           2           3  0.99262791232555758     
           3           4  0.98999489949860076     
           4           5   1.0085797784600803     
           5           6   1.0083608278623051     
           6           7   1.0082230286687521     
           3           8  0.99415914068621958     
           7           8   1.0085156461536160     
           1          10  0.92317803051844682     
           1          11  0.83945677434916766     
           1          12  0.91367144234302089     
           2          13  0.96779376533144179     
           2          14  0.96571496577942728     
           3          15  0.95815156966424453     
           4          16  0.97472857853706585     
           4          17  0.97532293829510674     
           5          18  0.97618648499054528     
           5          19  0.97641615883633504     
           6          20  0.97712317286696693     
           6          21  0.97711637608629398     
           7          22  0.97655141348827101     
           7          23  0.97581691314373731     
           8          24  0.97436038778347112     
           8          25  0.97108100504693251     
