   -0.12396244
   -0.03122865
    0.06333698
   -0.29076352
    0.11956369
   -0.00623341
   -0.03446694
   -0.03551016
    0.00417747
    0.00557033
   -0.03861756
   -0.06973899
   -0.03588776
   -0.03537878
    0.01359031
   -0.03515015
   -0.02767368
   -0.03541795
    0.01348938
    0.00498853
   -0.96116702
    0.27095310
    0.32353293
    0.25588476
    0.11184544
    0.12425585
    0.04942185
    0.07154730
    0.03811820
    0.03915709
    0.04124612
    0.02887180
    0.03561174
    0.03724840
    0.03615987
    0.03592658
    0.03669928
