           1           2  0.94446334213175065     
           2           3  0.99760941411086401     
           3           4   1.0020050300249699     
           4           5   1.4025966653287307     
           5           6   1.4635410663109003     
           6           7   1.3648805814683906     
           7           8   1.1085691946460972     
           8           9   1.7641389897789628     
           9          10   1.1100755959774096     
          10          11   1.3659281871902325     
          11          12   1.4208063959793735     
          12          13  0.94962281457031095     
          12          14   1.3859148580711711     
          11          15  0.10277496997538364     
          14          15   1.4315845611217570     
          10          16   1.3651699110788877     
          15          16   1.4584570021556100     
           5          17  0.10000183760447146     
           7          17   1.3650567346433988     
           4          18   1.4017369872477747     
           6          18  0.10337753737700539     
          17          18   1.4649081847681871     
           1          20  0.84776617366258655     
           1          21  0.92011458083023279     
           1          22  0.91790750629057627     
           2          23  0.97210068740133060     
           2          24  0.96621465427802911     
           3          25  0.97120074654670330     
           3          26  0.96035542616516856     
           5          27  0.96891646501365114     
           6          28  0.96363295442074648     
           8          29  0.95823920491374948     
           9          30  0.95815741865532500     
          11          31  0.96068607280481477     
          14          32  0.96838374519859272     
          15          33  0.96985626048076234     
          16          34  0.96865576621621918     
          17          35  0.96859557380513561     
          18          36  0.96934331983190591     
