           1           2  0.95085572842658461     
           2           3  0.99617457569896584     
           3           4  0.99440577141000752     
           4           5   1.0068345402593106     
           5           6  0.98128147047708669     
           6           7  0.96790654292161948     
           7           8   1.1329739962758731     
           7           9   1.7716191634956053     
           8           9  0.17326234569210566     
           6          10  0.97825365845692525     
           3          11  0.99071961528843633     
          10          11   1.0070825804061490     
           1          13  0.91357036943471859     
           1          14  0.91835024761266337     
           1          15  0.83655655374375115     
           2          16  0.96523981575475903     
           2          17  0.96443468702798030     
           3          18  0.96418970794855541     
           4          19  0.97122594686300090     
           4          20  0.97530901173853679     
           5          21  0.97475092168980604     
           5          22  0.97534265151938637     
           6          23  0.96395810113525260     
           8          24  0.86326016045601661     
          10          25  0.97476964229105834     
          10          26  0.97461759162081940     
          11          27  0.97350550037287542     
          11          28  0.97523392236480300     
