$hessian                                                                        
        0.5558418331   0.0392679959  -0.0489541911  -0.1156918479   0.0309640690
       -0.0413208692   0.0093457069  -0.0034764835   0.0046140146  -0.0003901470
       -0.0012305379   0.0004016230   0.0000439722   0.0005889372   0.0001378366
       -0.0002596827  -0.0000740001  -0.0000534645   0.0002547600  -0.0001604657
        0.0000423359   0.0000986618   0.0000446796  -0.0000007590   0.0004614217
        0.0002030111   0.0001785428  -0.0001000171  -0.0002174954   0.0012453836
       -0.0013798961   0.0024053397   0.0024251794  -0.1112364465   0.1005699415
        0.0619478546  -0.1233009616  -0.0570570491   0.1189612964  -0.1826482992
       -0.1322285804  -0.0715998363  -0.0121980477   0.0107286208  -0.0111419893
       -0.0193387800   0.0117314651  -0.0194533659  -0.0000256912  -0.0009571262
        0.0025023033   0.0004498658  -0.0006007964   0.0001927213  -0.0000257299
       -0.0002114785   0.0000177802   0.0000260759  -0.0000636073   0.0000035962
        0.0000480017   0.0000167448  -0.0000078308   0.0000252481  -0.0002431842
       -0.0001381619
        0.0392679959   0.5620806661   0.0261385885   0.0311682590  -0.0943960927
        0.0274547959   0.0041258884  -0.0061455825   0.0123726619   0.0008281519
        0.0003143614   0.0006701742  -0.0000947597   0.0002625960   0.0001333155
       -0.0001596776   0.0001757437  -0.0000448412   0.0002527653   0.0001078296
        0.0000621227  -0.0000804598  -0.0000665181  -0.0000250908   0.0002053642
       -0.0000177972   0.0000751862  -0.0000566333  -0.0003388196   0.0003554905
        0.0026915004  -0.0014543404  -0.0026544961   0.1011387523  -0.2030805054
       -0.0963374174  -0.0581441803  -0.0827450265   0.0859383090  -0.1308984472
       -0.1663796485  -0.0656590633   0.0207701721  -0.0162556276   0.0189019044
       -0.0093326334   0.0077871421  -0.0088707595  -0.0013739969  -0.0003056261
        0.0024313196  -0.0003727407   0.0006058721  -0.0008341096   0.0001096713
        0.0001440248  -0.0000747178   0.0000312314  -0.0000633052  -0.0000193062
       -0.0001102068  -0.0000351993   0.0000107368   0.0000339834  -0.0001941468
       -0.0000248031
       -0.0489541911   0.0261385885   0.5509307115  -0.0443837505   0.0293946243
       -0.1094395075  -0.0134582268   0.0183008777  -0.0264068278  -0.0017673586
       -0.0008026105   0.0002125703   0.0001549415  -0.0000537743   0.0002119467
        0.0000625003  -0.0000441312  -0.0000558016  -0.0002705765  -0.0002349592
       -0.0000066118   0.0002912371   0.0002052162   0.0000761371  -0.0001013653
        0.0001026272  -0.0002446693   0.0002288939   0.0000339586  -0.0001719655
        0.0021674555  -0.0021987117  -0.0009579283   0.0619605320  -0.0958172119
       -0.1043686779   0.1198719326   0.0850935469  -0.2197505587  -0.0705216783
       -0.0664352062  -0.0801148944   0.0032823755  -0.0016236690   0.0049664510
       -0.0111212375   0.0052922002  -0.0104238968   0.0033454364   0.0021127647
       -0.0058231740  -0.0008415790   0.0002683624   0.0015106153  -0.0000777975
       -0.0000492504  -0.0000243802   0.0000045725   0.0000818894   0.0000353350
        0.0001022227   0.0000115932  -0.0000184277   0.0000256609   0.0002232751
       -0.0001364453
       -0.1156918479   0.0311682590  -0.0443837505   0.5010056721   0.0158956352
       -0.0155132722  -0.0951965994  -0.0127976067   0.0600525591  -0.0200638066
       -0.0121319031   0.0186468071  -0.0004539577   0.0011363477   0.0005883598
       -0.0003507019  -0.0000601825  -0.0012433957   0.0001645183   0.0001747383
       -0.0000857069  -0.0000324058  -0.0000818683   0.0001410086  -0.0004310339
       -0.0001178260  -0.0017637439  -0.0001364587  -0.0016979310  -0.0006088330
        0.0002548421  -0.0004947545  -0.0003360219  -0.0099581365   0.0101789247
       -0.0078657720   0.0084351588  -0.0046664183   0.0059543914  -0.0147901433
        0.0078776457  -0.0148294595  -0.0759246578   0.0695711157   0.0381200322
       -0.1759410261  -0.1077656484  -0.0372680068   0.0064863359   0.0042784841
       -0.0132617785  -0.0069497661  -0.0007610641   0.0128755149   0.0000279185
        0.0002566399   0.0004014092   0.0000183108  -0.0000456640   0.0000198340
       -0.0001146581  -0.0000604129  -0.0001208465  -0.0003575567   0.0001434895
        0.0004806712
        0.0309640690  -0.0943960927   0.0293946243   0.0158956352   0.5052672602
        0.0514052861  -0.0138500164  -0.0674217884   0.0212597725  -0.0148643106
       -0.0080635869   0.0133097229  -0.0011162198  -0.0001183424  -0.0004018234
        0.0003814463  -0.0000650714  -0.0010569926   0.0000175652   0.0002620648
       -0.0000897225   0.0000447475  -0.0001110228   0.0000693474  -0.0002018776
       -0.0005239036  -0.0008438763   0.0007484663  -0.0006263170   0.0010800029
       -0.0002443161   0.0001020540   0.0002201368   0.0147088800  -0.0120457915
        0.0130782649   0.0045870897  -0.0046201388   0.0069521381  -0.0073088776
        0.0097739576  -0.0095466405   0.0665300033  -0.1979411581  -0.0857474061
       -0.1030923235  -0.1301211351  -0.0322079332  -0.0051427678  -0.0036842043
        0.0129927463   0.0120222769   0.0048481320  -0.0201565717  -0.0001253924
       -0.0002046236   0.0002136947   0.0000567358  -0.0000784360  -0.0000963798
       -0.0000702278  -0.0000984450  -0.0000339791   0.0000594145  -0.0001334109
        0.0002055883
       -0.0413208692   0.0274547959  -0.1094395075  -0.0155132722   0.0514052861
        0.4349730148   0.0533789086   0.0142605579  -0.1459942113   0.0078539428
        0.0071576315   0.0053926408  -0.0008034546  -0.0016789247  -0.0003609920
        0.0004150392   0.0001564351  -0.0000557581  -0.0000446103   0.0002293248
        0.0000826936  -0.0001355784  -0.0001672724  -0.0001596961   0.0000095061
        0.0000524397  -0.0004255683  -0.0016812921   0.0001618508  -0.0010653255
        0.0002217032  -0.0001725160  -0.0003791286   0.0037862547  -0.0007104867
        0.0090627711  -0.0104412099   0.0092358686  -0.0143331911  -0.0093293400
        0.0027663920  -0.0076700468   0.0361682537  -0.0807483419  -0.0823415292
       -0.0396837805  -0.0357566800  -0.0522787557   0.0064472908   0.0047723270
       -0.0168689116   0.0108081832   0.0017011035  -0.0183630691  -0.0000144343
        0.0000934102   0.0003270756   0.0000170305  -0.0000757649   0.0000835092
       -0.0001197743  -0.0000388815  -0.0001682525  -0.0000184972  -0.0000985549
       -0.0000177616
        0.0093457069   0.0041258884  -0.0134582268  -0.0951965994  -0.0138500164
        0.0533789086   0.4864550120  -0.0279906139   0.0253920079  -0.1578390116
       -0.0657662698  -0.0232856870  -0.0009052892  -0.0066855575  -0.0020803500
        0.0021681806   0.0014316618  -0.0009099900  -0.0009676384  -0.0000066304
       -0.0002672464  -0.0000614512   0.0000176060   0.0004481630  -0.0031564877
        0.0030883805  -0.0007690900  -0.0312650196  -0.0133243901  -0.0073523734
        0.0003735783   0.0002506087   0.0000236935   0.0004335387  -0.0000575026
       -0.0001739015  -0.0017511839   0.0015607967  -0.0028515790   0.0001881285
       -0.0000336368  -0.0001969466  -0.0060460334  -0.0014750201   0.0112868642
       -0.0129881214  -0.0066208034   0.0182956368  -0.1239599092   0.0672473153
       -0.0881208622  -0.0650118414   0.0590117517   0.0291395431   0.0006457625
        0.0009662578   0.0009078137  -0.0000278490   0.0001828076   0.0000892399
       -0.0011953480  -0.0006615136  -0.0000192955   0.0007618761  -0.0014111200
        0.0005236775
       -0.0034764835  -0.0061455825   0.0183008777  -0.0127976067  -0.0674217884
        0.0142605579  -0.0279906139   0.5097035753   0.0147797508  -0.0680604789
       -0.1145440818  -0.0172545981  -0.0241190634  -0.0245845484  -0.0066813184
        0.0014389142  -0.0048187685  -0.0005004739  -0.0002779772  -0.0005819838
       -0.0001737337   0.0001206027   0.0001631228   0.0003490769   0.0029673948
        0.0003421456  -0.0007904682   0.0040007478   0.0059241942  -0.0002564500
        0.0003527847  -0.0002565437  -0.0002939008  -0.0007356419   0.0005047243
        0.0001268591   0.0020766118  -0.0008760852   0.0017399198  -0.0002946540
       -0.0004166094  -0.0005021513   0.0113938009   0.0048609508  -0.0181571413
       -0.0112313325  -0.0048284838   0.0148805669   0.0684327908  -0.0968665123
        0.0675189917   0.0589141242  -0.2010982921  -0.0885858415  -0.0013587557
        0.0009329687   0.0003240714  -0.0011492420  -0.0010080620  -0.0001482827
        0.0005709636   0.0002186253   0.0002090525   0.0012231142   0.0007970347
        0.0008546354
        0.0046140146   0.0123726619  -0.0264068278   0.0600525591   0.0212597725
       -0.1459942113   0.0253920079   0.0147797508   0.4748058029  -0.0301356398
       -0.0222417128  -0.0661272187  -0.0039842980  -0.0034776264  -0.0004181240
       -0.0011455580  -0.0017402694   0.0062026334  -0.0002933947  -0.0002289381
        0.0000809784   0.0004926018   0.0003080509  -0.0012330358  -0.0019786280
       -0.0005823681   0.0067075778  -0.0047197789  -0.0027584910   0.0003809599
       -0.0002723790   0.0002728431   0.0003495601   0.0001198566  -0.0007511592
        0.0009762190  -0.0028323049   0.0014270534  -0.0021257592   0.0004284676
        0.0004215578   0.0002595671   0.0101709140   0.0011290352  -0.0165675895
        0.0008583945   0.0006028086   0.0014232690  -0.0883674169   0.0685623571
       -0.1333042390   0.0305853254  -0.0898068982  -0.0946780171   0.0004127618
        0.0006058766  -0.0020112610  -0.0001885224  -0.0001046541  -0.0002148306
       -0.0001049754  -0.0001086391  -0.0001635106   0.0008959927   0.0000589885
       -0.0019419428
       -0.0003901470   0.0008281519  -0.0017673586  -0.0200638066  -0.0148643106
        0.0078539428  -0.1578390116  -0.0680604789  -0.0301356398   0.6260070502
       -0.0207413410   0.0726353713  -0.0933048594  -0.0114367757  -0.0080848699
        0.0364750249  -0.0183263383   0.0040057906  -0.0208094196   0.0339142573
        0.0017537119   0.0006677542  -0.0002165661  -0.0000950721  -0.0640931999
       -0.0411913710  -0.0155412878  -0.2736747974   0.1255585722  -0.0224385612
       -0.0003895161  -0.0001964506  -0.0001328820   0.0004301487  -0.0002392850
        0.0000430902   0.0000073224   0.0001201449  -0.0002097314   0.0012494904
        0.0003744946  -0.0002284320   0.0000600779   0.0004080609  -0.0004543810
       -0.0011011736  -0.0011139427   0.0023094290  -0.0223494821  -0.0097780860
       -0.0070183547   0.0044820570  -0.0002199001   0.0012298038  -0.0053977448
        0.0269627378   0.0017741649  -0.0030587419  -0.0032867234  -0.0023842221
       -0.0026571113  -0.0028527906  -0.0022477431  -0.0042499144   0.0043579403
       -0.0008667689
       -0.0012305379   0.0003143614  -0.0008026105  -0.0121319031  -0.0080635869
        0.0071576315  -0.0657662698  -0.1145440818  -0.0222417128  -0.0207413410
        0.6418014986   0.0521004053   0.0634531248  -0.3119659752  -0.0219667615
       -0.0767146526  -0.0442022991  -0.0182058395   0.0341942979  -0.0442359348
        0.0014190946  -0.0003319331   0.0009518740  -0.0000585490   0.0161760684
        0.0569128573   0.0096820748   0.0508935521  -0.1335957133  -0.0006958094
       -0.0004622010  -0.0003958587   0.0002427347   0.0002022905  -0.0007953428
        0.0001360835  -0.0001414983   0.0000582655  -0.0000563453   0.0002035559
        0.0003923045   0.0006955938   0.0008390664   0.0007830289  -0.0004670388
       -0.0009516020   0.0000879648   0.0009554838   0.0077432583   0.0076232352
        0.0026151819  -0.0202389779  -0.0207050044  -0.0074754131   0.0047321652
       -0.0144188965  -0.0016520333  -0.0026113263  -0.0005309702  -0.0015153262
       -0.0032231284  -0.0009871801  -0.0017837210   0.0261079920  -0.0144845463
        0.0019168766
        0.0004016230   0.0006701742   0.0002125703   0.0186468071   0.0133097229
        0.0053926408  -0.0232856870  -0.0172545981  -0.0661272187   0.0726353713
        0.0521004053   0.1670984029   0.0006537738  -0.0340207402  -0.0544565282
       -0.0034327665  -0.0083767278  -0.0008366667   0.0017881358   0.0011524894
       -0.0061867203   0.0001763325   0.0001587893  -0.0000060242  -0.0086762327
       -0.0002076061  -0.0013031454  -0.0322238218   0.0114915565  -0.0541105828
       -0.0000328536  -0.0001761227  -0.0000749094   0.0001152059  -0.0001068662
       -0.0001325050   0.0000906799  -0.0000548363   0.0003370086   0.0000530378
       -0.0000094152  -0.0001060964  -0.0000376949   0.0003876454   0.0007123669
        0.0030109241   0.0017890738  -0.0039684184  -0.0161985254  -0.0095653316
       -0.0033821587  -0.0105907911  -0.0094891714  -0.0023055617  -0.0006062355
        0.0025745467   0.0015397256  -0.0021730799  -0.0015673631   0.0078585558
       -0.0022279792  -0.0015891540   0.0079312553   0.0019137766  -0.0012164709
        0.0019140098
        0.0000439722  -0.0000947597   0.0001549415  -0.0004539577  -0.0011162198
       -0.0008034546  -0.0009052892  -0.0241190634  -0.0039842980  -0.0933048594
        0.0634531248   0.0006537738   0.6742491371  -0.0089214262   0.0910948938
       -0.2534163875  -0.1534164256  -0.0532413526  -0.0663303419   0.0177781999
       -0.0089521524  -0.0022367974   0.0014494954  -0.0010567546  -0.0075805504
       -0.0248227169  -0.0035775034   0.0137489990   0.0314823487   0.0059800429
        0.0001844712   0.0001523725  -0.0000003240  -0.0001447849   0.0001700096
        0.0000633076   0.0001113908   0.0000448951  -0.0000906750   0.0000823258
        0.0002750562  -0.0001801128   0.0001546709  -0.0002131337  -0.0000426316
       -0.0002872518  -0.0002035615   0.0004419974   0.0005037943  -0.0019118851
        0.0003394311  -0.0031055474  -0.0030543683  -0.0011928016  -0.2590392131
        0.1013623618  -0.0240095545   0.0017343863  -0.0002825346  -0.0001596607
        0.0004972502  -0.0004993331   0.0001271414  -0.0045054169   0.0024875639
       -0.0015642536
        0.0005889372   0.0002625960  -0.0000537743   0.0011363477  -0.0001183424
       -0.0016789247  -0.0066855575  -0.0245845484  -0.0034776264  -0.0114367757
       -0.3119659752  -0.0340207402  -0.0089214262   0.6428239177   0.0646194346
       -0.0752552979  -0.1741313954  -0.0284885306  -0.0443395659   0.0568804036
       -0.0009016825   0.0046857595  -0.0001248566   0.0001627738  -0.0241707225
       -0.0519511227  -0.0097264090   0.0845450723  -0.0254339050   0.0108703279
       -0.0000703697   0.0002885099   0.0000091051  -0.0000026142  -0.0003056412
        0.0000233752   0.0001057474   0.0000283311  -0.0000162337  -0.0002938906
       -0.0004490182   0.0005348912   0.0001165504   0.0002513747  -0.0004797636
       -0.0000536212   0.0001606273   0.0001433025   0.0014353401   0.0002584379
        0.0007879048  -0.0021435023  -0.0018572279  -0.0009131246   0.1014259580
       -0.0893336701   0.0093402999  -0.0228088948  -0.0197043263  -0.0064124572
       -0.0006191595  -0.0002998357   0.0000404581   0.0027616854  -0.0006943327
       -0.0003626062
        0.0001378366   0.0001333155   0.0002119467   0.0005883598  -0.0004018234
       -0.0003609920  -0.0020803500  -0.0066813184  -0.0004181240  -0.0080848699
       -0.0219667615  -0.0544565282   0.0910948938   0.0646194346   0.1355889132
       -0.0438699336  -0.0412405255  -0.0555980901  -0.0162995565   0.0098181852
       -0.0011530346  -0.0008155839  -0.0005305721   0.0050572073  -0.0035416148
       -0.0100739657  -0.0055433859   0.0122214288   0.0023052125   0.0048289021
        0.0000354937   0.0000070901  -0.0000024653   0.0000310442   0.0001054682
       -0.0001052799   0.0000838077   0.0000234268   0.0000220108  -0.0000492227
       -0.0001712467   0.0005674639  -0.0001478361  -0.0001242866   0.0000611824
       -0.0000893428   0.0001313193   0.0001060301   0.0004335159  -0.0005021958
        0.0005582126  -0.0012602243  -0.0015494474   0.0002039286  -0.0240099361
        0.0092270140  -0.0361755456  -0.0026744577  -0.0026114626  -0.0000147936
        0.0000757025  -0.0000809197  -0.0003753187  -0.0017791547  -0.0004359410
        0.0069977603
       -0.0002596827  -0.0001596776   0.0000625003  -0.0003507019   0.0003814463
        0.0004150392   0.0021681806   0.0014389142  -0.0011455580   0.0364750249
       -0.0767146526  -0.0034327665  -0.2534163875  -0.0752552979  -0.0438699336
        0.6362577803   0.0005745255   0.0869159391  -0.2647685987   0.0656783694
       -0.0273514357  -0.0374741085  -0.0040728793  -0.0072484583   0.0129463300
        0.0818652942   0.0116556241  -0.0626482686  -0.0059881784  -0.0106487988
        0.0000399073  -0.0002913850  -0.0000168298  -0.0001154054   0.0002760482
       -0.0000439747  -0.0000476632   0.0000588583  -0.0000481688   0.0001563843
        0.0001134413  -0.0003513554  -0.0000903701   0.0000556064   0.0001049418
        0.0000382819   0.0000654217  -0.0000148227  -0.0001270515   0.0004587811
       -0.0000277604  -0.0003345902  -0.0001225895   0.0003219419  -0.0250127419
       -0.0144416927  -0.0056573070  -0.0440004811   0.0255335114   0.0016430721
        0.0011171869   0.0005279070  -0.0010893673  -0.0005530246   0.0000182282
       -0.0001725214
       -0.0000740001   0.0001757437  -0.0000441312  -0.0000601825  -0.0000650714
        0.0001564351   0.0014316618  -0.0048187685  -0.0017402694  -0.0183263383
       -0.0442022991  -0.0083767278  -0.1534164256  -0.1741313954  -0.0412405255
        0.0005745255   0.6803373584   0.0697583629   0.1329659313  -0.1351749900
        0.0115455128  -0.0184425494   0.0034729764  -0.0029983188   0.0282904551
       -0.0250481472   0.0016178383  -0.0054894190   0.0028588961  -0.0000105588
        0.0000343781  -0.0000782773   0.0000690235   0.0000378506   0.0000040374
       -0.0000166821  -0.0000518118  -0.0000569416   0.0000411483   0.0000167784
       -0.0002402791  -0.0000553762  -0.0000890676  -0.0000538278   0.0000734376
        0.0000346688   0.0000437542   0.0000203550   0.0002138286   0.0000860672
        0.0000451249  -0.0011129327  -0.0009785637  -0.0002526463   0.0083565318
        0.0061373011   0.0021247653   0.0241301910  -0.3033223255  -0.0294007898
        0.0012318006  -0.0057028602  -0.0013187635  -0.0002558747   0.0007576124
        0.0000027857
       -0.0000534645  -0.0000448412  -0.0000558016  -0.0012433957  -0.0010569926
       -0.0000557581  -0.0009099900  -0.0005004739   0.0062026334   0.0040057906
       -0.0182058395  -0.0008366667  -0.0532413526  -0.0284885306  -0.0555980901
        0.0869159391   0.0697583629   0.1340332396  -0.0197313936   0.0002963092
       -0.0511325688  -0.0087047755  -0.0004255985   0.0005794826   0.0053696326
        0.0104427192   0.0029305941  -0.0104790778  -0.0001993566  -0.0054343716
       -0.0000101662  -0.0000780230  -0.0001046734  -0.0000018849   0.0000697287
       -0.0001085164  -0.0000246699  -0.0000133365  -0.0000651230   0.0000457093
       -0.0000493040  -0.0000901589  -0.0000161435  -0.0001018225  -0.0001001968
       -0.0002035961  -0.0000632900   0.0002057867   0.0005030959   0.0001206436
        0.0001431824   0.0004739368   0.0003513406   0.0001614370  -0.0030090825
       -0.0015558753  -0.0004496536   0.0013375579  -0.0289954637  -0.0368927216
       -0.0009193271  -0.0013948855   0.0068688653  -0.0001033423   0.0001345291
       -0.0002009204
        0.0002547600   0.0002527653  -0.0002705765   0.0001645183   0.0000175652
       -0.0000446103  -0.0009676384  -0.0002779772  -0.0002933947  -0.0208094196
        0.0341942979   0.0017881358  -0.0663303419  -0.0443395659  -0.0162995565
       -0.2647685987   0.1329659313  -0.0197313936   0.5201073858  -0.0828332714
        0.0593667375  -0.0995268754  -0.0534269018  -0.0202236705  -0.0877525075
        0.0051056607  -0.0060252513   0.0357000814  -0.0175511752   0.0038014260
        0.0002511700   0.0005508351   0.0000868192  -0.0000292848  -0.0003456640
        0.0000668227  -0.0000471555  -0.0001022429   0.0000357101  -0.0003996688
       -0.0002631523   0.0004404424  -0.0001364823  -0.0001882310  -0.0002247358
        0.0000943361  -0.0001613985  -0.0001984466   0.0002142221  -0.0003428545
        0.0002406714   0.0003054651   0.0000558259   0.0000414097  -0.0023702617
       -0.0024421613  -0.0021908617  -0.0051971423   0.0034361595  -0.0005797806
       -0.0063533942   0.0285412112   0.0022585870  -0.0024031676  -0.0028456561
       -0.0020444835
       -0.0001604657   0.0001078296  -0.0002349592   0.0001747383   0.0002620648
        0.0002293248  -0.0000066304  -0.0005819838  -0.0002289381   0.0339142573
       -0.0442359348   0.0011524894   0.0177781999   0.0568804036   0.0098181852
        0.0656783694  -0.1351749900   0.0002963092  -0.0828332714   0.5758138543
        0.0430693250  -0.0527343117  -0.0637255494  -0.0144247707   0.0729677045
       -0.3117556229  -0.0192958523  -0.0800207151  -0.0446863792  -0.0185704750
        0.0000010115   0.0002752234  -0.0000287125  -0.0000488010  -0.0000620207
       -0.0001022910  -0.0001477446  -0.0000690513   0.0000041377  -0.0001042873
       -0.0002471376   0.0000087754  -0.0002623553   0.0000137474   0.0002040942
        0.0000330288   0.0002253853  -0.0001295908   0.0002157055   0.0002707416
       -0.0000547844  -0.0002326558   0.0002996119   0.0002104492  -0.0028918383
       -0.0006364981  -0.0014606880   0.0276166373  -0.0164528564   0.0025316289
        0.0034452525  -0.0158393426  -0.0014965504  -0.0023818284  -0.0006814952
       -0.0014971065
        0.0000423359   0.0000621227  -0.0000066118  -0.0000857069  -0.0000897225
        0.0000826936  -0.0002672464  -0.0001737337   0.0000809784   0.0017537119
        0.0014190946  -0.0061867203  -0.0089521524  -0.0009016825  -0.0011530346
       -0.0273514357   0.0115455128  -0.0511325688   0.0593667375   0.0430693250
        0.1157017322  -0.0202636131  -0.0146365431  -0.0242720226   0.0020703716
       -0.0304143647  -0.0513019898  -0.0038134462  -0.0081674284  -0.0009746268
       -0.0000128700   0.0000679623  -0.0000500723   0.0000961121   0.0000401031
        0.0000757305   0.0001294564   0.0000771554   0.0000822929   0.0000524664
       -0.0000358261   0.0000347095  -0.0000242894  -0.0000103025   0.0001027160
        0.0000312050   0.0000193920   0.0001675708  -0.0000092630  -0.0001592591
        0.0000975458  -0.0001180110   0.0000242728   0.0001084885  -0.0020380423
       -0.0015310734   0.0080320345   0.0023514866  -0.0016056520   0.0012150779
       -0.0008993208   0.0028236034   0.0013637809  -0.0020584864  -0.0014229561
        0.0079322955
        0.0000986618  -0.0000804598   0.0002912371  -0.0000324058   0.0000447475
       -0.0001355784  -0.0000614512   0.0001206027   0.0004926018   0.0006677542
       -0.0003319331   0.0001763325  -0.0022367974   0.0046857595  -0.0008155839
       -0.0374741085  -0.0184425494  -0.0087047755  -0.0995268754  -0.0527343117
       -0.0202636131   0.1429468917   0.0815603779   0.0327188730  -0.0076837998
       -0.0146306423  -0.0032963774   0.0017471141  -0.0002159922  -0.0007549763
       -0.0000050684  -0.0001971310  -0.0000158370  -0.0000480278   0.0001401269
        0.0000053274   0.0000514829   0.0000948065   0.0000599812   0.0000383559
        0.0000737647  -0.0001827854   0.0001913755   0.0001428922  -0.0000127956
       -0.0000064366   0.0000046869   0.0001410254   0.0000135784   0.0001940256
       -0.0000271793   0.0000272065  -0.0000013765  -0.0000843192  -0.0010537053
       -0.0008386375  -0.0003185253   0.0010299118  -0.0001319349   0.0004062702
        0.0016176723   0.0002627861   0.0004807090  -0.0003013288   0.0002803918
       -0.0001600111
        0.0000446796  -0.0000665181   0.0002052162  -0.0000818683  -0.0001110228
       -0.0001672724   0.0000176060   0.0001631228   0.0003080509  -0.0002165661
        0.0009518740   0.0001587893   0.0014494954  -0.0001248566  -0.0005305721
       -0.0040728793   0.0034729764  -0.0004255985  -0.0534269018  -0.0637255494
       -0.0146365431   0.0815603779   0.0882099475   0.0235655902  -0.0289806096
       -0.0262850136  -0.0081883008   0.0034991695  -0.0043622603  -0.0006503685
        0.0000320116  -0.0003295754   0.0000290213  -0.0000005687   0.0002441469
        0.0000838444   0.0000738420   0.0000471106  -0.0000053367   0.0000307972
       -0.0000713014  -0.0002099403   0.0001857227   0.0000951291   0.0000016376
        0.0001089895   0.0001423640   0.0001410400   0.0000221306   0.0000198715
        0.0000174236   0.0000625498   0.0001857705   0.0000270624   0.0003203374
       -0.0000917197   0.0000046830   0.0007661333   0.0010482128   0.0004057000
       -0.0003347396   0.0006979883   0.0001897001  -0.0010597092  -0.0001106971
       -0.0003238265
       -0.0000007590  -0.0000250908   0.0000761371   0.0001410086   0.0000693474
       -0.0001596961   0.0004481630   0.0003490769  -0.0012330358  -0.0000950721
       -0.0000585490  -0.0000060242  -0.0010567546   0.0001627738   0.0050572073
       -0.0072484583  -0.0029983188   0.0005794826  -0.0202236705  -0.0144247707
       -0.0242720226   0.0327188730   0.0235655902   0.0183120796  -0.0053016863
       -0.0060381397   0.0007022304  -0.0001117058  -0.0011940747   0.0050374002
       -0.0000467995  -0.0001532317  -0.0000664105   0.0000467919   0.0001356626
        0.0000077346   0.0000617421   0.0000767958  -0.0000352479   0.0000603697
        0.0000454635  -0.0001856999   0.0000343744   0.0000319874   0.0000232763
        0.0000724734   0.0000488146   0.0000351812  -0.0002091243  -0.0000534484
       -0.0000998020  -0.0000801807  -0.0000918097  -0.0000334453  -0.0001452811
       -0.0001705250  -0.0000734023   0.0006167627   0.0002729290  -0.0018088165
        0.0005166632   0.0004151827  -0.0017699320  -0.0001977296   0.0000343347
       -0.0000871943
        0.0004614217   0.0002053642  -0.0001013653  -0.0004310339  -0.0002018776
        0.0000095061  -0.0031564877   0.0029673948  -0.0019786280  -0.0640931999
        0.0161760684  -0.0086762327  -0.0075805504  -0.0241707225  -0.0035416148
        0.0129463300   0.0282904551   0.0053696326  -0.0877525075   0.0729677045
        0.0020703716  -0.0076837998  -0.0289806096  -0.0053016863   0.6749808438
       -0.0126276002   0.0937889700  -0.2539369300  -0.1538286913  -0.0532216656
        0.0001053299   0.0005604863   0.0000035084  -0.0000755287  -0.0002820509
       -0.0000368053  -0.0000282955  -0.0000071155   0.0000103169  -0.0004408128
       -0.0002923811   0.0003477464   0.0000296315  -0.0000161970  -0.0001833820
        0.0000009454  -0.0000235790   0.0000760331  -0.0013581739  -0.0007138058
       -0.0000498896   0.0002292182   0.0001223107   0.0001137788   0.0005682910
       -0.0006682001  -0.0000106152  -0.0043955152   0.0029674497  -0.0015443062
       -0.2590320885   0.0987041206  -0.0270643426   0.0006429124  -0.0011485237
       -0.0000793303
        0.0002030111  -0.0000177972   0.0001026272  -0.0001178260  -0.0005239036
        0.0000524397   0.0030883805   0.0003421456  -0.0005823681  -0.0411913710
        0.0569128573  -0.0002076061  -0.0248227169  -0.0519511227  -0.0100739657
        0.0818652942  -0.0250481472   0.0104427192   0.0051056607  -0.3117556229
       -0.0304143647  -0.0146306423  -0.0262850136  -0.0060381397  -0.0126276002
        0.6413953852   0.0602453480  -0.0757367482  -0.1754662420  -0.0281376873
       -0.0002589950  -0.0007428778   0.0000780008   0.0001751949  -0.0000002142
       -0.0000866585   0.0000770080  -0.0000020138  -0.0000007881  -0.0002496782
        0.0000163381   0.0001025088   0.0001270615   0.0000134508  -0.0001609182
        0.0000121130  -0.0000549454  -0.0000151799  -0.0000851524  -0.0000889897
        0.0003509352   0.0002767142  -0.0002551764   0.0000147094  -0.0005881160
       -0.0002727817  -0.0002079213   0.0023230416  -0.0001261400  -0.0005493803
        0.1002513143  -0.0875035037   0.0112388447  -0.0231959479  -0.0185856851
       -0.0061531551
        0.0001785428   0.0000751862  -0.0002446693  -0.0017637439  -0.0008438763
       -0.0004255683  -0.0007690900  -0.0007904682   0.0067075778  -0.0155412878
        0.0096820748  -0.0013031454  -0.0035775034  -0.0097264090  -0.0055433859
        0.0116556241   0.0016178383   0.0029305941  -0.0060252513  -0.0192958523
       -0.0513019898  -0.0032963774  -0.0081883008   0.0007022304   0.0937889700
        0.0602453480   0.1344167025  -0.0443971550  -0.0411875047  -0.0558422811
       -0.0000244154   0.0000681526   0.0000854068  -0.0000184233  -0.0000627935
       -0.0000490304   0.0000005745   0.0000146732  -0.0001601957  -0.0001294522
        0.0000024832   0.0001656034  -0.0000385458  -0.0000162417  -0.0000829821
       -0.0002019627  -0.0001490573   0.0002883195   0.0007841248   0.0004403629
        0.0001603786   0.0001386410   0.0002815840   0.0000731858   0.0000574505
       -0.0001311741  -0.0001619386  -0.0016197291  -0.0004194383   0.0068754263
       -0.0267489616   0.0106848380  -0.0373074924  -0.0024520287  -0.0023014249
        0.0000172539
       -0.0001000171  -0.0000566333   0.0002288939  -0.0001364587   0.0007484663
       -0.0016812921  -0.0312650196   0.0040007478  -0.0047197789  -0.2736747974
        0.0508935521  -0.0322238218   0.0137489990   0.0845450723   0.0122214288
       -0.0626482686  -0.0054894190  -0.0104790778   0.0357000814  -0.0800207151
       -0.0038134462   0.0017471141   0.0034991695  -0.0001117058  -0.2539369300
       -0.0757367482  -0.0443971550   0.6433841480   0.0036778000   0.0901689195
        0.0003067200  -0.0007854516  -0.0001214998  -0.0000646664   0.0002569283
       -0.0000564853  -0.0000525162   0.0000470610  -0.0001065256  -0.0000078204
       -0.0005460256   0.0003652925  -0.0002547429  -0.0001001354   0.0002854946
        0.0000663793   0.0000410720   0.0003709211  -0.0030125220  -0.0016706291
       -0.0009548069   0.0003239771   0.0017246088   0.0007427749   0.0008333676
        0.0009833314  -0.0008313960  -0.0005417106  -0.0001706867   0.0000364334
       -0.0249132236  -0.0139396439  -0.0062112533  -0.0455020932   0.0280982784
        0.0012880858
       -0.0002174954  -0.0003388196   0.0000339586  -0.0016979310  -0.0006263170
        0.0001618508  -0.0133243901   0.0059241942  -0.0027584910   0.1255585722
       -0.1335957133   0.0114915565   0.0314823487  -0.0254339050   0.0023052125
       -0.0059881784   0.0028588961  -0.0001993566  -0.0175511752  -0.0446863792
       -0.0081674284  -0.0002159922  -0.0043622603  -0.0011940747  -0.1538286913
       -0.1754662420  -0.0411875047   0.0036778000   0.6841883097   0.0634802475
        0.0001248804  -0.0011119026  -0.0002121325  -0.0003524702  -0.0002087487
       -0.0000524234  -0.0000122082   0.0001130597  -0.0001399699   0.0003026473
        0.0007900082  -0.0001629402   0.0001158520  -0.0000772048  -0.0000356837
       -0.0001330125  -0.0001702215   0.0003945351  -0.0027492515  -0.0012110484
       -0.0007617916  -0.0020322003   0.0006475388   0.0000380408   0.0013616592
       -0.0061453356  -0.0014186877  -0.0000501972   0.0007417353   0.0000775565
        0.0088215682   0.0066543124   0.0018980283   0.0267078654  -0.3084839563
       -0.0235905023
        0.0012453836   0.0003554905  -0.0001719655  -0.0006088330   0.0010800029
       -0.0010653255  -0.0073523734  -0.0002564500   0.0003809599  -0.0224385612
       -0.0006958094  -0.0541105828   0.0059800429   0.0108703279   0.0048289021
       -0.0106487988  -0.0000105588  -0.0054343716   0.0038014260  -0.0185704750
       -0.0009746268  -0.0007549763  -0.0006503685   0.0050374002  -0.0532216656
       -0.0281376873  -0.0558422811   0.0901689195   0.0634802475   0.1370273218
       -0.0000229489   0.0005530769   0.0009287433  -0.0002821530  -0.0003867435
        0.0000718064   0.0001026685  -0.0000777752   0.0000362611  -0.0005458345
       -0.0000600193   0.0004448632  -0.0000114474  -0.0000549485   0.0002258428
       -0.0000517150   0.0000658550   0.0003061220  -0.0018567068  -0.0007166905
       -0.0001829525  -0.0003364916   0.0006737472   0.0003254748  -0.0009094182
       -0.0015579041   0.0071619217  -0.0000302818   0.0001198450  -0.0003967022
       -0.0033874936  -0.0016951063   0.0000167459   0.0011612586  -0.0243280563
       -0.0386135571
       -0.0013798961   0.0026915004   0.0021674555   0.0002548421  -0.0002443161
        0.0002217032   0.0003735783   0.0003527847  -0.0002723790  -0.0003895161
       -0.0004622010  -0.0000328536   0.0001844712  -0.0000703697   0.0000354937
        0.0000399073   0.0000343781  -0.0000101662   0.0002511700   0.0000010115
       -0.0000128700  -0.0000050684   0.0000320116  -0.0000467995   0.0001053299
       -0.0002589950  -0.0000244154   0.0003067200   0.0001248804  -0.0000229489
        0.0005638189   0.0007927816   0.0008119247   0.0007318950  -0.0032331491
       -0.0029605432   0.0001775279   0.0000635996  -0.0005437944  -0.0003419792
       -0.0001156166  -0.0001739596  -0.0000113539   0.0002891874   0.0001645790
        0.0003276205  -0.0000403205   0.0000211996  -0.0001454425   0.0000858381
        0.0000549641  -0.0003954267  -0.0001870454   0.0006961155  -0.0000367743
       -0.0000743881   0.0000193307  -0.0000057152   0.0000057939  -0.0000095449
        0.0001854403   0.0002030817  -0.0000214868  -0.0007911490   0.0000095525
       -0.0000610045
        0.0024053397  -0.0014543404  -0.0021987117  -0.0004947545   0.0001020540
       -0.0001725160   0.0002506087  -0.0002565437   0.0002728431  -0.0001964506
       -0.0003958587  -0.0001761227   0.0001523725   0.0002885099   0.0000070901
       -0.0002913850  -0.0000782773  -0.0000780230   0.0005508351   0.0002752234
        0.0000679623  -0.0001971310  -0.0003295754  -0.0001532317   0.0005604863
       -0.0007428778   0.0000681526  -0.0007854516  -0.0011119026   0.0005530769
        0.0007927816   0.0079247692  -0.0005252396  -0.0030934960   0.0002377505
        0.0028230732  -0.0000814743  -0.0003329237   0.0002672924   0.0000943455
        0.0005078845   0.0006766870   0.0000044001  -0.0001160412  -0.0000150401
       -0.0000813259   0.0001616934  -0.0000238915   0.0001405065  -0.0002139698
        0.0000091870  -0.0003632101  -0.0004745596  -0.0007014497   0.0000933434
       -0.0001487967  -0.0000285243   0.0000085052  -0.0001181663  -0.0000680803
       -0.0001159437  -0.0000312119  -0.0000145570   0.0006470981  -0.0036928396
       -0.0005899772
        0.0024251794  -0.0026544961  -0.0009579283  -0.0003360219   0.0002201368
       -0.0003791286   0.0000236935  -0.0002939008   0.0003495601  -0.0001328820
        0.0002427347  -0.0000749094  -0.0000003240   0.0000091051  -0.0000024653
       -0.0000168298   0.0000690235  -0.0001046734   0.0000868192  -0.0000287125
       -0.0000500723  -0.0000158370   0.0000290213  -0.0000664105   0.0000035084
        0.0000780008   0.0000854068  -0.0001214998  -0.0002121325   0.0009287433
        0.0008119247  -0.0005252396   0.0002041516  -0.0029215237   0.0028005886
        0.0001213127  -0.0003594303  -0.0002179011   0.0003572157   0.0002242346
        0.0005750882   0.0002701587   0.0000992744  -0.0000683541   0.0002615861
        0.0000294653   0.0000543714   0.0000733997  -0.0000314521   0.0000767269
        0.0000349807   0.0001959534   0.0000216142  -0.0001113921  -0.0000020281
        0.0000190965  -0.0000399023  -0.0000105908   0.0000087336  -0.0000215548
        0.0000181766   0.0000131373  -0.0000364658   0.0000301902  -0.0002166422
       -0.0008416125
       -0.1112364465   0.1011387523   0.0619605320  -0.0099581365   0.0147088800
        0.0037862547   0.0004335387  -0.0007356419   0.0001198566   0.0004301487
        0.0002022905   0.0001152059  -0.0001447849  -0.0000026142   0.0000310442
       -0.0001154054   0.0000378506  -0.0000018849  -0.0000292848  -0.0000488010
        0.0000961121  -0.0000480278  -0.0000005687   0.0000467919  -0.0000755287
        0.0001751949  -0.0000184233  -0.0000646664  -0.0003524702  -0.0002821530
        0.0007318950  -0.0030934960  -0.0029215237   0.1189049210  -0.1109171609
       -0.0643342710  -0.0079007456   0.0107614671   0.0115685744   0.0106750447
       -0.0136297730  -0.0080720356  -0.0015901999   0.0014071884  -0.0023575358
       -0.0002827378   0.0006183437  -0.0000430350   0.0000664802  -0.0002278925
        0.0002246203   0.0005994556   0.0000905699  -0.0004465971  -0.0000368786
       -0.0000034557  -0.0000251211  -0.0000626357  -0.0000112100  -0.0000028146
       -0.0000179221  -0.0000074614   0.0000344072  -0.0002780831  -0.0001099916
        0.0005219958
        0.1005699415  -0.2030805054  -0.0958172119   0.0101789247  -0.0120457915
       -0.0007104867  -0.0000575026   0.0005047243  -0.0007511592  -0.0002392850
       -0.0007953428  -0.0001068662   0.0001700096  -0.0003056412   0.0001054682
        0.0002760482   0.0000040374   0.0000697287  -0.0003456640  -0.0000620207
        0.0000401031   0.0001401269   0.0002441469   0.0001356626  -0.0002820509
       -0.0000002142  -0.0000627935   0.0002569283  -0.0002087487  -0.0003867435
       -0.0032331491   0.0002377505   0.0028005886  -0.1109171609   0.2229806094
        0.1041794841  -0.0024116193   0.0091709091   0.0009675834   0.0053381281
       -0.0183634587  -0.0130533533   0.0019472602  -0.0002757577   0.0018569255
       -0.0004078553   0.0002354758  -0.0002087873  -0.0001608807   0.0004869672
       -0.0002390729  -0.0000906406   0.0003178680   0.0006088488  -0.0000656498
        0.0001134726   0.0000750890   0.0000195308   0.0000918241   0.0001087259
        0.0000644994   0.0000972837   0.0000097738  -0.0007499394   0.0006524119
        0.0003784928
        0.0619478546  -0.0963374174  -0.1043686779  -0.0078657720   0.0130782649
        0.0090627711  -0.0001739015   0.0001268591   0.0009762190   0.0000430902
        0.0001360835  -0.0001325050   0.0000633076   0.0000233752  -0.0001052799
       -0.0000439747  -0.0000166821  -0.0001085164   0.0000668227  -0.0001022910
        0.0000757305   0.0000053274   0.0000838444   0.0000077346  -0.0000368053
       -0.0000866585  -0.0000490304  -0.0000564853  -0.0000524234   0.0000718064
       -0.0029605432   0.0028230732   0.0001213127  -0.0643342710   0.1041794841
        0.1136518212   0.0133971829  -0.0153766417  -0.0121574175   0.0028487463
       -0.0114114698  -0.0041979279  -0.0031298267   0.0026557530  -0.0021636723
       -0.0003437913   0.0002852886   0.0002126655   0.0001220790   0.0000082458
       -0.0001618152  -0.0000285623  -0.0001541470  -0.0006412788  -0.0000201257
       -0.0000123639  -0.0000619304  -0.0000011906  -0.0000098525  -0.0000484751
       -0.0000340804   0.0000146159   0.0001189906   0.0005349193   0.0001450597
       -0.0001025249
       -0.1233009616  -0.0581441803   0.1198719326   0.0084351588   0.0045870897
       -0.0104412099  -0.0017511839   0.0020766118  -0.0028323049   0.0000073224
       -0.0001414983   0.0000906799   0.0001113908   0.0001057474   0.0000838077
       -0.0000476632  -0.0000518118  -0.0000246699  -0.0000471555  -0.0001477446
        0.0001294564   0.0000514829   0.0000738420   0.0000617421  -0.0000282955
        0.0000770080   0.0000005745  -0.0000525162  -0.0000122082   0.0001026685
        0.0001775279  -0.0000814743  -0.0003594303  -0.0079007456  -0.0024116193
        0.0133971829   0.1358504005   0.0638157271  -0.1317894573  -0.0124532580
       -0.0107757717   0.0148614942   0.0000379199   0.0007219200  -0.0007285759
        0.0002870967   0.0003765612  -0.0014708786   0.0004917776   0.0003008459
       -0.0010213945   0.0000821848  -0.0001439468  -0.0000469820  -0.0000166366
       -0.0000166268  -0.0000417614   0.0000064665  -0.0000278297   0.0000092512
        0.0000154425  -0.0000457182   0.0000831245   0.0000442447  -0.0001349228
        0.0000647503
       -0.0570570491  -0.0827450265   0.0850935469  -0.0046664183  -0.0046201388
        0.0092358686   0.0015607967  -0.0008760852   0.0014270534   0.0001201449
        0.0000582655  -0.0000548363   0.0000448951   0.0000283311   0.0000234268
        0.0000588583  -0.0000569416  -0.0000133365  -0.0001022429  -0.0000690513
        0.0000771554   0.0000948065   0.0000471106   0.0000767958  -0.0000071155
       -0.0000020138   0.0000146732   0.0000470610   0.0001130597  -0.0000777752
        0.0000635996  -0.0003329237  -0.0002179011   0.0107614671   0.0091709091
       -0.0153766417   0.0638157271   0.0868057948  -0.0946180481  -0.0141341960
       -0.0079016443   0.0136600475   0.0000224743  -0.0004478682   0.0006017031
       -0.0003124506   0.0006431287  -0.0004351439  -0.0003719395   0.0001689908
        0.0005024523   0.0000636209  -0.0000028282  -0.0001293767   0.0000049486
        0.0000067055   0.0000723663   0.0000223529  -0.0000017072   0.0000894429
        0.0000038465  -0.0000169388   0.0000356131  -0.0000331876   0.0000308719
        0.0000129143
        0.1189612964   0.0859383090  -0.2197505587   0.0059543914   0.0069521381
       -0.0143331911  -0.0028515790   0.0017399198  -0.0021257592  -0.0002097314
       -0.0000563453   0.0003370086  -0.0000906750  -0.0000162337   0.0000220108
       -0.0000481688   0.0000411483  -0.0000651230   0.0000357101   0.0000041377
        0.0000822929   0.0000599812  -0.0000053367  -0.0000352479   0.0000103169
       -0.0000007881  -0.0001601957  -0.0001065256  -0.0001399699   0.0000362611
       -0.0005437944   0.0002672924   0.0003572157   0.0115685744   0.0009675834
       -0.0121574175  -0.1317894573  -0.0946180481   0.2395638536  -0.0019394679
       -0.0016614822   0.0086147446   0.0001352774  -0.0001942148   0.0001377192
        0.0004168838   0.0000732109  -0.0001005671   0.0006129006   0.0003035593
       -0.0006573994  -0.0001407823   0.0003010165   0.0002539666   0.0000213896
        0.0000055959   0.0000167799  -0.0000163547  -0.0000088786   0.0000378853
       -0.0000241175   0.0000277952  -0.0000291417  -0.0000160679   0.0000795909
       -0.0000451369
       -0.1826482992  -0.1308984472  -0.0705216783  -0.0147901433  -0.0073088776
       -0.0093293400   0.0001881285  -0.0002946540   0.0004284676   0.0012494904
        0.0002035559   0.0000530378   0.0000823258  -0.0002938906  -0.0000492227
        0.0001563843   0.0000167784   0.0000457093  -0.0003996688  -0.0001042873
        0.0000524664   0.0000383559   0.0000307972   0.0000603697  -0.0004408128
       -0.0002496782  -0.0001294522  -0.0000078204   0.0003026473  -0.0005458345
       -0.0003419792   0.0000943455   0.0002242346   0.0106750447   0.0053381281
        0.0028487463  -0.0124532580  -0.0141341960  -0.0019394679   0.2004657835
        0.1455148751   0.0813583460   0.0002314079  -0.0005386536  -0.0001990358
       -0.0018956239   0.0020596669  -0.0028994893   0.0001006693  -0.0001943190
        0.0002212728  -0.0000083120   0.0000924783   0.0000801663  -0.0001172941
        0.0000978555  -0.0000260196  -0.0000518161   0.0000254394   0.0000318245
       -0.0000559359   0.0000227119   0.0000359414   0.0000233734   0.0002177239
        0.0001989576
       -0.1322285804  -0.1663796485  -0.0664352062   0.0078776457   0.0097739576
        0.0027663920  -0.0000336368  -0.0004166094   0.0004215578   0.0003744946
        0.0003923045  -0.0000094152   0.0002750562  -0.0004490182  -0.0001712467
        0.0001134413  -0.0002402791  -0.0000493040  -0.0002631523  -0.0002471376
       -0.0000358261   0.0000737647  -0.0000713014   0.0000454635  -0.0002923811
        0.0000163381   0.0000024832  -0.0005460256   0.0007900082  -0.0000600193
       -0.0001156166   0.0005078845   0.0005750882  -0.0136297730  -0.0183634587
       -0.0114114698  -0.0107757717  -0.0079016443  -0.0016614822   0.1455148751
        0.1827194396   0.0727871737   0.0011491588   0.0004804184   0.0006435595
        0.0022874817  -0.0004000307   0.0024335186  -0.0000534230   0.0000497701
        0.0001649126  -0.0000723349  -0.0000571388  -0.0000519487   0.0000371513
       -0.0000170457   0.0000832935   0.0000073751   0.0000296189   0.0000984010
        0.0000991225  -0.0000360569   0.0000491867   0.0002011285  -0.0001803706
       -0.0001851120
       -0.0715998363  -0.0656590633  -0.0801148944  -0.0148294595  -0.0095466405
       -0.0076700468  -0.0001969466  -0.0005021513   0.0002595671  -0.0002284320
        0.0006955938  -0.0001060964  -0.0001801128   0.0005348912   0.0005674639
       -0.0003513554  -0.0000553762  -0.0000901589   0.0004404424   0.0000087754
        0.0000347095  -0.0001827854  -0.0002099403  -0.0001856999   0.0003477464
        0.0001025088   0.0001656034   0.0003652925  -0.0001629402   0.0004448632
       -0.0001739596   0.0006766870   0.0002701587  -0.0080720356  -0.0130533533
       -0.0041979279   0.0148614942   0.0136600475   0.0086147446   0.0813583460
        0.0727871737   0.0836453059   0.0005950705  -0.0003657253   0.0007148412
       -0.0023618694   0.0020006444  -0.0018780837   0.0002042941  -0.0001472846
        0.0001944627  -0.0001314122  -0.0000592531  -0.0001183572  -0.0000057566
       -0.0000760921  -0.0000842015  -0.0000305010  -0.0001019932  -0.0001208624
       -0.0001048028  -0.0000412408   0.0000037297   0.0002765793  -0.0004852676
       -0.0003491208
       -0.0121980477   0.0207701721   0.0032823755  -0.0759246578   0.0665300033
        0.0361682537  -0.0060460334   0.0113938009   0.0101709140   0.0000600779
        0.0008390664  -0.0000376949   0.0001546709   0.0001165504  -0.0001478361
       -0.0000903701  -0.0000890676  -0.0000161435  -0.0001364823  -0.0002623553
       -0.0000242894   0.0001913755   0.0001857227   0.0000343744   0.0000296315
        0.0001270615  -0.0000385458  -0.0002547429   0.0001158520  -0.0000114474
       -0.0000113539   0.0000044001   0.0000992744  -0.0015901999   0.0019472602
       -0.0031298267   0.0000379199   0.0000224743   0.0001352774   0.0002314079
        0.0011491588   0.0005950705   0.0884374295  -0.0831504983  -0.0396251522
        0.0071890133  -0.0189258452  -0.0097753521   0.0004976898   0.0000687179
       -0.0006189302  -0.0009614177  -0.0005329876   0.0028941584   0.0002187394
       -0.0002862509   0.0000863655   0.0000588296   0.0000042202   0.0000201592
        0.0000465877   0.0000223743  -0.0000265062   0.0000599329  -0.0000498299
       -0.0000344987
        0.0107286208  -0.0162556276  -0.0016236690   0.0695711157  -0.1979411581
       -0.0807483419  -0.0014750201   0.0048609508   0.0011290352   0.0004080609
        0.0007830289   0.0003876454  -0.0002131337   0.0002513747  -0.0001242866
        0.0000556064  -0.0000538278  -0.0001018225  -0.0001882310   0.0000137474
       -0.0000103025   0.0001428922   0.0000951291   0.0000319874  -0.0000161970
        0.0000134508  -0.0000162417  -0.0001001354  -0.0000772048  -0.0000549485
        0.0002891874  -0.0001160412  -0.0000683541   0.0014071884  -0.0002757577
        0.0026557530   0.0007219200  -0.0004478682  -0.0001942148  -0.0005386536
        0.0004804184  -0.0003657253  -0.0831504983   0.2290831212   0.0904723092
        0.0035201643  -0.0212674130  -0.0126594107  -0.0001718367   0.0003494322
        0.0000472908  -0.0007986231   0.0006272243   0.0009883552  -0.0000475752
       -0.0001609178   0.0001892324  -0.0000977919  -0.0000034395  -0.0000300518
       -0.0000366284   0.0000576365   0.0000278571  -0.0000104314  -0.0000162586
        0.0000679037
       -0.0111419893   0.0189019044   0.0049664510   0.0381200322  -0.0857474061
       -0.0823415292   0.0112868642  -0.0181571413  -0.0165675895  -0.0004543810
       -0.0004670388   0.0007123669  -0.0000426316  -0.0004797636   0.0000611824
        0.0001049418   0.0000734376  -0.0001001968  -0.0002247358   0.0002040942
        0.0001027160  -0.0000127956   0.0000016376   0.0000232763  -0.0001833820
       -0.0001609182  -0.0000829821   0.0002854946  -0.0000356837   0.0002258428
        0.0001645790  -0.0000150401   0.0002615861  -0.0023575358   0.0018569255
       -0.0021636723  -0.0007285759   0.0006017031   0.0001377192  -0.0001990358
        0.0006435595   0.0007148412  -0.0396251522   0.0904723092   0.1011729283
        0.0015949783  -0.0092634471  -0.0025055684   0.0002008497  -0.0003466295
        0.0000749537   0.0034432270   0.0013125193  -0.0046243412   0.0000020219
        0.0005137509  -0.0001148976  -0.0000540339  -0.0000058875  -0.0000074316
       -0.0000394368   0.0000161928   0.0000591072  -0.0001393030   0.0000809217
       -0.0000047623
       -0.0193387800  -0.0093326334  -0.0111212375  -0.1759410261  -0.1030923235
       -0.0396837805  -0.0129881214  -0.0112313325   0.0008583945  -0.0011011736
       -0.0009516020   0.0030109241  -0.0002872518  -0.0000536212  -0.0000893428
        0.0000382819   0.0000346688  -0.0002035961   0.0000943361   0.0000330288
        0.0000312050  -0.0000064366   0.0001089895   0.0000724734   0.0000009454
        0.0000121130  -0.0002019627   0.0000663793  -0.0001330125  -0.0000517150
        0.0003276205  -0.0000813259   0.0000294653  -0.0002827378  -0.0004078553
       -0.0003437913   0.0002870967  -0.0003124506   0.0004168838  -0.0018956239
        0.0022874817  -0.0023618694   0.0071890133   0.0035201643   0.0015949783
        0.2034916563   0.1197867115   0.0485711587   0.0003865894   0.0000237634
       -0.0002262520   0.0000178428  -0.0000196303  -0.0004466092  -0.0000471981
       -0.0000771076   0.0000632212  -0.0000035499  -0.0000306291   0.0000021152
        0.0000064835   0.0000070167   0.0000133594  -0.0000143458  -0.0000904136
        0.0000659775
        0.0117314651   0.0077871421   0.0052922002  -0.1077656484  -0.1301211351
       -0.0357566800  -0.0066208034  -0.0048284838   0.0006028086  -0.0011139427
        0.0000879648   0.0017890738  -0.0002035615   0.0001606273   0.0001313193
        0.0000654217   0.0000437542  -0.0000632900  -0.0001613985   0.0002253853
        0.0000193920   0.0000046869   0.0001423640   0.0000488146  -0.0000235790
       -0.0000549454  -0.0001490573   0.0000410720  -0.0001702215   0.0000658550
       -0.0000403205   0.0001616934   0.0000543714   0.0006183437   0.0002354758
        0.0002852886   0.0003765612   0.0006431287   0.0000732109   0.0020596669
       -0.0004000307   0.0020006444  -0.0189258452  -0.0212674130  -0.0092634471
        0.1197867115   0.1469416203   0.0348858125  -0.0001548165  -0.0002701838
        0.0002762088   0.0005856693   0.0005993161  -0.0002935568  -0.0000918835
        0.0000189686  -0.0000241585  -0.0000766233  -0.0000083496   0.0000147125
       -0.0000890244   0.0000825439  -0.0000153681  -0.0000021512  -0.0000092214
        0.0000258451
       -0.0194533659  -0.0088707595  -0.0104238968  -0.0372680068  -0.0322079332
       -0.0522787557   0.0182956368   0.0148805669   0.0014232690   0.0023094290
        0.0009554838  -0.0039684184   0.0004419974   0.0001433025   0.0001060301
       -0.0000148227   0.0000203550   0.0002057867  -0.0001984466  -0.0001295908
        0.0001675708   0.0001410254   0.0001410400   0.0000351812   0.0000760331
       -0.0000151799   0.0002883195   0.0003709211   0.0003945351   0.0003061220
        0.0000211996  -0.0000238915   0.0000733997  -0.0000430350  -0.0002087873
        0.0002126655  -0.0014708786  -0.0004351439  -0.0001005671  -0.0028994893
        0.0024335186  -0.0018780837  -0.0097753521  -0.0126594107  -0.0025055684
        0.0485711587   0.0348858125   0.0676453760   0.0003868786   0.0002335994
        0.0001054429   0.0003647394   0.0003555233   0.0007305098   0.0000498046
       -0.0000226767  -0.0002150202   0.0000314485   0.0000253213  -0.0000145978
        0.0000600897   0.0000333994   0.0001318033   0.0000030351   0.0000709157
       -0.0000465685
       -0.0000256912  -0.0013739969   0.0033454364   0.0064863359  -0.0051427678
        0.0064472908  -0.1239599092   0.0684327908  -0.0883674169  -0.0223494821
        0.0077432583  -0.0161985254   0.0005037943   0.0014353401   0.0004335159
       -0.0001270515   0.0002138286   0.0005030959   0.0002142221   0.0002157055
       -0.0000092630   0.0000135784   0.0000221306  -0.0002091243  -0.0013581739
       -0.0000851524   0.0007841248  -0.0030125220  -0.0027492515  -0.0018567068
       -0.0001454425   0.0001405065  -0.0000314521   0.0000664802  -0.0001608807
        0.0001220790   0.0004917776  -0.0003719395   0.0006129006   0.0001006693
       -0.0000534230   0.0002042941   0.0004976898  -0.0001718367   0.0002008497
        0.0003865894  -0.0001548165   0.0003868786   0.1495590913  -0.0767426461
        0.1008433105  -0.0077214906   0.0097641376  -0.0065459499   0.0003463177
       -0.0004773425  -0.0003400618   0.0001115327   0.0000249229   0.0000262884
       -0.0002858071  -0.0001654786  -0.0001220566   0.0002074913  -0.0003430888
       -0.0002295078
       -0.0009571262  -0.0003056261   0.0021127647   0.0042784841  -0.0036842043
        0.0047723270   0.0672473153  -0.0968665123   0.0685623571  -0.0097780860
        0.0076232352  -0.0095653316  -0.0019118851   0.0002584379  -0.0005021958
        0.0004587811   0.0000860672   0.0001206436  -0.0003428545   0.0002707416
       -0.0001592591   0.0001940256   0.0000198715  -0.0000534484  -0.0007138058
       -0.0000889897   0.0004403629  -0.0016706291  -0.0012110484  -0.0007166905
        0.0000858381  -0.0002139698   0.0000767269  -0.0002278925   0.0004869672
        0.0000082458   0.0003008459   0.0001689908   0.0003035593  -0.0001943190
        0.0000497701  -0.0001472846   0.0000687179   0.0003494322  -0.0003466295
        0.0000237634  -0.0002701838   0.0002335994  -0.0767426461   0.1121000588
       -0.0797830489   0.0201575301  -0.0181419633   0.0150542200   0.0000143410
       -0.0005448829  -0.0002658956   0.0000321425   0.0000270375  -0.0000782619
       -0.0001609228  -0.0000909264  -0.0000015502  -0.0001616178  -0.0000223030
       -0.0000652106
        0.0025023033   0.0024313196  -0.0058231740  -0.0132617785   0.0129927463
       -0.0168689116  -0.0881208622   0.0675189917  -0.1333042390  -0.0070183547
        0.0026151819  -0.0033821587   0.0003394311   0.0007879048   0.0005582126
       -0.0000277604   0.0000451249   0.0001431824   0.0002406714  -0.0000547844
        0.0000975458  -0.0000271793   0.0000174236  -0.0000998020  -0.0000498896
        0.0003509352   0.0001603786  -0.0009548069  -0.0007617916  -0.0001829525
        0.0000549641   0.0000091870   0.0000349807   0.0002246203  -0.0002390729
       -0.0001618152  -0.0010213945   0.0005024523  -0.0006573994   0.0002212728
        0.0001649126   0.0001944627  -0.0006189302   0.0000472908   0.0000749537
       -0.0002262520   0.0002762088   0.0001054429   0.1008433105  -0.0797830489
        0.1512732076   0.0069169876  -0.0061342791   0.0081724496  -0.0000184784
       -0.0007002414  -0.0001272151   0.0000755640   0.0000158001   0.0000204617
       -0.0000542512  -0.0000401850  -0.0001244875  -0.0000191874  -0.0000620763
       -0.0001031232
        0.0004498658  -0.0003727407  -0.0008415790  -0.0069497661   0.0120222769
        0.0108081832  -0.0650118414   0.0589141242   0.0305853254   0.0044820570
       -0.0202389779  -0.0105907911  -0.0031055474  -0.0021435023  -0.0012602243
       -0.0003345902  -0.0011129327   0.0004739368   0.0003054651  -0.0002326558
       -0.0001180110   0.0000272065   0.0000625498  -0.0000801807   0.0002292182
        0.0002767142   0.0001386410   0.0003239771  -0.0020322003  -0.0003364916
       -0.0003954267  -0.0003632101   0.0001959534   0.0005994556  -0.0000906406
       -0.0000285623   0.0000821848   0.0000636209  -0.0001407823  -0.0000083120
       -0.0000723349  -0.0001314122  -0.0009614177  -0.0007986231   0.0034432270
        0.0000178428   0.0005856693   0.0003647394  -0.0077214906   0.0201575301
        0.0069169876   0.0793206313  -0.0646285584  -0.0388429966  -0.0001803942
        0.0000151513  -0.0001025966  -0.0002634302  -0.0002009669  -0.0000208983
        0.0000714608   0.0000376617  -0.0000116456  -0.0009771485   0.0001520454
       -0.0004208221
       -0.0006007964   0.0006058721   0.0002683624  -0.0007610641   0.0048481320
        0.0017011035   0.0590117517  -0.2010982921  -0.0898068982  -0.0002199001
       -0.0207050044  -0.0094891714  -0.0030543683  -0.0018572279  -0.0015494474
       -0.0001225895  -0.0009785637   0.0003513406   0.0000558259   0.0002996119
        0.0000242728  -0.0000013765   0.0001857705  -0.0000918097   0.0001223107
       -0.0002551764   0.0002815840   0.0017246088   0.0006475388   0.0006737472
       -0.0001870454  -0.0004745596   0.0000216142   0.0000905699   0.0003178680
       -0.0001541470  -0.0001439468  -0.0000028282   0.0003010165   0.0000924783
       -0.0000571388  -0.0000592531  -0.0005329876   0.0006272243   0.0013125193
       -0.0000196303   0.0005993161   0.0003555233   0.0097641376  -0.0181419633
       -0.0061342791  -0.0646285584   0.2344490670   0.1023685625  -0.0001563387
        0.0003677570  -0.0001051726  -0.0001826700  -0.0001652069  -0.0000746347
        0.0000765432   0.0000999185   0.0000127303  -0.0003269540   0.0006878852
       -0.0002075633
        0.0001927213  -0.0008341096   0.0015106153   0.0128755149  -0.0201565717
       -0.0183630691   0.0291395431  -0.0885858415  -0.0946780171   0.0012298038
       -0.0074754131  -0.0023055617  -0.0011928016  -0.0009131246   0.0002039286
        0.0003219419  -0.0002526463   0.0001614370   0.0000414097   0.0002104492
        0.0001084885  -0.0000843192   0.0000270624  -0.0000334453   0.0001137788
        0.0000147094   0.0000731858   0.0007427749   0.0000380408   0.0003254748
        0.0006961155  -0.0007014497  -0.0001113921  -0.0004465971   0.0006088488
       -0.0006412788  -0.0000469820  -0.0001293767   0.0002539666   0.0000801663
       -0.0000519487  -0.0001183572   0.0028941584   0.0009883552  -0.0046243412
       -0.0004466092  -0.0002935568   0.0007305098  -0.0065459499   0.0150542200
        0.0081724496  -0.0388429966   0.1023685625   0.1095755823   0.0000052913
       -0.0000482539  -0.0000983357  -0.0000256746  -0.0000484890  -0.0000926626
        0.0000375421   0.0000221751   0.0000237981  -0.0007388318   0.0001583582
       -0.0000729755
       -0.0000257299   0.0001096713  -0.0000777975   0.0000279185  -0.0001253924
       -0.0000144343   0.0006457625  -0.0013587557   0.0004127618  -0.0053977448
        0.0047321652  -0.0006062355  -0.2590392131   0.1014259580  -0.0240099361
       -0.0250127419   0.0083565318  -0.0030090825  -0.0023702617  -0.0028918383
       -0.0020380423  -0.0010537053   0.0003203374  -0.0001452811   0.0005682910
       -0.0005881160   0.0000574505   0.0008333676   0.0013616592  -0.0009094182
       -0.0000367743   0.0000933434  -0.0000020281  -0.0000368786  -0.0000656498
       -0.0000201257  -0.0000166366   0.0000049486   0.0000213896  -0.0001172941
        0.0000371513  -0.0000057566   0.0002187394  -0.0000475752   0.0000020219
       -0.0000471981  -0.0000918835   0.0000498046   0.0003463177   0.0000143410
       -0.0000184784  -0.0001803942  -0.0001563387   0.0000052913   0.2903765309
       -0.1114978627   0.0293655352   0.0007366631   0.0004961707   0.0006129680
       -0.0000494583  -0.0001077071   0.0002782326  -0.0003695598  -0.0000211585
        0.0000511608
       -0.0002114785   0.0001440248  -0.0000492504   0.0002566399  -0.0002046236
        0.0000934102   0.0009662578   0.0009329687   0.0006058766   0.0269627378
       -0.0144188965   0.0025745467   0.1013623618  -0.0893336701   0.0092270140
       -0.0144416927   0.0061373011  -0.0015558753  -0.0024421613  -0.0006364981
       -0.0015310734  -0.0008386375  -0.0000917197  -0.0001705250  -0.0006682001
       -0.0002727817  -0.0001311741   0.0009833314  -0.0061453356  -0.0015579041
       -0.0000743881  -0.0001487967   0.0000190965  -0.0000034557   0.0001134726
       -0.0000123639  -0.0000166268   0.0000067055   0.0000055959   0.0000978555
       -0.0000170457  -0.0000760921  -0.0002862509  -0.0001609178   0.0005137509
       -0.0000771076   0.0000189686  -0.0000226767  -0.0004773425  -0.0005448829
       -0.0007002414   0.0000151513   0.0003677570  -0.0000482539  -0.1114978627
        0.1039865992  -0.0079196060  -0.0009808974   0.0008191597   0.0003487656
       -0.0001000020   0.0000142692   0.0001962741   0.0014717682  -0.0005660581
        0.0001907058
        0.0000177802  -0.0000747178  -0.0000243802   0.0004014092   0.0002136947
        0.0003270756   0.0009078137   0.0003240714  -0.0020112610   0.0017741649
       -0.0016520333   0.0015397256  -0.0240095545   0.0093402999  -0.0361755456
       -0.0056573070   0.0021247653  -0.0004496536  -0.0021908617  -0.0014606880
        0.0080320345  -0.0003185253   0.0000046830  -0.0000734023  -0.0000106152
       -0.0002079213  -0.0001619386  -0.0008313960  -0.0014186877   0.0071619217
        0.0000193307  -0.0000285243  -0.0000399023  -0.0000251211   0.0000750890
       -0.0000619304  -0.0000417614   0.0000723663   0.0000167799  -0.0000260196
        0.0000832935  -0.0000842015   0.0000863655   0.0001892324  -0.0001148976
        0.0000632212  -0.0000241585  -0.0002150202  -0.0003400618  -0.0002658956
       -0.0001272151  -0.0001025966  -0.0001051726  -0.0000983357   0.0293655352
       -0.0079196060   0.0272585628   0.0004422630   0.0005284268  -0.0026101897
        0.0002731275   0.0001979564  -0.0017822029   0.0002028090   0.0000035265
       -0.0003060233
        0.0000260759   0.0000312314   0.0000045725   0.0000183108   0.0000567358
        0.0000170305  -0.0000278490  -0.0011492420  -0.0001885224  -0.0030587419
       -0.0026113263  -0.0021730799   0.0017343863  -0.0228088948  -0.0026744577
       -0.0440004811   0.0241301910   0.0013375579  -0.0051971423   0.0276166373
        0.0023514866   0.0010299118   0.0007661333   0.0006167627  -0.0043955152
        0.0023230416  -0.0016197291  -0.0005417106  -0.0000501972  -0.0000302818
       -0.0000057152   0.0000085052  -0.0000105908  -0.0000626357   0.0000195308
       -0.0000011906   0.0000064665   0.0000223529  -0.0000163547  -0.0000518161
        0.0000073751  -0.0000305010   0.0000588296  -0.0000977919  -0.0000540339
       -0.0000035499  -0.0000766233   0.0000314485   0.0001115327   0.0000321425
        0.0000755640  -0.0002634302  -0.0001826700  -0.0000256746   0.0007366631
       -0.0009808974   0.0004422630   0.0543493507  -0.0284734051   0.0015895322
       -0.0003832525   0.0014800228   0.0001043928  -0.0000796876  -0.0000628518
        0.0002538057
       -0.0000636073  -0.0000633052   0.0000818894  -0.0000456640  -0.0000784360
       -0.0000757649   0.0001828076  -0.0010080620  -0.0001046541  -0.0032867234
       -0.0005309702  -0.0015673631  -0.0002825346  -0.0197043263  -0.0026114626
        0.0255335114  -0.3033223255  -0.0289954637   0.0034361595  -0.0164528564
       -0.0016056520  -0.0001319349   0.0010482128   0.0002729290   0.0029674497
       -0.0001261400  -0.0004194383  -0.0001706867   0.0007417353   0.0001198450
        0.0000057939  -0.0001181663   0.0000087336  -0.0000112100   0.0000918241
       -0.0000098525  -0.0000278297  -0.0000017072  -0.0000088786   0.0000254394
        0.0000296189  -0.0001019932   0.0000042202  -0.0000034395  -0.0000058875
       -0.0000306291  -0.0000083496   0.0000253213   0.0000249229   0.0000270375
        0.0000158001  -0.0002009669  -0.0001652069  -0.0000484890   0.0004961707
        0.0008191597   0.0005284268  -0.0284734051   0.3394821390   0.0343748602
        0.0001137911  -0.0008250663  -0.0000720117  -0.0000650744   0.0001686299
        0.0001991060
        0.0000035962  -0.0000193062   0.0000353350   0.0000198340  -0.0000963798
        0.0000835092   0.0000892399  -0.0001482827  -0.0002148306  -0.0023842221
       -0.0015153262   0.0078585558  -0.0001596607  -0.0064124572  -0.0000147936
        0.0016430721  -0.0294007898  -0.0368927216  -0.0005797806   0.0025316289
        0.0012150779   0.0004062702   0.0004057000  -0.0018088165  -0.0015443062
       -0.0005493803   0.0068754263   0.0000364334   0.0000775565  -0.0003967022
       -0.0000095449  -0.0000680803  -0.0000215548  -0.0000028146   0.0001087259
       -0.0000484751   0.0000092512   0.0000894429   0.0000378853   0.0000318245
        0.0000984010  -0.0001208624   0.0000201592  -0.0000300518  -0.0000074316
        0.0000021152   0.0000147125  -0.0000145978   0.0000262884  -0.0000782619
        0.0000204617  -0.0000208983  -0.0000746347  -0.0000926626   0.0006129680
        0.0003487656  -0.0026101897   0.0015895322   0.0343748602   0.0278217535
       -0.0000496036   0.0001370809  -0.0000230701   0.0002602467   0.0002060766
       -0.0016812961
        0.0000480017  -0.0001102068   0.0001022227  -0.0001146581  -0.0000702278
       -0.0001197743  -0.0011953480   0.0005709636  -0.0001049754  -0.0026571113
       -0.0032231284  -0.0022279792   0.0004972502  -0.0006191595   0.0000757025
        0.0011171869   0.0012318006  -0.0009193271  -0.0063533942   0.0034452525
       -0.0008993208   0.0016176723  -0.0003347396   0.0005166632  -0.2590320885
        0.1002513143  -0.0267489616  -0.0249132236   0.0088215682  -0.0033874936
        0.0001854403  -0.0001159437   0.0000181766  -0.0000179221   0.0000644994
       -0.0000340804   0.0000154425   0.0000038465  -0.0000241175  -0.0000559359
        0.0000991225  -0.0001048028   0.0000465877  -0.0000366284  -0.0000394368
        0.0000064835  -0.0000890244   0.0000600897  -0.0002858071  -0.0001609228
       -0.0000542512   0.0000714608   0.0000765432   0.0000375421  -0.0000494583
       -0.0001000020   0.0002731275  -0.0003832525   0.0001137911  -0.0000496036
        0.2907099973  -0.1105274889   0.0329635171   0.0007426762   0.0007087704
        0.0006670826
        0.0000167448  -0.0000351993   0.0000115932  -0.0000604129  -0.0000984450
       -0.0000388815  -0.0006615136   0.0002186253  -0.0001086391  -0.0028527906
       -0.0009871801  -0.0015891540  -0.0004993331  -0.0002998357  -0.0000809197
        0.0005279070  -0.0057028602  -0.0013948855   0.0285412112  -0.0158393426
        0.0028236034   0.0002627861   0.0006979883   0.0004151827   0.0987041206
       -0.0875035037   0.0106848380  -0.0139396439   0.0066543124  -0.0016951063
        0.0002030817  -0.0000312119   0.0000131373  -0.0000074614   0.0000972837
        0.0000146159  -0.0000457182  -0.0000169388   0.0000277952   0.0000227119
       -0.0000360569  -0.0000412408   0.0000223743   0.0000576365   0.0000161928
        0.0000070167   0.0000825439   0.0000333994  -0.0001654786  -0.0000909264
       -0.0000401850   0.0000376617   0.0000999185   0.0000221751  -0.0001077071
        0.0000142692   0.0001979564   0.0014800228  -0.0008250663   0.0001370809
       -0.1105274889   0.1026967438  -0.0096712983  -0.0009580904   0.0008472453
        0.0002627398
       -0.0000078308   0.0000107368  -0.0000184277  -0.0001208465  -0.0000339791
       -0.0001682525  -0.0000192955   0.0002090525  -0.0001635106  -0.0022477431
       -0.0017837210   0.0079312553   0.0001271414   0.0000404581  -0.0003753187
       -0.0010893673  -0.0013187635   0.0068688653   0.0022585870  -0.0014965504
        0.0013637809   0.0004807090   0.0001897001  -0.0017699320  -0.0270643426
        0.0112388447  -0.0373074924  -0.0062112533   0.0018980283   0.0000167459
       -0.0000214868  -0.0000145570  -0.0000364658   0.0000344072   0.0000097738
        0.0001189906   0.0000831245   0.0000356131  -0.0000291417   0.0000359414
        0.0000491867   0.0000037297  -0.0000265062   0.0000278571   0.0000591072
        0.0000133594  -0.0000153681   0.0001318033  -0.0001220566  -0.0000015502
       -0.0001244875  -0.0000116456   0.0000127303   0.0000237981   0.0002782326
        0.0001962741  -0.0017822029   0.0001043928  -0.0000720117  -0.0000230701
        0.0329635171  -0.0096712983   0.0279870782   0.0005629618   0.0004895439
       -0.0027068523
        0.0000252481   0.0000339834   0.0000256609  -0.0003575567   0.0000594145
       -0.0000184972   0.0007618761   0.0012231142   0.0008959927  -0.0042499144
        0.0261079920   0.0019137766  -0.0045054169   0.0027616854  -0.0017791547
       -0.0005530246  -0.0002558747  -0.0001033423  -0.0024031676  -0.0023818284
       -0.0020584864  -0.0003013288  -0.0010597092  -0.0001977296   0.0006429124
       -0.0231959479  -0.0024520287  -0.0455020932   0.0267078654   0.0011612586
       -0.0007911490   0.0006470981   0.0000301902  -0.0002780831  -0.0007499394
        0.0005349193   0.0000442447  -0.0000331876  -0.0000160679   0.0000233734
        0.0002011285   0.0002765793   0.0000599329  -0.0000104314  -0.0001393030
       -0.0000143458  -0.0000021512   0.0000030351   0.0002074913  -0.0001616178
       -0.0000191874  -0.0009771485  -0.0003269540  -0.0007388318  -0.0003695598
        0.0014717682   0.0002028090  -0.0000796876  -0.0000650744   0.0002602467
        0.0007426762  -0.0009580904   0.0005629618   0.0578747210  -0.0300132433
        0.0016551989
       -0.0002431842  -0.0001941468   0.0002232751   0.0001434895  -0.0001334109
       -0.0000985549  -0.0014111200   0.0007970347   0.0000589885   0.0043579403
       -0.0144845463  -0.0012164709   0.0024875639  -0.0006943327  -0.0004359410
        0.0000182282   0.0007576124   0.0001345291  -0.0028456561  -0.0006814952
       -0.0014229561   0.0002803918  -0.0001106971   0.0000343347  -0.0011485237
       -0.0185856851  -0.0023014249   0.0280982784  -0.3084839563  -0.0243280563
        0.0000095525  -0.0036928396  -0.0002166422  -0.0001099916   0.0006524119
        0.0001450597  -0.0001349228   0.0000308719   0.0000795909   0.0002177239
       -0.0001803706  -0.0004852676  -0.0000498299  -0.0000162586   0.0000809217
       -0.0000904136  -0.0000092214   0.0000709157  -0.0003430888  -0.0000223030
       -0.0000620763   0.0001520454   0.0006878852   0.0001583582  -0.0000211585
       -0.0005660581   0.0000035265  -0.0000628518   0.0001686299   0.0002060766
        0.0007087704   0.0008472453   0.0004895439  -0.0300132433   0.3439136304
        0.0288822694
       -0.0001381619  -0.0000248031  -0.0001364453   0.0004806712   0.0002055883
       -0.0000177616   0.0005236775   0.0008546354  -0.0019419428  -0.0008667689
        0.0019168766   0.0019140098  -0.0015642536  -0.0003626062   0.0069977603
       -0.0001725214   0.0000027857  -0.0002009204  -0.0020444835  -0.0014971065
        0.0079322955  -0.0001600111  -0.0003238265  -0.0000871943  -0.0000793303
       -0.0061531551   0.0000172539   0.0012880858  -0.0235905023  -0.0386135571
       -0.0000610045  -0.0005899772  -0.0008416125   0.0005219958   0.0003784928
       -0.0001025249   0.0000647503   0.0000129143  -0.0000451369   0.0001989576
       -0.0001851120  -0.0003491208  -0.0000344987   0.0000679037  -0.0000047623
        0.0000659775   0.0000258451  -0.0000465685  -0.0002295078  -0.0000652106
       -0.0001031232  -0.0004208221  -0.0002075633  -0.0000729755   0.0000511608
        0.0001907058  -0.0003060233   0.0002538057   0.0001991060  -0.0016812961
        0.0006670826   0.0002627398  -0.0027068523   0.0016551989   0.0288822694
        0.0303964983
