           1           2   1.0132726982975224     
           2           3   1.0051881040550767     
           3           4  0.93731915874533045     
           1           6  0.95793711214977495     
           1           7  0.19182189269582470     
           5           7  0.69278443710677995     
           1           8  0.95272250069102848     
           2           9  0.97154463050678619     
           2          10  0.96914669045316315     
           3          11  0.96517407435195268     
           3          12  0.96967367520800840     
