$coord
         -8.869278291361         -1.970374065016          2.806150364436     n 
         -8.980865664182          0.270752894219          1.121983388704     c 
         -7.863512789457         -0.363336145623         -1.450960409183     c 
         -5.399305939564         -1.404427614293         -1.230528786895     o 
         -3.483889545254          0.256879913169         -0.880908943253     c 
         -0.990444005285         -0.807052087423         -0.629376334123     c 
         -0.606199042075         -3.427696085051         -0.774775667420     c 
          1.746398752849         -4.457926479683         -0.537174417321     c 
          1.106748762787          0.797047258607         -0.239119459895     c 
          0.777731818635          3.452689921521         -0.105515790871     c 
         -1.687799013510          4.453552373169         -0.379711105500     c 
         -3.721693688047          2.931648533045         -0.751629353083     c 
          2.912440518703          5.001889004830          0.284792775109     c 
          5.269261310473          3.995053156290          0.533999286742     c 
          5.667544720648          1.346864319151          0.406253891182     c 
          8.065725047218          0.255056792879          0.649482424283     c 
          8.375800158722         -2.329220608610          0.507069472713     c 
          6.336829026440         -3.901043208848          0.121514471351     c 
          3.891543057614         -2.910955298419         -0.133552729760     c 
          3.557608957157         -0.257306236099          0.013044066746     c 
         -9.492856789235         -1.577349926374          4.611548631171     h 
         -7.030461619042         -2.622105300027          2.917649883897     h 
         -9.952826905865         -3.426421555227          2.099009949332     h 
         -7.919295221794          1.818380204017          1.993314088553     h 
        -10.935178491041          0.933841758053          0.941956757363     h 
         -7.820699974145          1.243209698202         -2.756496074869     h 
         -9.002925341690         -1.829656003737         -2.372924154942     h 
         -2.227634515890         -4.615823814122         -1.096327118440     h 
          1.996437052492         -6.473110948872         -0.661128967447     h 
         -1.930864949488          6.471918590757         -0.295443194025     h 
         -5.553122139073          3.781424232591         -0.965918902675     h 
          2.653322670366          7.017787144897          0.382233330094     h 
          6.872118388836          5.212642846936          0.829704365036     h 
          9.677123075357          1.460735880828          0.948876491405     h 
         10.239877019281         -3.129422687022          0.698237986455     h 
          6.606300752228         -5.914739959158          0.010675271836     h 
$end
