   -0.43679083
    0.00474127
    0.04783434
   -0.37019781
    0.12825586
    0.01126531
   -0.01763831
   -0.02440417
    0.01002685
    0.01222010
   -0.02468368
   -0.03264979
   -0.02335795
   -0.02331526
    0.01403981
   -0.02282839
   -0.01888163
   -0.02291422
    0.01401677
    0.01219397
    0.19321078
    0.20434000
    0.19030820
    0.09713107
    0.08188381
    0.07841643
    0.07595315
    0.10868462
    0.09004589
    0.09004963
    0.08307109
    0.09171338
    0.09281516
    0.09371880
    0.09898612
    0.09273964
