$hessian                                                                        
        0.5352661084   0.0328613597  -0.0075106059  -0.0830166244   0.0347324730
       -0.0060263567  -0.0174611869   0.0322127018  -0.0062689167   0.0004101679
       -0.0007611188  -0.0003362290   0.0004097238  -0.0005507014   0.0005781217
       -0.0171880584  -0.0012516979  -0.0009486390  -0.0757741220  -0.0362270743
        0.0812972763  -0.0577414099  -0.0406685928  -0.0471000608  -0.2798795436
       -0.0134265573  -0.0143910214   0.0019429596  -0.0031473326   0.0014727432
        0.0033418924  -0.0068516749   0.0005317998  -0.0079356448   0.0005137546
       -0.0007128843  -0.0013582611   0.0008965202   0.0000163835   0.0000260727
        0.0000988445   0.0000550073   0.0000572027   0.0003533066  -0.0002499804
       -0.0011624854   0.0007247022  -0.0004432653   0.0000433874   0.0003806436
        0.0001411257   0.0000198217   0.0001104437  -0.0001044981
        0.0328613597   0.4934046288   0.0184979322   0.0340745943  -0.1603896205
        0.0157590720   0.0115143389  -0.0071945539   0.0020749339  -0.0007132839
        0.0002166792   0.0006610782  -0.0008119334  -0.0002027358  -0.0007046726
        0.0005289357   0.0010963740   0.0000324390  -0.0360708787  -0.0870422874
        0.0901009133  -0.0419627101  -0.1591632486  -0.1326617761  -0.0162163628
       -0.0393855822  -0.0013062398   0.0097958425  -0.0270688931   0.0016567588
        0.0065889278  -0.0187637009   0.0063026811   0.0022896927   0.0016324144
        0.0000100687  -0.0004183427   0.0009260110  -0.0004036295  -0.0000284851
       -0.0000045133   0.0001125186  -0.0002327729   0.0004494028  -0.0000016864
       -0.0008591258   0.0011917637   0.0000176930  -0.0002937507   0.0004650258
       -0.0001111794  -0.0000460457  -0.0001671639  -0.0000369047
       -0.0075106059   0.0184979322   0.5812377535  -0.0059104967   0.0157979687
       -0.0768487954  -0.0030970630   0.0035786316   0.0001704834   0.0007595220
        0.0004912859   0.0000630871  -0.0004944911  -0.0005178214   0.0004292380
       -0.0012814075  -0.0000878841   0.0009994586   0.0849670250   0.0926358864
       -0.2570740495  -0.0505721424  -0.1351682103  -0.2064526171  -0.0139014171
       -0.0011088082  -0.0414343175   0.0079741473  -0.0208238594   0.0035000601
       -0.0099798553   0.0268999328  -0.0062055412  -0.0009850872  -0.0000872873
        0.0007054345   0.0012679442  -0.0008027725   0.0002916553   0.0000761929
        0.0002878463   0.0001741290   0.0002454513  -0.0002285409   0.0002482404
       -0.0012731007   0.0006096693  -0.0002393793  -0.0001875972   0.0002098641
        0.0001888213  -0.0000970187  -0.0001838330   0.0002463389
       -0.0830166244   0.0340745943  -0.0059104967   0.4408737333   0.0437992785
       -0.0138600920  -0.1701858436  -0.0097762326  -0.0062713955  -0.0215468797
       -0.0022655605   0.0062272334  -0.0169867278  -0.0042154603  -0.0075110417
       -0.0001691756   0.0001482459  -0.0000018332   0.0049992617  -0.0077067473
       -0.0009106005   0.0034774882  -0.0041458277   0.0032737458  -0.0087371499
        0.0203896654  -0.0038241480  -0.0592733650  -0.0395281730  -0.0447754768
       -0.0769607065  -0.0338011774   0.0745554141  -0.0120011999   0.0033553486
       -0.0014102207   0.0001596296   0.0009462095  -0.0006726420   0.0006799435
        0.0001268898  -0.0007667554  -0.0014136886  -0.0012013125   0.0027694515
        0.0000655581   0.0010395193   0.0003112671  -0.0006953045  -0.0015602886
       -0.0019211078   0.0007310510   0.0003210287   0.0006986985
        0.0347324730  -0.1603896205   0.0157979687   0.0437992785   0.4645874404
        0.0146990393  -0.0096419293  -0.0625227137  -0.0009469110  -0.0093274372
        0.0003956562  -0.0008200393  -0.0166356077  -0.0001589092  -0.0023104919
       -0.0024375251  -0.0007996438  -0.0000902752   0.0021416714  -0.0130815511
        0.0072594486   0.0055308399  -0.0208735251  -0.0012778692   0.0075577554
        0.0005186180   0.0005267768  -0.0420585323  -0.1271481720  -0.1063560537
       -0.0361889161  -0.0733349879   0.0715521865   0.0247595354  -0.0044345509
        0.0025337177  -0.0000711740  -0.0007535642   0.0000929678   0.0005131873
        0.0003428875  -0.0005161341  -0.0011376554  -0.0004433341   0.0016650481
       -0.0000367258  -0.0006110264   0.0002691076  -0.0016015237  -0.0018634424
       -0.0027183549   0.0001022855   0.0005704390   0.0006398681
       -0.0060263567   0.0157590720  -0.0768487954  -0.0138600920   0.0146990393
        0.5362751751  -0.0062980096  -0.0009666961  -0.0644211225   0.0250302094
        0.0005684845  -0.0016751765  -0.0233229680  -0.0022632932  -0.0056916865
        0.0003947386   0.0000750805  -0.0003926365  -0.0089212792   0.0224376428
       -0.0044839299   0.0082573836  -0.0178409633   0.0048332008  -0.0018328869
        0.0014301041   0.0002409374  -0.0475084869  -0.1006847137  -0.1730555770
        0.0780629294   0.0662544689  -0.2091644023  -0.0046770532   0.0009620459
       -0.0002459659  -0.0001584556  -0.0001086828   0.0005054208   0.0010029064
       -0.0000726094   0.0008261417   0.0030168703   0.0018917147  -0.0042080916
        0.0001168968   0.0006277570   0.0004580995  -0.0021760173  -0.0029483404
       -0.0035020317  -0.0011003292   0.0001798893   0.0005504403
       -0.0174611869   0.0115143389  -0.0030970630  -0.1701858436  -0.0096419293
       -0.0062980096   0.4545228152  -0.0094878630   0.0002721835  -0.0843619668
       -0.0161465874   0.0442366109  -0.0736999219  -0.0202572394  -0.0283205966
        0.0002528077  -0.0003310429   0.0000761625   0.0004078785   0.0000444224
        0.0003203308   0.0003698213  -0.0000386568  -0.0002843574   0.0000223785
        0.0018028023  -0.0002785277  -0.0128755420  -0.0028016079  -0.0037437536
       -0.0167187530  -0.0021873439   0.0026217066  -0.0635199463   0.0603412127
       -0.0107589053   0.0030213011   0.0005508105  -0.0049226559   0.0028901696
        0.0028008427  -0.0065232532  -0.0159025925  -0.0092437299   0.0249975763
        0.0023312024   0.0028068161   0.0052410968  -0.0119553609  -0.0163505786
       -0.0227747239   0.0028627396   0.0066253336   0.0092361787
        0.0322127018  -0.0071945539   0.0035786316  -0.0097762326  -0.0625227137
       -0.0009666961  -0.0094878630   0.5179545563  -0.0077710091  -0.0160920803
       -0.0807926490   0.0363617647  -0.0205075665  -0.1093778090  -0.0559217896
        0.0004008540   0.0001196408  -0.0000254199   0.0006663261   0.0004854188
       -0.0001969327   0.0008151646   0.0004976254   0.0001867796   0.0004870717
       -0.0049656938   0.0008426484  -0.0161300341  -0.0009075114  -0.0020429991
       -0.0092058621   0.0001204493  -0.0002458285   0.0600889914  -0.2266817952
        0.0325451055  -0.0120056027  -0.0138516185   0.0270146205   0.0061762441
        0.0047472501  -0.0137176581  -0.0003133358   0.0004549533  -0.0012546000
       -0.0084125946  -0.0230867297  -0.0238090109  -0.0013551777   0.0003269432
        0.0002630908   0.0024389958   0.0046742370   0.0051593029
       -0.0062689167   0.0020749339   0.0001704834  -0.0062713955  -0.0009469110
       -0.0644211225   0.0002721835  -0.0077710091   0.4722127142   0.0452136990
        0.0363926645  -0.1570071172  -0.0292652540  -0.0559262929  -0.1392467258
       -0.0000299397  -0.0000730871  -0.0001937617  -0.0006710080   0.0001467709
        0.0000703432   0.0004838499  -0.0002644259   0.0001242688  -0.0000823464
        0.0009088193  -0.0000134181  -0.0219032456  -0.0030506435  -0.0030848049
        0.0238781129   0.0022477081  -0.0002775268  -0.0107221164   0.0325505725
       -0.0478873836   0.0027652659   0.0065564289  -0.0082188935   0.0091403242
        0.0054088548  -0.0246576110   0.0022047436   0.0000999498  -0.0004305084
        0.0011894823  -0.0016128640   0.0016922647  -0.0036273014  -0.0028630358
       -0.0042589787  -0.0063061377  -0.0138784334  -0.0245722221
        0.0004101679  -0.0007132839   0.0007595220  -0.0215468797  -0.0093274372
        0.0250302094  -0.0843619668  -0.0160920803   0.0452136990   0.5045158345
       -0.0036607235   0.0196721139   0.0028616075   0.0018172501  -0.0050312041
       -0.0003746629   0.0001963791  -0.0000113507   0.0006659190  -0.0007504451
       -0.0000679138  -0.0002578715  -0.0003157408  -0.0003691380   0.0010103086
       -0.0003167445  -0.0000967694   0.0008663597   0.0004508387   0.0006943239
       -0.0062076853  -0.0001389559   0.0005046640   0.0030162165   0.0014399931
       -0.0039244598  -0.0561897122   0.0509048190  -0.0095625686  -0.0679242802
       -0.0400156219  -0.0571242269  -0.2771997060   0.0176269992  -0.0135632459
        0.0001163854  -0.0000455418   0.0000587871   0.0005722842  -0.0000763723
       -0.0005769941   0.0000276815  -0.0009833319  -0.0016054479
       -0.0007611188   0.0002166792   0.0004912859  -0.0022655605   0.0003956562
        0.0005684845  -0.0161465874  -0.0807926490   0.0363926645  -0.0036607235
        0.5080256201   0.0154645068   0.0051268440   0.0039400333  -0.0131293349
       -0.0000627420   0.0001608551   0.0000807806   0.0014847463   0.0003135745
       -0.0003125892   0.0000461208  -0.0000520526  -0.0001736705   0.0000610524
       -0.0002607062  -0.0001793665  -0.0001263822  -0.0000128171   0.0002807825
       -0.0002305839   0.0007585420  -0.0001919377  -0.0108492760  -0.0127474615
        0.0257602123   0.0495376320  -0.2568886664   0.0383104491  -0.0405027902
       -0.1162944899  -0.0996072080   0.0182509873  -0.0465983759   0.0006776117
        0.0002851042   0.0009229724  -0.0009970867   0.0004286831   0.0001279155
       -0.0000177553  -0.0006154058  -0.0012146298  -0.0034178292
       -0.0003362290   0.0006610782   0.0000630871   0.0062272334  -0.0008200393
       -0.0016751765   0.0442366109   0.0363617647  -0.1570071172   0.0196721139
        0.0154645068   0.4769445277   0.0086743703   0.0035454437  -0.0282920996
       -0.0000880617   0.0000084168   0.0002202536  -0.0002065500   0.0000773758
       -0.0003117773  -0.0001375560  -0.0000287115  -0.0000088725   0.0000978259
        0.0000621969  -0.0001797044  -0.0008414026   0.0000589882   0.0008298874
       -0.0003483543  -0.0000875602   0.0003661730   0.0039486395   0.0063302909
       -0.0092275399  -0.0092944448   0.0379665596  -0.0511070668  -0.0575795985
       -0.0988048443  -0.1828557048  -0.0135225044   0.0005591847  -0.0451201461
        0.0001919640   0.0010398011   0.0011981099   0.0005561210   0.0003680316
        0.0004625016  -0.0012501778  -0.0027624835  -0.0042993352
        0.0004097238  -0.0008119334  -0.0004944911  -0.0169867278  -0.0166356077
       -0.0233229680  -0.0736999219  -0.0205075665  -0.0292652540   0.0028616075
        0.0051268440   0.0086743703   0.5097172797  -0.0059954651  -0.0139952921
       -0.0003800561   0.0001736022  -0.0001225164  -0.0003244928  -0.0002002816
        0.0004030588   0.0006311569  -0.0006421910   0.0004283645   0.0009859222
       -0.0002404753   0.0003418158  -0.0060619104  -0.0004259574  -0.0013694184
        0.0008564241   0.0002048396  -0.0008027346   0.0026609627   0.0034005715
        0.0042351187   0.0001750433   0.0000623842  -0.0002140989  -0.0005190450
       -0.0006594518   0.0025404250   0.0005740272   0.0001459978   0.0005735356
       -0.0563638460   0.0513816667  -0.0078072928  -0.2756497821   0.0157887377
       -0.0256129192  -0.0888863653  -0.0301657140   0.0858102968
       -0.0005507014  -0.0002027358  -0.0005178214  -0.0042154603  -0.0001589092
       -0.0022632932  -0.0202572394  -0.1093778090  -0.0559262929   0.0018172501
        0.0039400333   0.0035454437  -0.0059954651   0.4964654753  -0.0228313242
       -0.0000361223   0.0001404392  -0.0000633448   0.0000588310   0.0000173159
        0.0001916070   0.0014735282   0.0003651869   0.0003332842   0.0000317476
       -0.0002133366   0.0002009657  -0.0002761683   0.0007933945   0.0000065974
        0.0001517027  -0.0000259641  -0.0000087407  -0.0077701190  -0.0217132246
       -0.0232223286   0.0000416765   0.0009353954   0.0010932965  -0.0005115431
        0.0002430819   0.0019909702   0.0002290878   0.0000600580   0.0001882794
        0.0500452973  -0.2584153669   0.0340631178   0.0163784474  -0.0459933445
        0.0023664571  -0.0306147497  -0.0668596898   0.0608531270
        0.0005781217  -0.0007046726   0.0004292380  -0.0075110417  -0.0023104919
       -0.0056916865  -0.0283205966  -0.0559217896  -0.1392467258  -0.0050312041
       -0.0131293349  -0.0282920996  -0.0139952921  -0.0228313242   0.4838311184
        0.0000198803   0.0000446357   0.0002357747   0.0000710016  -0.0000086339
       -0.0000091351  -0.0000996195  -0.0003756031  -0.0002956603   0.0000560065
       -0.0000916159  -0.0001886868  -0.0005160817  -0.0000976005   0.0001799957
        0.0008450864   0.0002629530   0.0008635007  -0.0000575514  -0.0020578609
        0.0000711535  -0.0003930371  -0.0009695937   0.0011133923   0.0021045823
        0.0012940627  -0.0052219682  -0.0006485465  -0.0002451715   0.0005155888
       -0.0076721869   0.0346200166  -0.0496328805  -0.0258439558   0.0024024933
       -0.0474921898   0.0864144346   0.0601195313  -0.2111687297
       -0.0171880584   0.0005289357  -0.0012814075  -0.0001691756  -0.0024375251
        0.0003947386   0.0002528077   0.0004008540  -0.0000299397  -0.0003746629
       -0.0000627420  -0.0000880617  -0.0003800561  -0.0000361223   0.0000198803
       -0.0083565089  -0.0010698020  -0.0005638475   0.0005902837   0.0005558859
       -0.0010562393   0.0004292771   0.0008539234   0.0009594501   0.0247853723
        0.0018577083   0.0016090571   0.0002895902  -0.0004132819  -0.0000728378
        0.0002677515  -0.0003431845   0.0002541250  -0.0002924453   0.0001202654
       -0.0000545103   0.0001669496   0.0000944793  -0.0000598896   0.0001274979
       -0.0000634557  -0.0000407642  -0.0002611324  -0.0000385118  -0.0000315936
        0.0001774510   0.0001134802   0.0000364980  -0.0002290698  -0.0000341432
       -0.0000513768   0.0001641285  -0.0000267638   0.0000567189
       -0.0012516979   0.0010963740  -0.0000878841   0.0001482459  -0.0007996438
        0.0000750805  -0.0003310429   0.0001196408  -0.0000730871   0.0001963791
        0.0001608551   0.0000084168   0.0001736022   0.0001404392   0.0000446357
       -0.0010698020   0.0036224304  -0.0000246926   0.0000222463  -0.0005253152
       -0.0001866604   0.0001423378  -0.0004416289   0.0002270139   0.0018792499
       -0.0052115612   0.0000902372  -0.0000441702   0.0000130895   0.0002804175
        0.0000063525  -0.0001546199  -0.0003351293   0.0003535840   0.0004141587
       -0.0000080895  -0.0001114760   0.0001873610  -0.0000356404   0.0000854738
        0.0001277333   0.0000567156   0.0000315102   0.0005187164  -0.0000309806
       -0.0001585179   0.0001823663   0.0000064731  -0.0000533561   0.0005000740
        0.0000233139  -0.0000189187   0.0000495303  -0.0000301403
       -0.0009486390   0.0000324390   0.0009994586  -0.0000018332  -0.0000902752
       -0.0003926365   0.0000761625  -0.0000254199  -0.0001937617  -0.0000113507
        0.0000807806   0.0002202536  -0.0001225164  -0.0000633448   0.0002357747
       -0.0005638475  -0.0000246926   0.0038461314  -0.0003216610  -0.0000849099
       -0.0004240371   0.0004482539   0.0002002461  -0.0003776915   0.0015272312
        0.0000845154  -0.0052981875  -0.0000031951   0.0001636950  -0.0002892881
        0.0000763231  -0.0002582337  -0.0001079012  -0.0000870354  -0.0000214368
        0.0002257684   0.0001721794   0.0000198590   0.0001442024   0.0003495971
        0.0001714689   0.0001565684   0.0002076563   0.0000479064   0.0004936202
       -0.0001274497  -0.0000204336   0.0001290192  -0.0003049607  -0.0000590914
        0.0004605899  -0.0003649147  -0.0001530725   0.0001721169
       -0.0757741220  -0.0360708787   0.0849670250   0.0049992617   0.0021416714
       -0.0089212792   0.0004078785   0.0006663261  -0.0006710080   0.0006659190
        0.0014847463  -0.0002065500  -0.0003244928   0.0000588310   0.0000710016
        0.0005902837   0.0000222463  -0.0003216610   0.0778374876   0.0403532950
       -0.0943239582   0.0045908519   0.0020949578  -0.0053530435  -0.0119822060
       -0.0105993483   0.0244325730   0.0004564157  -0.0002624803   0.0001598077
       -0.0001753085   0.0021786247  -0.0005968357  -0.0000800478  -0.0001064632
        0.0000947230  -0.0011944785  -0.0016144398   0.0007080629  -0.0000968802
        0.0002748688   0.0002300802   0.0001178267  -0.0004583111   0.0000452550
        0.0000218010  -0.0001670937  -0.0002729675  -0.0000488539   0.0000718850
       -0.0001960397  -0.0000113359  -0.0000684375   0.0001548144
       -0.0362270743  -0.0870422874   0.0926358864  -0.0077067473  -0.0130815511
        0.0224376428   0.0000444224   0.0004854188   0.0001467709  -0.0007504451
        0.0003135745   0.0000773758  -0.0002002816   0.0000173159  -0.0000086339
        0.0005558859  -0.0005253152  -0.0000849099   0.0403532950   0.0947030602
       -0.1030743238   0.0057505853   0.0084937233  -0.0160701244  -0.0040741781
        0.0019412869   0.0029445887  -0.0002545455  -0.0000437592   0.0006661288
        0.0025101885  -0.0052947768   0.0012027093  -0.0002549711   0.0001366248
        0.0000942433   0.0003538851   0.0006374582   0.0000011029   0.0002680293
       -0.0007252144  -0.0004073482  -0.0002713686  -0.0000862244  -0.0002052819
        0.0000081884   0.0000550285  -0.0001854177  -0.0001058796   0.0000269476
       -0.0000714256   0.0000010113  -0.0000113103  -0.0000989836
        0.0812972763   0.0901009133  -0.2570740495  -0.0009106005   0.0072594486
       -0.0044839299   0.0003203308  -0.0001969327   0.0000703432  -0.0000679138
       -0.0003125892  -0.0003117773   0.0004030588   0.0001916070  -0.0000091351
       -0.0010562393  -0.0001866604  -0.0004240371  -0.0943239582  -0.1030743238
        0.2842719183   0.0084416239   0.0057618543  -0.0256156419   0.0062012530
        0.0009419623   0.0012431950   0.0000291421  -0.0011497880   0.0009451910
       -0.0003479411   0.0012886431   0.0012292242   0.0003187630  -0.0001055155
        0.0001619415  -0.0003221929   0.0002999986   0.0006367772   0.0000593410
       -0.0006616855  -0.0000751916  -0.0000170581  -0.0000566076  -0.0000512385
       -0.0002758262  -0.0002233820  -0.0004690343   0.0001770890   0.0000350431
       -0.0000047699   0.0000738522   0.0000880143  -0.0000397853
       -0.0577414099  -0.0419627101  -0.0505721424   0.0034774882   0.0055308399
        0.0082573836   0.0003698213   0.0008151646   0.0004838499  -0.0002578715
        0.0000461208  -0.0001375560   0.0006311569   0.0014735282  -0.0000996195
        0.0004292771   0.0001423378   0.0004482539   0.0045908519   0.0057505853
        0.0084416239   0.0574586873   0.0462871629   0.0553717718  -0.0080526557
       -0.0175061376  -0.0214810501  -0.0001900200   0.0022649535  -0.0003055052
        0.0004716994  -0.0004665536  -0.0000882277  -0.0000293177  -0.0001544681
       -0.0000858422  -0.0000751367  -0.0000969639   0.0003748325   0.0000007753
       -0.0001067691  -0.0001268714  -0.0000595834   0.0001148916   0.0001452951
       -0.0011023133  -0.0017509539  -0.0004811662   0.0001098246  -0.0004658147
        0.0001100742  -0.0000312740   0.0000847863  -0.0002551041
       -0.0406685928  -0.1591632486  -0.1351682103  -0.0041458277  -0.0208735251
       -0.0178409633  -0.0000386568   0.0004976254  -0.0002644259  -0.0003157408
       -0.0000520526  -0.0000287115  -0.0006421910   0.0003651869  -0.0003756031
        0.0008539234  -0.0004416289   0.0002002461   0.0020949578   0.0084937233
        0.0057618543   0.0462871629   0.1756228539   0.1501104521  -0.0055435658
        0.0002814308  -0.0039921129   0.0024455524  -0.0053353128   0.0012625320
       -0.0001822014   0.0001638485  -0.0004295699  -0.0003303265   0.0001374443
       -0.0001155602   0.0000861646   0.0001098087   0.0000073578  -0.0000342035
       -0.0000396093   0.0000929291  -0.0001646768   0.0000222986   0.0000397768
        0.0003996754   0.0005420567   0.0000650472  -0.0002748796  -0.0000041484
        0.0001525609   0.0001734260  -0.0003267514   0.0005224007
       -0.0471000608  -0.1326617761  -0.2064526171   0.0032737458  -0.0012778692
        0.0048332008  -0.0002843574   0.0001867796   0.0001242688  -0.0003691380
       -0.0001736705  -0.0000088725   0.0004283645   0.0003332842  -0.0002956603
        0.0009594501   0.0002270139  -0.0003776915  -0.0053530435  -0.0160701244
       -0.0256156419   0.0553717718   0.1501104521   0.2272458139  -0.0061049026
       -0.0032692566  -0.0010466412  -0.0006532537   0.0011081914   0.0012280793
       -0.0000176757   0.0013084797   0.0006785370  -0.0002508790   0.0000785258
        0.0000949785   0.0003392168   0.0000508272  -0.0004413383  -0.0000549704
       -0.0000906011  -0.0000801392  -0.0001397947  -0.0000128870  -0.0000070823
       -0.0000730377  -0.0005548818   0.0007090378   0.0001294256  -0.0000406050
       -0.0000901860  -0.0001008611   0.0007481180  -0.0004980459
       -0.2798795436  -0.0162163628  -0.0139014171  -0.0087371499   0.0075577554
       -0.0018328869   0.0000223785   0.0004870717  -0.0000823464   0.0010103086
        0.0000610524   0.0000978259   0.0009859222   0.0000317476   0.0000560065
        0.0247853723   0.0018792499   0.0015272312  -0.0119822060  -0.0040741781
        0.0062012530  -0.0080526557  -0.0055435658  -0.0061049026   0.2805880670
        0.0158719472   0.0138676214   0.0006334349   0.0000772987  -0.0001425693
        0.0006910125   0.0000283572   0.0001593804   0.0002639850  -0.0003989143
        0.0000779518  -0.0003058744  -0.0000040969   0.0000465342  -0.0003146622
        0.0000087161  -0.0000928610   0.0005037646   0.0001434028   0.0000437117
       -0.0003175278  -0.0000288462  -0.0000379286   0.0004684863   0.0001191563
        0.0000396316  -0.0003631121   0.0000002087   0.0000777641
       -0.0134265573  -0.0393855822  -0.0011088082   0.0203896654   0.0005186180
        0.0014301041   0.0018028023  -0.0049656938   0.0009088193  -0.0003167445
       -0.0002607062   0.0000621969  -0.0002404753  -0.0002133366  -0.0000916159
        0.0018577083  -0.0052115612   0.0000845154  -0.0105993483   0.0019412869
        0.0009419623  -0.0175061376   0.0002814308  -0.0032692566   0.0158719472
        0.0497197272   0.0006787682   0.0007496885  -0.0003198122  -0.0003794954
        0.0005419022   0.0000586774   0.0006629219   0.0010115382  -0.0003145591
        0.0001346607   0.0001159717  -0.0002295845   0.0000577120  -0.0001397141
       -0.0003180913  -0.0000605631  -0.0001720915  -0.0004596668   0.0000213276
        0.0001888861  -0.0002234686  -0.0000835961  -0.0000780555  -0.0004114449
       -0.0000350781  -0.0000509858  -0.0002062329   0.0000454249
       -0.0143910214  -0.0013062398  -0.0414343175  -0.0038241480   0.0005267768
        0.0002409374  -0.0002785277   0.0008426484  -0.0000134181  -0.0000967694
       -0.0001793665  -0.0001797044   0.0003418158   0.0002009657  -0.0001886868
        0.0016090571   0.0000902372  -0.0052981875   0.0244325730   0.0029445887
        0.0012431950  -0.0214810501  -0.0039921129  -0.0010466412   0.0138676214
        0.0006787682   0.0478952428   0.0003661893  -0.0005372216   0.0006380037
       -0.0005493802   0.0007299896   0.0002335207  -0.0001459286   0.0000253362
        0.0000182179  -0.0002079303  -0.0000904174  -0.0003764921  -0.0003039650
       -0.0002609292  -0.0002560915  -0.0002085842  -0.0001515413  -0.0004155775
        0.0001714141   0.0000441204  -0.0003479776   0.0003738281   0.0001741467
       -0.0004174939   0.0003248061   0.0002602509  -0.0002945293
        0.0019429596   0.0097958425   0.0079741473  -0.0592733650  -0.0420585323
       -0.0475084869  -0.0128755420  -0.0161300341  -0.0219032456   0.0008663597
       -0.0001263822  -0.0008414026  -0.0060619104  -0.0002761683  -0.0005160817
        0.0002895902  -0.0000441702  -0.0000031951   0.0004564157  -0.0002545455
        0.0000291421  -0.0001900200   0.0024455524  -0.0006532537   0.0006334349
        0.0007496885   0.0003661893   0.0702465820   0.0411537009   0.0538714888
        0.0045442727   0.0056036636   0.0094913667   0.0001081176  -0.0002925341
       -0.0003633057  -0.0000431559   0.0000942832   0.0000254322  -0.0003938801
       -0.0000121005   0.0008233276   0.0002798176   0.0000175805  -0.0001087321
        0.0000392571   0.0002424790   0.0001086402  -0.0005073583  -0.0010322350
       -0.0011849749  -0.0000615751   0.0001239115   0.0003929442
       -0.0031473326  -0.0270688931  -0.0208238594  -0.0395281730  -0.1271481720
       -0.1006847137  -0.0028016079  -0.0009075114  -0.0030506435   0.0004508387
       -0.0000128171   0.0000589882  -0.0004259574   0.0007933945  -0.0000976005
       -0.0004132819   0.0000130895   0.0001636950  -0.0002624803  -0.0000437592
       -0.0011497880   0.0022649535  -0.0053353128   0.0011081914   0.0000772987
       -0.0003198122  -0.0005372216   0.0411537009   0.1530758093   0.1193067924
        0.0017680182   0.0064934489   0.0050532958   0.0007418164   0.0004438396
        0.0004265042  -0.0000377125  -0.0002054616  -0.0000616945  -0.0002866467
        0.0002143644   0.0002676829   0.0002114202   0.0000428682   0.0000085015
        0.0001747999   0.0000932174   0.0001444521   0.0000713560  -0.0000731211
       -0.0001015813  -0.0000110102  -0.0000551715  -0.0000310010
        0.0014727432   0.0016567588   0.0035000601  -0.0447754768  -0.1063560537
       -0.1730555770  -0.0037437536  -0.0020429991  -0.0030848049   0.0006943239
        0.0002807825   0.0008298874  -0.0013694184   0.0000065974   0.0001799957
       -0.0000728378   0.0002804175  -0.0002892881   0.0001598077   0.0006661288
        0.0009451910  -0.0003055052   0.0012625320   0.0012280793  -0.0001425693
       -0.0003794954   0.0006380037   0.0538714888   0.1193067924   0.1962413880
       -0.0058702913  -0.0151209557  -0.0271122470  -0.0002829385   0.0001407496
       -0.0002119523  -0.0000100028   0.0001782877  -0.0001219200   0.0002994603
        0.0001952197   0.0000427854   0.0001692482   0.0001851815  -0.0001469970
        0.0000052144   0.0002534248   0.0000752129  -0.0001052547  -0.0003191592
        0.0000111121   0.0000057619  -0.0001942096   0.0003310708
        0.0033418924   0.0065889278  -0.0099798553  -0.0769607065  -0.0361889161
        0.0780629294  -0.0167187530  -0.0092058621   0.0238781129  -0.0062076853
       -0.0002305839  -0.0003483543   0.0008564241   0.0001517027   0.0008450864
        0.0002677515   0.0000063525   0.0000763231  -0.0001753085   0.0025101885
       -0.0003479411   0.0004716994  -0.0001822014  -0.0000176757   0.0006910125
        0.0005419022  -0.0005493802   0.0045442727   0.0017680182  -0.0058702913
        0.0904916482   0.0349080277  -0.0861676374   0.0000192233  -0.0001303445
        0.0004427283   0.0000669918   0.0002315152  -0.0001920523   0.0000041875
       -0.0000408985  -0.0004465339  -0.0007007091  -0.0006835358   0.0013522318
       -0.0000416897   0.0001039953  -0.0000478795   0.0002861718   0.0000869585
        0.0001518433  -0.0002364229  -0.0002352463  -0.0008416544
       -0.0068516749  -0.0187637009   0.0268999328  -0.0338011774  -0.0733349879
        0.0662544689  -0.0021873439   0.0001204493   0.0022477081  -0.0001389559
        0.0007585420  -0.0000875602   0.0002048396  -0.0000259641   0.0002629530
       -0.0003431845  -0.0001546199  -0.0002582337   0.0021786247  -0.0052947768
        0.0012886431  -0.0004665536   0.0001638485   0.0013084797   0.0000283572
        0.0000586774   0.0007299896   0.0056036636   0.0064934489  -0.0151209557
        0.0349080277   0.0898803063  -0.0829662807   0.0008532568   0.0002336360
       -0.0004324863   0.0001815349  -0.0000125809  -0.0000917393  -0.0000315196
        0.0000389591   0.0001090009   0.0000692526   0.0000407554   0.0001314455
       -0.0000414137  -0.0002300407   0.0000875672   0.0001640169  -0.0000268736
       -0.0000199253  -0.0003297504   0.0000549218  -0.0003430074
        0.0005317998   0.0063026811  -0.0062055412   0.0745554141   0.0715521865
       -0.2091644023   0.0026217066  -0.0002458285  -0.0002775268   0.0005046640
       -0.0001919377   0.0003661730  -0.0008027346  -0.0000087407   0.0008635007
        0.0002541250  -0.0003351293  -0.0001079012  -0.0005968357   0.0012027093
        0.0012292242  -0.0000882277  -0.0004295699   0.0006785370   0.0001593804
        0.0006629219   0.0002335207   0.0094913667   0.0050532958  -0.0271122470
       -0.0861676374  -0.0829662807   0.2391581809   0.0000570270  -0.0002972102
        0.0000747130  -0.0000692739  -0.0001909731   0.0001554777  -0.0000431462
        0.0002803679   0.0001655387  -0.0000126911   0.0002112588   0.0000898358
        0.0000330354  -0.0001303248  -0.0000994129  -0.0001677416  -0.0002205712
       -0.0000874358  -0.0002602309  -0.0002488554   0.0000397655
       -0.0079356448   0.0022896927  -0.0009850872  -0.0120011999   0.0247595354
       -0.0046770532  -0.0635199463   0.0600889914  -0.0107221164   0.0030162165
       -0.0108492760   0.0039486395   0.0026609627  -0.0077701190  -0.0000575514
       -0.0002924453   0.0003535840  -0.0000870354  -0.0000800478  -0.0002549711
        0.0003187630  -0.0000293177  -0.0003303265  -0.0002508790   0.0002639850
        0.0010115382  -0.0001459286   0.0001081176   0.0007418164  -0.0002829385
        0.0000192233   0.0008532568   0.0000570270   0.0768818755  -0.0660976271
        0.0116299529  -0.0002372418  -0.0015760040   0.0025203459   0.0001122520
        0.0000583281  -0.0003371063   0.0003820359  -0.0008984610   0.0002247200
        0.0002950227  -0.0016903798  -0.0014175047   0.0003402283  -0.0009199588
        0.0000161775   0.0000159238   0.0002303802   0.0002475749
        0.0005137546   0.0016324144  -0.0000872873   0.0033553486  -0.0044345509
        0.0009620459   0.0603412127  -0.2266817952   0.0325505725   0.0014399931
       -0.0127474615   0.0063302909   0.0034005715  -0.0217132246  -0.0020578609
        0.0001202654   0.0004141587  -0.0000214368  -0.0001064632   0.0001366248
       -0.0001055155  -0.0001544681   0.0001374443   0.0000785258  -0.0003989143
       -0.0003145591   0.0000253362  -0.0002925341   0.0004438396   0.0001407496
       -0.0001303445   0.0002336360  -0.0002972102  -0.0660976271   0.2641532862
       -0.0366124711  -0.0011511572  -0.0002961434   0.0025049008   0.0001542792
        0.0004907414  -0.0002656493  -0.0000312467   0.0001427374  -0.0003449546
       -0.0012163104  -0.0022362113  -0.0035416251   0.0000294133   0.0002433724
        0.0004703260   0.0002242273   0.0003956909   0.0002712631
       -0.0007128843   0.0000100687   0.0007054345  -0.0014102207   0.0025337177
       -0.0002459659  -0.0107589053   0.0325451055  -0.0478873836  -0.0039244598
        0.0257602123  -0.0092275399   0.0042351187  -0.0232223286   0.0000711535
       -0.0000545103  -0.0000080895   0.0002257684   0.0000947230   0.0000942433
        0.0001619415  -0.0000858422  -0.0001155602   0.0000949785   0.0000779518
        0.0001346607   0.0000182179  -0.0003633057   0.0004265042  -0.0002119523
        0.0004427283  -0.0004324863   0.0000747130   0.0116299529  -0.0366124711
        0.0622146067   0.0022021835   0.0026619605  -0.0046648016  -0.0004120908
        0.0005700721   0.0002696021  -0.0004119029   0.0000826860   0.0006275625
       -0.0012361155  -0.0037629299  -0.0032644906   0.0003791524  -0.0000932449
        0.0005737032   0.0003084269  -0.0005721204   0.0004644522
       -0.0013582611  -0.0004183427   0.0012679442   0.0001596296  -0.0000711740
       -0.0001584556   0.0030213011  -0.0120056027   0.0027652659  -0.0561897122
        0.0495376320  -0.0092944448   0.0001750433   0.0000416765  -0.0003930371
        0.0001669496  -0.0001114760   0.0001721794  -0.0011944785   0.0003538851
       -0.0003221929  -0.0000751367   0.0000861646   0.0003392168  -0.0003058744
        0.0001159717  -0.0002079303  -0.0000431559  -0.0000377125  -0.0000100028
        0.0000669918   0.0001815349  -0.0000692739  -0.0002372418  -0.0011511572
        0.0022021835   0.0647694093  -0.0596714752   0.0086203784   0.0029362612
       -0.0103212709   0.0006477911  -0.0118200396   0.0334584391  -0.0053794851
        0.0001999494  -0.0000738290  -0.0000880544  -0.0001858694   0.0001941004
       -0.0000389697  -0.0000857658  -0.0001073640  -0.0000531127
        0.0008965202   0.0009260110  -0.0008027725   0.0009462095  -0.0007535642
       -0.0001086828   0.0005508105  -0.0138516185   0.0065564289   0.0509048190
       -0.2568886664   0.0379665596   0.0000623842   0.0009353954  -0.0009695937
        0.0000944793   0.0001873610   0.0000198590  -0.0016144398   0.0006374582
        0.0002999986  -0.0000969639   0.0001098087   0.0000508272  -0.0000040969
       -0.0002295845  -0.0000904174   0.0000942832  -0.0002054616   0.0001782877
        0.0002315152  -0.0000125809  -0.0001909731  -0.0015760040  -0.0002961434
        0.0026619605  -0.0596714752   0.2989248742  -0.0463953271   0.0048201452
       -0.0235981268   0.0000002823   0.0043293699  -0.0065010944   0.0008991476
       -0.0000954350   0.0006497942   0.0002808588   0.0000373710  -0.0001307815
        0.0000205733   0.0000905076   0.0000969194  -0.0003770167
        0.0000163835  -0.0004036295   0.0002916553  -0.0006726420   0.0000929678
        0.0005054208  -0.0049226559   0.0270146205  -0.0082188935  -0.0095625686
        0.0383104491  -0.0511070668  -0.0002140989   0.0010932965   0.0011133923
       -0.0000598896  -0.0000356404   0.0001442024   0.0007080629   0.0000011029
        0.0006367772   0.0003748325   0.0000073578  -0.0004413383   0.0000465342
        0.0000577120  -0.0003764921   0.0000254322  -0.0000616945  -0.0001219200
       -0.0001920523  -0.0000917393   0.0001554777   0.0025203459   0.0025049008
       -0.0046648016   0.0086203784  -0.0463953271   0.0586647458   0.0052972211
       -0.0249202519   0.0029659405  -0.0020259201   0.0035501663   0.0005157250
        0.0001937479  -0.0005954049  -0.0003165795  -0.0000786220   0.0000194690
       -0.0000906765  -0.0000744892  -0.0001483550   0.0003444314
        0.0000260727  -0.0000284851   0.0000761929   0.0006799435   0.0005131873
        0.0010029064   0.0028901696   0.0061762441   0.0091403242  -0.0679242802
       -0.0405027902  -0.0575795985  -0.0005190450  -0.0005115431   0.0021045823
        0.0001274979   0.0000854738   0.0003495971  -0.0000968802   0.0002680293
        0.0000593410   0.0000007753  -0.0000342035  -0.0000549704  -0.0003146622
       -0.0001397141  -0.0003039650  -0.0003938801  -0.0002866467   0.0002994603
        0.0000041875  -0.0000315196  -0.0000431462   0.0001122520   0.0001542792
       -0.0004120908   0.0029362612   0.0048201452   0.0052972211   0.0767261353
        0.0481726756   0.0653494079  -0.0146496180  -0.0189382063  -0.0259244234
       -0.0000984578   0.0000425733   0.0000024055   0.0001069631  -0.0000389192
        0.0000718897   0.0003865654   0.0002794199   0.0005648657
        0.0000988445  -0.0000045133   0.0002878463   0.0001268898   0.0003428875
       -0.0000726094   0.0028008427   0.0047472501   0.0054088548  -0.0400156219
       -0.1162944899  -0.0988048443  -0.0006594518   0.0002430819   0.0012940627
       -0.0000634557   0.0001277333   0.0001714689   0.0002748688  -0.0007252144
       -0.0006616855  -0.0001067691  -0.0000396093  -0.0000906011   0.0000087161
       -0.0003180913  -0.0002609292  -0.0000121005   0.0002143644   0.0001952197
       -0.0000408985   0.0000389591   0.0002803679   0.0000583281   0.0004907414
        0.0005700721  -0.0103212709  -0.0235981268  -0.0249202519   0.0481726756
        0.1327607264   0.1155376184  -0.0003541413   0.0012534531   0.0005774832
       -0.0001194904   0.0002674421   0.0001635857   0.0000972742  -0.0000147090
        0.0000184102   0.0000547601   0.0005081146   0.0003059315
        0.0000550073   0.0001125186   0.0001741290  -0.0007667554  -0.0005161341
        0.0008261417  -0.0065232532  -0.0137176581  -0.0246576110  -0.0571242269
       -0.0996072080  -0.1828557048   0.0025404250   0.0019909702  -0.0052219682
       -0.0000407642   0.0000567156   0.0001565684   0.0002300802  -0.0004073482
       -0.0000751916  -0.0001268714   0.0000929291  -0.0000801392  -0.0000928610
       -0.0000605631  -0.0002560915   0.0008233276   0.0002676829   0.0000427854
       -0.0004465339   0.0001090009   0.0001655387  -0.0003371063  -0.0002656493
        0.0002696021   0.0006477911   0.0000002823   0.0029659405   0.0653494079
        0.1155376184   0.2126405590  -0.0041742387  -0.0032769475  -0.0032333800
        0.0000359142   0.0004140301   0.0001825496   0.0003142360   0.0001127929
        0.0002437987  -0.0003635785  -0.0008430327  -0.0012875270
        0.0000572027  -0.0002327729   0.0002454513  -0.0014136886  -0.0011376554
        0.0030168703  -0.0159025925  -0.0003133358   0.0022047436  -0.2771997060
        0.0182509873  -0.0135225044   0.0005740272   0.0002290878  -0.0006485465
       -0.0002611324   0.0000315102   0.0002076563   0.0001178267  -0.0002713686
       -0.0000170581  -0.0000595834  -0.0001646768  -0.0001397947   0.0005037646
       -0.0001720915  -0.0002085842   0.0002798176   0.0002114202   0.0001692482
       -0.0007007091   0.0000692526  -0.0000126911   0.0003820359  -0.0000312467
       -0.0004119029  -0.0118200396   0.0043293699  -0.0020259201  -0.0146496180
       -0.0003541413  -0.0041742387   0.3196091350  -0.0205356593   0.0153139838
       -0.0001951848   0.0000601718   0.0000486099   0.0005121363   0.0000380320
        0.0002952770   0.0001663083  -0.0000068837  -0.0003405997
        0.0003533066   0.0004494028  -0.0002285409  -0.0012013125  -0.0004433341
        0.0018917147  -0.0092437299   0.0004549533   0.0000999498   0.0176269992
       -0.0465983759   0.0005591847   0.0001459978   0.0000600580  -0.0002451715
       -0.0000385118   0.0005187164   0.0000479064  -0.0004583111  -0.0000862244
       -0.0000566076   0.0001148916   0.0000222986  -0.0000128870   0.0001434028
       -0.0004596668  -0.0001515413   0.0000175805   0.0000428682   0.0001851815
       -0.0006835358   0.0000407554   0.0002112588  -0.0008984610   0.0001427374
        0.0000826860   0.0334584391  -0.0065010944   0.0035501663  -0.0189382063
        0.0012534531  -0.0032769475  -0.0205356593   0.0510559456  -0.0023847103
        0.0001932253  -0.0001344131   0.0000281919  -0.0000064256   0.0002135774
       -0.0002578999  -0.0000496897  -0.0000316573  -0.0000419340
       -0.0002499804  -0.0000016864   0.0002482404   0.0027694515   0.0016650481
       -0.0042080916   0.0249975763  -0.0012546000  -0.0004305084  -0.0135632459
        0.0006776117  -0.0451201461   0.0005735356   0.0001882794   0.0005155888
       -0.0000315936  -0.0000309806   0.0004936202   0.0000452550  -0.0002052819
       -0.0000512385   0.0001452951   0.0000397768  -0.0000070823   0.0000437117
        0.0000213276  -0.0004155775  -0.0001087321   0.0000085015  -0.0001469970
        0.0013522318   0.0001314455   0.0000898358   0.0002247200  -0.0003449546
        0.0006275625  -0.0053794851   0.0008991476   0.0005157250  -0.0259244234
        0.0005774832  -0.0032333800   0.0153139838  -0.0023847103   0.0517925694
       -0.0000349623   0.0000017342  -0.0000808654  -0.0001037332  -0.0000536761
       -0.0007904391  -0.0000696046   0.0000655344   0.0002011841
       -0.0011624854  -0.0008591258  -0.0012731007   0.0000655581  -0.0000367258
        0.0001168968   0.0023312024  -0.0084125946   0.0011894823   0.0001163854
        0.0002851042   0.0001919640  -0.0563638460   0.0500452973  -0.0076721869
        0.0001774510  -0.0001585179  -0.0001274497   0.0000218010   0.0000081884
       -0.0002758262  -0.0011023133   0.0003996754  -0.0000730377  -0.0003175278
        0.0001888861   0.0001714141   0.0000392571   0.0001747999   0.0000052144
       -0.0000416897  -0.0000414137   0.0000330354   0.0002950227  -0.0012163104
       -0.0012361155   0.0001999494  -0.0000954350   0.0001937479  -0.0000984578
       -0.0001194904   0.0000359142  -0.0001951848   0.0001932253  -0.0000349623
        0.0642435520  -0.0597368829   0.0116691875  -0.0117703666   0.0332668654
       -0.0066866804   0.0035616923  -0.0138855453   0.0037725026
        0.0007247022   0.0011917637   0.0006096693   0.0010395193  -0.0006110264
        0.0006277570   0.0028068161  -0.0230867297  -0.0016128640  -0.0000455418
        0.0009229724   0.0010398011   0.0513816667  -0.2584153669   0.0346200166
        0.0001134802   0.0001823663  -0.0000204336  -0.0001670937   0.0000550285
       -0.0002233820  -0.0017509539   0.0005420567  -0.0005548818  -0.0000288462
       -0.0002234686   0.0000441204   0.0002424790   0.0000932174   0.0002534248
        0.0001039953  -0.0002300407  -0.0001303248  -0.0016903798  -0.0022362113
       -0.0037629299  -0.0000738290   0.0006497942  -0.0005954049   0.0000425733
        0.0002674421   0.0004140301   0.0000601718  -0.0001344131   0.0000017342
       -0.0597368829   0.3017152688  -0.0385578805   0.0043833204  -0.0063426779
        0.0020285992   0.0025948032  -0.0143399754   0.0058189489
       -0.0004432653   0.0000176930  -0.0002393793   0.0003112671   0.0002691076
        0.0004580995   0.0052410968  -0.0238090109   0.0016922647   0.0000587871
       -0.0009970867   0.0011981099  -0.0078072928   0.0340631178  -0.0496328805
        0.0000364980   0.0000064731   0.0001290192  -0.0002729675  -0.0001854177
       -0.0004690343  -0.0004811662   0.0000650472   0.0007090378  -0.0000379286
       -0.0000835961  -0.0003479776   0.0001086402   0.0001444521   0.0000752129
       -0.0000478795   0.0000875672  -0.0000994129  -0.0014175047  -0.0035416251
       -0.0032644906  -0.0000880544   0.0002808588  -0.0003165795   0.0000024055
        0.0001635857   0.0001825496   0.0000486099   0.0000281919  -0.0000808654
        0.0116691875  -0.0385578805   0.0566244824  -0.0011935983   0.0036395556
        0.0002929382  -0.0056868348   0.0284089671  -0.0069110941
        0.0000433874  -0.0002937507  -0.0001875972  -0.0006953045  -0.0016015237
       -0.0021760173  -0.0119553609  -0.0013551777  -0.0036273014   0.0005722842
        0.0004286831   0.0005561210  -0.2756497821   0.0163784474  -0.0258439558
       -0.0002290698  -0.0000533561  -0.0003049607  -0.0000488539  -0.0001058796
        0.0001770890   0.0001098246  -0.0002748796   0.0001294256   0.0004684863
       -0.0000780555   0.0003738281  -0.0005073583   0.0000713560  -0.0001052547
        0.0002861718   0.0001640169  -0.0001677416   0.0003402283   0.0000294133
        0.0003791524  -0.0001858694   0.0000373710  -0.0000786220   0.0001069631
        0.0000972742   0.0003142360   0.0005121363  -0.0000064256  -0.0001037332
       -0.0117703666   0.0043833204  -0.0011935983   0.3176971487  -0.0185778778
        0.0300430598  -0.0190946652   0.0007570441   0.0018158703
        0.0003806436   0.0004650258   0.0002098641  -0.0015602886  -0.0018634424
       -0.0029483404  -0.0163505786   0.0003269432  -0.0028630358  -0.0000763723
        0.0001279155   0.0003680316   0.0157887377  -0.0459933445   0.0024024933
       -0.0000341432   0.0005000740  -0.0000590914   0.0000718850   0.0000269476
        0.0000350431  -0.0004658147  -0.0000041484  -0.0000406050   0.0001191563
       -0.0004114449   0.0001741467  -0.0010322350  -0.0000731211  -0.0003191592
        0.0000869585  -0.0000268736  -0.0002205712  -0.0009199588   0.0002433724
       -0.0000932449   0.0001941004  -0.0001307815   0.0000194690  -0.0000389192
       -0.0000147090   0.0001127929   0.0000380320   0.0002135774  -0.0000536761
        0.0332668654  -0.0063426779   0.0036395556  -0.0185778778   0.0515463397
       -0.0006652592  -0.0108901908   0.0014103477   0.0003015868
        0.0001411257  -0.0001111794   0.0001888213  -0.0019211078  -0.0027183549
       -0.0035020317  -0.0227747239   0.0002630908  -0.0042589787  -0.0005769941
       -0.0000177553   0.0004625016  -0.0256129192   0.0023664571  -0.0474921898
       -0.0000513768   0.0000233139   0.0004605899  -0.0001960397  -0.0000714256
       -0.0000047699   0.0001100742   0.0001525609  -0.0000901860   0.0000396316
       -0.0000350781  -0.0004174939  -0.0011849749  -0.0001015813   0.0000111121
        0.0001518433  -0.0000199253  -0.0000874358   0.0000161775   0.0004703260
        0.0005737032  -0.0000389697   0.0000205733  -0.0000906765   0.0000718897
        0.0000184102   0.0002437987   0.0002952770  -0.0002578999  -0.0007904391
       -0.0066866804   0.0020285992   0.0002929382   0.0300430598  -0.0006652592
        0.0534472709   0.0281747078  -0.0013448724   0.0010534655
        0.0000198217  -0.0000460457  -0.0000970187   0.0007310510   0.0001022855
       -0.0011003292   0.0028627396   0.0024389958  -0.0063061377   0.0000276815
       -0.0006154058  -0.0012501778  -0.0888863653  -0.0306147497   0.0864144346
        0.0001641285  -0.0000189187  -0.0003649147  -0.0000113359   0.0000010113
        0.0000738522  -0.0000312740   0.0001734260  -0.0001008611  -0.0003631121
       -0.0000509858   0.0003248061  -0.0000615751  -0.0000110102   0.0000057619
       -0.0002364229  -0.0003297504  -0.0002602309   0.0000159238   0.0002242273
        0.0003084269  -0.0000857658   0.0000905076  -0.0000744892   0.0003865654
        0.0000547601  -0.0003635785   0.0001663083  -0.0000496897  -0.0000696046
        0.0035616923   0.0025948032  -0.0056868348  -0.0190946652  -0.0108901908
        0.0281747078   0.1008346041   0.0369467297  -0.0996278122
        0.0001104437  -0.0001671639  -0.0001838330   0.0003210287   0.0005704390
        0.0001798893   0.0066253336   0.0046742370  -0.0138784334  -0.0009833319
       -0.0012146298  -0.0027624835  -0.0301657140  -0.0668596898   0.0601195313
       -0.0000267638   0.0000495303  -0.0001530725  -0.0000684375  -0.0000113103
        0.0000880143   0.0000847863  -0.0003267514   0.0007481180   0.0000002087
       -0.0002062329   0.0002602509   0.0001239115  -0.0000551715  -0.0001942096
       -0.0002352463   0.0000549218  -0.0002488554   0.0002303802   0.0003956909
       -0.0005721204  -0.0001073640   0.0000969194  -0.0001483550   0.0002794199
        0.0005081146  -0.0008430327  -0.0000068837  -0.0000316573   0.0000655344
       -0.0138855453  -0.0143399754   0.0284089671   0.0007570441   0.0014103477
       -0.0013448724   0.0369467297   0.0754523816  -0.0695410373
       -0.0001044981  -0.0000369047   0.0002463389   0.0006986985   0.0006398681
        0.0005504403   0.0092361787   0.0051593029  -0.0245722221  -0.0016054479
       -0.0034178292  -0.0042993352   0.0858102968   0.0608531270  -0.2111687297
        0.0000567189  -0.0000301403   0.0001721169   0.0001548144  -0.0000989836
       -0.0000397853  -0.0002551041   0.0005224007  -0.0004980459   0.0000777641
        0.0000454249  -0.0002945293   0.0003929442  -0.0000310010   0.0003310708
       -0.0008416544  -0.0003430074   0.0000397655   0.0002475749   0.0002712631
        0.0004644522  -0.0000531127  -0.0003770167   0.0003444314   0.0005648657
        0.0003059315  -0.0012875270  -0.0003405997  -0.0000419340   0.0002011841
        0.0037725026   0.0058189489  -0.0069110941   0.0018158703   0.0003015868
        0.0010534655  -0.0996278122  -0.0695410373   0.2456680032
