           1           2  0.99551109376014812     
           2           3   1.0225731344887707     
           3           4   1.8532115891216521     
           4           5   1.0945727357764217     
           5           6   1.3711221171222305     
           6           7   1.4626624215727217     
           5           8  0.10107828203419762     
           7           8   1.4273699007648222     
           6           9  0.10645802400433192     
           8           9   1.4335452859571014     
           5          10   1.3761432699998941     
           7          10  0.10463448300174187     
           9          10   1.4554630857011088     
           1          12  0.95909634065095473     
           1          13  0.20451302601320878     
          11          13  0.67962226339907672     
           1          14  0.95940789408953064     
           2          15  0.95847975875499924     
           2          16  0.96953437814769905     
           3          17  0.95593923826674787     
           4          18  0.96141729261760378     
           6          19  0.96542186583146505     
           7          20  0.97084665973601236     
           8          21  0.97161310004036827     
           9          22  0.97102701746550379     
          10          23  0.96887821797992357     
