$hessian                                                                        
        0.5424169377  -0.0390825161  -0.0665206384  -0.1126575683  -0.0181059345
       -0.0420282803  -0.0050900006  -0.0070767158  -0.0048182587   0.0009693180
       -0.0018482075   0.0012156104   0.0006011629  -0.0000460474  -0.0001325215
        0.0000196191  -0.0002877754   0.0000384940   0.0001486264  -0.0001567483
       -0.0000392921  -0.0000170320  -0.0000056786  -0.0000324234   0.0000745344
       -0.0000516926  -0.0000533034   0.0001092593   0.0002157793  -0.0002522106
       -0.0645449994  -0.0191807005   0.0774087648  -0.2964888411   0.1005705587
        0.0538342307  -0.0433203373  -0.0051352982   0.0022365935  -0.0252371078
       -0.0115253194  -0.0220811516   0.0020345561   0.0008052620   0.0007138539
        0.0015155447   0.0006402604   0.0004418991   0.0002607073   0.0005588968
        0.0000338334   0.0000292739   0.0001012985   0.0002719066  -0.0005141779
       -0.0002843659  -0.0004939645  -0.0000874096  -0.0000990669   0.0001438841
       -0.0000653900   0.0000280263   0.0000006194  -0.0000596289   0.0000070046
        0.0000270117  -0.0000761263  -0.0000046749   0.0000489702  -0.0000209206
       -0.0000363446   0.0000363727
       -0.0390825161   0.5908681137  -0.0388727791  -0.0223216505  -0.0759977240
       -0.0218993314  -0.0238801351  -0.0184921628  -0.0219766444   0.0007760177
       -0.0070952772   0.0014024600   0.0009145736  -0.0000937688  -0.0000572146
        0.0001379705  -0.0001124537   0.0003132856   0.0000252807   0.0000557521
        0.0001189524  -0.0000254597   0.0001194058  -0.0000301519   0.0001019644
       -0.0000294384  -0.0000109454  -0.0001174363   0.0001006500  -0.0000730879
       -0.0184644335  -0.0630008449   0.0718031754   0.1038007815  -0.0855164589
       -0.0202365286  -0.0071437071  -0.3471886785   0.0246284683   0.0046886867
        0.0030099858   0.0051810325   0.0029792407   0.0016394915   0.0020666657
       -0.0008160481   0.0011349468  -0.0001241030   0.0000364078   0.0012299971
       -0.0009615482   0.0000740483   0.0000645571   0.0002245419  -0.0015937822
       -0.0007504735  -0.0013329105   0.0000335785  -0.0000072216  -0.0000881744
       -0.0000861344   0.0000454902  -0.0000294331  -0.0000529340  -0.0000079063
       -0.0000058806  -0.0000511043  -0.0000163745   0.0000305874   0.0000667906
        0.0000403930  -0.0000704361
       -0.0665206384  -0.0388727791   0.5446262106  -0.0418389595  -0.0176317465
       -0.1116206005  -0.0035803999  -0.0055420803  -0.0021265344   0.0012574549
       -0.0011118460   0.0013283683   0.0004326768   0.0000156755  -0.0000668369
        0.0000184924  -0.0001726314  -0.0002268647   0.0000416507  -0.0000809692
        0.0000159260  -0.0000462387   0.0000505501   0.0000590825   0.0000757094
        0.0000536883   0.0000794905   0.0000375919   0.0002476172  -0.0000800970
        0.0742088795   0.0688238959  -0.3096705277   0.0566296349  -0.0213876680
       -0.0551580577   0.0024084083   0.0266890876  -0.0452513421  -0.0007737208
        0.0001451117   0.0005647806  -0.0226434030  -0.0121448819  -0.0249860927
        0.0002698096   0.0004367215   0.0001883042   0.0006209887   0.0007946387
        0.0016941199   0.0001035231   0.0001499523   0.0005746270  -0.0005792471
       -0.0003066341  -0.0001622340   0.0000703554  -0.0000768163   0.0001798691
       -0.0000360440   0.0000267142  -0.0000060474  -0.0000567186  -0.0000080878
        0.0000073665  -0.0000813298  -0.0000186802   0.0000247805  -0.0000184757
       -0.0000788319   0.0000123093
       -0.1126575683  -0.0223216505  -0.0418389595   0.4926454536  -0.0429971929
       -0.0397653901  -0.0628801425   0.0037128942   0.0062633258  -0.0038700242
       -0.0181652072  -0.0021194078  -0.0015800791  -0.0010977353   0.0000740082
       -0.0005438851  -0.0006338877  -0.0003435245   0.0004277671  -0.0001013077
       -0.0004104456  -0.0001383116  -0.0001503837   0.0001966987  -0.0003560435
        0.0002175385  -0.0000469207   0.0004313471  -0.0000597024  -0.0004697605
        0.0054616855   0.0033705610  -0.0012191795  -0.0215339813  -0.0079480012
       -0.0162255888  -0.0008803040  -0.0037998562  -0.0010723938  -0.2305139994
        0.0858937424   0.0466641024  -0.0606592444  -0.0141583423   0.0538259953
       -0.0014188601   0.0285350393  -0.0025255852  -0.0004715613  -0.0085439894
        0.0012823731   0.0003672587   0.0000566615   0.0004163839  -0.0019441539
       -0.0018950443  -0.0021247710   0.0000839787   0.0000575912  -0.0000638593
        0.0000976712  -0.0000679012  -0.0001295180   0.0000558121   0.0000156790
       -0.0001675456  -0.0000218586   0.0000641365  -0.0001682374  -0.0001009566
        0.0000163585  -0.0000318000
       -0.0181059345  -0.0759977240  -0.0176317465  -0.0429971929   0.4451960729
       -0.0359891931   0.0118367402  -0.1840645364   0.0232634303  -0.0100749576
       -0.0132565031  -0.0068507672   0.0000400225   0.0000677657  -0.0000397360
       -0.0000747473   0.0002792916  -0.0001199356   0.0000662883   0.0000931948
       -0.0001665558  -0.0000178157   0.0000749443   0.0000688807  -0.0000975948
       -0.0000859252  -0.0000436817   0.0000894604  -0.0002009671  -0.0000076463
        0.0048821120   0.0038196248   0.0018597285   0.0040268540   0.0054545261
        0.0065892482  -0.0167242677  -0.0110013324  -0.0161101036   0.0810362289
       -0.0759603260  -0.0155118773  -0.0133707285  -0.0581100110   0.0569023453
        0.0026536303  -0.0213145591  -0.0000880601  -0.0024927752  -0.0163690945
        0.0044534632   0.0004765642   0.0009489652   0.0003566569  -0.0011502995
        0.0000529654  -0.0010648214  -0.0000976536   0.0001481466   0.0000834958
        0.0000455044   0.0001886407   0.0001985441   0.0000709860   0.0001021748
        0.0000970946   0.0000241152  -0.0000216828  -0.0001152309  -0.0000445389
       -0.0000436513  -0.0001335320
       -0.0420282803  -0.0218993314  -0.1116206005  -0.0397653901  -0.0359891931
        0.4987339801   0.0056089865   0.0167331531  -0.0659211417  -0.0035912896
       -0.0155022645  -0.0018546301  -0.0001967324  -0.0002355469   0.0005417501
       -0.0003086919  -0.0001079292  -0.0000954471   0.0000964754  -0.0001165783
       -0.0001380117  -0.0000460395  -0.0000644607   0.0002345727  -0.0000719607
       -0.0000423139   0.0001826310   0.0002703192   0.0000289542  -0.0000691463
       -0.0165807471  -0.0087202955  -0.0216983292  -0.0023647103   0.0031332873
        0.0037692466   0.0003883083  -0.0026626545   0.0011500930   0.0403939873
       -0.0157328020  -0.0544837560   0.0604431138   0.0609490166  -0.2427422330
        0.0000028244  -0.0075393202   0.0005642061   0.0004753448   0.0305553488
       -0.0057362867  -0.0003904210  -0.0011342455   0.0002342165  -0.0022371176
       -0.0016471100  -0.0015468486  -0.0002020717   0.0001086632   0.0000076942
       -0.0000193626   0.0000032333   0.0001876238   0.0000741028  -0.0000213301
        0.0001932662   0.0001060093  -0.0000292170   0.0000542548  -0.0000566570
       -0.0000670634   0.0000528957
       -0.0050900006  -0.0238801351  -0.0035803999  -0.0628801425   0.0118367402
        0.0056089865   0.4901076049  -0.0316452138  -0.0264668924  -0.1127286498
       -0.0336305020  -0.0531916855  -0.0324686056  -0.0047124103  -0.0136863492
       -0.0008757374  -0.0016067660   0.0011569013  -0.0002957756   0.0013166903
        0.0013088787   0.0001600747   0.0000440270  -0.0000994032   0.0003396760
        0.0011010062   0.0008048846   0.0001073944   0.0007866685  -0.0013938850
        0.0001662540   0.0006260643   0.0005333426   0.0014209730  -0.0007786491
       -0.0002923290  -0.0024709862  -0.0021849627  -0.0029511016  -0.0001800952
        0.0256040365  -0.0018782506   0.0003404039  -0.0090005325   0.0015765751
       -0.2198095751   0.0796264612   0.0465438787  -0.0555076555  -0.0105913724
        0.0493189715   0.0022123866   0.0010146683  -0.0003892324  -0.0021299309
       -0.0029753538  -0.0025481032  -0.0002111859  -0.0002491494  -0.0002905219
       -0.0001093742   0.0000255273   0.0001826209  -0.0000821214  -0.0002867852
       -0.0000536829   0.0000886725  -0.0000522584   0.0000987701  -0.0001036042
       -0.0003877991  -0.0003119732
       -0.0070767158  -0.0184921628  -0.0055420803   0.0037128942  -0.1840645364
        0.0167331531  -0.0316452138   0.4541728029  -0.0206465858  -0.0237857653
       -0.0743741967  -0.0242424924   0.0023998893   0.0049000099   0.0061659896
        0.0011476349  -0.0014630694  -0.0005648875  -0.0001768041  -0.0007617922
       -0.0002162027   0.0000298970  -0.0000430319  -0.0000241854  -0.0000818143
       -0.0000589938  -0.0001932640   0.0002194368   0.0003940831   0.0000451260
        0.0001301262   0.0016760843  -0.0003275391  -0.0001092016   0.0017548921
        0.0000144659  -0.0016561677  -0.0002977826  -0.0016374387   0.0046064289
       -0.0185476109  -0.0003021552  -0.0021953533  -0.0137839361   0.0053699870
        0.0816830661  -0.0786395145  -0.0178761676  -0.0107275279  -0.0594351149
        0.0583767972   0.0033833880   0.0019609465   0.0030862441  -0.0198896630
       -0.0146599938  -0.0187010218   0.0000752942  -0.0001244731   0.0001938021
        0.0000265719  -0.0001948015  -0.0001239194   0.0000050567  -0.0000120932
       -0.0000151750   0.0000013008   0.0000432409   0.0000922801  -0.0000767582
        0.0000510443   0.0003352696
       -0.0048182587  -0.0219766444  -0.0021265344   0.0062633258   0.0232634303
       -0.0659211417  -0.0264668924  -0.0206465858   0.4998083225  -0.0464477411
       -0.0280772416  -0.1106101402  -0.0039862342   0.0040510251   0.0053617219
        0.0002821316  -0.0003965852   0.0002845665  -0.0000021678  -0.0000281041
       -0.0000221392   0.0001092828  -0.0001630881   0.0000669672  -0.0004786441
        0.0002242711  -0.0002709858   0.0016922322  -0.0003136932  -0.0011326589
       -0.0004480537  -0.0009324770   0.0015299760   0.0006373350   0.0003698947
        0.0002624604  -0.0029302500  -0.0021284462  -0.0022858826   0.0002898591
       -0.0069650164   0.0014431290   0.0014764700   0.0270879407  -0.0036888408
        0.0476205939  -0.0179876739  -0.0566259661   0.0480843736   0.0566983068
       -0.2413898629  -0.0209222778  -0.0113313378  -0.0240961671  -0.0003116247
       -0.0009779090  -0.0000389210   0.0000476905  -0.0000500390  -0.0001527710
        0.0000981823  -0.0000855006  -0.0001828134  -0.0000111497   0.0000244179
       -0.0001732189  -0.0000208200   0.0000797695  -0.0000866110   0.0002426375
        0.0002612862   0.0000475116
        0.0009693180   0.0007760177   0.0012574549  -0.0038700242  -0.0100749576
       -0.0035912896  -0.1127286498  -0.0237857653  -0.0464477411   0.4498866604
       -0.0122524408  -0.0281544075  -0.1852532318   0.0475240450   0.0300872416
       -0.0175391893   0.0124241412   0.0005543685   0.0019897557   0.0033871879
       -0.0006133434  -0.0006203974   0.0003377655  -0.0000916849   0.0017995021
       -0.0006689613   0.0040823566  -0.0224117846   0.0036438688   0.0115909413
       -0.0000668094  -0.0000963954   0.0003233170   0.0000354492   0.0001899005
        0.0001994946   0.0001335897   0.0003630465   0.0000730542   0.0002859898
        0.0005202167   0.0003094884   0.0004798750   0.0005395755   0.0004499114
       -0.0235580011  -0.0092213341  -0.0172319939   0.0030462234   0.0012716429
       -0.0004605704  -0.0523553626  -0.0106462917   0.0474566986  -0.0392123983
       -0.0017971968   0.0024706652   0.0004660266  -0.0020500172   0.0000333233
       -0.0005835560   0.0000685152   0.0000654456  -0.0002095581  -0.0005511651
       -0.0006151570  -0.0007599857   0.0003062962   0.0000176765   0.0000765584
       -0.0002076944  -0.0017652501
       -0.0018482075  -0.0070952772  -0.0011118460  -0.0181652072  -0.0132565031
       -0.0155022645  -0.0336305020  -0.0743741967  -0.0280772416  -0.0122524408
        0.5029224861  -0.0215530061   0.0507657094  -0.0803304648  -0.0079848749
        0.0230062864  -0.0102363510  -0.0025229058   0.0036294422   0.0006535884
        0.0056821132   0.0001804353  -0.0005253465   0.0000496832   0.0001257615
        0.0026328670   0.0041451150  -0.0069715571   0.0030272057   0.0006086306
       -0.0000870382  -0.0005392081   0.0004838822   0.0004272052  -0.0004716166
       -0.0000157739  -0.0010907944  -0.0006407123  -0.0008681082  -0.0001796092
        0.0008079461  -0.0001992955   0.0000213834   0.0006554918  -0.0001777840
        0.0051696906   0.0036971038   0.0046744255   0.0034384592   0.0026665752
        0.0021007212  -0.0114177372  -0.0581243587   0.0498855152   0.0004343812
       -0.2694631774   0.0137408559  -0.0000283744  -0.0003644338  -0.0019302474
        0.0010387739  -0.0003604917  -0.0001056772  -0.0005146691  -0.0007641977
       -0.0006646292  -0.0004755085   0.0000063723   0.0001783243  -0.0015758827
       -0.0005233009  -0.0008356118
        0.0012156104   0.0014024600   0.0013283683  -0.0021194078  -0.0068507672
       -0.0018546301  -0.0531916855  -0.0242424924  -0.1106101402  -0.0281544075
       -0.0215530061   0.4982959338   0.0369811447  -0.0095018774  -0.0713880638
       -0.0115561529   0.0048231899   0.0026112585   0.0005196539   0.0048107390
        0.0012474933  -0.0001200452   0.0001021098  -0.0003619637   0.0042153439
        0.0046719657  -0.0005036334   0.0228989765  -0.0069247960  -0.0073050876
        0.0000195253   0.0001710610   0.0000296080   0.0000758303  -0.0001190246
        0.0000925378   0.0000838839   0.0001889187   0.0002426133   0.0002544567
        0.0004466593   0.0004296606   0.0005908674   0.0006592380   0.0009069881
        0.0015008261   0.0015148634   0.0029626860  -0.0200921895  -0.0104670509
       -0.0233035151   0.0476979309   0.0499462338  -0.2460251162   0.0014099092
        0.0137122210  -0.0454567774  -0.0020399121  -0.0003402230  -0.0002352350
       -0.0006586871   0.0003551984   0.0000905408  -0.0004424579  -0.0007008503
       -0.0006096679   0.0011019487  -0.0003230579  -0.0003479859  -0.0001909624
       -0.0017817120  -0.0002358722
        0.0006011629   0.0009145736   0.0004326768  -0.0015800791   0.0000400225
       -0.0001967324  -0.0324686056   0.0023998893  -0.0039862342  -0.1852532318
        0.0507657094   0.0369811447   0.5438807590  -0.1266826370  -0.1152169018
       -0.1183294422   0.0953210317  -0.0586220420  -0.0227390975   0.0246237384
       -0.0118245398   0.0024973259  -0.0059636259   0.0007281758  -0.0351669254
       -0.0002912938   0.0234953953  -0.1371330094  -0.0521234664   0.1147571658
        0.0001329967  -0.0002043888  -0.0001538331   0.0000035282  -0.0002280097
       -0.0001298980   0.0002891503  -0.0000963410   0.0000330156   0.0011941284
       -0.0002990164  -0.0000593337  -0.0000946128  -0.0002206307   0.0003231712
       -0.0030283561  -0.0012892341  -0.0021833499   0.0010673135   0.0004339048
        0.0005596916  -0.0120285941   0.0018400302   0.0076106594  -0.0064107394
        0.0076641685  -0.0000809005   0.0045655622  -0.0099883156   0.0088699740
       -0.0031509576   0.0042370875   0.0032254946   0.0008449247  -0.0000994757
        0.0000461680  -0.0031291701   0.0041288874   0.0032916750   0.0054359696
        0.0051173921  -0.0079006425
       -0.0000460474  -0.0000937688   0.0000156755  -0.0010977353   0.0000677657
       -0.0002355469  -0.0047124103   0.0049000099   0.0040510251   0.0475240450
       -0.0803304648  -0.0095018774  -0.1266826370   0.4078868011  -0.1988465532
        0.0491712455  -0.1852668570   0.1158599435   0.0611704563  -0.0165667494
       -0.0234422590  -0.0059797795  -0.0307034735   0.0309791704  -0.0368563151
        0.0324796909  -0.0107163155  -0.0053123134  -0.1062343733   0.0638244134
        0.0000428850   0.0001196876   0.0000697599   0.0001491994  -0.0000335064
       -0.0000461075   0.0000776407   0.0000580663  -0.0000926318  -0.0009486492
       -0.0004690448  -0.0006602853  -0.0000410836  -0.0001560282   0.0000083498
       -0.0019040358  -0.0003431909  -0.0012999240   0.0002774486   0.0000380823
        0.0004768298  -0.0051422955   0.0028649333   0.0021300230   0.0286828681
       -0.0144629758  -0.0057866324   0.0034159675  -0.0104078649   0.0088229858
        0.0036937986   0.0037564049   0.0022375194  -0.0002833169  -0.0000079776
        0.0004690082   0.0042052370   0.0035926061   0.0022065673  -0.0094041725
       -0.0106877728   0.0194768618
       -0.0001325215  -0.0000572146  -0.0000668369   0.0000740082  -0.0000397360
        0.0005417501  -0.0136863492   0.0061659896   0.0053617219   0.0300872416
       -0.0079848749  -0.0713880638  -0.1152169018  -0.1988465532   0.4435650805
       -0.0066703736   0.0829636861  -0.1359722737  -0.0516175883   0.0016531669
        0.0328458169   0.0005881477   0.0309583796  -0.0402033023   0.0637142363
       -0.0357162221  -0.0039311659   0.0641584676   0.0954898682  -0.1980872305
        0.0000081771  -0.0000694137   0.0000850568   0.0000592275   0.0000196674
       -0.0000941959   0.0000604460   0.0000532669   0.0000754197   0.0000749239
        0.0000083878   0.0002685711   0.0000779800   0.0001707966  -0.0002514956
       -0.0035951485  -0.0015151700  -0.0020149419  -0.0004918742   0.0003696663
        0.0003758045   0.0272325637  -0.0078931740  -0.0101406185  -0.0013363101
        0.0010468888   0.0017058753  -0.0065038101   0.0191903933  -0.0151907243
        0.0033507987   0.0021197521   0.0035976185  -0.0001416066   0.0004774231
       -0.0001483108   0.0028749544   0.0023089003   0.0037217222   0.0070313113
        0.0091261255  -0.0146552776
        0.0000196191   0.0001379705   0.0000184924  -0.0005438851  -0.0000747473
       -0.0003086919  -0.0008757374   0.0011476349   0.0002821316  -0.0175391893
        0.0230062864  -0.0115561529  -0.1183294422   0.0491712455  -0.0066703736
        0.5557616677  -0.1326005509  -0.1522505781  -0.2704148632   0.1079706071
        0.0317184059  -0.0345672438  -0.0370036681   0.0645320750  -0.0377203275
        0.0305061244  -0.0113107740   0.0460531131  -0.0034139897  -0.0275850839
        0.0000595891   0.0000549352   0.0000032256   0.0000525419   0.0000718509
       -0.0001184173   0.0000380354   0.0001363944  -0.0000814290   0.0000013504
       -0.0002057880  -0.0000716764  -0.0001913771   0.0001529247  -0.0001160416
       -0.0002776006  -0.0003136132  -0.0004077587  -0.0001265498  -0.0000563444
       -0.0001505024   0.0002297541   0.0008569936  -0.0019559050  -0.0032626820
        0.0018559147   0.0004155183  -0.1063402772  -0.0490565475   0.1050137701
       -0.0127372596   0.0066138252   0.0020595254   0.0003971504   0.0004391207
        0.0043814329  -0.0000856617   0.0004243971  -0.0004614040   0.0003992753
        0.0001790239   0.0046202115
       -0.0002877754  -0.0001124537  -0.0001726314  -0.0006338877   0.0002792916
       -0.0001079292  -0.0016067660  -0.0014630694  -0.0003965852   0.0124241412
       -0.0102363510   0.0048231899   0.0953210317  -0.1852668570   0.0829636861
       -0.1326005509   0.3966990103  -0.2163586165   0.0604226155  -0.1026659525
        0.0182271709  -0.0010327240   0.0331123505  -0.0345620961   0.0309212241
       -0.0280525474   0.0041660837  -0.0377915913  -0.0201908562   0.0491734835
        0.0000331634   0.0000730566  -0.0000042551  -0.0000252971  -0.0000332657
       -0.0001232526   0.0000543205   0.0000222945  -0.0001288026   0.0008219312
        0.0004051142   0.0000436555  -0.0001499647  -0.0001807170  -0.0000836911
       -0.0002205808   0.0000818052   0.0002773025   0.0001279736   0.0000667057
        0.0003047668  -0.0015051320   0.0004289848   0.0008531269   0.0017303986
       -0.0009501794   0.0000551099  -0.0486394106  -0.0790982133   0.0851992087
        0.0210675214  -0.0092820927  -0.0036796054   0.0005170582   0.0032512647
        0.0048922033   0.0004515348  -0.0000008263  -0.0001576802   0.0006007663
        0.0031135034   0.0047961577
        0.0000384940   0.0003132856  -0.0002268647  -0.0003435245  -0.0001199356
       -0.0000954471   0.0011569013  -0.0005648875   0.0002845665   0.0005543685
       -0.0025229058   0.0026112585  -0.0586220420   0.1158599435  -0.1359722737
       -0.1522505781  -0.2163586165   0.4569340871   0.0843448516  -0.0138825829
       -0.0900840534   0.0251685069  -0.0101877881  -0.0046254384  -0.0116967814
        0.0040106939  -0.0019694186   0.0097420777   0.0257095654  -0.0333822351
       -0.0000318175  -0.0000241199  -0.0001027123  -0.0000078513  -0.0000637381
       -0.0000844328   0.0000807186   0.0000831511   0.0000191524  -0.0004817430
       -0.0003379739   0.0004327581   0.0005542024   0.0000221036  -0.0001413625
        0.0003372873   0.0002053930   0.0001955404  -0.0000725566   0.0001760459
       -0.0001912534   0.0011519186  -0.0014194031   0.0008034694   0.0019544765
       -0.0011441196  -0.0000800890   0.1040807099   0.0844361242  -0.1970425216
       -0.0139687923   0.0062338826   0.0032115927   0.0045008102   0.0048327235
       -0.0004110841  -0.0004695206  -0.0002324783   0.0005253475   0.0042798838
        0.0049756368  -0.0006085860
        0.0001486264   0.0000252807   0.0000416507   0.0004277671   0.0000662883
        0.0000964754  -0.0002957756  -0.0001768041  -0.0000021678   0.0019897557
        0.0036294422   0.0005196539  -0.0227390975   0.0611704563  -0.0516175883
       -0.2704148632   0.0604226155   0.0843448516   0.5497341807  -0.1553999617
       -0.1200050139  -0.1470896853  -0.0069640640   0.0724935493   0.0501337384
       -0.0393057357   0.0101570980  -0.0441549149  -0.0040014300   0.0310297638
       -0.0000124269   0.0000625616  -0.0000274638   0.0000199809   0.0000838643
       -0.0000153325  -0.0000383952   0.0000059350  -0.0000363326  -0.0006154367
       -0.0001997273  -0.0003251830  -0.0000312524  -0.0000305811   0.0000283881
        0.0000717403   0.0000087210  -0.0000304618   0.0000948165   0.0000924385
        0.0002053080   0.0001496042  -0.0001585061   0.0000918129  -0.0013276785
        0.0002606755   0.0000024438  -0.0162869387   0.0046009054   0.0061474941
       -0.0847928851   0.0815150221  -0.0552622300  -0.0159292449  -0.0093658204
        0.0216778976   0.0012312231   0.0040170533   0.0001203109  -0.0002728384
       -0.0003586293   0.0003650757
       -0.0001567483   0.0000557521  -0.0000809692  -0.0001013077   0.0000931948
       -0.0001165783   0.0013166903  -0.0007617922  -0.0000281041   0.0033871879
        0.0006535884   0.0048107390   0.0246237384  -0.0165667494   0.0016531669
        0.1079706071  -0.1026659525  -0.0138825829  -0.1553999617   0.4255477064
       -0.2300444620  -0.0552325519  -0.1098617081   0.1026265183  -0.0035967485
       -0.0206474403   0.0262352320  -0.0035461901  -0.0003814040  -0.0026343577
        0.0000312351   0.0000457670  -0.0000045799  -0.0000246185   0.0000067142
       -0.0000485222   0.0000333766   0.0001142327  -0.0000327725   0.0002275855
        0.0001827278   0.0001582957   0.0000676729  -0.0000218906  -0.0000443220
        0.0002668259   0.0002203794   0.0002272777   0.0000026986   0.0000092815
       -0.0000692290  -0.0002706059  -0.0000431684   0.0002963478   0.0000761750
       -0.0000302422  -0.0000320393  -0.0101796847   0.0038894076   0.0030778868
        0.0818248855  -0.1844932580   0.1095299635   0.0051193266   0.0040276118
       -0.0069272595   0.0038918880   0.0002742626   0.0057617373  -0.0003314762
        0.0003529794  -0.0004313863
       -0.0000392921   0.0001189524   0.0000159260  -0.0004104456  -0.0001665558
       -0.0001380117   0.0013088787  -0.0002162027  -0.0000221392  -0.0006133434
        0.0056821132   0.0012474933  -0.0118245398  -0.0234422590   0.0328458169
        0.0317184059   0.0182271709  -0.0900840534  -0.1200050139  -0.2300444620
        0.4520600915   0.1255723271   0.0707345895  -0.2111035943  -0.0286089875
        0.0503635852  -0.0342041656   0.0300622117  -0.0026656634  -0.0229330841
       -0.0000263348   0.0000307836  -0.0000386939  -0.0000798337   0.0000175936
       -0.0000377590  -0.0000104756  -0.0000027730  -0.0000260152   0.0001813704
       -0.0000540694   0.0000788173  -0.0000269850  -0.0000812080  -0.0000746655
        0.0001923270   0.0000998695   0.0002278252  -0.0000526276   0.0000623433
        0.0000273711  -0.0000006571  -0.0000282267   0.0000686977  -0.0008650416
        0.0006713555   0.0003533538   0.0225014172  -0.0067296651  -0.0068794914
       -0.0553050629   0.1093745667  -0.1167673699   0.0056653459   0.0027369055
       -0.0062147111   0.0002807689   0.0057149521   0.0015472335   0.0003855879
       -0.0004036957   0.0000511278
       -0.0000170320  -0.0000254597  -0.0000462387  -0.0001383116  -0.0000178157
       -0.0000460395   0.0001600747   0.0000298970   0.0001092828  -0.0006203974
        0.0001804353  -0.0001200452   0.0024973259  -0.0059797795   0.0005881477
       -0.0345672438  -0.0010327240   0.0251685069  -0.1470896853  -0.0552325519
        0.1255723271   0.5846132048  -0.1573787824  -0.1404058365  -0.1257037453
        0.1041077118  -0.0625720129  -0.0225000632   0.0260887654  -0.0125350021
       -0.0000819805   0.0000208557  -0.0000293482  -0.0000388850   0.0000275176
        0.0000369393  -0.0000606782  -0.0000277154   0.0000203553  -0.0001779826
       -0.0000570108   0.0000427672   0.0000722582   0.0000294444   0.0000203103
        0.0000883891   0.0000073429   0.0000426931   0.0000317997   0.0000717256
        0.0000238983   0.0002166665  -0.0000417342  -0.0001160423   0.0001617942
       -0.0001119594  -0.0000461045  -0.0036827978   0.0040321827   0.0035025612
        0.0058126462   0.0045534486  -0.0080798103  -0.2610588601   0.0865712306
        0.0576351906   0.0057307626  -0.0102559687   0.0081367339  -0.0036472592
        0.0044409442   0.0030967665
       -0.0000056786   0.0001194058   0.0000505501  -0.0001503837   0.0000749443
       -0.0000644607   0.0000440270  -0.0000430319  -0.0001630881   0.0003377655
       -0.0005253465   0.0001021098  -0.0059636259  -0.0307034735   0.0309583796
       -0.0370036681   0.0331123505  -0.0101877881  -0.0069640640  -0.1098617081
        0.0707345895  -0.1573787824   0.4072119337  -0.2077492975   0.0555143113
       -0.1989433656   0.1247912097   0.0618729157  -0.0168535358  -0.0223137581
       -0.0000013289   0.0000146605   0.0000325963  -0.0000260853  -0.0000031127
        0.0000040512   0.0000214683   0.0000659473   0.0000268462   0.0001516557
        0.0001251321   0.0001013952  -0.0000104396   0.0000687726  -0.0000244471
        0.0000507576   0.0000933348  -0.0000573454  -0.0000707138  -0.0000185785
       -0.0001684697  -0.0000683315   0.0000783356  -0.0001052235   0.0003081283
        0.0002172669  -0.0001324723   0.0044474638   0.0035125238   0.0021061150
       -0.0100672371  -0.0098872437   0.0186312614   0.0866085149  -0.0716711512
       -0.0176756268   0.0043049288  -0.0096621444   0.0087660844   0.0040484020
        0.0034780838   0.0023367889
       -0.0000324234  -0.0000301519   0.0000590825   0.0001966987   0.0000688807
        0.0002345727  -0.0000994032  -0.0000241854   0.0000669672  -0.0000916849
        0.0000496832  -0.0003619637   0.0007281758   0.0309791704  -0.0402033023
        0.0645320750  -0.0345620961  -0.0046254384   0.0724935493   0.1026265183
       -0.2111035943  -0.1404058365  -0.2077492975   0.4402985356  -0.0098583920
        0.0926716391  -0.1438036173  -0.0514646311   0.0020891523   0.0337265377
        0.0000293098   0.0000296336   0.0000514432  -0.0000265509   0.0000287993
        0.0000024174  -0.0000178083   0.0000176924   0.0000069581  -0.0000425428
       -0.0000897250  -0.0001901375  -0.0000461242  -0.0001056838  -0.0000008594
       -0.0001591468  -0.0000219561   0.0000915042   0.0000317312   0.0000361801
        0.0002416195   0.0001136681  -0.0000975399   0.0002389582  -0.0001757111
       -0.0001767971   0.0000887041   0.0030384882   0.0023466872   0.0035149745
        0.0078698772   0.0088660092  -0.0138886883   0.0576967026  -0.0176841854
       -0.0539756210  -0.0077605318   0.0185669540  -0.0139593162   0.0034505111
        0.0021646184   0.0034902634
        0.0000745344   0.0001019644   0.0000757094  -0.0003560435  -0.0000975948
       -0.0000719607   0.0003396760  -0.0000818143  -0.0004786441   0.0017995021
        0.0001257615   0.0042153439  -0.0351669254  -0.0368563151   0.0637142363
       -0.0377203275   0.0309212241  -0.0116967814   0.0501337384  -0.0035967485
       -0.0286089875  -0.1257037453   0.0555143113  -0.0098583920   0.5529551299
       -0.1320280688  -0.1478709559  -0.2705695071   0.1070953941   0.0327559949
       -0.0000442661  -0.0000310129   0.0000059511  -0.0000014851  -0.0000323114
        0.0000599140  -0.0000077104  -0.0000011162   0.0000635495   0.0000251026
        0.0000288791   0.0001832754   0.0001505674   0.0000861528  -0.0000355865
        0.0003008160   0.0000134143   0.0000888835  -0.0001442862  -0.0000011348
       -0.0001479529  -0.0010230264   0.0002470028   0.0000466941   0.0001618498
        0.0002939977  -0.0002318512  -0.0001332436   0.0003513049  -0.0005043959
        0.0005487601   0.0003470240   0.0045788161  -0.0128546690   0.0211126488
       -0.0136057095  -0.1098979563  -0.0502204308   0.1055468419  -0.0128664848
        0.0067074676   0.0017760075
       -0.0000516926  -0.0000294384   0.0000536883   0.0002175385  -0.0000859252
       -0.0000423139   0.0011010062  -0.0000589938   0.0002242711  -0.0006689613
        0.0026328670   0.0046719657  -0.0002912938   0.0324796909  -0.0357162221
        0.0305061244  -0.0280525474   0.0040106939  -0.0393057357  -0.0206474403
        0.0503635852   0.1041077118  -0.1989433656   0.0926716391  -0.1320280688
        0.4090159302  -0.2258501677   0.0591087946  -0.1019358140   0.0181215327
       -0.0000417619  -0.0000136437   0.0000196221  -0.0000780041  -0.0000061474
        0.0000539647  -0.0000347141  -0.0000264497   0.0000719549  -0.0001977120
       -0.0000635610  -0.0000369131  -0.0000524507   0.0000453455   0.0001043000
        0.0001218623   0.0000838017   0.0000984527   0.0000275028  -0.0000846926
       -0.0000743541  -0.0008023348   0.0004298053   0.0004974517  -0.0002728643
        0.0001578594   0.0000416172   0.0003728031  -0.0001214112  -0.0002766954
        0.0005363028   0.0030271390   0.0050257830   0.0064471584  -0.0087005051
        0.0059032037  -0.0502162634  -0.0799541895   0.0835162120   0.0214950527
       -0.0091483142  -0.0034532714
       -0.0000533034  -0.0000109454   0.0000794905  -0.0000469207  -0.0000436817
        0.0001826310   0.0008048846  -0.0001932640  -0.0002709858   0.0040823566
        0.0041451150  -0.0005036334   0.0234953953  -0.0107163155  -0.0039311659
       -0.0113107740   0.0041660837  -0.0019694186   0.0101570980   0.0262352320
       -0.0342041656  -0.0625720129   0.1247912097  -0.1438036173  -0.1478709559
       -0.2258501677   0.4655799486   0.0850814429  -0.0139189788  -0.0909616635
        0.0000655545   0.0000126074   0.0001303023   0.0000093071  -0.0000114797
        0.0000259287   0.0000136890   0.0000230072   0.0000458558   0.0001933487
        0.0001508094  -0.0000085486  -0.0000169275  -0.0000052372   0.0000003998
        0.0001016513   0.0000497202   0.0002056520   0.0000671919   0.0000099801
        0.0000068185   0.0006528433  -0.0001678252  -0.0003036371  -0.0004036897
        0.0004502753  -0.0001387716  -0.0004734653  -0.0003484272   0.0003524343
        0.0044189039   0.0051083690  -0.0005535328   0.0022050507  -0.0037686333
        0.0035156129   0.1057694443   0.0835373071  -0.1967553964  -0.0143701129
        0.0063552397   0.0032794623
        0.0001092593  -0.0001174363   0.0000375919   0.0004313471   0.0000894604
        0.0002703192   0.0001073944   0.0002194368   0.0016922322  -0.0224117846
       -0.0069715571   0.0228989765  -0.1371330094  -0.0053123134   0.0641584676
        0.0460531131  -0.0377915913   0.0097420777  -0.0441549149  -0.0035461901
        0.0300622117  -0.0225000632   0.0618729157  -0.0514646311  -0.2705695071
        0.0591087946   0.0850814429   0.5515497396  -0.1609426401  -0.1167862913
        0.0000323674  -0.0000489681   0.0001131398   0.0000987858  -0.0000205037
        0.0000760963   0.0000396810  -0.0000138866   0.0000162412  -0.0002065324
       -0.0002194380  -0.0001751248   0.0000143856  -0.0000438735  -0.0000483993
       -0.0002261523  -0.0001945017  -0.0001934435   0.0001244465   0.0000001921
        0.0002857627  -0.0044452191   0.0014878313   0.0018506117  -0.0000818346
       -0.0015922710   0.0007064278   0.0011355784   0.0041758302  -0.0001429995
       -0.0002561266  -0.0003507248   0.0004149376   0.0010163275   0.0039258552
        0.0001583158  -0.0157709536   0.0049558688   0.0059635112  -0.0829563280
        0.0813297108  -0.0547174745
        0.0002157793   0.0001006500   0.0002476172  -0.0000597024  -0.0002009671
        0.0000289542   0.0007866685   0.0003940831  -0.0003136932   0.0036438688
        0.0030272057  -0.0069247960  -0.0521234664  -0.1062343733   0.0954898682
       -0.0034139897  -0.0201908562   0.0257095654  -0.0040014300  -0.0003814040
       -0.0026656634   0.0260887654  -0.0168535358   0.0020891523   0.1070953941
       -0.1019358140  -0.0139189788  -0.1609426401   0.4215614598  -0.2227951341
        0.0000553876   0.0000182717  -0.0000255349   0.0000020233  -0.0000679662
        0.0000090538   0.0000359245  -0.0000531912   0.0000763261  -0.0002620271
       -0.0002265985   0.0000126192  -0.0000177948  -0.0001660759   0.0001117963
        0.0002596444   0.0000501170   0.0001564131   0.0003926762   0.0002846071
        0.0001908152   0.0027911589  -0.0000995556  -0.0008657759   0.0009248729
        0.0008200184  -0.0008932818   0.0037107492   0.0000582254   0.0057390282
       -0.0003168638   0.0004990947  -0.0003777889   0.0040276037   0.0002939409
        0.0055132795  -0.0096704283   0.0038851379   0.0029599829   0.0807778258
       -0.1845824739   0.1104461754
       -0.0002522106  -0.0000730879  -0.0000800970  -0.0004697605  -0.0000076463
       -0.0000691463  -0.0013938850   0.0000451260  -0.0011326589   0.0115909413
        0.0006086306  -0.0073050876   0.1147571658   0.0638244134  -0.1980872305
       -0.0275850839   0.0491734835  -0.0333822351   0.0310297638  -0.0026343577
       -0.0229330841  -0.0125350021  -0.0223137581   0.0337265377   0.0327559949
        0.0181215327  -0.0909616635  -0.1167862913  -0.2227951341   0.4402130455
        0.0000802995  -0.0000977132   0.0000860024  -0.0000167819  -0.0000776149
        0.0000119922   0.0000267224  -0.0000467519   0.0000849390   0.0004036650
        0.0005431028   0.0001583308  -0.0000389478   0.0001616250  -0.0000330875
       -0.0003201938  -0.0000677165   0.0000252238  -0.0002477040  -0.0004218451
       -0.0000869075   0.0015317955   0.0000247525  -0.0003166032  -0.0008709802
        0.0011308060   0.0003535251   0.0003452497   0.0054916552   0.0015403659
        0.0004275633  -0.0003168948   0.0001145912   0.0001943476   0.0055776951
        0.0017957400   0.0216322670  -0.0068574113  -0.0066252707  -0.0542589348
        0.1110071091  -0.1170972214
       -0.0645449994  -0.0184644335   0.0742088795   0.0054616855   0.0048821120
       -0.0165807471   0.0001662540   0.0001301262  -0.0004480537  -0.0000668094
       -0.0000870382   0.0000195253   0.0001329967   0.0000428850   0.0000081771
        0.0000595891   0.0000331634  -0.0000318175  -0.0000124269   0.0000312351
       -0.0000263348  -0.0000819805  -0.0000013289   0.0000293098  -0.0000442661
       -0.0000417619   0.0000655545   0.0000323674   0.0000553876   0.0000802995
        0.0682166905   0.0222070794  -0.0832323971  -0.0094646464  -0.0054574216
        0.0278705821   0.0023491679  -0.0012911998   0.0016110344   0.0000747452
        0.0002026999  -0.0012078362  -0.0021640368  -0.0017856065  -0.0032713650
       -0.0003212747   0.0000874262   0.0002780869   0.0001968395  -0.0003392038
        0.0004042127   0.0000033146  -0.0000016639   0.0001005571   0.0000248427
        0.0000038985  -0.0000391454  -0.0000398593  -0.0000302266   0.0000446004
       -0.0000222949  -0.0000321073   0.0000442314   0.0000106357  -0.0000390608
        0.0000400319   0.0000105298  -0.0000326705   0.0000213671   0.0000229357
       -0.0000722898   0.0000112470
       -0.0191807005  -0.0630008449   0.0688238959   0.0033705610   0.0038196248
       -0.0087202955   0.0006260643   0.0016760843  -0.0009324770  -0.0000963954
       -0.0005392081   0.0001710610  -0.0002043888   0.0001196876  -0.0000694137
        0.0000549352   0.0000730566  -0.0000241199   0.0000625616   0.0000457670
        0.0000307836   0.0000208557   0.0000146605   0.0000296336  -0.0000310129
       -0.0000136437   0.0000126074  -0.0000489681   0.0000182717  -0.0000977132
        0.0222070794   0.0637494789  -0.0785649354   0.0034820698   0.0052038852
       -0.0097266432  -0.0085917725  -0.0103119692   0.0295910995   0.0002074853
        0.0003485338   0.0002082032  -0.0015383480  -0.0002422258  -0.0016518681
        0.0001787862  -0.0004284780  -0.0001492503  -0.0005163072  -0.0003545823
        0.0008147784   0.0000388658  -0.0000404488   0.0001716863  -0.0000860403
       -0.0000271900  -0.0000375117  -0.0000029612  -0.0001035351   0.0000115435
        0.0000372169  -0.0000660288  -0.0000386818   0.0000257102   0.0000146435
       -0.0000239988   0.0000034818   0.0000678137   0.0000330897  -0.0000187783
       -0.0000233530   0.0001385264
        0.0774087648   0.0718031754  -0.3096705277  -0.0012191795   0.0018597285
       -0.0216983292   0.0005333426  -0.0003275391   0.0015299760   0.0003233170
        0.0004838822   0.0000296080  -0.0001538331   0.0000697599   0.0000850568
        0.0000032256  -0.0000042551  -0.0001027123  -0.0000274638  -0.0000045799
       -0.0000386939  -0.0000293482   0.0000325963   0.0000514432   0.0000059511
        0.0000196221   0.0001303023   0.0001131398  -0.0000255349   0.0000860024
       -0.0832323971  -0.0785649354   0.3421790656   0.0073795203   0.0009573983
       -0.0074877051   0.0022346469   0.0059549483  -0.0036946622   0.0003100804
        0.0000594987   0.0005985601  -0.0036154614  -0.0016508797  -0.0020474876
        0.0000684998  -0.0000029826  -0.0002130640  -0.0002721067  -0.0007451107
       -0.0000772297   0.0000437983   0.0000244124   0.0001307144   0.0000404360
        0.0000618864   0.0001697862   0.0000403784  -0.0000019125   0.0000053544
        0.0000177961  -0.0000276831   0.0000027253   0.0000245869  -0.0000048323
        0.0000056991   0.0000353881   0.0000276841  -0.0000034307  -0.0000330825
        0.0000056525   0.0000295487
       -0.2964888411   0.1038007815   0.0566296349  -0.0215339813   0.0040268540
       -0.0023647103   0.0014209730  -0.0001092016   0.0006373350   0.0000354492
        0.0004272052   0.0000758303   0.0000035282   0.0001491994   0.0000592275
        0.0000525419  -0.0000252971  -0.0000078513   0.0000199809  -0.0000246185
       -0.0000798337  -0.0000388850  -0.0000260853  -0.0000265509  -0.0000014851
       -0.0000780041   0.0000093071   0.0000987858   0.0000020233  -0.0000167819
       -0.0094646464   0.0034820698   0.0073795203   0.3276396266  -0.1141953590
       -0.0598583333  -0.0001265710   0.0050385666   0.0007233691  -0.0021462813
       -0.0017462863  -0.0036100401   0.0007121335   0.0001165948   0.0004720494
       -0.0000607493  -0.0007063101  -0.0002024213  -0.0002630507  -0.0000628189
        0.0001023343   0.0000337757  -0.0000189381   0.0000666672   0.0001569071
        0.0001045165   0.0000467161  -0.0000460525  -0.0000222247   0.0000136142
        0.0000070133  -0.0000505330   0.0000053715   0.0000147162  -0.0000413182
       -0.0000215811   0.0000075396  -0.0000176292  -0.0000367592  -0.0000324274
       -0.0000231868   0.0000038861
        0.1005705587  -0.0855164589  -0.0213876680  -0.0079480012   0.0054545261
        0.0031332873  -0.0007786491   0.0017548921   0.0003698947   0.0001899005
       -0.0004716166  -0.0001190246  -0.0002280097  -0.0000335064   0.0000196674
        0.0000718509  -0.0000332657  -0.0000637381   0.0000838643   0.0000067142
        0.0000175936   0.0000275176  -0.0000031127   0.0000287993  -0.0000323114
       -0.0000061474  -0.0000114797  -0.0000205037  -0.0000679662  -0.0000776149
       -0.0054574216   0.0052038852   0.0009573983  -0.1141953590   0.0890749098
        0.0246577875   0.0288474870  -0.0147737645  -0.0059887438  -0.0017116217
       -0.0001503403  -0.0014289298   0.0000505130   0.0003735294   0.0001338645
        0.0007923855  -0.0003626706  -0.0004535585  -0.0002445282  -0.0003281662
        0.0001803028   0.0000083137   0.0000976101   0.0000269181  -0.0000900716
       -0.0000319991  -0.0000924677  -0.0000241232   0.0000099047   0.0000381894
       -0.0000010040  -0.0000434208   0.0000229254   0.0000071339  -0.0000643799
        0.0000145887   0.0000400723  -0.0000536435  -0.0000068506   0.0000420071
       -0.0000355126   0.0000288586
        0.0538342307  -0.0202365286  -0.0551580577  -0.0162255888   0.0065892482
        0.0037692466  -0.0002923290   0.0000144659   0.0002624604   0.0001994946
       -0.0000157739   0.0000925378  -0.0001298980  -0.0000461075  -0.0000941959
       -0.0001184173  -0.0001232526  -0.0000844328  -0.0000153325  -0.0000485222
       -0.0000377590   0.0000369393   0.0000040512   0.0000024174   0.0000599140
        0.0000539647   0.0000259287   0.0000760963   0.0000090538   0.0000119922
        0.0278705821  -0.0097266432  -0.0074877051  -0.0598583333   0.0246577875
        0.0577291386  -0.0016622998   0.0005404789   0.0032012975  -0.0032116919
       -0.0016951722  -0.0020731609  -0.0011308168   0.0002645620   0.0000257468
        0.0003230721  -0.0003238455   0.0002186966   0.0002829020   0.0000596889
       -0.0003180269  -0.0000424733  -0.0000196237  -0.0000128078  -0.0000523500
       -0.0000186115   0.0000967344   0.0000572662  -0.0000053951  -0.0000100048
        0.0000393508  -0.0000155309  -0.0000621407   0.0000018817   0.0000159442
       -0.0000724074  -0.0000148215   0.0000315410  -0.0000333965  -0.0000273777
        0.0000342205   0.0000078984
       -0.0433203373  -0.0071437071   0.0024084083  -0.0008803040  -0.0167242677
        0.0003883083  -0.0024709862  -0.0016561677  -0.0029302500   0.0001335897
       -0.0010907944   0.0000838839   0.0002891503   0.0000776407   0.0000604460
        0.0000380354   0.0000543205   0.0000807186  -0.0000383952   0.0000333766
       -0.0000104756  -0.0000606782   0.0000214683  -0.0000178083  -0.0000077104
       -0.0000347141   0.0000136890   0.0000396810   0.0000359245   0.0000267224
        0.0023491679  -0.0085917725   0.0022346469  -0.0001265710   0.0288474870
       -0.0016622998   0.0444535905   0.0069645966  -0.0000839242  -0.0004898399
       -0.0009460311  -0.0001764379   0.0003968413  -0.0001412382  -0.0000814142
       -0.0001369074   0.0001011511   0.0000124226   0.0000231743   0.0002133512
       -0.0000377255   0.0000502728  -0.0000292065   0.0000568210  -0.0002112857
       -0.0000806827  -0.0002096068   0.0000225885  -0.0000239534  -0.0000525911
       -0.0000023287   0.0000239047  -0.0000242999   0.0000071215   0.0000320502
       -0.0000232788  -0.0000218557   0.0000324824  -0.0000225011  -0.0000360135
        0.0000247816  -0.0000334540
       -0.0051352982  -0.3471886785   0.0266890876  -0.0037998562  -0.0110013324
       -0.0026626545  -0.0021849627  -0.0002977826  -0.0021284462   0.0003630465
       -0.0006407123   0.0001889187  -0.0000963410   0.0000580663   0.0000532669
        0.0001363944   0.0000222945   0.0000831511   0.0000059350   0.0001142327
       -0.0000027730  -0.0000277154   0.0000659473   0.0000176924  -0.0000011162
       -0.0000264497   0.0000230072  -0.0000138866  -0.0000531912  -0.0000467519
       -0.0012911998  -0.0103119692   0.0059549483   0.0050385666  -0.0147737645
        0.0005404789   0.0069645966   0.3823904529  -0.0286506060   0.0001952233
        0.0005346161   0.0002582750   0.0002462918   0.0004995170   0.0002136093
       -0.0002467256   0.0002848999   0.0000600272   0.0000639994   0.0002623060
       -0.0003416241  -0.0000324626  -0.0000276948   0.0000329429  -0.0002078603
        0.0000941245  -0.0002272204  -0.0000331233   0.0000115954  -0.0000345096
        0.0000096243  -0.0000135927   0.0000230154   0.0000205212  -0.0000093121
       -0.0000076053   0.0000096433  -0.0000011070  -0.0000180958   0.0000167054
        0.0000075344  -0.0000181340
        0.0022365935   0.0246284683  -0.0452513421  -0.0010723938  -0.0161101036
        0.0011500930  -0.0029511016  -0.0016374387  -0.0022858826   0.0000730542
       -0.0008681082   0.0002426133   0.0000330156  -0.0000926318   0.0000754197
       -0.0000814290  -0.0001288026   0.0000191524  -0.0000363326  -0.0000327725
       -0.0000260152   0.0000203553   0.0000268462   0.0000069581   0.0000635495
        0.0000719549   0.0000458558   0.0000162412   0.0000763261   0.0000849390
        0.0016110344   0.0295910995  -0.0036946622   0.0007233691  -0.0059887438
        0.0032012975  -0.0000839242  -0.0286506060   0.0468541780  -0.0001761727
       -0.0002061228   0.0003772725  -0.0002714283  -0.0009935680  -0.0004011385
        0.0000397944   0.0002242491  -0.0000385593   0.0000249169   0.0001182520
       -0.0001229213   0.0000434121   0.0000292104   0.0000515472  -0.0002528300
       -0.0001324065  -0.0001737658   0.0000303822   0.0000983203  -0.0000171780
       -0.0000112779   0.0000583031   0.0000497452   0.0000101210  -0.0000107606
        0.0000160138   0.0000125346  -0.0000462377  -0.0000460471  -0.0000014840
       -0.0000247272  -0.0001175734
       -0.0252371078   0.0046886867  -0.0007737208  -0.2305139994   0.0810362289
        0.0403939873  -0.0001800952   0.0046064289   0.0002898591   0.0002859898
       -0.0001796092   0.0002544567   0.0011941284  -0.0009486492   0.0000749239
        0.0000013504   0.0008219312  -0.0004817430  -0.0006154367   0.0002275855
        0.0001813704  -0.0001779826   0.0001516557  -0.0000425428   0.0000251026
       -0.0001977120   0.0001933487  -0.0002065324  -0.0002620271   0.0004036650
        0.0000747452   0.0002074853   0.0003100804  -0.0021462813  -0.0017116217
       -0.0032116919  -0.0004898399   0.0001952233  -0.0001761727   0.2680447731
       -0.0926480349  -0.0447424301  -0.0106547468   0.0045736036   0.0076629398
        0.0004922971  -0.0001573575  -0.0003577274   0.0004302972  -0.0003228138
       -0.0000363003  -0.0001202461   0.0000758927   0.0001302028  -0.0001922933
       -0.0001274546  -0.0000454840  -0.0000017513  -0.0001468674  -0.0000605531
       -0.0000297879   0.0000506701   0.0000378813   0.0000013809  -0.0000095399
        0.0000377225   0.0000164030   0.0000035266   0.0000157406  -0.0000003669
        0.0000727688  -0.0000578126
       -0.0115253194   0.0030099858   0.0001451117   0.0858937424  -0.0759603260
       -0.0157328020   0.0256040365  -0.0185476109  -0.0069650164   0.0005202167
        0.0008079461   0.0004466593  -0.0002990164  -0.0004690448   0.0000083878
       -0.0002057880   0.0004051142  -0.0003379739  -0.0001997273   0.0001827278
       -0.0000540694  -0.0000570108   0.0001251321  -0.0000897250   0.0000288791
       -0.0000635610   0.0001508094  -0.0002194380  -0.0002265985   0.0005431028
        0.0002026999   0.0003485338   0.0000594987  -0.0017462863  -0.0001503403
       -0.0016951722  -0.0009460311   0.0005346161  -0.0002061228  -0.0926480349
        0.0910141295   0.0212583003  -0.0054501641   0.0045212537   0.0020839462
        0.0001319089  -0.0066091816   0.0007847157   0.0004502504   0.0010006028
       -0.0002927731   0.0000946119  -0.0001553550  -0.0000033116   0.0000647346
        0.0003175981   0.0000929606  -0.0000015043   0.0000769055  -0.0001323418
        0.0001118184  -0.0001427198  -0.0000218077   0.0000603116  -0.0000405458
       -0.0000546179   0.0000650552   0.0000168968  -0.0000174422   0.0000700550
        0.0000038410   0.0000296835
       -0.0220811516   0.0051810325   0.0005647806   0.0466641024  -0.0155118773
       -0.0544837560  -0.0018782506  -0.0003021552   0.0014431290   0.0003094884
       -0.0001992955   0.0004296606  -0.0000593337  -0.0006602853   0.0002685711
       -0.0000716764   0.0000436555   0.0004327581  -0.0003251830   0.0001582957
        0.0000788173   0.0000427672   0.0001013952  -0.0001901375   0.0001832754
       -0.0000369131  -0.0000085486  -0.0001751248   0.0000126192   0.0001583308
       -0.0012078362   0.0002082032   0.0005985601  -0.0036100401  -0.0014289298
       -0.0020731609  -0.0001764379   0.0002582750   0.0003772725  -0.0447424301
        0.0212583003   0.0619401136   0.0278418775  -0.0098844183  -0.0094137385
       -0.0004088347   0.0000880718   0.0009842272  -0.0005312502   0.0004444282
        0.0001992734   0.0002266459  -0.0000944955  -0.0001596044  -0.0000588490
        0.0000804932  -0.0000752692  -0.0000089482   0.0000853924  -0.0007333691
        0.0000060539   0.0000502376  -0.0000423018   0.0000421181   0.0000149294
       -0.0000857189   0.0000189884   0.0000318428  -0.0000665113   0.0000000294
        0.0001011979  -0.0001433781
        0.0020345561   0.0029792407  -0.0226434030  -0.0606592444  -0.0133707285
        0.0604431138   0.0003404039  -0.0021953533   0.0014764700   0.0004798750
        0.0000213834   0.0005908674  -0.0000946128  -0.0000410836   0.0000779800
       -0.0001913771  -0.0001499647   0.0005542024  -0.0000312524   0.0000676729
       -0.0000269850   0.0000722582  -0.0000104396  -0.0000461242   0.0001505674
       -0.0000524507  -0.0000169275   0.0000143856  -0.0000177948  -0.0000389478
       -0.0021640368  -0.0015383480  -0.0036154614   0.0007121335   0.0000505130
       -0.0011308168   0.0003968413   0.0002462918  -0.0002714283  -0.0106547468
       -0.0054501641   0.0278418775   0.0686048488   0.0196168670  -0.0609481310
        0.0002863660   0.0005138862  -0.0006894653   0.0009316143  -0.0007070039
       -0.0004110538   0.0000370829  -0.0003371108  -0.0004658332  -0.0000380781
        0.0001636020  -0.0001557631  -0.0002800741   0.0000932204  -0.0004352168
       -0.0000197959   0.0000066640   0.0000248724   0.0000336090   0.0000026037
       -0.0000074546   0.0000304950   0.0000094968  -0.0000048320   0.0000081814
        0.0000990002  -0.0001015400
        0.0008052620   0.0016394915  -0.0121448819  -0.0141583423  -0.0581100110
        0.0609490166  -0.0090005325  -0.0137839361   0.0270879407   0.0005395755
        0.0006554918   0.0006592380  -0.0002206307  -0.0001560282   0.0001707966
        0.0001529247  -0.0001807170   0.0000221036  -0.0000305811  -0.0000218906
       -0.0000812080   0.0000294444   0.0000687726  -0.0001056838   0.0000861528
        0.0000453455  -0.0000052372  -0.0000438735  -0.0001660759   0.0001616250
       -0.0017856065  -0.0002422258  -0.0016508797   0.0001165948   0.0003735294
        0.0002645620  -0.0001412382   0.0004995170  -0.0009935680   0.0045736036
        0.0045212537  -0.0098844183   0.0196168670   0.0700266276  -0.0649164147
       -0.0002633273   0.0011562418   0.0005289277  -0.0002155676  -0.0064488795
        0.0009572758  -0.0002308086  -0.0002469614  -0.0006992069   0.0001078531
        0.0002153921  -0.0000453948  -0.0001207192   0.0001920170  -0.0001409742
        0.0000298007  -0.0000692814  -0.0000320074   0.0000052589  -0.0000412692
       -0.0000313849   0.0000529917  -0.0000156621  -0.0000091189   0.0000948988
        0.0000892583  -0.0000611073
        0.0007138539   0.0020666657  -0.0249860927   0.0538259953   0.0569023453
       -0.2427422330   0.0015765751   0.0053699870  -0.0036888408   0.0004499114
       -0.0001777840   0.0009069881   0.0003231712   0.0000083498  -0.0002514956
       -0.0001160416  -0.0000836911  -0.0001413625   0.0000283881  -0.0000443220
       -0.0000746655   0.0000203103  -0.0000244471  -0.0000008594  -0.0000355865
        0.0001043000   0.0000003998  -0.0000483993   0.0001117963  -0.0000330875
       -0.0032713650  -0.0016518681  -0.0020474876   0.0004720494   0.0001338645
        0.0000257468  -0.0000814142   0.0002136093  -0.0004011385   0.0076629398
        0.0020839462  -0.0094137385  -0.0609481310  -0.0649164147   0.2815825095
       -0.0001031162  -0.0004468390   0.0005112881  -0.0002064437   0.0007129471
        0.0005118266   0.0000600526  -0.0000337493   0.0001797516  -0.0001609325
       -0.0002213533   0.0000025826  -0.0000705254  -0.0000876419   0.0001815641
        0.0000060472   0.0000091114  -0.0000453827  -0.0000275898   0.0000065445
       -0.0000557173  -0.0000478429   0.0000025253  -0.0000193067  -0.0000219060
       -0.0000378820  -0.0000012491
        0.0015155447  -0.0008160481   0.0002698096  -0.0014188601   0.0026536303
        0.0000028244  -0.2198095751   0.0816830661   0.0476205939  -0.0235580011
        0.0051696906   0.0015008261  -0.0030283561  -0.0019040358  -0.0035951485
       -0.0002776006  -0.0002205808   0.0003372873   0.0000717403   0.0002668259
        0.0001923270   0.0000883891   0.0000507576  -0.0001591468   0.0003008160
        0.0001218623   0.0001016513  -0.0002261523   0.0002596444  -0.0003201938
       -0.0003212747   0.0001787862   0.0000684998  -0.0000607493   0.0007923855
        0.0003230721  -0.0001369074  -0.0002467256   0.0000397944   0.0004922971
        0.0001319089  -0.0004088347   0.0002863660  -0.0002633273  -0.0001031162
        0.2560708152  -0.0920695360  -0.0533396372  -0.0107277238   0.0039344252
        0.0070038190   0.0006479134   0.0003673745   0.0003383903   0.0002714662
        0.0000199924   0.0004079660  -0.0000172403  -0.0000812109  -0.0000663850
       -0.0000202561   0.0000451230  -0.0000299024  -0.0000442685  -0.0000450754
       -0.0001040447  -0.0000449263   0.0000041638  -0.0000321816  -0.0000534564
       -0.0000330967  -0.0000482704
        0.0006402604   0.0011349468   0.0004367215   0.0285350393  -0.0213145591
       -0.0075393202   0.0796264612  -0.0786395145  -0.0179876739  -0.0092213341
        0.0036971038   0.0015148634  -0.0012892341  -0.0003431909  -0.0015151700
       -0.0003136132   0.0000818052   0.0002053930   0.0000087210   0.0002203794
        0.0000998695   0.0000073429   0.0000933348  -0.0000219561   0.0000134143
        0.0000838017   0.0000497202  -0.0001945017   0.0000501170  -0.0000677165
        0.0000874262  -0.0004284780  -0.0000029826  -0.0007063101  -0.0003626706
       -0.0003238455   0.0001011511   0.0002848999   0.0002242491  -0.0001573575
       -0.0066091816   0.0000880718   0.0005138862   0.0011562418  -0.0004468390
       -0.0920695360   0.0961346846   0.0234580328  -0.0050581422   0.0041530753
        0.0017104014   0.0001576720   0.0001801356   0.0002549753  -0.0006551526
        0.0003997611  -0.0000124401  -0.0000003619   0.0000352139  -0.0000278741
       -0.0000558826   0.0000912617   0.0000570577  -0.0000180448  -0.0000227247
        0.0000176325  -0.0000091640  -0.0000506686  -0.0000320814   0.0000572606
       -0.0000257747  -0.0001390886
        0.0004418991  -0.0001241030   0.0001883042  -0.0025255852  -0.0000880601
        0.0005642061   0.0465438787  -0.0178761676  -0.0566259661  -0.0172319939
        0.0046744255   0.0029626860  -0.0021833499  -0.0012999240  -0.0020149419
       -0.0004077587   0.0002773025   0.0001955404  -0.0000304618   0.0002272777
        0.0002278252   0.0000426931  -0.0000573454   0.0000915042   0.0000888835
        0.0000984527   0.0002056520  -0.0001934435   0.0001564131   0.0000252238
        0.0002780869  -0.0001492503  -0.0002130640  -0.0002024213  -0.0004535585
        0.0002186966   0.0000124226   0.0000600272  -0.0000385593  -0.0003577274
        0.0007847157   0.0009842272  -0.0006894653   0.0005289277   0.0005112881
       -0.0533396372   0.0234580328   0.0640314938   0.0300023583  -0.0106252223
       -0.0122369228  -0.0003871058   0.0003841382   0.0004826999   0.0001978334
        0.0003344391   0.0004296224   0.0000221943  -0.0001250109  -0.0000173241
       -0.0000086928  -0.0000149770   0.0000071258  -0.0000110663  -0.0000381174
       -0.0000225199  -0.0000064836   0.0000143359   0.0000407379  -0.0000550575
       -0.0001467515   0.0000024643
        0.0002607073   0.0000364078   0.0006209887  -0.0004715613  -0.0024927752
        0.0004753448  -0.0555076555  -0.0107275279   0.0480843736   0.0030462234
        0.0034384592  -0.0200921895   0.0010673135   0.0002774486  -0.0004918742
       -0.0001265498   0.0001279736  -0.0000725566   0.0000948165   0.0000026986
       -0.0000526276   0.0000317997  -0.0000707138   0.0000317312  -0.0001442862
        0.0000275028   0.0000671919   0.0001244465   0.0003926762  -0.0002477040
        0.0001968395  -0.0005163072  -0.0002721067  -0.0002630507  -0.0002445282
        0.0002829020   0.0000231743   0.0000639994   0.0000249169   0.0004302972
        0.0004502504  -0.0005312502   0.0009316143  -0.0002155676  -0.0002064437
       -0.0107277238  -0.0050581422   0.0300023583   0.0631775262   0.0162631128
       -0.0548838063  -0.0024549751  -0.0014133760  -0.0033339719   0.0004762461
        0.0003705739   0.0002463367  -0.0000204582  -0.0001127875   0.0001161228
        0.0000289622  -0.0000272359   0.0000225378   0.0000328118  -0.0000383368
        0.0000155300   0.0000211848  -0.0000218541   0.0000007586  -0.0002277027
       -0.0005119508   0.0001934374
        0.0005588968   0.0012299971   0.0007946387  -0.0085439894  -0.0163690945
        0.0305553488  -0.0105913724  -0.0594351149   0.0566983068   0.0012716429
        0.0026665752  -0.0104670509   0.0004339048   0.0000380823   0.0003696663
       -0.0000563444   0.0000667057   0.0001760459   0.0000924385   0.0000092815
        0.0000623433   0.0000717256  -0.0000185785   0.0000361801  -0.0000011348
       -0.0000846926   0.0000099801   0.0000001921   0.0002846071  -0.0004218451
       -0.0003392038  -0.0003545823  -0.0007451107  -0.0000628189  -0.0003281662
        0.0000596889   0.0002133512   0.0002623060   0.0001182520  -0.0003228138
        0.0010006028   0.0004444282  -0.0007070039  -0.0064488795   0.0007129471
        0.0039344252   0.0041530753  -0.0106252223   0.0162631128   0.0731994488
       -0.0655067452  -0.0019635152  -0.0001529813  -0.0018250566   0.0000619852
        0.0003529023  -0.0005549482  -0.0000011180  -0.0000779594  -0.0000230645
       -0.0000057704   0.0000349681  -0.0000119107   0.0000050765   0.0000341186
        0.0000138688  -0.0000312148   0.0000450284   0.0000201823  -0.0002804519
       -0.0001076501   0.0001090770
        0.0000338334  -0.0009615482   0.0016941199   0.0012823731   0.0044534632
       -0.0057362867   0.0493189715   0.0583767972  -0.2413898629  -0.0004605704
        0.0021007212  -0.0233035151   0.0005596916   0.0004768298   0.0003758045
       -0.0001505024   0.0003047668  -0.0001912534   0.0002053080  -0.0000692290
        0.0000273711   0.0000238983  -0.0001684697   0.0002416195  -0.0001479529
       -0.0000743541   0.0000068185   0.0002857627   0.0001908152  -0.0000869075
        0.0004042127   0.0008147784  -0.0000772297   0.0001023343   0.0001803028
       -0.0003180269  -0.0000377255  -0.0003416241  -0.0001229213  -0.0000363003
       -0.0002927731   0.0001992734  -0.0004110538   0.0009572758   0.0005118266
        0.0070038190   0.0017104014  -0.0122369228  -0.0548838063  -0.0655067452
        0.2818841721  -0.0034430639  -0.0018390321  -0.0026236548   0.0003349024
        0.0002263675   0.0003525120   0.0000298031  -0.0001728774   0.0001727348
        0.0000230656  -0.0000325832   0.0000444860   0.0000293736  -0.0000283424
        0.0000773745   0.0000745408  -0.0000311588   0.0000422314  -0.0001409147
       -0.0002737821   0.0004562367
        0.0000292739   0.0000740483   0.0001035231   0.0003672587   0.0004765642
       -0.0003904210   0.0022123866   0.0033833880  -0.0209222778  -0.0523553626
       -0.0114177372   0.0476979309  -0.0120285941  -0.0051422955   0.0272325637
        0.0002297541  -0.0015051320   0.0011519186   0.0001496042  -0.0002706059
       -0.0000006571   0.0002166665  -0.0000683315   0.0001136681  -0.0010230264
       -0.0008023348   0.0006528433  -0.0044452191   0.0027911589   0.0015317955
        0.0000033146   0.0000388658   0.0000437983   0.0000337757   0.0000083137
       -0.0000424733   0.0000502728  -0.0000324626   0.0000434121  -0.0001202461
        0.0000946119   0.0002266459   0.0000370829  -0.0002308086   0.0000600526
        0.0006479134   0.0001576720  -0.0003871058  -0.0024549751  -0.0019635152
       -0.0034430639   0.0670328450   0.0136327605  -0.0539975027   0.0015929279
       -0.0007520252   0.0010995953  -0.0000457032   0.0010059443  -0.0005481465
        0.0001154823  -0.0000345249  -0.0000484328   0.0000851603   0.0001068188
       -0.0000002331  -0.0003811542   0.0001112379   0.0000496555   0.0000505619
        0.0003383892  -0.0002270888
        0.0001012985   0.0000645571   0.0001499523   0.0000566615   0.0009489652
       -0.0011342455   0.0010146683   0.0019609465  -0.0113313378  -0.0106462917
       -0.0581243587   0.0499462338   0.0018400302   0.0028649333  -0.0078931740
        0.0008569936   0.0004289848  -0.0014194031  -0.0001585061  -0.0000431684
       -0.0000282267  -0.0000417342   0.0000783356  -0.0000975399   0.0002470028
        0.0004298053  -0.0001678252   0.0014878313  -0.0000995556   0.0000247525
       -0.0000016639  -0.0000404488   0.0000244124  -0.0000189381   0.0000976101
       -0.0000196237  -0.0000292065  -0.0000276948   0.0000292104   0.0000758927
       -0.0001553550  -0.0000944955  -0.0003371108  -0.0002469614  -0.0000337493
        0.0003673745   0.0001801356   0.0003841382  -0.0014133760  -0.0001529813
       -0.0018390321   0.0136327605   0.0654541305  -0.0588341606  -0.0075144210
       -0.0131549991   0.0322936431   0.0003963479  -0.0004056248   0.0002759366
       -0.0000405522   0.0000208501   0.0000004109  -0.0000420341   0.0000072757
        0.0000170333   0.0000588856  -0.0000693328  -0.0000415794   0.0001080873
       -0.0000160492  -0.0002113305
        0.0002719066   0.0002245419   0.0005746270   0.0004163839   0.0003566569
        0.0002342165  -0.0003892324   0.0030862441  -0.0240961671   0.0474566986
        0.0498855152  -0.2460251162   0.0076106594   0.0021300230  -0.0101406185
       -0.0019559050   0.0008531269   0.0008034694   0.0000918129   0.0002963478
        0.0000686977  -0.0001160423  -0.0001052235   0.0002389582   0.0000466941
        0.0004974517  -0.0003036371   0.0018506117  -0.0008657759  -0.0003166032
        0.0001005571   0.0001716863   0.0001307144   0.0000666672   0.0000269181
       -0.0000128078   0.0000568210   0.0000329429   0.0000515472   0.0001302028
       -0.0000033116  -0.0001596044  -0.0004658332  -0.0006992069   0.0001797516
        0.0003383903   0.0002549753   0.0004826999  -0.0033339719  -0.0018250566
       -0.0026236548  -0.0539975027  -0.0588341606   0.2868259405   0.0020146321
        0.0054683521  -0.0065430191  -0.0000285995  -0.0005556381   0.0004580311
       -0.0001081123   0.0000273261   0.0000257211  -0.0000603641  -0.0000799926
       -0.0000048640   0.0000965316  -0.0001160997  -0.0000478651  -0.0000930060
       -0.0002276428   0.0001995829
       -0.0005141779  -0.0015937822  -0.0005792471  -0.0019441539  -0.0011502995
       -0.0022371176  -0.0021299309  -0.0198896630  -0.0003116247  -0.0392123983
        0.0004343812   0.0014099092  -0.0064107394   0.0286828681  -0.0013363101
       -0.0032626820   0.0017303986   0.0019544765  -0.0013276785   0.0000761750
       -0.0008650416   0.0001617942   0.0003081283  -0.0001757111   0.0001618498
       -0.0002728643  -0.0004036897  -0.0000818346   0.0009248729  -0.0008709802
        0.0000248427  -0.0000860403   0.0000404360   0.0001569071  -0.0000900716
       -0.0000523500  -0.0002112857  -0.0002078603  -0.0002528300  -0.0001922933
        0.0000647346  -0.0000588490  -0.0000380781   0.0001078531  -0.0001609325
        0.0002714662  -0.0006551526   0.0001978334   0.0004762461   0.0000619852
        0.0003349024   0.0015929279  -0.0075144210   0.0020146321   0.0524060594
       -0.0009607150   0.0001136164   0.0000007538   0.0000029446   0.0003378491
       -0.0002909683   0.0000735716   0.0000729338   0.0001167093   0.0000885522
        0.0001758919   0.0001074870  -0.0000415801   0.0000034969   0.0001391775
       -0.0000940155   0.0006487059
       -0.0002843659  -0.0007504735  -0.0003066341  -0.0018950443   0.0000529654
       -0.0016471100  -0.0029753538  -0.0146599938  -0.0009779090  -0.0017971968
       -0.2694631774   0.0137122210   0.0076641685  -0.0144629758   0.0010468888
        0.0018559147  -0.0009501794  -0.0011441196   0.0002606755  -0.0000302422
        0.0006713555  -0.0001119594   0.0002172669  -0.0001767971   0.0002939977
        0.0001578594   0.0004502753  -0.0015922710   0.0008200184   0.0011308060
        0.0000038985  -0.0000271900   0.0000618864   0.0001045165  -0.0000319991
       -0.0000186115  -0.0000806827   0.0000941245  -0.0001324065  -0.0001274546
        0.0003175981   0.0000804932   0.0001636020   0.0002153921  -0.0002213533
        0.0000199924   0.0003997611   0.0003344391   0.0003705739   0.0003529023
        0.0002263675  -0.0007520252  -0.0131549991   0.0054683521  -0.0009607150
        0.3107362722  -0.0174033801  -0.0000665027   0.0000683765  -0.0003449877
        0.0000992402  -0.0000882342  -0.0001195345  -0.0001033783  -0.0000719976
       -0.0001505422  -0.0001130364   0.0000565116   0.0000498141   0.0000234063
        0.0002024138  -0.0005895135
       -0.0004939645  -0.0013329105  -0.0001622340  -0.0021247710  -0.0010648214
       -0.0015468486  -0.0025481032  -0.0187010218  -0.0000389210   0.0024706652
        0.0137408559  -0.0454567774  -0.0000809005  -0.0057866324   0.0017058753
        0.0004155183   0.0000551099  -0.0000800890   0.0000024438  -0.0000320393
        0.0003533538  -0.0000461045  -0.0001324723   0.0000887041  -0.0002318512
        0.0000416172  -0.0001387716   0.0007064278  -0.0008932818   0.0003535251
       -0.0000391454  -0.0000375117   0.0001697862   0.0000467161  -0.0000924677
        0.0000967344  -0.0002096068  -0.0002272204  -0.0001737658  -0.0000454840
        0.0000929606  -0.0000752692  -0.0001557631  -0.0000453948   0.0000025826
        0.0004079660  -0.0000124401   0.0004296224   0.0002463367  -0.0005549482
        0.0003525120   0.0010995953   0.0322936431  -0.0065430191   0.0001136164
       -0.0174033801   0.0510889892   0.0001447021  -0.0001435914   0.0000507577
        0.0000509243   0.0000070999  -0.0000336259  -0.0000329719   0.0000435240
       -0.0000063020  -0.0000414369  -0.0000075315  -0.0000109901   0.0003451911
        0.0001928548  -0.0004258291
       -0.0000874096   0.0000335785   0.0000703554   0.0000839787  -0.0000976536
       -0.0002020717  -0.0002111859   0.0000752942   0.0000476905   0.0004660266
       -0.0000283744  -0.0020399121   0.0045655622   0.0034159675  -0.0065038101
       -0.1063402772  -0.0486394106   0.1040807099  -0.0162869387  -0.0101796847
        0.0225014172  -0.0036827978   0.0044474638   0.0030384882  -0.0001332436
        0.0003728031  -0.0004734653   0.0011355784   0.0037107492   0.0003452497
       -0.0000398593  -0.0000029612   0.0000403784  -0.0000460525  -0.0000241232
        0.0000572662   0.0000225885  -0.0000331233   0.0000303822  -0.0000017513
       -0.0000015043  -0.0000089482  -0.0002800741  -0.0001207192  -0.0000705254
       -0.0000172403  -0.0000003619   0.0000221943  -0.0000204582  -0.0000011180
        0.0000298031  -0.0000457032   0.0003963479  -0.0000285995   0.0000007538
       -0.0000665027   0.0001447021   0.1216294335   0.0488153263  -0.1207704939
        0.0001698533  -0.0013638364  -0.0004236302  -0.0007635163  -0.0005305208
        0.0010745511  -0.0003025969  -0.0004736209  -0.0005297066   0.0001853299
        0.0002959847  -0.0004320253
       -0.0000990669  -0.0000072216  -0.0000768163   0.0000575912   0.0001481466
        0.0001086632  -0.0002491494  -0.0001244731  -0.0000500390  -0.0020500172
       -0.0003644338  -0.0003402230  -0.0099883156  -0.0104078649   0.0191903933
       -0.0490565475  -0.0790982133   0.0844361242   0.0046009054   0.0038894076
       -0.0067296651   0.0040321827   0.0035125238   0.0023466872   0.0003513049
       -0.0001214112  -0.0003484272   0.0041758302   0.0000582254   0.0054916552
       -0.0000302266  -0.0001035351  -0.0000019125  -0.0000222247   0.0000099047
       -0.0000053951  -0.0000239534   0.0000115954   0.0000983203  -0.0001468674
        0.0000769055   0.0000853924   0.0000932204   0.0001920170  -0.0000876419
       -0.0000812109   0.0000352139  -0.0001250109  -0.0001127875  -0.0000779594
       -0.0001728774   0.0010059443  -0.0004056248  -0.0005556381   0.0000029446
        0.0000683765  -0.0001435914   0.0488153263   0.0846340206  -0.1010773949
       -0.0004968848  -0.0006126077  -0.0018097667   0.0002739035   0.0000804479
       -0.0003386814  -0.0004753716  -0.0008491115  -0.0008552130  -0.0005765296
       -0.0005443283   0.0009610580
        0.0001438841  -0.0000881744   0.0001798691  -0.0000638593   0.0000834958
        0.0000076942  -0.0002905219   0.0001938021  -0.0001527710   0.0000333233
       -0.0019302474  -0.0002352350   0.0088699740   0.0088229858  -0.0151907243
        0.1050137701   0.0851992087  -0.1970425216   0.0061474941   0.0030778868
       -0.0068794914   0.0035025612   0.0021061150   0.0035149745  -0.0005043959
       -0.0002766954   0.0003524343  -0.0001429995   0.0057390282   0.0015403659
        0.0000446004   0.0000115435   0.0000053544   0.0000136142   0.0000381894
       -0.0000100048  -0.0000525911  -0.0000345096  -0.0000171780  -0.0000605531
       -0.0001323418  -0.0007333691  -0.0004352168  -0.0001409742   0.0001815641
       -0.0000663850  -0.0000278741  -0.0000173241   0.0001161228  -0.0000230645
        0.0001727348  -0.0005481465   0.0002759366   0.0004580311   0.0003378491
       -0.0003449877   0.0000507577  -0.1207704939  -0.1010773949   0.2159581686
       -0.0014074162  -0.0012405627  -0.0003968362   0.0001255419   0.0001856258
       -0.0003786533  -0.0005218688  -0.0008417018  -0.0006150260   0.0005157127
        0.0004247107  -0.0007528137
       -0.0000653900  -0.0000861344  -0.0000360440   0.0000976712   0.0000455044
       -0.0000193626  -0.0001093742   0.0000265719   0.0000981823  -0.0005835560
        0.0010387739  -0.0006586871  -0.0031509576   0.0036937986   0.0033507987
       -0.0127372596   0.0210675214  -0.0139687923  -0.0847928851   0.0818248855
       -0.0553050629   0.0058126462  -0.0100672371   0.0078698772   0.0005487601
        0.0005363028   0.0044189039  -0.0002561266  -0.0003168638   0.0004275633
       -0.0000222949   0.0000372169   0.0000177961   0.0000070133  -0.0000010040
        0.0000393508  -0.0000023287   0.0000096243  -0.0000112779  -0.0000297879
        0.0001118184   0.0000060539  -0.0000197959   0.0000298007   0.0000060472
       -0.0000202561  -0.0000558826  -0.0000086928   0.0000289622  -0.0000057704
        0.0000230656   0.0001154823  -0.0000405522  -0.0001081123  -0.0002909683
        0.0000992402   0.0000509243   0.0001698533  -0.0004968848  -0.0014074162
        0.0951782240  -0.0948061266   0.0555051410   0.0002544614  -0.0014850028
       -0.0002673161   0.0001708659  -0.0006079345   0.0004152534  -0.0003029590
       -0.0005516657  -0.0004381932
        0.0000280263   0.0000454902   0.0000267142  -0.0000679012   0.0001886407
        0.0000032333   0.0000255273  -0.0001948015  -0.0000855006   0.0000685152
       -0.0003604917   0.0003551984   0.0042370875   0.0037564049   0.0021197521
        0.0066138252  -0.0092820927   0.0062338826   0.0815150221  -0.1844932580
        0.1093745667   0.0045534486  -0.0098872437   0.0088660092   0.0003470240
        0.0030271390   0.0051083690  -0.0003507248   0.0004990947  -0.0003168948
       -0.0000321073  -0.0000660288  -0.0000276831  -0.0000505330  -0.0000434208
       -0.0000155309   0.0000239047  -0.0000135927   0.0000583031   0.0000506701
       -0.0001427198   0.0000502376   0.0000066640  -0.0000692814   0.0000091114
        0.0000451230   0.0000912617  -0.0000149770  -0.0000272359   0.0000349681
       -0.0000325832  -0.0000345249   0.0000208501   0.0000273261   0.0000735716
       -0.0000882342   0.0000070999  -0.0013638364  -0.0006126077  -0.0012405627
       -0.0948061266   0.1995698579  -0.1282681108  -0.0005434870  -0.0006326872
       -0.0016205281   0.0002442436  -0.0005833146   0.0002566005  -0.0005561760
       -0.0007639325  -0.0008740329
        0.0000006194  -0.0000294331  -0.0000060474  -0.0001295180   0.0001985441
        0.0001876238   0.0001826209  -0.0001239194  -0.0001828134   0.0000654456
       -0.0001056772   0.0000905408   0.0032254946   0.0022375194   0.0035976185
        0.0020595254  -0.0036796054   0.0032115927  -0.0552622300   0.1095299635
       -0.1167673699  -0.0080798103   0.0186312614  -0.0138886883   0.0045788161
        0.0050257830  -0.0005535328   0.0004149376  -0.0003777889   0.0001145912
        0.0000442314  -0.0000386818   0.0000027253   0.0000053715   0.0000229254
       -0.0000621407  -0.0000242999   0.0000230154   0.0000497452   0.0000378813
       -0.0000218077  -0.0000423018   0.0000248724  -0.0000320074  -0.0000453827
       -0.0000299024   0.0000570577   0.0000071258   0.0000225378  -0.0000119107
        0.0000444860  -0.0000484328   0.0000004109   0.0000257211   0.0000729338
       -0.0001195345  -0.0000336259  -0.0004236302  -0.0018097667  -0.0003968362
        0.0555051410  -0.1282681108   0.1265895211  -0.0012969340  -0.0010375072
       -0.0005129345  -0.0005142149   0.0007936796  -0.0007459687  -0.0004314565
       -0.0008644094  -0.0006836490
       -0.0000596289  -0.0000529340  -0.0000567186   0.0000558121   0.0000709860
        0.0000741028  -0.0000821214   0.0000050567  -0.0000111497  -0.0002095581
       -0.0005146691  -0.0004424579   0.0008449247  -0.0002833169  -0.0001416066
        0.0003971504   0.0005170582   0.0045008102  -0.0159292449   0.0051193266
        0.0056653459  -0.2610588601   0.0866085149   0.0576967026  -0.0128546690
        0.0064471584   0.0022050507   0.0010163275   0.0040276037   0.0001943476
        0.0000106357   0.0000257102   0.0000245869   0.0000147162   0.0000071339
        0.0000018817   0.0000071215   0.0000205212   0.0000101210   0.0000013809
        0.0000603116   0.0000421181   0.0000336090   0.0000052589  -0.0000275898
       -0.0000442685  -0.0000180448  -0.0000110663   0.0000328118   0.0000050765
        0.0000293736   0.0000851603  -0.0000420341  -0.0000603641   0.0001167093
       -0.0001033783  -0.0000329719  -0.0007635163   0.0002739035   0.0001255419
        0.0002544614  -0.0005434870  -0.0012969340   0.2884593740  -0.1004244640
       -0.0682328878   0.0002817726  -0.0013487058  -0.0004157885  -0.0006101000
        0.0001374137   0.0001595521
        0.0000070046  -0.0000079063  -0.0000080878   0.0000156790   0.0001021748
       -0.0000213301  -0.0002867852  -0.0000120932   0.0000244179  -0.0005511651
       -0.0007641977  -0.0007008503  -0.0000994757  -0.0000079776   0.0004774231
        0.0004391207   0.0032512647   0.0048327235  -0.0093658204   0.0040276118
        0.0027369055   0.0865712306  -0.0716711512  -0.0176841854   0.0211126488
       -0.0087005051  -0.0037686333   0.0039258552   0.0002939409   0.0055776951
       -0.0000390608   0.0000146435  -0.0000048323  -0.0000413182  -0.0000643799
        0.0000159442   0.0000320502  -0.0000093121  -0.0000107606  -0.0000095399
       -0.0000405458   0.0000149294   0.0000026037  -0.0000412692   0.0000065445
       -0.0000450754  -0.0000227247  -0.0000381174  -0.0000383368   0.0000341186
       -0.0000283424   0.0001068188   0.0000072757  -0.0000799926   0.0000885522
       -0.0000719976   0.0000435240  -0.0005305208   0.0000804479   0.0001856258
       -0.0014850028  -0.0006326872  -0.0010375072  -0.1004244640   0.0754801667
        0.0112892444  -0.0004046906  -0.0007460653  -0.0015876392   0.0010196920
       -0.0004988316  -0.0002346988
        0.0000270117  -0.0000058806   0.0000073665  -0.0001675456   0.0000970946
        0.0001932662  -0.0000536829  -0.0000151750  -0.0001732189  -0.0006151570
       -0.0006646292  -0.0006096679   0.0000461680   0.0004690082  -0.0001483108
        0.0043814329   0.0048922033  -0.0004110841   0.0216778976  -0.0069272595
       -0.0062147111   0.0576351906  -0.0176756268  -0.0539756210  -0.0136057095
        0.0059032037   0.0035156129   0.0001583158   0.0055132795   0.0017957400
        0.0000400319  -0.0000239988   0.0000056991  -0.0000215811   0.0000145887
       -0.0000724074  -0.0000232788  -0.0000076053   0.0000160138   0.0000377225
       -0.0000546179  -0.0000857189  -0.0000074546  -0.0000313849  -0.0000557173
       -0.0001040447   0.0000176325  -0.0000225199   0.0000155300   0.0000138688
        0.0000773745  -0.0000002331   0.0000170333  -0.0000048640   0.0001758919
       -0.0001505422  -0.0000063020   0.0010745511  -0.0003386814  -0.0003786533
       -0.0002673161  -0.0016205281  -0.0005129345  -0.0682328878   0.0112892444
        0.0574550949  -0.0014494430  -0.0010009362  -0.0004293150  -0.0007214098
        0.0002897089   0.0000348781
       -0.0000761263  -0.0000511043  -0.0000813298  -0.0000218586   0.0000241152
        0.0001060093   0.0000886725   0.0000013008  -0.0000208200  -0.0007599857
       -0.0004755085   0.0011019487  -0.0031291701   0.0042052370   0.0028749544
       -0.0000856617   0.0004515348  -0.0004695206   0.0012312231   0.0038918880
        0.0002807689   0.0057307626   0.0043049288  -0.0077605318  -0.1098979563
       -0.0502162634   0.1057694443  -0.0157709536  -0.0096704283   0.0216322670
        0.0000105298   0.0000034818   0.0000353881   0.0000075396   0.0000400723
       -0.0000148215  -0.0000218557   0.0000096433   0.0000125346   0.0000164030
        0.0000650552   0.0000189884   0.0000304950   0.0000529917  -0.0000478429
       -0.0000449263  -0.0000091640  -0.0000064836   0.0000211848  -0.0000312148
        0.0000745408  -0.0003811542   0.0000588856   0.0000965316   0.0001074870
       -0.0001130364  -0.0000414369  -0.0003025969  -0.0004753716  -0.0005218688
        0.0001708659   0.0002442436  -0.0005142149   0.0002817726  -0.0004046906
       -0.0014494430   0.1226284037   0.0495201311  -0.1206995799   0.0001669058
       -0.0014267272  -0.0003754821
       -0.0000046749  -0.0000163745  -0.0000186802   0.0000641365  -0.0000216828
       -0.0000292170  -0.0000522584   0.0000432409   0.0000797695   0.0003062962
        0.0000063723  -0.0003230579   0.0041288874   0.0035926061   0.0023089003
        0.0004243971  -0.0000008263  -0.0002324783   0.0040170533   0.0002742626
        0.0057149521  -0.0102559687  -0.0096621444   0.0185669540  -0.0502204308
       -0.0799541895   0.0835373071   0.0049558688   0.0038851379  -0.0068574113
       -0.0000326705   0.0000678137   0.0000276841  -0.0000176292  -0.0000536435
        0.0000315410   0.0000324824  -0.0000011070  -0.0000462377   0.0000035266
        0.0000168968   0.0000318428   0.0000094968  -0.0000156621   0.0000025253
        0.0000041638  -0.0000506686   0.0000143359  -0.0000218541   0.0000450284
       -0.0000311588   0.0001112379  -0.0000693328  -0.0001160997  -0.0000415801
        0.0000565116  -0.0000075315  -0.0004736209  -0.0008491115  -0.0008417018
       -0.0006079345  -0.0005833146   0.0007936796  -0.0013487058  -0.0007460653
       -0.0010009362   0.0495201311   0.0847149406  -0.0998088019  -0.0005003504
       -0.0006786883  -0.0017961795
        0.0000489702   0.0000305874   0.0000247805  -0.0001682374  -0.0001152309
        0.0000542548   0.0000987701   0.0000922801  -0.0000866110   0.0000176765
        0.0001783243  -0.0003479859   0.0032916750   0.0022065673   0.0037217222
       -0.0004614040  -0.0001576802   0.0005253475   0.0001203109   0.0057617373
        0.0015472335   0.0081367339   0.0087660844  -0.0139593162   0.1055468419
        0.0835162120  -0.1967553964   0.0059635112   0.0029599829  -0.0066252707
        0.0000213671   0.0000330897  -0.0000034307  -0.0000367592  -0.0000068506
       -0.0000333965  -0.0000225011  -0.0000180958  -0.0000460471   0.0000157406
       -0.0000174422  -0.0000665113  -0.0000048320  -0.0000091189  -0.0000193067
       -0.0000321816  -0.0000320814   0.0000407379   0.0000007586   0.0000201823
        0.0000422314   0.0000496555  -0.0000415794  -0.0000478651   0.0000034969
        0.0000498141  -0.0000109901  -0.0005297066  -0.0008552130  -0.0006150260
        0.0004152534   0.0002566005  -0.0007459687  -0.0004157885  -0.0015876392
       -0.0004293150  -0.1206995799  -0.0998088019   0.2141873605  -0.0013597715
       -0.0012217288  -0.0003512310
       -0.0000209206   0.0000667906  -0.0000184757  -0.0001009566  -0.0000445389
       -0.0000566570  -0.0001036042  -0.0000767582   0.0002426375   0.0000765584
       -0.0015758827  -0.0001909624   0.0054359696  -0.0094041725   0.0070313113
        0.0003992753   0.0006007663   0.0042798838  -0.0002728384  -0.0003314762
        0.0003855879  -0.0036472592   0.0040484020   0.0034505111  -0.0128664848
        0.0214950527  -0.0143701129  -0.0829563280   0.0807778258  -0.0542589348
        0.0000229357  -0.0000187783  -0.0000330825  -0.0000324274   0.0000420071
       -0.0000273777  -0.0000360135   0.0000167054  -0.0000014840  -0.0000003669
        0.0000700550   0.0000000294   0.0000081814   0.0000948988  -0.0000219060
       -0.0000534564   0.0000572606  -0.0000550575  -0.0002277027  -0.0002804519
       -0.0001409147   0.0000505619   0.0001080873  -0.0000930060   0.0001391775
        0.0000234063   0.0003451911   0.0001853299  -0.0005765296   0.0005157127
       -0.0003029590  -0.0005561760  -0.0004314565  -0.0006101000   0.0010196920
       -0.0007214098   0.0001669058  -0.0005003504  -0.0013597715   0.0947465218
       -0.0950558353   0.0555297441
       -0.0000363446   0.0000403930  -0.0000788319   0.0000163585  -0.0000436513
       -0.0000670634  -0.0003877991   0.0000510443   0.0002612862  -0.0002076944
       -0.0005233009  -0.0017817120   0.0051173921  -0.0106877728   0.0091261255
        0.0001790239   0.0031135034   0.0049756368  -0.0003586293   0.0003529794
       -0.0004036957   0.0044409442   0.0034780838   0.0021646184   0.0067074676
       -0.0091483142   0.0063552397   0.0813297108  -0.1845824739   0.1110071091
       -0.0000722898  -0.0000233530   0.0000056525  -0.0000231868  -0.0000355126
        0.0000342205   0.0000247816   0.0000075344  -0.0000247272   0.0000727688
        0.0000038410   0.0001011979   0.0000990002   0.0000892583  -0.0000378820
       -0.0000330967  -0.0000257747  -0.0001467515  -0.0005119508  -0.0001076501
       -0.0002737821   0.0003383892  -0.0000160492  -0.0002276428  -0.0000940155
        0.0002024138   0.0001928548   0.0002959847  -0.0005443283   0.0004247107
       -0.0005516657  -0.0007639325  -0.0008644094   0.0001374137  -0.0004988316
        0.0002897089  -0.0014267272  -0.0006786883  -0.0012217288  -0.0950558353
        0.2003405822  -0.1298101342
        0.0000363727  -0.0000704361   0.0000123093  -0.0000318000  -0.0001335320
        0.0000528957  -0.0003119732   0.0003352696   0.0000475116  -0.0017652501
       -0.0008356118  -0.0002358722  -0.0079006425   0.0194768618  -0.0146552776
        0.0046202115   0.0047961577  -0.0006085860   0.0003650757  -0.0004313863
        0.0000511278   0.0030967665   0.0023367889   0.0034902634   0.0017760075
       -0.0034532714   0.0032794623  -0.0547174745   0.1104461754  -0.1170972214
        0.0000112470   0.0001385264   0.0000295487   0.0000038861   0.0000288586
        0.0000078984  -0.0000334540  -0.0000181340  -0.0001175734  -0.0000578126
        0.0000296835  -0.0001433781  -0.0001015400  -0.0000611073  -0.0000012491
       -0.0000482704  -0.0001390886   0.0000024643   0.0001934374   0.0001090770
        0.0004562367  -0.0002270888  -0.0002113305   0.0001995829   0.0006487059
       -0.0005895135  -0.0004258291  -0.0004320253   0.0009610580  -0.0007528137
       -0.0004381932  -0.0008740329  -0.0006836490   0.0001595521  -0.0002346988
        0.0000348781  -0.0003754821  -0.0017961795  -0.0003512310   0.0555297441
       -0.1298101342   0.1274085013
