           1           2  0.92184310647632439     
           2           3   1.0066942992150396     
           3           4  0.98498985958052787     
           4           5   1.0087674377836768     
           5           6   1.4120761616529589     
           6           7   1.4429721352427649     
           5           8  0.11033481975943588     
           7           8   1.4393049127431330     
           6           9  0.11074729359036249     
           8           9   1.4385153250326748     
           5          10   1.4134588550494047     
           7          10  0.11159017347237733     
           9          10   1.4448806478481431     
           1          11  0.90964115086230013     
           1          12  0.90994137797083763     
           1          13  0.91230471025823101     
           2          14  0.96199074486200808     
           2          15  0.96586502254891071     
           3          16  0.97265897566165027     
           3          17  0.97160661080264421     
           4          18  0.97219991845043996     
           4          19  0.96429135451517678     
           6          20  0.96973605590940792     
           7          21  0.97045542925563755     
           8          22  0.97038540499908188     
           9          23  0.97032639461713799     
          10          24  0.96991622190448190     
