           1           2  0.93086576161286294     
           2           3   1.0050775584925973     
           3           4   1.0194507491320446     
           4           5   1.5375100719906958     
           5           6   1.3338486706018384     
           4           7  0.10651781403429368     
           6           7   1.4720282320831617     
           7           8   1.1869756937429028     
           8           9   1.4518151042439695     
           9          10   1.3425219598044924     
           8          11  0.10509217488299805     
          10          11   1.5666838559076499     
           8          12   1.1390481411543270     
          11          12   1.2219720303059640     
           4          13   1.1587791911514940     
           7          13   1.1196614183722076     
           1          14  0.91247016907904954     
           1          15  0.90973916137698474     
           1          16  0.89829083538381460     
           2          17  0.96656224797857282     
           2          18  0.96193996379828639     
           3          19  0.96204572929343146     
           3          20  0.94406639201357911     
           5          21  0.96346609663188509     
           6          22  0.96104116727303834     
           9          23  0.96324605645151928     
          10          24  0.96270530770221352     
          11          25  0.96876044856714449     
