           1           2  0.94464089093286707     
           2           3  0.99738606277361919     
           3           4   1.0010852118215063     
           4           5   1.5327030273346691     
           5           6   1.2760766826038192     
           6           7   1.2740377592157279     
           7           8   1.5629865373125484     
           8           9   1.3173065348246900     
           7          10  0.11859210542256898     
           9          10   1.5625031278970336     
           6          11   1.2593039070522143     
          10          11   1.2755110358127337     
           5          12  0.11336411281582688     
          11          12   1.2736431114627618     
           4          13   1.2922641765528657     
          12          13   1.5671500405912930     
           1          15  0.92051350912678687     
           1          16  0.91816465740261199     
           1          17  0.84503622567513959     
           2          18  0.97216918569937261     
           2          19  0.96652226574901856     
           3          20  0.97117684985632735     
           3          21  0.96098775441905226     
           5          22  0.96709487713024322     
           7          23  0.96926204149112793     
           8          24  0.97113592847711416     
           9          25  0.97107297209488885     
          10          26  0.96894857078291796     
          12          27  0.96834951224416699     
          13          28  0.96965635989823218     
