           1           2  0.92827267613290032     
           2           3  0.99483896735827559     
           3           4   1.0214937859673869     
           4           5   1.5288146468669805     
           5           6   1.3366740230361613     
           4           7  0.10195578871283040     
           6           7   1.4703742738006287     
           7           8   1.1881275576401644     
           8           9   1.4597993835954246     
           9          10   1.3421081881388108     
           8          11  0.10365560532061847     
          10          11   1.5656107168323219     
           8          12   1.1324643480296175     
          11          12   1.2261633684226858     
           4          13   1.1650838086364967     
           7          13   1.1316319497926872     
           1          14  0.90911134363828749     
           1          15  0.91287438010409605     
           1          16  0.90282856651303767     
           2          17  0.96444538222493026     
           2          18  0.96615657455879278     
           3          19  0.95189938891001113     
           3          20  0.96381651991495443     
           5          21  0.96493146120760920     
           6          22  0.96159446035565821     
           9          23  0.96285945716595012     
          10          24  0.96343900795441395     
          11          25  0.96811632805214776     
