           1           2  0.95046267274958884     
           2           3   1.0162489354699149     
           3           4  0.98917926305385728     
           4           5   1.0068776102110135     
           1           6  0.91511118452007900     
           1           7  0.91630360490977059     
           1           8  0.80025640424344480     
           4           8  0.10233726232427080     
           2           9  0.96267025200935230     
           2          10  0.96552928550606065     
           3          11  0.96938113379869151     
           3          12  0.96705608267019705     
           5          13  0.97218395012431913     
           5          14  0.98139065760772559     
           5          15  0.97995475253688535     
