           1           2  0.95138124267799551     
           2           3   1.0164659178044513     
           3           4  0.99667178163634351     
           4           5   1.0142566365679693     
           1           7  0.90699754286301570     
           1           8  0.92158265809619877     
           1           9  0.84299561658957134     
           2          10  0.96400418071778127     
           2          11  0.96940965263347101     
           3          12  0.95885312285862201     
           3          13  0.96696019980586123     
           5          14  0.98164890973714369     
           5          15  0.97723420852588694     
           5          16  0.97608150318003861     
