   -0.13128103
   -0.01649651
   -0.08612533
    0.00600480
   -0.06293890
   -0.05594426
    0.00664806
    0.02789797
   -0.06002285
    0.00693400
   -0.10977430
    0.00340171
    0.02872539
   -0.00549184
    0.11130091
   -0.23013823
   -0.00092771
    0.11411754
   -0.23521670
    0.02666730
    0.00249413
    0.00595902
   -0.10744843
   -0.05016596
   -0.01500847
   -0.02424324
    0.00492051
   -0.02394999
    0.03142591
   -0.94031534
    0.26043160
    0.32120494
    0.24683912
    0.07901576
    0.09529026
    0.07771195
    0.12164458
    0.03650633
    0.04832567
    0.05625053
    0.05791266
    0.05984128
    0.05726870
    0.07266668
    0.03860884
    0.05263669
    0.04470043
    0.05213583
