           1           2  0.94678728176055882     
           2           3  0.99211815673163117     
           3           4   1.0230999696574243     
           4           5   1.5712743713937731     
           5           6   1.2949200454359064     
           6           7   1.5163573881135692     
           7           8   1.1416975721841534     
           8           9   1.5101115762551305     
           9          10   1.2873489279859025     
          10          11   1.0335436885809384     
          10          12   1.4651697218542614     
          12          13   1.1323403531036611     
          13          14   1.4235637396187362     
          14          15   1.1174414170205460     
          15          16   2.7696273916123992     
          14          17   1.1670222586538135     
          17          18   1.1177794023841305     
          18          19   2.7690601353020021     
          17          20   1.4167477705578819     
          20          21   1.1619271338043933     
          21          22   1.4681730878685630     
          22          23   1.0329190051044332     
          22          24   1.2662537846565525     
          24          25   1.6122547963100551     
          21          26   1.1218484158810653     
          25          26   1.2058386373759753     
          13          27   1.1427415527628801     
          20          27   1.1418969925819149     
           8          28   1.1302744716969328     
          12          28   1.1139010394955022     
           4          29   1.1731437787419210     
           7          29   1.1385365180245930     
           1          31  0.91075087419354894     
           1          32  0.83947070440640126     
           1          33  0.92369776677080595     
           2          34  0.97146915927114941     
           2          35  0.96840573666779650     
           3          36  0.95693770596183803     
           3          37  0.95118810571291612     
           5          38  0.96500099294661257     
           6          39  0.96312096703409034     
           9          40  0.95933321834045004     
          11          41  0.97771811452610236     
          11          42  0.97575157264299806     
          11          43  0.95044263795237494     
          23          44  0.96158123959020303     
          23          45  0.96106275386558737     
          23          46  0.98054661632296247     
          24          47  0.96376663099444804     
          25          48  0.96745114374456409     
