$coord
          3.764852864993         -1.103516202491          0.048083752125     n 
          2.139378861064          1.056629716477         -0.756109196945     c 
         -0.276536258380          1.332513325686          0.812387339736     c 
         -2.145679913948         -0.738922701629          0.399981146393     c 
         -4.446898224425         -0.379032688971         -0.489888694953     c 
          5.400412582544         -1.200410259315         -1.007951323343     h 
          2.847156583410         -2.808456291376         -0.154473035368     h 
          4.290281627370         -0.932271552069          1.915471529899     h 
          1.646464771748          0.831774687181         -2.757927191732     h 
          3.262265064451          2.799894038342         -0.646596001688     h 
         -1.182641485199          3.150225381000          0.394186815775     h 
          0.211853965909          1.423533600631          2.824921961877     h 
         -1.565485408046         -2.634095945090          0.885589325210     h 
         -5.116168945922          1.473861538570         -0.977785551669     h 
         -5.750395434037         -1.917146266640         -0.742895501972     h 
$end
