           1           2  0.94387608877132811     
           2           3   1.0022277477116641     
           2           4  0.99357509689044998     
           4           5   1.4177175819723808     
           5           6   1.4418501140208204     
           4           7  0.10995623642295400     
           6           7   1.4415546385139772     
           5           8  0.11150133312745324     
           7           8   1.4371023016381368     
           4           9   1.4127855752854734     
           6           9  0.11207932308720803     
           8           9   1.4464122204487051     
           1          11  0.82865311296023736     
           1          12  0.89633590679923136     
           1          13  0.89257215824895753     
           2          14  0.95896873649038872     
           3          15  0.97882525290416100     
           3          16  0.97930816412070087     
           3          17  0.97953619982447171     
           5          18  0.96811353452805426     
           6          19  0.97128620544203303     
           7          20  0.97146398236565856     
           8          21  0.97050335283377231     
           9          22  0.96300720077222790     
