           1           2  0.90966634535684565     
           2           3   1.0042518666453935     
           3           4   1.3225069751412410     
           4           5   1.5278756972892298     
           3           6   1.4808535641197560     
           5           6  0.11878222148131680     
           6           7   1.3057185273079139     
           5           8   1.2975459342547084     
           7           8   1.2192929223766138     
           8           9   1.2953880706640326     
           9          10   1.5268812059662578     
          10          11   1.3493676616897710     
           7          12   1.2911214752435396     
           9          12  0.12548745627918911     
          11          12   1.5289759428812850     
           1          13  0.91040058399680235     
           1          14  0.90989933315760674     
           1          15  0.91298739143064778     
           2          16  0.96452191567619316     
           2          17  0.96401596484558749     
           4          18  0.96840080770118531     
           5          19  0.96669353092463683     
           6          20  0.96719608870939100     
           9          21  0.96758042326293547     
          10          22  0.96841534938131046     
          11          23  0.96862304946929478     
          12          24  0.96837701575331780     
