$hessian                                                                        
        0.5081610814   0.0314924236   0.0358468320  -0.1438354559   0.0399209098
        0.0335369883  -0.0313990906   0.0098083089   0.0115151774  -0.0050566628
       -0.0048464846  -0.0014472166   0.0011256506  -0.0018056109   0.0005809847
       -0.0004193520   0.0001380678  -0.0004804978  -0.0006717901   0.0008504978
        0.0000582973  -0.0035067126  -0.0039979359  -0.0008709244  -0.2077999348
       -0.1354737258  -0.0282716673  -0.0562827409   0.0559550581  -0.0302112305
       -0.0454547011  -0.0047159655  -0.0293894353  -0.0031648767   0.0020464361
        0.0042492524  -0.0122723175   0.0085138861   0.0040168103   0.0010906506
        0.0007265822   0.0003723766   0.0012541146   0.0006769980   0.0000233173
       -0.0019127313   0.0007993773   0.0006227848   0.0002050509  -0.0000777382
       -0.0003568660  -0.0000601819  -0.0000110849   0.0002050167
        0.0314924236   0.5770971476  -0.0204003236   0.0389608179  -0.0918755568
       -0.0170515338  -0.0132757129   0.0070535221   0.0056441903  -0.0028438496
       -0.0008876241  -0.0000879634  -0.0005704765  -0.0004628909   0.0003590561
        0.0008307932   0.0001154810   0.0000200564  -0.0000121983   0.0003923961
       -0.0000048860  -0.0034610683  -0.0020860227  -0.0006573418  -0.1342607365
       -0.1573333080  -0.0228528988   0.0551182083  -0.2638469744   0.1216560456
       -0.0045901971  -0.0523699908  -0.0520564728   0.0077049431  -0.0033031283
       -0.0048852686   0.0265966513  -0.0144857833  -0.0104520716  -0.0001177870
        0.0003308324   0.0007110293  -0.0006639874   0.0013547365  -0.0001982090
       -0.0006779609   0.0003701168   0.0002139413  -0.0001673863  -0.0000707691
        0.0001426649  -0.0000624766   0.0000078160  -0.0001000145
        0.0358468320  -0.0204003236   0.5882382223   0.0333134964  -0.0171235051
       -0.0885889957   0.0006691589   0.0007363243   0.0012453977   0.0000393830
        0.0003407799   0.0009033655   0.0001034825   0.0003761424  -0.0006721787
       -0.0006408670   0.0000397447   0.0003623195   0.0001025576  -0.0001227184
        0.0001870875  -0.0006242703  -0.0005997197   0.0008617589  -0.0276116269
       -0.0225429493  -0.0505663126  -0.0293010994   0.1217841461  -0.1103917385
       -0.0306358480  -0.0523999373  -0.3327819838   0.0288291830  -0.0148108750
       -0.0152938459  -0.0094627420   0.0047279520   0.0051788433  -0.0005088160
        0.0002859868   0.0010145561  -0.0001345941  -0.0002488137  -0.0000024694
        0.0002076493  -0.0000609350   0.0001882528  -0.0002080100   0.0000959390
        0.0002659229   0.0000161311  -0.0000772383  -0.0001482021
       -0.1438354559   0.0389608179   0.0333134964   0.4276581893   0.0025478494
        0.0255832469  -0.1319765712  -0.0701934478  -0.0201015566  -0.0251693170
       -0.0096487462   0.0010267148  -0.0003151376   0.0013149035  -0.0007871895
       -0.0016879956   0.0002852563  -0.0003312347   0.0009152603  -0.0008292155
        0.0001924599   0.0003384252  -0.0000259869  -0.0000856998  -0.0201874622
        0.0059420541   0.0070738416  -0.0070395908   0.0068765934   0.0004832158
        0.0014603392   0.0002181204   0.0044494931  -0.0445288507  -0.0052458018
       -0.0274612264  -0.0469747544   0.0359626405  -0.0213306345  -0.0074282133
       -0.0059494916  -0.0042512405   0.0009431724  -0.0012646802   0.0014504243
       -0.0031030301   0.0014325407   0.0012487585   0.0009351473  -0.0002364763
       -0.0005133282  -0.0000041550  -0.0001469299   0.0000404587
        0.0399209098  -0.0918755568  -0.0171235051   0.0025478494   0.5185711656
       -0.0087320881  -0.0649097771  -0.1256353972  -0.0127304254   0.0058163553
        0.0063914546   0.0015272308   0.0006099281   0.0012053410  -0.0000381299
        0.0001984179  -0.0006781062  -0.0000186193   0.0004409781  -0.0004948537
       -0.0002104677  -0.0008017435  -0.0003889014  -0.0001121737  -0.0101480843
        0.0075415075   0.0055200326   0.0209311661  -0.0115188523  -0.0080791033
        0.0049801390  -0.0026975381  -0.0048892575  -0.0058004436  -0.0546329234
       -0.0429515548   0.0331986433  -0.2172651251   0.0947023370  -0.0074269770
       -0.0055154880  -0.0039000374  -0.0223962101  -0.0234007598  -0.0022600749
        0.0023175635  -0.0001423006  -0.0006879289   0.0006487335   0.0004187238
        0.0002515325  -0.0001274482   0.0001176103  -0.0002677668
        0.0335369883  -0.0170515338  -0.0885889957   0.0255832469  -0.0087320881
        0.5260612353  -0.0176395043  -0.0117265010  -0.0709274602   0.0083082139
        0.0049724164   0.0001997849  -0.0001759364   0.0000565283  -0.0000924202
       -0.0009646580   0.0005099376   0.0003117840  -0.0000390782   0.0000774419
        0.0001979297  -0.0004547928  -0.0002643521   0.0003001624  -0.0004475200
        0.0021091260   0.0013598120  -0.0090181817   0.0023550468   0.0058635389
        0.0227298414  -0.0112846532  -0.0116900579  -0.0333309904  -0.0402295256
       -0.2612788715  -0.0174968440   0.0904407480  -0.0966781328  -0.0237010956
       -0.0206279300  -0.0073223998   0.0100991720   0.0095545124   0.0020279749
        0.0020792727  -0.0007790870  -0.0004629621   0.0010858475   0.0003416888
        0.0005888630  -0.0001539816   0.0002782244   0.0001302151
       -0.0313990906  -0.0132757129   0.0006691589  -0.1319765712  -0.0649097771
       -0.0176395043   0.4564200198  -0.0099917749   0.0124601758  -0.1541036187
        0.0415225780   0.0418010264  -0.0112690662   0.0087584740   0.0013281331
        0.0001291522  -0.0002077966  -0.0001220581  -0.0017532973   0.0039129152
       -0.0005798502  -0.0003543751   0.0000926705   0.0002279147  -0.0034059988
        0.0025616286   0.0020489715   0.0010561691  -0.0003510459   0.0004055376
        0.0010868847   0.0004207137  -0.0005296866  -0.0069593063  -0.0063375958
       -0.0045120952   0.0009960486  -0.0021950081   0.0015178179  -0.0455115206
       -0.0049267102  -0.0287412905  -0.0499243553   0.0374257298  -0.0201388832
       -0.0222295514   0.0070244287   0.0087693787  -0.0006603407   0.0010039595
        0.0027087340  -0.0001411823  -0.0005276765   0.0003265194
        0.0098083089   0.0070535221   0.0007363243  -0.0701934478  -0.1256353972
       -0.0117265010  -0.0099917749   0.5095590206  -0.0071065614   0.0429530645
       -0.0805147247  -0.0197190722   0.0212863840  -0.0137427898  -0.0051742671
        0.0005856515   0.0001493737  -0.0022506584   0.0055087802  -0.0079485058
        0.0021799820  -0.0000375506   0.0002591363   0.0003464483   0.0017671581
       -0.0007790441  -0.0009557828   0.0004824714   0.0013733275  -0.0005156608
        0.0002159756   0.0004367509   0.0005218100  -0.0068000234  -0.0049689458
       -0.0035288335  -0.0211558022  -0.0212875978  -0.0016720416  -0.0048583149
       -0.0517325170  -0.0378126821   0.0378784400  -0.2150808774   0.0863779699
       -0.0140075017   0.0061128959   0.0058054428   0.0065733124  -0.0034959727
       -0.0053084367  -0.0000151310   0.0002423453  -0.0001974798
        0.0115151774   0.0056441903   0.0012453977  -0.0201015566  -0.0127304254
       -0.0709274602   0.0124601758  -0.0071065614   0.5170018810   0.0424699963
       -0.0192144457  -0.0871543305  -0.0074298866  -0.0000302738   0.0050910885
       -0.0014308512   0.0008935509   0.0001857539  -0.0030913687   0.0057831427
        0.0003678854   0.0000801247   0.0001776884  -0.0001518288   0.0016175506
       -0.0011583271  -0.0004466940  -0.0006618369   0.0000326602   0.0002236323
        0.0007052712   0.0002702068   0.0010305758  -0.0223588864  -0.0191839962
       -0.0064985113   0.0099537751   0.0095630865   0.0023331549  -0.0283832159
       -0.0367831114  -0.2595854076  -0.0201295184   0.0867023476  -0.0893371422
       -0.0002394688   0.0003524826   0.0007911484   0.0246402615  -0.0124467526
       -0.0139299419   0.0003842572  -0.0007654623  -0.0002392014
       -0.0050566628  -0.0028438496   0.0000393830  -0.0251693170   0.0058163553
        0.0083082139  -0.1541036187   0.0429530645   0.0424699963   0.4829416639
        0.0071218390  -0.0079555470  -0.0756264731   0.0224141714  -0.0210735827
        0.0062544903  -0.0069359393   0.0087409645  -0.0151072607   0.0457776561
       -0.0042928159  -0.0002119076  -0.0000833369   0.0001188116  -0.0005538128
        0.0008192908   0.0005727679   0.0001742489  -0.0004405986   0.0001709874
       -0.0000589450  -0.0001456666  -0.0004301343   0.0008593801   0.0005415362
        0.0003535430   0.0007684776   0.0004194138   0.0000808375  -0.0004437963
        0.0010291238   0.0031827895  -0.0083549540   0.0059242547   0.0028222777
       -0.1639748279  -0.1193296171  -0.0085518465  -0.0439207401  -0.0044068556
       -0.0284147676   0.0015840552   0.0013691582   0.0038581219
       -0.0048464846  -0.0008876241   0.0003407799  -0.0096487462   0.0063914546
        0.0049724164   0.0415225780  -0.0805147247  -0.0192144457   0.0071218390
        0.4642494474   0.0177207990   0.0202096652  -0.1366517326   0.0375989121
       -0.0002358661  -0.0102732489   0.0201235422   0.0353125327  -0.0354557746
        0.0077850178  -0.0002146367   0.0003949055   0.0001609460  -0.0005953416
        0.0006461559   0.0002754980  -0.0001334709  -0.0000731057  -0.0000346334
       -0.0000814314   0.0000272852  -0.0001589823  -0.0005802206   0.0003269844
        0.0006930915   0.0000346578   0.0006754401   0.0002176625   0.0057324513
       -0.0024965451  -0.0042954719   0.0220131650  -0.0120401715  -0.0089357092
       -0.1140112216  -0.1470247403  -0.0090632159  -0.0031170437  -0.0498343019
       -0.0492950244   0.0015175744   0.0025402964   0.0011088174
       -0.0014472166  -0.0000879634   0.0009033655   0.0010267148   0.0015272308
        0.0001997849   0.0418010264  -0.0197190722  -0.0871543305  -0.0079555470
        0.0177207990   0.4942854780  -0.0221929792   0.0417702315  -0.0895273703
        0.0013179640   0.0303116674  -0.0238954496   0.0084453529  -0.0080191775
        0.0112327852  -0.0000768143   0.0000166199   0.0003774344  -0.0000614134
        0.0000477458   0.0003484236   0.0000950587   0.0000419250   0.0001688922
       -0.0000912602  -0.0000584973   0.0001099570  -0.0007615809   0.0003225379
        0.0009010592  -0.0002023627   0.0000868081  -0.0000282105   0.0262901544
       -0.0128907454  -0.0150388396  -0.0102159471   0.0053882461   0.0048327276
       -0.0109340757  -0.0101248954  -0.0369422518  -0.0289996896  -0.0481142512
       -0.2591123861   0.0039626156   0.0017807910  -0.0016610693
        0.0011256506  -0.0005704765   0.0001034825  -0.0003151376   0.0006099281
       -0.0001759364  -0.0112690662   0.0212863840  -0.0074298866  -0.0756264731
        0.0202096652  -0.0221929792   0.5426957968  -0.2717404629  -0.1795959777
       -0.0981377434   0.0006193212   0.0515191678  -0.3716414024   0.2442386217
        0.1598361603   0.0004199836   0.0001748547   0.0001353242  -0.0004029432
       -0.0000279238   0.0000388440  -0.0000818586   0.0000141305   0.0000420724
       -0.0003001388   0.0002913211   0.0003500579  -0.0003086913  -0.0002071491
       -0.0003103759  -0.0031693352  -0.0004744699  -0.0002923948   0.0006243136
        0.0003943611   0.0001587998  -0.0030107867   0.0017229710   0.0015891345
        0.0062392029  -0.0178173075   0.0084704795   0.0006732285   0.0055918631
       -0.0050523713   0.0124854005  -0.0043156318  -0.0071936011
       -0.0018056109  -0.0004628909   0.0003761424   0.0013149035   0.0012053410
        0.0000565283   0.0087584740  -0.0137427898  -0.0000302738   0.0224141714
       -0.1366517326   0.0417702315  -0.2717404629   0.5354472848   0.0045760403
        0.0028336702  -0.0916257124   0.0312800667   0.2543323313  -0.2678911534
       -0.1250994292  -0.0001575827  -0.0000359145   0.0000520863  -0.0000179205
        0.0002296219   0.0000460561   0.0004388700  -0.0001593094   0.0001003898
        0.0003797981   0.0003108155  -0.0001250541   0.0004030282   0.0001774603
       -0.0000450601  -0.0008543919   0.0007449690   0.0000341209   0.0003741164
        0.0002802141  -0.0002053126   0.0011467132   0.0003033391  -0.0003463439
        0.0004024640  -0.0226355492   0.0139172247  -0.0042229898   0.0029086086
        0.0012049429  -0.0139995817  -0.0084026022   0.0324376438
        0.0005809847   0.0003590561  -0.0006721787  -0.0007871895  -0.0000381299
       -0.0000924202   0.0013281331  -0.0051742671   0.0050910885  -0.0210735827
        0.0375989121  -0.0895273703  -0.1795959777   0.0045760403   0.4341000455
        0.0496295430   0.0324298062  -0.1637558407   0.1480114894  -0.1100496423
       -0.1449368830  -0.0000866716  -0.0000394769  -0.0000316227   0.0002393664
       -0.0000179172   0.0001817328  -0.0000877026   0.0002560708   0.0000190328
        0.0003085529  -0.0003723167  -0.0000234916  -0.0007421758   0.0003178184
       -0.0005234271   0.0023172432   0.0002126800   0.0012940690   0.0005963115
       -0.0019290244  -0.0000841486   0.0021693148  -0.0013357602  -0.0004981573
        0.0018660061  -0.0002333381   0.0013139160  -0.0078120035   0.0240016197
       -0.0195764530   0.0031383582   0.0194378691  -0.0222778914
       -0.0004193520   0.0008307932  -0.0006408670  -0.0016879956   0.0001984179
       -0.0009646580   0.0001291522   0.0005856515  -0.0014308512   0.0062544903
       -0.0002358661   0.0013179640  -0.0981377434   0.0028336702   0.0496295430
        0.2309949772  -0.1651849964  -0.0672876471  -0.0365386183   0.0129689675
        0.0676755815  -0.0003703445   0.0001791641  -0.0008035363   0.0004258268
        0.0001259918  -0.0003375103   0.0000822220   0.0000817702  -0.0002214974
        0.0000475686  -0.0002925161  -0.0004630483   0.0001395725   0.0003663832
       -0.0000739205  -0.0007724637   0.0008903971  -0.0005407791  -0.0004742843
       -0.0000712109  -0.0003021637   0.0001649423   0.0000023667  -0.0001130541
        0.0000673716   0.0011394107  -0.0006601811   0.0000950578   0.0008855560
       -0.0005362156  -0.1000003797   0.1446960496  -0.0442471587
        0.0001380678   0.0001154810   0.0000397447   0.0002852563  -0.0006781062
        0.0005099376  -0.0002077966   0.0001493737   0.0008935509  -0.0069359393
       -0.0102732489   0.0303116674   0.0006193212  -0.0916257124   0.0324298062
       -0.1651849964   0.3859097074  -0.1540802526   0.0144143862   0.0217236365
       -0.0179181685  -0.0000389424  -0.0001418474  -0.0007428270   0.0001328424
       -0.0002228508   0.0000156897  -0.0001935250   0.0000111000   0.0004521226
       -0.0001485022  -0.0007307569   0.0001857296  -0.0001731900   0.0003979612
        0.0000463084   0.0016385642  -0.0003700950  -0.0000979025  -0.0000878194
       -0.0011386600   0.0005645384  -0.0002510325   0.0003422378   0.0008918650
        0.0005850327  -0.0015488570   0.0017367109   0.0008947422  -0.0032328107
        0.0028092612   0.1545135309  -0.2986865521   0.1019522180
       -0.0004804978   0.0000200564   0.0003623195  -0.0003312347  -0.0000186193
        0.0003117840  -0.0001220581  -0.0022506584   0.0001857539   0.0087409645
        0.0201235422  -0.0238954496   0.0515191678   0.0312800667  -0.1637558407
       -0.0672876471  -0.1540802526   0.3067954020   0.0665278927  -0.0165766763
       -0.0495089888   0.0000018859   0.0001512772  -0.0007011891  -0.0000051554
       -0.0000226642  -0.0002329783  -0.0000219002  -0.0001443831   0.0001500101
       -0.0002963048  -0.0000708817   0.0000220084   0.0004758955   0.0003426357
       -0.0002212026  -0.0018694574  -0.0000095735  -0.0009290399  -0.0004715576
        0.0009086858   0.0008884190   0.0003730489   0.0000357175   0.0003683381
       -0.0006473522   0.0016313480  -0.0016152500  -0.0003422541   0.0027949287
       -0.0011252315  -0.0557634361   0.1158854508  -0.0670988645
       -0.0006717901  -0.0000121983   0.0001025576   0.0009152603   0.0004409781
       -0.0000390782  -0.0017532973   0.0055087802  -0.0030913687  -0.0151072607
        0.0353125327   0.0084453529  -0.3716414024   0.2543323313   0.1480114894
       -0.0365386183   0.0144143862   0.0665278927   0.4300007580  -0.3099901730
       -0.2204709147  -0.0001049852  -0.0002159552   0.0001528768   0.0002040879
       -0.0001416955   0.0001395360   0.0001579494  -0.0001269546   0.0000829269
        0.0002810008  -0.0001817561  -0.0000491772   0.0000478080   0.0000520624
       -0.0000113591   0.0006655601   0.0000103110   0.0004548739   0.0002824741
       -0.0004401363  -0.0002012581  -0.0019840829   0.0011504439   0.0003758015
       -0.0015558942   0.0021504665   0.0008682010  -0.0008631347  -0.0023759503
        0.0020930801  -0.0023344328   0.0001125269  -0.0033914329
        0.0008504978   0.0003923961  -0.0001227184  -0.0008292155  -0.0004948537
        0.0000774419   0.0039129152  -0.0079485058   0.0057831427   0.0457776561
       -0.0354557746  -0.0080191775   0.2442386217  -0.2678911534  -0.1100496423
        0.0129689675   0.0217236365  -0.0165766763  -0.3099901730   0.2913548049
        0.1348373312   0.0000871499   0.0000773814   0.0002117722  -0.0000305031
       -0.0000894214  -0.0000217851  -0.0002776840   0.0000413949  -0.0001992152
       -0.0002479436   0.0000892574   0.0001117326  -0.0001440942  -0.0004664860
        0.0000713793  -0.0002578309  -0.0003328758  -0.0003096739  -0.0005107552
        0.0005050929   0.0003237023   0.0026692327  -0.0015474806  -0.0011041723
        0.0009899382   0.0016556579  -0.0015680569   0.0013593016   0.0003695492
       -0.0015605944  -0.0005660811  -0.0019826198  -0.0018847900
        0.0000582973  -0.0000048860   0.0001870875   0.0001924599  -0.0002104677
        0.0001979297  -0.0005798502   0.0021799820   0.0003678854  -0.0042928159
        0.0077850178   0.0112327852   0.1598361603  -0.1250994292  -0.1449368830
        0.0676755815  -0.0179181685  -0.0495089888  -0.2204709147   0.1348373312
        0.1799065414   0.0000126900  -0.0000062427   0.0001962840  -0.0000359635
        0.0000480032  -0.0000330453  -0.0000044117  -0.0000551833  -0.0002263355
       -0.0001338360   0.0002949366  -0.0000028287   0.0002293463  -0.0003226511
        0.0001495521  -0.0006565597   0.0000486622  -0.0006917736  -0.0002226358
        0.0005267102   0.0000098351  -0.0000683716  -0.0002297759   0.0001034175
       -0.0003117886   0.0012555483  -0.0010787629   0.0012540788  -0.0003915717
        0.0015632414  -0.0024814666  -0.0027378153   0.0025640584
       -0.0035067126  -0.0034610683  -0.0006242703   0.0003384252  -0.0008017435
       -0.0004547928  -0.0003543751  -0.0000375506   0.0000801247  -0.0002119076
       -0.0002146367  -0.0000768143   0.0004199836  -0.0001575827  -0.0000866716
       -0.0003703445  -0.0000389424   0.0000018859  -0.0001049852   0.0000871499
        0.0000126900  -0.0003201292  -0.0013232350  -0.0001694383   0.0030411426
        0.0047438944   0.0008503355  -0.0002177947   0.0005733278  -0.0000507464
       -0.0000181265   0.0004128490   0.0006173403   0.0003742097   0.0002213213
       -0.0002547125   0.0006009088   0.0000278660   0.0001453333   0.0000980567
        0.0000031714  -0.0000173208   0.0001202709   0.0000007494   0.0000508222
       -0.0000088421  -0.0000784668  -0.0000095560   0.0001027134   0.0000538899
       -0.0000227444   0.0000175067  -0.0000109931   0.0000085354
       -0.0039979359  -0.0020860227  -0.0005997197  -0.0000259869  -0.0003889014
       -0.0002643521   0.0000926705   0.0002591363   0.0001776884  -0.0000833369
        0.0003949055   0.0000166199   0.0001748547  -0.0000359145  -0.0000394769
        0.0001791641  -0.0001418474   0.0001512772  -0.0002159552   0.0000773814
       -0.0000062427  -0.0013232350   0.0000802303  -0.0001629629   0.0047467731
        0.0012815352   0.0007125023   0.0001432085   0.0006800312  -0.0003287925
        0.0001946033   0.0000375393   0.0005444326   0.0002718736  -0.0001053834
        0.0000363072   0.0001412923  -0.0000082119  -0.0000920888  -0.0000251882
       -0.0000257185  -0.0000506909  -0.0000253363  -0.0000666804  -0.0000938562
       -0.0001011171   0.0000300772  -0.0000326786  -0.0000278225  -0.0000880155
       -0.0000071631  -0.0001185262   0.0001058592   0.0000391967
       -0.0008709244  -0.0006573418   0.0008617589  -0.0000856998  -0.0001121737
        0.0003001624   0.0002279147   0.0003464483  -0.0001518288   0.0001188116
        0.0001609460   0.0003774344   0.0001353242   0.0000520863  -0.0000316227
       -0.0008035363  -0.0007428270  -0.0007011891   0.0001528768   0.0002117722
        0.0001962840  -0.0001694383  -0.0001629629   0.0011399666   0.0008187146
        0.0007366883  -0.0023485320  -0.0000778386  -0.0001352700  -0.0001653562
        0.0003751619   0.0002702492   0.0002990365  -0.0001365872  -0.0000800528
        0.0000521810   0.0001394039   0.0000597105  -0.0001537905   0.0000420510
       -0.0000430991   0.0000728022  -0.0001113612  -0.0000922886  -0.0000020719
        0.0000746285   0.0000650428   0.0000957433   0.0000232557   0.0000531480
        0.0000383039   0.0001472430   0.0000699242   0.0001207180
       -0.2077999348  -0.1342607365  -0.0276116269  -0.0201874622  -0.0101480843
       -0.0004475200  -0.0034059988   0.0017671581   0.0016175506  -0.0005538128
       -0.0005953416  -0.0000614134  -0.0004029432  -0.0000179205   0.0002393664
        0.0004258268   0.0001328424  -0.0000051554   0.0002040879  -0.0000305031
       -0.0000359635   0.0030411426   0.0047467731   0.0008187146   0.2254442321
        0.1444068489   0.0294289076   0.0057481410  -0.0014322107   0.0016720591
       -0.0021815789  -0.0050411225  -0.0057655695   0.0002392674  -0.0002254558
        0.0000129077  -0.0003046429  -0.0001550684  -0.0001578031   0.0000333441
        0.0002246039   0.0003867611  -0.0000746028   0.0004851460  -0.0001208959
       -0.0001620480   0.0002452674   0.0001129145  -0.0000677072  -0.0000568378
       -0.0000769266   0.0000046896  -0.0000453587  -0.0000063073
       -0.1354737258  -0.1573333080  -0.0225429493   0.0059420541   0.0075415075
        0.0021091260   0.0025616286  -0.0007790441  -0.0011583271   0.0008192908
        0.0006461559   0.0000477458  -0.0000279238   0.0002296219  -0.0000179172
        0.0001259918  -0.0002228508  -0.0000226642  -0.0001416955  -0.0000894214
        0.0000480032   0.0047438944   0.0012815352   0.0007366883   0.1444068489
        0.1716086745   0.0261014629  -0.0185974223  -0.0205142563  -0.0003348913
       -0.0058129665  -0.0031556027  -0.0049060743   0.0004299451   0.0004187044
       -0.0002904285   0.0011153100   0.0003045845   0.0000906253  -0.0000635677
        0.0000733451   0.0002189057  -0.0001049014   0.0001718936  -0.0000526711
        0.0001992664  -0.0000480119  -0.0000581628  -0.0001198122  -0.0000241346
       -0.0000219420  -0.0000022149  -0.0001093928   0.0000534705
       -0.0282716673  -0.0228528988  -0.0505663126   0.0070738416   0.0055200326
        0.0013598120   0.0020489715  -0.0009557828  -0.0004466940   0.0005727679
        0.0002754980   0.0003484236   0.0000388440   0.0000460561   0.0001817328
       -0.0003375103   0.0000156897  -0.0002329783   0.0001395360  -0.0000217851
       -0.0000330453   0.0008503355   0.0007125023  -0.0023485320   0.0294289076
        0.0261014629   0.0547033397   0.0094643972   0.0097323195   0.0034065488
       -0.0218418165  -0.0188047508  -0.0063847196   0.0009756926   0.0002214849
       -0.0001063732  -0.0002179432   0.0000078198   0.0004296822  -0.0000124242
        0.0000490470  -0.0000940143  -0.0001277647  -0.0000151871  -0.0001734845
        0.0001603921  -0.0000762501  -0.0000998091  -0.0000105345  -0.0000675481
       -0.0000377156   0.0000659744   0.0001122900   0.0000941393
       -0.0562827409   0.0551182083  -0.0293010994  -0.0070395908   0.0209311661
       -0.0090181817   0.0010561691   0.0004824714  -0.0006618369   0.0001742489
       -0.0001334709   0.0000950587  -0.0000818586   0.0004388700  -0.0000877026
        0.0000822220  -0.0001935250  -0.0000219002   0.0001579494  -0.0002776840
       -0.0000044117  -0.0002177947   0.0001432085  -0.0000778386   0.0057481410
       -0.0185974223   0.0094643972   0.0586693228  -0.0621789904   0.0310294608
        0.0017620916   0.0028751916  -0.0038692943   0.0007120649  -0.0002256840
       -0.0002242306  -0.0038465539   0.0023271889   0.0021171008  -0.0003545660
        0.0000150032  -0.0001411879  -0.0005232988  -0.0007776849   0.0006922839
       -0.0000416752   0.0000382018   0.0000190889  -0.0000025435   0.0000343142
       -0.0000310531   0.0000284127  -0.0000193624   0.0000213468
        0.0559550581  -0.2638469744   0.1217841461   0.0068765934  -0.0115188523
        0.0023550468  -0.0003510459   0.0013733275   0.0000326602  -0.0004405986
       -0.0000731057   0.0000419250   0.0000141305  -0.0001593094   0.0002560708
        0.0000817702   0.0000111000  -0.0001443831  -0.0001269546   0.0000413949
       -0.0000551833   0.0005733278   0.0006800312  -0.0001352700  -0.0014322107
       -0.0205142563   0.0097323195  -0.0621789904   0.2887986951  -0.1351568254
       -0.0006677445   0.0046542048   0.0024196768  -0.0003366077   0.0006122354
        0.0001887841   0.0022254634  -0.0001701966  -0.0013812167  -0.0000920429
       -0.0000924359  -0.0001102413   0.0001333308   0.0002152475   0.0001212047
       -0.0001901206   0.0000173786   0.0000351167   0.0000397570   0.0000079624
        0.0000156212  -0.0000831153  -0.0000364467   0.0000005479
       -0.0302112305   0.1216560456  -0.1103917385   0.0004832158  -0.0080791033
        0.0058635389   0.0004055376  -0.0005156608   0.0002236323   0.0001709874
       -0.0000346334   0.0001688922   0.0000420724   0.0001003898   0.0000190328
       -0.0002214974   0.0004521226   0.0001500101   0.0000829269  -0.0001992152
       -0.0002263355  -0.0000507464  -0.0003287925  -0.0001653562   0.0016720591
       -0.0003348913   0.0034065488   0.0310294608  -0.1351568254   0.1184314822
       -0.0066607205   0.0249049587  -0.0176632548   0.0007492601  -0.0012505825
        0.0004646451   0.0024014856  -0.0013686636   0.0001254752  -0.0002265978
        0.0002371270  -0.0004524638   0.0001153527   0.0001078062   0.0003445237
        0.0000409991  -0.0000509763  -0.0000513475   0.0000479750  -0.0001085750
       -0.0001171791   0.0001294602  -0.0000305306  -0.0001301060
       -0.0454547011  -0.0045901971  -0.0306358480   0.0014603392   0.0049801390
        0.0227298414   0.0010868847   0.0002159756   0.0007052712  -0.0000589450
       -0.0000814314  -0.0000912602  -0.0003001388   0.0003797981   0.0003085529
        0.0000475686  -0.0001485022  -0.0002963048   0.0002810008  -0.0002479436
       -0.0001338360  -0.0000181265   0.0001946033   0.0003751619  -0.0021815789
       -0.0058129665  -0.0218418165   0.0017620916  -0.0006677445  -0.0066607205
        0.0479454528   0.0037009839   0.0332138681  -0.0039497307   0.0022907116
        0.0023597842   0.0004503020   0.0000542597   0.0004665709  -0.0008644538
       -0.0000972745  -0.0004733791  -0.0003229244  -0.0000963075   0.0000965755
       -0.0000353414   0.0000236609   0.0000081757   0.0000449459  -0.0000780028
       -0.0001474924   0.0001073550  -0.0000197620   0.0000168556
       -0.0047159655  -0.0523699908  -0.0523999373   0.0002181204  -0.0026975381
       -0.0112846532   0.0004207137   0.0004367509   0.0002702068  -0.0001456666
        0.0000272852  -0.0000584973   0.0002913211   0.0003108155  -0.0003723167
       -0.0002925161  -0.0007307569  -0.0000708817  -0.0001817561   0.0000892574
        0.0002949366   0.0004128490   0.0000375393   0.0002702492  -0.0050411225
       -0.0031556027  -0.0188047508   0.0028751916   0.0046542048   0.0249049587
        0.0037009839   0.0536746621   0.0588004762   0.0024834665  -0.0004653986
       -0.0011734872   0.0002315259   0.0000194852  -0.0008865757  -0.0000585109
        0.0004160056  -0.0001580732  -0.0001145061  -0.0003463836   0.0004206529
       -0.0001042376   0.0000258480   0.0000555524  -0.0000444452  -0.0000035794
        0.0000480439   0.0000645544   0.0000773965   0.0001440964
       -0.0293894353  -0.0520564728  -0.3327819838   0.0044494931  -0.0048892575
       -0.0116900579  -0.0005296866   0.0005218100   0.0010305758  -0.0004301343
       -0.0001589823   0.0001099570   0.0003500579  -0.0001250541  -0.0000234916
       -0.0004630483   0.0001857296   0.0000220084  -0.0000491772   0.0001117326
       -0.0000028287   0.0006173403   0.0005444326   0.0002990365  -0.0057655695
       -0.0049060743  -0.0063847196  -0.0038692943   0.0024196768  -0.0176632548
        0.0332138681   0.0588004762   0.3660266378   0.0019528162  -0.0011958921
        0.0004758258  -0.0004823101   0.0005048024   0.0009237886   0.0004643474
        0.0001678824   0.0001633718   0.0001008329   0.0000325821  -0.0004890525
       -0.0001066876  -0.0000335968  -0.0000105984  -0.0000835073  -0.0000430121
       -0.0000145380   0.0000200947   0.0001192173   0.0000093236
       -0.0031648767   0.0077049431   0.0288291830  -0.0445288507  -0.0058004436
       -0.0333309904  -0.0069593063  -0.0068000234  -0.0223588864   0.0008593801
       -0.0005802206  -0.0007615809  -0.0003086913   0.0004030282  -0.0007421758
        0.0001395725  -0.0001731900   0.0004758955   0.0000478080  -0.0001440942
        0.0002293463   0.0003742097   0.0002718736  -0.0001365872   0.0002392674
        0.0004299451   0.0009756926   0.0007120649  -0.0003366077   0.0007492601
       -0.0039497307   0.0024834665   0.0019528162   0.0587255629   0.0055648342
        0.0306098253   0.0015042441  -0.0001103777  -0.0061901108  -0.0037183196
       -0.0035788324  -0.0008492366   0.0007538846   0.0006125492  -0.0000774830
        0.0001478909   0.0000588528   0.0000679392  -0.0007414879   0.0000011413
        0.0006186297  -0.0001326221  -0.0000068444  -0.0000615367
        0.0020464361  -0.0033031283  -0.0148108750  -0.0052458018  -0.0546329234
       -0.0402295256  -0.0063375958  -0.0049689458  -0.0191839962   0.0005415362
        0.0003269844   0.0003225379  -0.0002071491   0.0001774603   0.0003178184
        0.0003663832   0.0003979612   0.0003426357   0.0000520624  -0.0004664860
       -0.0003226511   0.0002213213  -0.0001053834  -0.0000800528  -0.0002254558
        0.0004187044   0.0002214849  -0.0002256840   0.0006122354  -0.0012505825
        0.0022907116  -0.0004653986  -0.0011958921   0.0055648342   0.0609463790
        0.0513666380   0.0041529891   0.0028647563   0.0266584827  -0.0032326419
       -0.0021565622  -0.0013254192   0.0002109096   0.0003747959  -0.0007134308
        0.0001310929  -0.0001237225  -0.0000656954  -0.0001321032   0.0002459874
        0.0000126299   0.0000281550  -0.0001427141  -0.0000641065
        0.0042492524  -0.0048852686  -0.0152938459  -0.0274612264  -0.0429515548
       -0.2612788715  -0.0045120952  -0.0035288335  -0.0064985113   0.0003535430
        0.0006930915   0.0009010592  -0.0003103759  -0.0000450601  -0.0005234271
       -0.0000739205   0.0000463084  -0.0002212026  -0.0000113591   0.0000713793
        0.0001495521  -0.0002547125   0.0000363072   0.0000521810   0.0000129077
       -0.0002904285  -0.0001063732  -0.0002242306   0.0001887841   0.0004646451
        0.0023597842  -0.0011734872   0.0004758258   0.0306098253   0.0513666380
        0.3012870358  -0.0042664585   0.0014188213  -0.0206638489  -0.0008378956
       -0.0012516992   0.0005143275   0.0003975986   0.0003186363   0.0005561619
        0.0002202331   0.0000999711   0.0000530589  -0.0002738085   0.0000292576
        0.0002441206   0.0000229386  -0.0001428629  -0.0001118874
       -0.0122723175   0.0265966513  -0.0094627420  -0.0469747544   0.0331986433
       -0.0174968440   0.0009960486  -0.0211558022   0.0099537751   0.0007684776
        0.0000346578  -0.0002023627  -0.0031693352  -0.0008543919   0.0023172432
       -0.0007724637   0.0016385642  -0.0018694574   0.0006655601  -0.0002578309
       -0.0006565597   0.0006009088   0.0001412923   0.0001394039  -0.0003046429
        0.0011153100  -0.0002179432  -0.0038465539   0.0022254634   0.0024014856
        0.0004503020   0.0002315259  -0.0004823101   0.0015042441   0.0041529891
       -0.0042664585   0.0653195016  -0.0434571416   0.0206431899   0.0008128414
        0.0002112777   0.0003943943  -0.0035334230  -0.0037437869  -0.0005333946
        0.0001276571   0.0000910949  -0.0000373973  -0.0000462894  -0.0001554618
        0.0000214734  -0.0003257613  -0.0000130546  -0.0006454959
        0.0085138861  -0.0144857833   0.0047279520   0.0359626405  -0.2172651251
        0.0904407480  -0.0021950081  -0.0212875978   0.0095630865   0.0004194138
        0.0006754401   0.0000868081  -0.0004744699   0.0007449690   0.0002126800
        0.0008903971  -0.0003700950  -0.0000095735   0.0000103110  -0.0003328758
        0.0000486622   0.0000278660  -0.0000082119   0.0000597105  -0.0001550684
        0.0003045845   0.0000078198   0.0023271889  -0.0001701966  -0.0013686636
        0.0000542597   0.0000194852   0.0005048024  -0.0001103777   0.0028647563
        0.0014188213  -0.0434571416   0.2519594610  -0.1057688519   0.0006318079
        0.0004465150   0.0002244645  -0.0033258146  -0.0027432869  -0.0005724925
        0.0002506832   0.0000105238  -0.0000264351  -0.0000493570  -0.0002214958
        0.0001263781   0.0006787832  -0.0001410668   0.0003240830
        0.0040168103  -0.0104520716   0.0051788433  -0.0213306345   0.0947023370
       -0.0966781328   0.0015178179  -0.0016720416   0.0023331549   0.0000808375
        0.0002176625  -0.0000282105  -0.0002923948   0.0000341209   0.0012940690
       -0.0005407791  -0.0000979025  -0.0009290399   0.0004548739  -0.0003096739
       -0.0006917736   0.0001453333  -0.0000920888  -0.0001537905  -0.0001578031
        0.0000906253   0.0004296822   0.0021171008  -0.0013812167   0.0001254752
        0.0004665709  -0.0008865757   0.0009237886  -0.0061901108   0.0266584827
       -0.0206638489   0.0206431899  -0.1057688519   0.1075983982  -0.0000654655
       -0.0008210842   0.0005889305  -0.0003270702  -0.0007495656   0.0010890903
       -0.0001184060  -0.0000330100  -0.0000402196  -0.0001058249   0.0003138505
       -0.0003121903  -0.0003140457   0.0002470037  -0.0000642262
        0.0010906506  -0.0001177870  -0.0005088160  -0.0074282133  -0.0074269770
       -0.0237010956  -0.0455115206  -0.0048583149  -0.0283832159  -0.0004437963
        0.0057324513   0.0262901544   0.0006243136   0.0003741164   0.0005963115
       -0.0004742843  -0.0000878194  -0.0004715576   0.0002824741  -0.0005107552
       -0.0002226358   0.0000980567  -0.0000251882   0.0000420510   0.0000333441
       -0.0000635677  -0.0000124242  -0.0003545660  -0.0000920429  -0.0002265978
       -0.0008644538  -0.0000585109   0.0004643474  -0.0037183196  -0.0032326419
       -0.0008378956   0.0008128414   0.0006318079  -0.0000654655   0.0586166304
        0.0064622811   0.0317263379   0.0008287610   0.0003783963  -0.0076451319
        0.0003577307   0.0001009854   0.0003933071  -0.0040552997   0.0026302020
        0.0024985469   0.0001056509   0.0001633647   0.0000637797
        0.0007265822   0.0003308324   0.0002859868  -0.0059494916  -0.0055154880
       -0.0206279300  -0.0049267102  -0.0517325170  -0.0367831114   0.0010291238
       -0.0024965451  -0.0128907454   0.0003943611   0.0002802141  -0.0019290244
       -0.0000712109  -0.0011386600   0.0009086858  -0.0004401363   0.0005050929
        0.0005267102   0.0000031714  -0.0000257185  -0.0000430991   0.0002246039
        0.0000733451   0.0000490470   0.0000150032  -0.0000924359   0.0002371270
       -0.0000972745   0.0004160056   0.0001678824  -0.0035788324  -0.0021565622
       -0.0012516992   0.0002112777   0.0004465150  -0.0008210842   0.0064622811
        0.0592750004   0.0449210147   0.0041152078   0.0019209990   0.0281944180
       -0.0002844523   0.0003258309   0.0003920219   0.0021627541  -0.0005647777
       -0.0014123063   0.0000037419   0.0001488691   0.0000761062
        0.0003723766   0.0007110293   0.0010145561  -0.0042512405  -0.0039000374
       -0.0073223998  -0.0287412905  -0.0378126821  -0.2595854076   0.0031827895
       -0.0042954719  -0.0150388396   0.0001587998  -0.0002053126  -0.0000841486
       -0.0003021637   0.0005645384   0.0008884190  -0.0002012581   0.0003237023
        0.0000098351  -0.0000173208  -0.0000506909   0.0000728022   0.0003867611
        0.0002189057  -0.0000940143  -0.0001411879  -0.0001102413  -0.0004524638
       -0.0004733791  -0.0001580732   0.0001633718  -0.0008492366  -0.0013254192
        0.0005143275   0.0003943943   0.0002244645   0.0005889305   0.0317263379
        0.0449210147   0.3010518876  -0.0034792646   0.0017423341  -0.0210123172
       -0.0000546208   0.0001086380  -0.0000048351   0.0026671496  -0.0012927199
       -0.0006483131  -0.0003776463   0.0003360216  -0.0000613908
        0.0012541146  -0.0006639874  -0.0001345941   0.0009431724  -0.0223962101
        0.0100991720  -0.0499243553   0.0378784400  -0.0201295184  -0.0083549540
        0.0220131650  -0.0102159471  -0.0030107867   0.0011467132   0.0021693148
        0.0001649423  -0.0002510325   0.0003730489  -0.0019840829   0.0026692327
       -0.0000683716   0.0001202709  -0.0000253363  -0.0001113612  -0.0000746028
       -0.0001049014  -0.0001277647  -0.0005232988   0.0001333308   0.0001153527
       -0.0003229244  -0.0001145061   0.0001008329   0.0007538846   0.0002109096
        0.0003975986  -0.0035334230  -0.0033258146  -0.0003270702   0.0008287610
        0.0041152078  -0.0034792646   0.0630694009  -0.0418811838   0.0218167151
        0.0000996046   0.0006800527  -0.0003980083   0.0005471687  -0.0000475935
       -0.0002351233  -0.0000528921  -0.0000364861   0.0001549885
        0.0006769980   0.0013547365  -0.0002488137  -0.0012646802  -0.0234007598
        0.0095545124   0.0374257298  -0.2150808774   0.0867023476   0.0059242547
       -0.0120401715   0.0053882461   0.0017229710   0.0003033391  -0.0013357602
        0.0000023667   0.0003422378   0.0000357175   0.0011504439  -0.0015474806
       -0.0002297759   0.0000007494  -0.0000666804  -0.0000922886   0.0004851460
        0.0001718936  -0.0000151871  -0.0007776849   0.0002152475   0.0001078062
       -0.0000963075  -0.0003463836   0.0000325821   0.0006125492   0.0003747959
        0.0003186363  -0.0037437869  -0.0027432869  -0.0007495656   0.0003783963
        0.0019209990   0.0017423341  -0.0418811838   0.2497192472  -0.1011633847
       -0.0003201775   0.0007307390   0.0002174396  -0.0002206921  -0.0000126613
        0.0000639492  -0.0000750920   0.0001050661  -0.0003287953
        0.0000233173  -0.0001982090  -0.0000024694   0.0014504243  -0.0022600749
        0.0020279749  -0.0201388832   0.0863779699  -0.0893371422   0.0028222777
       -0.0089357092   0.0048327276   0.0015891345  -0.0003463439  -0.0004981573
       -0.0001130541   0.0008918650   0.0003683381   0.0003758015  -0.0011041723
        0.0001034175   0.0000508222  -0.0000938562  -0.0000020719  -0.0001208959
       -0.0000526711  -0.0001734845   0.0006922839   0.0001212047   0.0003445237
        0.0000965755   0.0004206529  -0.0004890525  -0.0000774830  -0.0007134308
        0.0005561619  -0.0005333946  -0.0005724925   0.0010890903  -0.0076451319
        0.0281944180  -0.0210123172   0.0218167151  -0.1011633847   0.1014607208
       -0.0003348395  -0.0000296166   0.0002947029   0.0001799060  -0.0004885383
        0.0003505240  -0.0001335758  -0.0000476109   0.0000865132
       -0.0019127313  -0.0006779609   0.0002076493  -0.0031030301   0.0023175635
        0.0020792727  -0.0222295514  -0.0140075017  -0.0002394688  -0.1639748279
       -0.1140112216  -0.0109340757   0.0062392029   0.0004024640   0.0018660061
        0.0000673716   0.0005850327  -0.0006473522  -0.0015558942   0.0009899382
       -0.0003117886  -0.0000088421  -0.0001011171   0.0000746285  -0.0001620480
        0.0001992664   0.0001603921  -0.0000416752  -0.0001901206   0.0000409991
       -0.0000353414  -0.0001042376  -0.0001066876   0.0001478909   0.0001310929
        0.0002202331   0.0001276571   0.0002506832  -0.0001184060   0.0003577307
       -0.0002844523  -0.0000546208   0.0000996046  -0.0003201775  -0.0003348395
        0.1905563997   0.1313483896   0.0120280616  -0.0043335697  -0.0066172155
       -0.0035760186  -0.0002383463   0.0000895742  -0.0003539846
        0.0007993773   0.0003701168  -0.0000609350   0.0014325407  -0.0001423006
       -0.0007790870   0.0070244287   0.0061128959   0.0003524826  -0.1193296171
       -0.1470247403  -0.0101248954  -0.0178173075  -0.0226355492  -0.0002333381
        0.0011394107  -0.0015488570   0.0016313480   0.0021504665   0.0016556579
        0.0012555483  -0.0000784668   0.0000300772   0.0000650428   0.0002452674
       -0.0000480119  -0.0000762501   0.0000382018   0.0000173786  -0.0000509763
        0.0000236609   0.0000258480  -0.0000335968   0.0000588528  -0.0001237225
        0.0000999711   0.0000910949   0.0000105238  -0.0000330100   0.0001009854
        0.0003258309   0.0001086380   0.0006800527   0.0007307390  -0.0000296166
        0.1313483896   0.1675727391   0.0111895273  -0.0083153025  -0.0058497975
       -0.0042245951   0.0004079646   0.0005211716   0.0009437423
        0.0006227848   0.0002139413   0.0001882528   0.0012487585  -0.0006879289
       -0.0004629621   0.0087693787   0.0058054428   0.0007911484  -0.0085518465
       -0.0090632159  -0.0369422518   0.0084704795   0.0139172247   0.0013139160
       -0.0006601811   0.0017367109  -0.0016152500   0.0008682010  -0.0015680569
       -0.0010787629  -0.0000095560  -0.0000326786   0.0000957433   0.0001129145
       -0.0000581628  -0.0000998091   0.0000190889   0.0000351167  -0.0000513475
        0.0000081757   0.0000555524  -0.0000105984   0.0000679392  -0.0000656954
        0.0000530589  -0.0000373973  -0.0000264351  -0.0000402196   0.0003933071
        0.0003920219  -0.0000048351  -0.0003980083   0.0002174396   0.0002947029
        0.0120280616   0.0111895273   0.0447602915  -0.0225242697  -0.0219495299
       -0.0062265238  -0.0004278305  -0.0001112741  -0.0009645535
        0.0002050509  -0.0001673863  -0.0002080100   0.0009351473   0.0006487335
        0.0010858475  -0.0006603407   0.0065733124   0.0246402615  -0.0439207401
       -0.0031170437  -0.0289996896   0.0006732285  -0.0042229898  -0.0078120035
        0.0000950578   0.0008947422  -0.0003422541  -0.0008631347   0.0013593016
        0.0012540788   0.0001027134  -0.0000278225   0.0000232557  -0.0000677072
       -0.0001198122  -0.0000105345  -0.0000025435   0.0000397570   0.0000479750
        0.0000449459  -0.0000444452  -0.0000835073  -0.0007414879  -0.0001321032
       -0.0002738085  -0.0000462894  -0.0000493570  -0.0001058249  -0.0040552997
        0.0021627541   0.0026671496   0.0005471687  -0.0002206921   0.0001799060
       -0.0043335697  -0.0083153025  -0.0225242697   0.0517849633   0.0047173821
        0.0303528790   0.0003028371   0.0000209718   0.0001085492
       -0.0000777382  -0.0000707691   0.0000959390  -0.0002364763   0.0004187238
        0.0003416888   0.0010039595  -0.0034959727  -0.0124467526  -0.0044068556
       -0.0498343019  -0.0481142512   0.0055918631   0.0029086086   0.0240016197
        0.0008855560  -0.0032328107   0.0027949287  -0.0023759503   0.0003695492
       -0.0003915717   0.0000538899  -0.0000880155   0.0000531480  -0.0000568378
       -0.0000241346  -0.0000675481   0.0000343142   0.0000079624  -0.0001085750
       -0.0000780028  -0.0000035794  -0.0000430121   0.0000011413   0.0002459874
        0.0000292576  -0.0001554618  -0.0002214958   0.0003138505   0.0026302020
       -0.0005647777  -0.0012927199  -0.0000475935  -0.0000126613  -0.0004885383
       -0.0066172155  -0.0058497975  -0.0219495299   0.0047173821   0.0604339188
        0.0568317648  -0.0008661764  -0.0009864340   0.0004403017
       -0.0003568660   0.0001426649   0.0002659229  -0.0005133282   0.0002515325
        0.0005888630   0.0027087340  -0.0053084367  -0.0139299419  -0.0284147676
       -0.0492950244  -0.2591123861  -0.0050523713   0.0012049429  -0.0195764530
       -0.0005362156   0.0028092612  -0.0011252315   0.0020930801  -0.0015605944
        0.0015632414  -0.0000227444  -0.0000071631   0.0000383039  -0.0000769266
       -0.0000219420  -0.0000377156  -0.0000310531   0.0000156212  -0.0001171791
       -0.0001474924   0.0000480439  -0.0000145380   0.0006186297   0.0000126299
        0.0002441206   0.0000214734   0.0001263781  -0.0003121903   0.0024985469
       -0.0014123063  -0.0006483131  -0.0002351233   0.0000639492   0.0003505240
       -0.0035760186  -0.0042245951  -0.0062265238   0.0303528790   0.0568317648
        0.2981731163   0.0006695642   0.0003232735  -0.0001236197
       -0.0000601819  -0.0000624766   0.0000161311  -0.0000041550  -0.0001274482
       -0.0001539816  -0.0001411823  -0.0000151310   0.0003842572   0.0015840552
        0.0015175744   0.0039626156   0.0124854005  -0.0139995817   0.0031383582
       -0.1000003797   0.1545135309  -0.0557634361  -0.0023344328  -0.0005660811
       -0.0024814666   0.0000175067  -0.0001185262   0.0001472430   0.0000046896
       -0.0000022149   0.0000659744   0.0000284127  -0.0000831153   0.0001294602
        0.0001073550   0.0000645544   0.0000200947  -0.0001326221   0.0000281550
        0.0000229386  -0.0003257613   0.0006787832  -0.0003140457   0.0001056509
        0.0000037419  -0.0003776463  -0.0000528921  -0.0000750920  -0.0001335758
       -0.0002383463   0.0004079646  -0.0004278305   0.0003028371  -0.0008661764
        0.0006695642   0.0886540458  -0.1412984611   0.0510953452
       -0.0000110849   0.0000078160  -0.0000772383  -0.0001469299   0.0001176103
        0.0002782244  -0.0005276765   0.0002423453  -0.0007654623   0.0013691582
        0.0025402964   0.0017807910  -0.0043156318  -0.0084026022   0.0194378691
        0.1446960496  -0.2986865521   0.1158854508   0.0001125269  -0.0019826198
       -0.0027378153  -0.0000109931   0.0001058592   0.0000699242  -0.0000453587
       -0.0001093928   0.0001122900  -0.0000193624  -0.0000364467  -0.0000305306
       -0.0000197620   0.0000773965   0.0001192173  -0.0000068444  -0.0001427141
       -0.0001428629  -0.0000130546  -0.0001410668   0.0002470037   0.0001633647
        0.0001488691   0.0003360216  -0.0000364861   0.0001050661  -0.0000476109
        0.0000895742   0.0005211716  -0.0001112741   0.0000209718  -0.0009864340
        0.0003232735  -0.1412984611   0.3066213980  -0.1346772711
        0.0002050167  -0.0001000145  -0.0001482021   0.0000404587  -0.0002677668
        0.0001302151   0.0003265194  -0.0001974798  -0.0002392014   0.0038581219
        0.0011088174  -0.0016610693  -0.0071936011   0.0324376438  -0.0222778914
       -0.0442471587   0.1019522180  -0.0670988645  -0.0033914329  -0.0018847900
        0.0025640584   0.0000085354   0.0000391967   0.0001207180  -0.0000063073
        0.0000534705   0.0000941393   0.0000213468   0.0000005479  -0.0001301060
        0.0000168556   0.0001440964   0.0000093236  -0.0000615367  -0.0000641065
       -0.0001118874  -0.0006454959   0.0003240830  -0.0000642262   0.0000637797
        0.0000761062  -0.0000613908   0.0001549885  -0.0003287953   0.0000865132
       -0.0003539846   0.0009437423  -0.0009645535   0.0001085492   0.0004403017
       -0.0001236197   0.0510953452  -0.1346772711   0.0898760449
