           1           2  0.94760334590032169     
           2           3   1.0065525101439801     
           3           4   1.0074318426594608     
           4           5   1.0080291960124004     
           5           6   1.0200501630329049     
           1           8  0.84424710018141425     
           1           9  0.90781030485920344     
           1          10  0.91995163889488041     
           2          11  0.96384654304182960     
           2          12  0.96885076850694318     
           3          13  0.97083248841449454     
           3          14  0.97067179819646587     
           4          15  0.97492533178773400     
           4          16  0.97358608306867678     
           5          17  0.97658256999139770     
           5          18  0.97116747704773299     
           6          19  0.98571394504827259     
           6          20  0.98657860333935732     
           6          21  0.98644483154150375     
