$hessian                                                                        
        0.5473992485   0.0339880240  -0.0498216593  -0.0990441931   0.0195034143
       -0.0397870083  -0.0143231932   0.0001750495  -0.0203275474   0.0006961174
       -0.0004036319   0.0004065213  -0.0001012217   0.0005878161  -0.0001413496
        0.0000081383   0.0000981852  -0.0000116737  -0.0020338639   0.0078470968
        0.0024933887  -0.1109691112   0.1083201524   0.0270562235  -0.1633918646
       -0.1398903069  -0.0466866383  -0.1477497088  -0.0324388521   0.1375363314
       -0.0148379792   0.0096241480  -0.0199880342   0.0082895589  -0.0045578273
        0.0106661561  -0.0025440214  -0.0034172928  -0.0013342087   0.0005024237
        0.0008965712   0.0010548266  -0.0017144819  -0.0007759289  -0.0011261252
        0.0001894009   0.0000986825  -0.0001476053  -0.0000515559   0.0000182159
        0.0000447567  -0.0000892984   0.0000388192  -0.0000695597  -0.0000441971
        0.0000901097   0.0000974787   0.0000119951   0.0001419744   0.0000662935
       -0.0002021922   0.0000555806   0.0000194334
        0.0339880240   0.5668214920   0.0192977032   0.0152791639  -0.0793873955
        0.0225244788  -0.0117369382   0.0059786241  -0.0171204462   0.0001683591
        0.0001804230   0.0005864606   0.0000765491   0.0000233916  -0.0002527065
        0.0000759570   0.0000986537   0.0000808918   0.0056983577  -0.0109932804
       -0.0036908940   0.1113757558  -0.2137353101  -0.0418202873  -0.1356781710
       -0.2012918019  -0.0529172117  -0.0356613542  -0.0541197191   0.0459895923
        0.0163739632  -0.0091307906   0.0219678509   0.0050784980  -0.0027759697
        0.0089421573  -0.0029645231  -0.0030015344  -0.0023974815  -0.0004407465
        0.0013017628  -0.0002277457  -0.0009858467  -0.0004472819  -0.0009952066
       -0.0003661837   0.0001091395  -0.0000459862  -0.0000845930  -0.0001148361
       -0.0001118400  -0.0000489851   0.0001769384   0.0001443529  -0.0000352759
        0.0000849437   0.0000028613  -0.0000986717   0.0001108778  -0.0000046337
       -0.0000133390   0.0001116727   0.0000480902
       -0.0498216593   0.0192977032   0.5104431326  -0.0403949631   0.0301957961
       -0.1315555933  -0.0136562985  -0.0023333308  -0.0149048960   0.0007152647
        0.0006481983  -0.0004657515   0.0001014540   0.0000613701   0.0001837720
       -0.0000301077  -0.0001240302  -0.0001064361   0.0012709341  -0.0022331184
        0.0006359331   0.0293854332  -0.0448078749  -0.0506516243  -0.0443332839
       -0.0515376266  -0.0627708473   0.1353430121   0.0405200367  -0.2259290050
       -0.0023768669   0.0022876378  -0.0000879169  -0.0145397211   0.0095273544
       -0.0268897600  -0.0025156289  -0.0028721077   0.0001404145   0.0001418788
        0.0012549797   0.0006401199   0.0006431590   0.0000214480   0.0011995005
       -0.0001013198   0.0000330713   0.0000993340   0.0001196822   0.0002495731
        0.0001785429  -0.0000776702   0.0001420646  -0.0002268503   0.0000921687
       -0.0002456064  -0.0000042750   0.0000267018  -0.0000740379   0.0001162035
        0.0000078308  -0.0000115002  -0.0000439973
       -0.0990441931   0.0152791639  -0.0403949631   0.4750877058  -0.0158903894
       -0.0635333821  -0.0969830798  -0.0497108846  -0.0154052266  -0.0174479949
       -0.0188248231  -0.0029077015  -0.0024863256  -0.0009970248   0.0031954550
       -0.0006823742  -0.0008972920  -0.0004897945  -0.0000249414  -0.0010104588
       -0.0005126565  -0.0092325736   0.0073709586  -0.0099654643  -0.0102591954
        0.0031661388  -0.0139300762   0.0114686632  -0.0027606267   0.0099219069
       -0.1201886965   0.1029911515   0.0379309338  -0.1303254330  -0.0388859732
        0.1013478286  -0.0082578086  -0.0100341715  -0.0073972797   0.0083574128
        0.0103583551   0.0038586721   0.0003021012   0.0002287316  -0.0010368636
        0.0002627041  -0.0006857950  -0.0006225070   0.0000239479   0.0001256364
       -0.0000577535  -0.0001537427  -0.0000146299   0.0000924545  -0.0001157832
        0.0001207665  -0.0001437171   0.0000013849   0.0000877696  -0.0001561672
       -0.0003017778  -0.0000166028   0.0002063020
        0.0195034143  -0.0793873955   0.0301957961  -0.0158903894   0.4966192751
       -0.0074822297  -0.0489346727  -0.1434138763  -0.0299308127  -0.0106508930
       -0.0107862793  -0.0005430269  -0.0014745961  -0.0000662526   0.0019002058
       -0.0004872392  -0.0004800050  -0.0003495309  -0.0005760100   0.0001860355
       -0.0000937986   0.0121527975  -0.0055046032   0.0160145181  -0.0095598762
        0.0056284963  -0.0146902198   0.0026772887  -0.0019275938   0.0065718818
        0.1012143271  -0.1772519239  -0.0417126283  -0.0399312611  -0.0645189802
        0.0489415993   0.0036472758   0.0041174550   0.0021254169  -0.0129045701
       -0.0244302336  -0.0107389707   0.0001158880   0.0000120030  -0.0000542920
        0.0012368948   0.0010611347  -0.0002462951   0.0000891120   0.0000940685
        0.0001611336  -0.0001066189   0.0002032385  -0.0000751805  -0.0000078793
       -0.0000900189  -0.0000974253   0.0000426159  -0.0000684683   0.0000157656
       -0.0001556079   0.0000039240   0.0000880932
       -0.0397870083   0.0225244788  -0.1315555933  -0.0635333821  -0.0074822297
        0.4559236237  -0.0152016249  -0.0287294427  -0.0720420599   0.0085560034
        0.0128341901   0.0070370199   0.0024537546   0.0011639310  -0.0024600455
        0.0006983277   0.0006197118   0.0003606685   0.0004848525  -0.0019002424
       -0.0013955685  -0.0024684554   0.0062708944   0.0051090693  -0.0061928480
       -0.0003311205  -0.0068524014  -0.0089471086   0.0079748035  -0.0216624907
        0.0325126692  -0.0396155326  -0.0556364871   0.1080878333   0.0495429717
       -0.1617976163  -0.0129975337  -0.0166158000  -0.0112132435  -0.0035429462
       -0.0071805302  -0.0034616941  -0.0003129433   0.0003794563  -0.0006333933
        0.0001580992   0.0005783865   0.0007482636  -0.0001760504   0.0000245343
       -0.0001196186  -0.0001064656  -0.0000392456  -0.0001145977   0.0000257239
       -0.0000722379  -0.0001348004   0.0000266386  -0.0000922845   0.0001120918
        0.0002624640   0.0001453076  -0.0002111264
       -0.0143231932  -0.0117369382  -0.0136562985  -0.0969830798  -0.0489346727
       -0.0152016249   0.4802914841  -0.0357641121   0.0103754001  -0.1244183604
       -0.0175977959   0.0608410376  -0.0150060939  -0.0093303618   0.0090919967
       -0.0015615948  -0.0023888789  -0.0011232165  -0.0002778315   0.0004321140
        0.0001081649   0.0005936270  -0.0003205627   0.0003058509  -0.0015574135
        0.0008987999  -0.0030619733  -0.0001092963   0.0003934832   0.0004044012
        0.0085999341   0.0102217363   0.0040085938  -0.0131876219  -0.0174532957
       -0.0040062844  -0.0894172287   0.0281795346  -0.0872905561  -0.1228396127
        0.1046111281   0.0275277180   0.0075912120   0.0018410612  -0.0059660314
       -0.0182972904  -0.0029745466   0.0165586624   0.0003690300  -0.0000000547
        0.0007285444   0.0008636961   0.0007417345   0.0001218111  -0.0000830808
       -0.0000717018  -0.0001237678   0.0001758584  -0.0002700301  -0.0001905893
       -0.0004231438  -0.0004766404   0.0005481613
        0.0001750495   0.0059786241  -0.0023333308  -0.0497108846  -0.1434138763
       -0.0287294427  -0.0357641121   0.4926129312   0.0022985476  -0.0188030134
       -0.0724417504   0.0243233412  -0.0168326727  -0.0091839290   0.0114600269
       -0.0023990411  -0.0028648562  -0.0012790880  -0.0002172543  -0.0000487538
       -0.0000737366   0.0004919044   0.0014565845   0.0001598585   0.0013519893
        0.0004580549   0.0016693258   0.0000391217   0.0004445133  -0.0000623416
       -0.0117787695  -0.0242171089  -0.0111247775  -0.0079368859  -0.0086749184
       -0.0018008908   0.0262070397  -0.0585790045   0.0480689200   0.1069639834
       -0.1833028289  -0.0372394910  -0.0067792827  -0.0031265672   0.0091201459
        0.0160938235   0.0045495420  -0.0160047784   0.0004546933   0.0004675655
        0.0005621887  -0.0006647059   0.0004435045   0.0005592925   0.0000254708
       -0.0000865431  -0.0002019088  -0.0000530880  -0.0001639920   0.0000174250
       -0.0008633655  -0.0003071913   0.0006107141
       -0.0203275474  -0.0171204462  -0.0149048960  -0.0154052266  -0.0299308127
       -0.0720420599   0.0103754001   0.0022985476   0.5008048116   0.0603718397
        0.0225456481  -0.1271660349  -0.0036961689  -0.0005877419   0.0050837825
       -0.0011505431  -0.0013129251  -0.0001473442  -0.0003419921   0.0000812498
        0.0004015250   0.0006267248   0.0001013227   0.0004333505  -0.0029187793
        0.0010104276  -0.0044459048  -0.0004709241  -0.0002102408   0.0001725220
       -0.0037778018  -0.0100514123  -0.0032958688   0.0097129454   0.0139682847
        0.0053188078  -0.0868503580   0.0492266288  -0.2062940665   0.0284019643
       -0.0383543157  -0.0557042467   0.0181564102   0.0090992544  -0.0228176787
        0.0091978380   0.0004675095  -0.0073637987  -0.0007843597  -0.0010002747
        0.0007931743  -0.0005809502  -0.0002607157   0.0004962502  -0.0000129858
        0.0000495870   0.0002855977  -0.0001424710   0.0002263243  -0.0000627880
       -0.0003830144  -0.0002458995   0.0004548653
        0.0006961174   0.0001683591   0.0007152647  -0.0174479949  -0.0106508930
        0.0085560034  -0.1244183604  -0.0188030134   0.0603718397   0.4762953185
       -0.0315204374   0.0079239324  -0.1023683522  -0.0485485916  -0.0284525129
       -0.0164649877  -0.0180260351  -0.0033816552   0.0001469837  -0.0000665335
       -0.0002432638   0.0000688939  -0.0004529623  -0.0002226971   0.0004200175
        0.0000487378   0.0002085111   0.0000058098  -0.0006085615   0.0004605966
        0.0013467788   0.0013295181  -0.0000218001  -0.0014729689  -0.0023760202
       -0.0007375219   0.0075424570   0.0019600893  -0.0053839288  -0.0162521477
       -0.0022708602   0.0152292046  -0.0858054189   0.0323729567  -0.0806029786
       -0.1177369615   0.1004462154   0.0276786887  -0.0109825221  -0.0121310861
       -0.0094745896   0.0080547257   0.0106710280   0.0057098609   0.0009075370
        0.0006007069  -0.0006992350   0.0004181445  -0.0005097916  -0.0004704525
       -0.0029530695  -0.0016328254   0.0028367334
       -0.0004036319   0.0001804230   0.0006481983  -0.0188248231  -0.0107862793
        0.0128341901  -0.0175977959  -0.0724417504   0.0225456481  -0.0315204374
        0.4857071761  -0.0033763795  -0.0490193627  -0.1356661645  -0.0360252928
       -0.0101619701  -0.0097374211  -0.0004170023  -0.0000433971   0.0001829490
        0.0004136421   0.0003935807  -0.0005964844  -0.0001827721   0.0002572856
        0.0003213304   0.0002065778   0.0011384823   0.0008776076   0.0003965975
       -0.0006432734   0.0009030219   0.0006498112  -0.0033669284  -0.0031557064
       -0.0014430724  -0.0063411198  -0.0027669058   0.0090488167   0.0145406144
        0.0050562262  -0.0143317591   0.0321488297  -0.0654403210   0.0563614921
        0.0997848686  -0.1743692909  -0.0373537947   0.0021764795   0.0045230057
        0.0010377657  -0.0125076752  -0.0241788333  -0.0115267471   0.0001724294
        0.0003825667  -0.0003955216   0.0011905827   0.0010798619  -0.0004325394
       -0.0013727378  -0.0000750113   0.0013421411
        0.0004065213   0.0005864606  -0.0004657515  -0.0029077015  -0.0005430269
        0.0070370199   0.0608410376   0.0243233412  -0.1271660349   0.0079239324
       -0.0033763795   0.5018406469  -0.0285711729  -0.0358533008  -0.0830463535
        0.0103582415   0.0127397191   0.0051786458   0.0000163936   0.0001524234
       -0.0004408619  -0.0000004526  -0.0003740213   0.0000340559  -0.0001075956
       -0.0000039932   0.0000766276  -0.0010199264  -0.0012842691   0.0000936835
       -0.0009221343  -0.0000907597   0.0004027880  -0.0015362242  -0.0019805631
        0.0001523263   0.0171182777   0.0089508871  -0.0234705499   0.0079716346
       -0.0000161196  -0.0060940244  -0.0810783373   0.0567485714  -0.1995666590
        0.0269293589  -0.0368468980  -0.0569987225  -0.0166189553  -0.0188430071
       -0.0135481132  -0.0032368326  -0.0073631028  -0.0031238654   0.0009677283
        0.0006424729   0.0006475384   0.0000999365   0.0006147246   0.0004738652
        0.0033662705   0.0018168406  -0.0020162613
       -0.0001012217   0.0000765491   0.0001014540  -0.0024863256  -0.0014745961
        0.0024537546  -0.0150060939  -0.0168326727  -0.0036961689  -0.1023683522
       -0.0490193627  -0.0285711729   0.4827319704  -0.0302551242   0.0031100758
       -0.1314327334  -0.0248132987   0.0642075886   0.0001403125   0.0000786726
        0.0002399495   0.0000377687  -0.0000652654   0.0001764767  -0.0000988676
        0.0000745872   0.0001188962  -0.0000997091   0.0001314025   0.0000251420
       -0.0002057800   0.0000825720   0.0000370599  -0.0004602178  -0.0007910851
       -0.0002419175   0.0009422229   0.0004928218  -0.0006366746   0.0003238919
       -0.0003674582  -0.0002905840  -0.0105802825  -0.0116555312  -0.0096103362
        0.0085032045   0.0109151664   0.0056216579  -0.0873866083   0.0307641659
       -0.0818718762  -0.1191783748   0.1004285480   0.0282194801   0.0082396302
        0.0022691210  -0.0060705956  -0.0174868444  -0.0028472271   0.0156072628
       -0.0140275899  -0.0071919849   0.0110705279
        0.0005878161   0.0000233916   0.0000613701  -0.0009970248  -0.0000662526
        0.0011639310  -0.0093303618  -0.0091839290  -0.0005877419  -0.0485485916
       -0.1356661645  -0.0358533008  -0.0302551242   0.4870384571  -0.0006249140
       -0.0249032983  -0.0759122949   0.0265667035   0.0002007818  -0.0002747139
       -0.0002790940  -0.0004288201   0.0002068355  -0.0001453683  -0.0000622704
       -0.0000301019   0.0000744352  -0.0003942714  -0.0003974764   0.0000276308
       -0.0001122538   0.0001260054   0.0002657880  -0.0003631527  -0.0001001938
        0.0000128294   0.0001836315   0.0005006848  -0.0003407835   0.0007968257
        0.0011996088  -0.0003438356   0.0021274677   0.0051653294   0.0008683143
       -0.0124060585  -0.0248301117  -0.0117674675   0.0303608909  -0.0648307188
        0.0531882344   0.1011441292  -0.1767344044  -0.0396228975  -0.0069185553
       -0.0036193412   0.0088339794   0.0160972799   0.0054767079  -0.0156137201
       -0.0167790398  -0.0080913173   0.0141159072
       -0.0001413496  -0.0002527065   0.0001837720   0.0031954550   0.0019002058
       -0.0024600455   0.0090919967   0.0114600269   0.0050837825  -0.0284525129
       -0.0360252928  -0.0830463535   0.0031100758  -0.0006249140   0.5060406945
        0.0646555203   0.0266141795  -0.1291999092   0.0001296782  -0.0001879618
        0.0000968386  -0.0002298741   0.0001933946   0.0001692407  -0.0001683590
       -0.0000561642   0.0000981541   0.0002192822   0.0002754651   0.0000614135
        0.0000425722  -0.0000213947  -0.0001195167   0.0007888291   0.0008483702
        0.0002805238   0.0011336232   0.0007746119   0.0006139879   0.0001490008
        0.0006481018   0.0003772885  -0.0169003938  -0.0184942635  -0.0136011224
       -0.0030665274  -0.0077600459  -0.0029430392  -0.0819533295   0.0532403367
       -0.1989995149   0.0283029139  -0.0398130849  -0.0585842346   0.0173141951
        0.0094115919  -0.0231580687   0.0087475337  -0.0000107164  -0.0071317455
       -0.0059683300  -0.0021197395   0.0062378541
        0.0000081383   0.0000759570  -0.0000301077  -0.0006823742  -0.0004872392
        0.0006983277  -0.0015615948  -0.0023990411  -0.0011505431  -0.0164649877
       -0.0101619701   0.0103582415  -0.1314327334  -0.0249032983   0.0646555203
        0.4912922896  -0.0055164314   0.0190093270  -0.0000933522   0.0000197123
       -0.0001079144   0.0001862422   0.0000024033  -0.0001400068   0.0000577874
       -0.0000118413  -0.0000417530  -0.0000001170  -0.0000957998  -0.0000036645
       -0.0000321198   0.0000487653   0.0000444003  -0.0001659288  -0.0001663948
       -0.0001539133  -0.0002337869  -0.0000082693  -0.0000920004   0.0000763481
       -0.0001239579  -0.0001044055   0.0004854082   0.0002791662   0.0007675044
        0.0009111256   0.0008473350   0.0001988615   0.0073889229   0.0023931666
       -0.0060610488  -0.0164351137  -0.0031029944   0.0153037367  -0.0888525461
        0.0327151926  -0.0855487964  -0.1279593848   0.1058536393   0.0304289818
       -0.1164922229  -0.0952581001  -0.0480307471
        0.0000981852   0.0000986537  -0.0001240302  -0.0008972920  -0.0004800050
        0.0006197118  -0.0023888789  -0.0028648562  -0.0013129251  -0.0180260351
       -0.0097374211   0.0127397191  -0.0248132987  -0.0759122949   0.0266141795
       -0.0055164314   0.5081899533   0.0078900215   0.0001625158   0.0001831759
        0.0000522987  -0.0001805236  -0.0002882292   0.0001802831  -0.0000001459
        0.0000246372  -0.0000452580  -0.0000251883   0.0000613659   0.0000075711
        0.0000104068   0.0000920905  -0.0000944007  -0.0002265849  -0.0003703386
       -0.0001536757   0.0000591924  -0.0001477819  -0.0001764833  -0.0000703710
       -0.0002580078   0.0000466702   0.0004167099   0.0006531415   0.0004933075
       -0.0005436557   0.0006429350   0.0006705701  -0.0069194647  -0.0031196563
        0.0092886456   0.0152794757   0.0054058676  -0.0145351138   0.0325686744
       -0.0690957693   0.0613821387   0.1065168829  -0.1797224070  -0.0401571581
       -0.0955041728  -0.1733550534  -0.0633860721
       -0.0000116737   0.0000808918  -0.0001064361  -0.0004897945  -0.0003495309
        0.0003606685  -0.0011232165  -0.0012790880  -0.0001473442  -0.0033816552
       -0.0004170023   0.0051786458   0.0642075886   0.0265667035  -0.1291999092
        0.0190093270   0.0078900215   0.4920820482   0.0000105518   0.0001292083
       -0.0001829492  -0.0000060991  -0.0001632479   0.0000115987   0.0000147318
       -0.0000306597   0.0000142221   0.0000480556  -0.0000378395   0.0000535170
        0.0000748175   0.0000808277  -0.0000013756  -0.0001183910  -0.0001027708
       -0.0000427504   0.0000131079  -0.0001228941   0.0000937614  -0.0000335156
        0.0000685744  -0.0000579037  -0.0006989566  -0.0007834045   0.0009296129
       -0.0006726773  -0.0002134086   0.0004255530   0.0178984453   0.0094584571
       -0.0223052992   0.0083383114   0.0010381238  -0.0064360265  -0.0850512080
        0.0615378578  -0.2079105688   0.0303567424  -0.0396532936  -0.0567824190
       -0.0483844918  -0.0636975263  -0.0759766458
       -0.0020338639   0.0056983577   0.0012709341  -0.0000249414  -0.0005760100
        0.0004848525  -0.0002778315  -0.0002172543  -0.0003419921   0.0001469837
       -0.0000433971   0.0000163936   0.0001403125   0.0002007818   0.0001296782
       -0.0000933522   0.0001625158   0.0000105518   0.0025243314   0.0041492862
        0.0008944405   0.0000100306  -0.0102618100  -0.0027943388  -0.0005799281
       -0.0001438566  -0.0000809704   0.0002008864  -0.0005243708  -0.0007520081
        0.0000675701   0.0002276582   0.0000984473   0.0002007505  -0.0002189135
        0.0000369877  -0.0001287221   0.0002484810  -0.0000478754   0.0004950415
       -0.0003229121   0.0011005705   0.0002631730  -0.0001061136  -0.0004831149
       -0.0001231608   0.0003586608   0.0001410723  -0.0002190856   0.0002268115
       -0.0000626461  -0.0000808346   0.0003439727   0.0001756819  -0.0000604130
        0.0002063479  -0.0000138251  -0.0001059866   0.0003709122   0.0001558968
       -0.0003209599   0.0002208523   0.0000612637
        0.0078470968  -0.0109932804  -0.0022331184  -0.0010104588   0.0001860355
       -0.0019002424   0.0004321140  -0.0000487538   0.0000812498  -0.0000665335
        0.0001829490   0.0001524234   0.0000786726  -0.0002747139  -0.0001879618
        0.0000197123   0.0001831759   0.0001292083   0.0041492862  -0.0049424315
       -0.0028387075  -0.0112165716   0.0161357815   0.0058198408   0.0006091084
        0.0005900967   0.0004705677  -0.0007136182  -0.0005751364   0.0007694944
        0.0005647703  -0.0003652402   0.0001142087   0.0000730980   0.0002988986
       -0.0003168072   0.0001882282  -0.0002381143   0.0000360441  -0.0005672259
       -0.0008464030  -0.0004257838  -0.0000883420  -0.0001203938   0.0001241161
        0.0000277490   0.0000836790  -0.0001006589  -0.0000045073   0.0000140589
        0.0000310315  -0.0000879427   0.0000634278   0.0002314670  -0.0001201931
        0.0001286581  -0.0000305659  -0.0001348913   0.0002417280  -0.0000119669
        0.0000204485   0.0002959785   0.0000861610
        0.0024933887  -0.0036908940   0.0006359331  -0.0005126565  -0.0000937986
       -0.0013955685   0.0001081649  -0.0000737366   0.0004015250  -0.0002432638
        0.0004136421  -0.0004408619   0.0002399495  -0.0002790940   0.0000968386
       -0.0001079144   0.0000522987  -0.0001829492   0.0008944405  -0.0028387075
        0.0022972966  -0.0031115907   0.0060322691  -0.0030273758   0.0003463989
        0.0000504645  -0.0001742780  -0.0003600536  -0.0000558873   0.0000962374
        0.0000158412   0.0002161458   0.0008435142  -0.0002378640  -0.0000507438
        0.0004670715  -0.0001607930   0.0004425126   0.0002783951   0.0004849489
        0.0002282546  -0.0004707441   0.0000784507  -0.0002768907   0.0004530582
        0.0000168625  -0.0001398374   0.0003754280  -0.0001491955   0.0003687124
        0.0000950752  -0.0001761459   0.0004036743  -0.0004771278   0.0001971540
       -0.0004273063  -0.0000312390   0.0001032172  -0.0002230612   0.0002469993
        0.0000806607  -0.0000580167  -0.0000872277
       -0.1109691112   0.1113757558   0.0293854332  -0.0092325736   0.0121527975
       -0.0024684554   0.0005936270   0.0004919044   0.0006267248   0.0000688939
        0.0003935807  -0.0000004526   0.0000377687  -0.0004288201  -0.0002298741
        0.0001862422  -0.0001805236  -0.0000060991   0.0000100306  -0.0112165716
       -0.0031115907   0.1176059519  -0.1113106295  -0.0276544698   0.0113317626
       -0.0130966340  -0.0030288734  -0.0102798402   0.0139652564   0.0088729968
       -0.0007315831   0.0008736062  -0.0023621927   0.0002081743  -0.0002487755
        0.0003080788   0.0004657014  -0.0003802753   0.0001787135   0.0002797842
       -0.0007371524  -0.0007791080  -0.0005450045  -0.0003017805   0.0006152116
       -0.0000495971  -0.0002014382  -0.0000160690   0.0002843947  -0.0002200571
        0.0000149535   0.0002718595  -0.0001479092   0.0000130081   0.0000756125
       -0.0002437653  -0.0000698665   0.0000067555  -0.0003087641  -0.0001754629
        0.0003811507  -0.0002298044  -0.0001126061
        0.1083201524  -0.2137353101  -0.0448078749   0.0073709586  -0.0055046032
        0.0062708944  -0.0003205627   0.0014565845   0.0001013227  -0.0004529623
       -0.0005964844  -0.0003740213  -0.0000652654   0.0002068355   0.0001933946
        0.0000024033  -0.0002882292  -0.0001632479  -0.0102618100   0.0161357815
        0.0060322691  -0.1113106295   0.2155377034   0.0425932656   0.0061758879
       -0.0210785926  -0.0070280225   0.0012233400   0.0069125287  -0.0027423201
       -0.0005903413   0.0008520952   0.0004090501   0.0000923740   0.0003645682
        0.0003543678  -0.0006416749   0.0001404975  -0.0001684145  -0.0000678159
        0.0005965147  -0.0003394139   0.0000639490   0.0002421045   0.0000840380
        0.0001458058  -0.0003370659   0.0000555806  -0.0000316984  -0.0000354219
       -0.0000319029   0.0000525994  -0.0001354289  -0.0002830884   0.0001588706
       -0.0001851458  -0.0000185598   0.0001570058  -0.0002979016  -0.0000045935
       -0.0000205865  -0.0002510300  -0.0001327231
        0.0270562235  -0.0418202873  -0.0506516243  -0.0099654643   0.0160145181
        0.0051090693   0.0003058509   0.0001598585   0.0004333505  -0.0002226971
       -0.0001827721   0.0000340559   0.0001764767  -0.0001453683   0.0001692407
       -0.0001400068   0.0001802831   0.0000115987  -0.0027943388   0.0058198408
       -0.0030273758  -0.0276544698   0.0425932656   0.0582047515   0.0021273149
       -0.0068101503   0.0007084697   0.0142156237  -0.0167883340  -0.0054817639
       -0.0031061447   0.0016923004  -0.0043193764  -0.0002428227   0.0005561724
       -0.0004598152   0.0002074411  -0.0005897148  -0.0002420030  -0.0001550561
       -0.0010974596  -0.0000283764   0.0001429262   0.0004080894  -0.0000848610
        0.0001336015   0.0000203397  -0.0007262632   0.0001317368  -0.0004328239
       -0.0001806776   0.0000605656  -0.0002929609   0.0004467423  -0.0001849756
        0.0004820885   0.0002168185  -0.0000776988   0.0002179523  -0.0003423370
       -0.0000140859   0.0000151623   0.0002103764
       -0.1633918646  -0.1356781710  -0.0443332839  -0.0102591954  -0.0095598762
       -0.0061928480  -0.0015574135   0.0013519893  -0.0029187793   0.0004200175
        0.0002572856  -0.0001075956  -0.0000988676  -0.0000622704  -0.0001683590
        0.0000577874  -0.0000001459   0.0000147318  -0.0005799281   0.0006091084
        0.0003463989   0.0113317626   0.0061758879   0.0021273149   0.1777973448
        0.1550476898   0.0516928932  -0.0141240326  -0.0172753851  -0.0009232402
       -0.0003139861  -0.0001611468  -0.0000608269   0.0009437730  -0.0001288500
        0.0006821237  -0.0002810929  -0.0007464301  -0.0001077338   0.0000923108
        0.0002778898   0.0001172090  -0.0001064384  -0.0000502706  -0.0000428016
       -0.0001195275  -0.0000038913  -0.0000505139   0.0000953320  -0.0000333712
        0.0000482468   0.0000787851   0.0000638445   0.0000294283  -0.0000173708
       -0.0000280450  -0.0000413156  -0.0000298052  -0.0000335908  -0.0000515321
        0.0000624093  -0.0000222507  -0.0000595167
       -0.1398903069  -0.2012918019  -0.0515376266   0.0031661388   0.0056284963
       -0.0003311205   0.0008987999   0.0004580549   0.0010104276   0.0000487378
        0.0003213304  -0.0000039932   0.0000745872  -0.0000301019  -0.0000561642
       -0.0000118413   0.0000246372  -0.0000306597  -0.0001438566   0.0005900967
        0.0000504645  -0.0130966340  -0.0210785926  -0.0068101503   0.1550476898
        0.2195309200   0.0563487689  -0.0072420780  -0.0051382382   0.0001133976
        0.0008523580   0.0000465866   0.0005817886   0.0003540582   0.0005449363
        0.0006422130   0.0000916098   0.0003361714   0.0002930299  -0.0001334092
        0.0002264803   0.0000487366  -0.0000208659  -0.0000196233  -0.0000985325
        0.0000809437  -0.0001865807  -0.0000694458  -0.0000429973   0.0000144544
       -0.0000072078  -0.0000429741   0.0000691028  -0.0000429534   0.0000066196
       -0.0000346924  -0.0000313933   0.0000207648  -0.0000376583  -0.0000195896
       -0.0000173442   0.0000260221  -0.0000499899
       -0.0466866383  -0.0529172117  -0.0627708473  -0.0139300762  -0.0146902198
       -0.0068524014  -0.0030619733   0.0016693258  -0.0044459048   0.0002085111
        0.0002065778   0.0000766276   0.0001188962   0.0000744352   0.0000981541
       -0.0000417530  -0.0000452580   0.0000142221  -0.0000809704   0.0004705677
       -0.0001742780  -0.0030288734  -0.0070280225   0.0007084697   0.0516928932
        0.0563487689   0.0675085084   0.0161569124   0.0173480934   0.0061515290
       -0.0001280724  -0.0001330342   0.0001595324  -0.0005719790  -0.0005901867
       -0.0004388333  -0.0009073981  -0.0010655139  -0.0003516972  -0.0000344794
        0.0002861157   0.0001374684   0.0001866998   0.0000326949   0.0000189458
        0.0000615270   0.0000213916  -0.0000752240   0.0000235979  -0.0000419398
        0.0000431420  -0.0000382175  -0.0000469870   0.0000468989   0.0000185927
        0.0000496992   0.0000422277   0.0000175044   0.0000326661   0.0000103713
        0.0000252965   0.0000180374   0.0000930885
       -0.1477497088  -0.0356613542   0.1353430121   0.0114686632   0.0026772887
       -0.0089471086  -0.0001092963   0.0000391217  -0.0004709241   0.0000058098
        0.0011384823  -0.0010199264  -0.0000997091  -0.0003942714   0.0002192822
       -0.0000001170  -0.0000251883   0.0000480556   0.0002008864  -0.0007136182
       -0.0003600536  -0.0102798402   0.0012233400   0.0142156237  -0.0141240326
       -0.0072420780   0.0161569124   0.1612551756   0.0385190192  -0.1522085045
        0.0005057649   0.0004925575  -0.0008373650  -0.0010024644   0.0009402421
       -0.0033333888  -0.0001125525  -0.0002208481   0.0000824502  -0.0000251183
       -0.0000389809   0.0000584559   0.0004633367  -0.0011642524   0.0011437533
       -0.0006540279   0.0003280667  -0.0001296111   0.0002429210   0.0001021369
        0.0001252827   0.0001120633   0.0000648171   0.0000285462  -0.0000638154
       -0.0001170791  -0.0000092751  -0.0001177876  -0.0000076332  -0.0000702529
        0.0000838492   0.0000602316  -0.0000349644
       -0.0324388521  -0.0541197191   0.0405200367  -0.0027606267  -0.0019275938
        0.0079748035   0.0003934832   0.0004445133  -0.0002102408  -0.0006085615
        0.0008776076  -0.0012842691   0.0001314025  -0.0003974764   0.0002754651
       -0.0000957998   0.0000613659  -0.0000378395  -0.0005243708  -0.0005751364
       -0.0000558873   0.0139652564   0.0069125287  -0.0167883340  -0.0172753851
       -0.0051382382   0.0173480934   0.0385190192   0.0546232792  -0.0512081377
       -0.0002769249   0.0000564862   0.0007081987   0.0011053101   0.0001740963
        0.0018628090  -0.0001771142  -0.0000552057   0.0000305126   0.0000085805
       -0.0000780425  -0.0003095293  -0.0005024202  -0.0004684303   0.0010382736
        0.0003406727  -0.0002906308   0.0001978380   0.0001462725   0.0001282314
        0.0000991344  -0.0000115561  -0.0000201385  -0.0001546650  -0.0000411322
       -0.0001327656   0.0000503040   0.0000506536  -0.0000787713  -0.0000237610
        0.0000520931   0.0000040401  -0.0000328054
        0.1375363314   0.0459895923  -0.2259290050   0.0099219069   0.0065718818
       -0.0216624907   0.0004044012  -0.0000623416   0.0001725220   0.0004605966
        0.0003965975   0.0000936835   0.0000251420   0.0000276308   0.0000614135
       -0.0000036645   0.0000075711   0.0000535170  -0.0007520081   0.0007694944
        0.0000962374   0.0088729968  -0.0027423201  -0.0054817639  -0.0009232402
        0.0001133976   0.0061515290  -0.1522085045  -0.0512081377   0.2482751276
        0.0005294241  -0.0005319214   0.0010002279  -0.0034161549   0.0015358416
       -0.0036823448   0.0002650434  -0.0001346628   0.0002914604   0.0000968768
       -0.0000817949  -0.0002767079  -0.0007320367  -0.0007449920   0.0006746166
       -0.0002435140   0.0000434238   0.0000450706   0.0000638363  -0.0000104787
        0.0000364332   0.0000167192  -0.0000441988   0.0000339419   0.0000043136
        0.0000501814   0.0000326593   0.0000125166   0.0000115240  -0.0000124007
        0.0000690180   0.0000437118   0.0000262732
       -0.0148379792   0.0163739632  -0.0023768669  -0.1201886965   0.1012143271
        0.0325126692   0.0085999341  -0.0117787695  -0.0037778018   0.0013467788
       -0.0006432734  -0.0009221343  -0.0002057800  -0.0001122538   0.0000425722
       -0.0000321198   0.0000104068   0.0000748175   0.0000675701   0.0005647703
        0.0000158412  -0.0007315831  -0.0005903413  -0.0031061447  -0.0003139861
        0.0008523580  -0.0001280724   0.0005057649  -0.0002769249   0.0005294241
        0.1420279769  -0.1197522326  -0.0338736369  -0.0149886601   0.0165365175
        0.0111730415   0.0002286954  -0.0000100055   0.0002236680  -0.0012120255
       -0.0027386700  -0.0008583869  -0.0001248060   0.0000802076   0.0000558912
       -0.0001919302   0.0002181004   0.0001344546   0.0000204380   0.0000267171
        0.0000644913  -0.0000544825   0.0001131125   0.0000182816   0.0000413028
       -0.0000325992   0.0000306312   0.0000036152  -0.0000388262   0.0001000005
        0.0000399726  -0.0000165843   0.0000672599
        0.0096241480  -0.0091307906   0.0022876378   0.1029911515  -0.1772519239
       -0.0396155326   0.0102217363  -0.0242171089  -0.0100514123   0.0013295181
        0.0009030219  -0.0000907597   0.0000825720   0.0001260054  -0.0000213947
        0.0000487653   0.0000920905   0.0000808277   0.0002276582  -0.0003652402
        0.0002161458   0.0008736062   0.0008520952   0.0016923004  -0.0001611468
        0.0000465866  -0.0001330342   0.0004925575   0.0000564862  -0.0005319214
       -0.1197522326   0.2064966635   0.0471744084  -0.0021077539   0.0051920096
        0.0004231788   0.0002983259   0.0002515698   0.0000872026  -0.0033393699
       -0.0034833158  -0.0020552143   0.0000462347  -0.0000894870  -0.0000095795
       -0.0009717696   0.0002011129   0.0003221754   0.0000802020  -0.0000641562
        0.0000032448   0.0000685448   0.0002106063   0.0001094655  -0.0000024289
        0.0000471434   0.0000555344  -0.0001022944   0.0000675176   0.0000168822
        0.0000519757   0.0000591136   0.0000398449
       -0.0199880342   0.0219678509  -0.0000879169   0.0379309338  -0.0417126283
       -0.0556364871   0.0040085938  -0.0111247775  -0.0032958688  -0.0000218001
        0.0006498112   0.0004027880   0.0000370599   0.0002657880  -0.0001195167
        0.0000444003  -0.0000944007  -0.0000013756   0.0000984473   0.0001142087
        0.0008435142  -0.0023621927   0.0004090501  -0.0043193764  -0.0000608269
        0.0005817886   0.0001595324  -0.0008373650   0.0007081987   0.0010002279
       -0.0338736369   0.0471744084   0.0687176509   0.0171017061  -0.0171504551
       -0.0077314912  -0.0000219733  -0.0002103329   0.0000699566  -0.0018892674
       -0.0018905793  -0.0001285055  -0.0000488457   0.0001513695  -0.0002714971
       -0.0001356388   0.0001282690   0.0003603222   0.0000036349  -0.0000898782
        0.0000239036   0.0000414725   0.0000280102  -0.0000203410   0.0000083986
        0.0000299720  -0.0000284478  -0.0000264881   0.0000412209   0.0000540411
       -0.0000085780   0.0000231055   0.0000088870
        0.0082895589   0.0050784980  -0.0145397211  -0.1303254330  -0.0399312611
        0.1080878333  -0.0131876219  -0.0079368859   0.0097129454  -0.0014729689
       -0.0033669284  -0.0015362242  -0.0004602178  -0.0003631527   0.0007888291
       -0.0001659288  -0.0002265849  -0.0001183910   0.0002007505   0.0000730980
       -0.0002378640   0.0002081743   0.0000923740  -0.0002428227   0.0009437730
        0.0003540582  -0.0005719790  -0.0010024644   0.0011053101  -0.0034161549
       -0.0149886601  -0.0021077539   0.0171017061   0.1512294517   0.0471169422
       -0.1147412063  -0.0003272759  -0.0001547420   0.0000089740   0.0004433329
        0.0004371540   0.0000876628  -0.0000161351   0.0001724106  -0.0003022882
        0.0004559507  -0.0001144438  -0.0002605992  -0.0000139719   0.0000028670
        0.0000444309  -0.0000077462   0.0000255119   0.0000172049   0.0001008258
       -0.0000302139  -0.0000095053   0.0000935877  -0.0000747968   0.0000308032
        0.0000030187  -0.0001514606   0.0000963665
       -0.0045578273  -0.0027759697   0.0095273544  -0.0388859732  -0.0645189802
        0.0495429717  -0.0174532957  -0.0086749184   0.0139682847  -0.0023760202
       -0.0031557064  -0.0019805631  -0.0007910851  -0.0001001938   0.0008483702
       -0.0001663948  -0.0003703386  -0.0001027708  -0.0002189135   0.0002988986
       -0.0000507438  -0.0002487755   0.0003645682   0.0005561724  -0.0001288500
        0.0005449363  -0.0005901867   0.0009402421   0.0001740963   0.0015358416
        0.0165365175   0.0051920096  -0.0171504551   0.0471169422   0.0723047449
       -0.0568523602   0.0001536134   0.0005629762   0.0002985926  -0.0002038209
        0.0000526436   0.0005592972   0.0002049619   0.0001638469  -0.0002053113
        0.0000270332  -0.0000337510  -0.0001078600   0.0000305280  -0.0000509876
        0.0000574302   0.0000445621  -0.0000211758   0.0000923241   0.0000275018
        0.0000592769  -0.0000137454   0.0000280387   0.0000083445  -0.0000224182
       -0.0000789847  -0.0000243202   0.0000897753
        0.0106661561   0.0089421573  -0.0268897600   0.1013478286   0.0489415993
       -0.1617976163  -0.0040062844  -0.0018008908   0.0053188078  -0.0007375219
       -0.0014430724   0.0001523263  -0.0002419175   0.0000128294   0.0002805238
       -0.0001539133  -0.0001536757  -0.0000427504   0.0000369877  -0.0003168072
        0.0004670715   0.0003080788   0.0003543678  -0.0004598152   0.0006821237
        0.0006422130  -0.0004388333  -0.0033333888   0.0018628090  -0.0036823448
        0.0111730415   0.0004231788  -0.0077314912  -0.1147412063  -0.0568523602
        0.1937026538  -0.0005377576  -0.0006441530   0.0005341004  -0.0002803991
       -0.0000077209   0.0003697120  -0.0000883956  -0.0000496619   0.0000751902
       -0.0000846864   0.0000970506  -0.0001031043   0.0000505146  -0.0000966769
        0.0000355896   0.0000010322  -0.0000598299   0.0000937338  -0.0000222273
        0.0000875536   0.0000392948  -0.0000086703   0.0000525291  -0.0000392007
       -0.0000293947   0.0000085609   0.0001159119
       -0.0025440214  -0.0029645231  -0.0025156289  -0.0082578086   0.0036472758
       -0.0129975337  -0.0894172287   0.0262070397  -0.0868503580   0.0075424570
       -0.0063411198   0.0171182777   0.0009422229   0.0001836315   0.0011336232
       -0.0002337869   0.0000591924   0.0000131079  -0.0001287221   0.0001882282
       -0.0001607930   0.0004657014  -0.0006416749   0.0002074411  -0.0002810929
        0.0000916098  -0.0009073981  -0.0001125525  -0.0001771142   0.0002650434
        0.0002286954   0.0002983259  -0.0000219733  -0.0003272759   0.0001536134
       -0.0005377576   0.1046110467  -0.0290469362   0.0989549151  -0.0106943351
        0.0098236157  -0.0170756753  -0.0021013012  -0.0015444260   0.0035019728
        0.0008716457  -0.0001434585   0.0000931054  -0.0003728601  -0.0001027943
       -0.0001552725  -0.0002194613   0.0001843773  -0.0001546348  -0.0000114002
        0.0000554562  -0.0000560820   0.0000476862   0.0000323231   0.0000942415
       -0.0000076083   0.0000373579   0.0000513792
       -0.0034172928  -0.0030015344  -0.0028721077  -0.0100341715   0.0041174550
       -0.0166158000   0.0281795346  -0.0585790045   0.0492266288   0.0019600893
       -0.0027669058   0.0089508871   0.0004928218   0.0005006848   0.0007746119
       -0.0000082693  -0.0001477819  -0.0001228941   0.0002484810  -0.0002381143
        0.0004425126  -0.0003802753   0.0001404975  -0.0005897148  -0.0007464301
        0.0003361714  -0.0010655139  -0.0002208481  -0.0000552057  -0.0001346628
       -0.0000100055   0.0002515698  -0.0002103329  -0.0001547420   0.0005629762
       -0.0006441530  -0.0290469362   0.0682837759  -0.0590174651   0.0153352409
       -0.0095429826   0.0212472517  -0.0017726826   0.0002073662   0.0014796168
        0.0000542733   0.0003408977  -0.0006618965  -0.0007824656  -0.0001276719
       -0.0002101630   0.0001926295  -0.0004019819   0.0001917740   0.0000472248
        0.0001144126  -0.0001517475   0.0000778524   0.0000334830  -0.0000414966
       -0.0000140285  -0.0000281071   0.0000246650
       -0.0013342087  -0.0023974815   0.0001404145  -0.0073972797   0.0021254169
       -0.0112132435  -0.0872905561   0.0480689200  -0.2062940665  -0.0053839288
        0.0090488167  -0.0234705499  -0.0006366746  -0.0003407835   0.0006139879
       -0.0000920004  -0.0001764833   0.0000937614  -0.0000478754   0.0000360441
        0.0002783951   0.0001787135  -0.0001684145  -0.0002420030  -0.0001077338
        0.0002930299  -0.0003516972   0.0000824502   0.0000305126   0.0002914604
        0.0002236680   0.0000872026   0.0000699566   0.0000089740   0.0002985926
        0.0005341004   0.0989549151  -0.0590174651   0.2391139795  -0.0003991578
        0.0009494241   0.0029274110   0.0035305131   0.0011814600  -0.0034383079
       -0.0007225958  -0.0001764503   0.0005568101   0.0006050263   0.0002759421
        0.0004839224  -0.0000060525   0.0001341602  -0.0001628506  -0.0000810950
       -0.0001835365   0.0000604715  -0.0000390270  -0.0000497096  -0.0000202950
       -0.0000460748  -0.0000191977   0.0000283429
        0.0005024237  -0.0004407465   0.0001418788   0.0083574128  -0.0129045701
       -0.0035429462  -0.1228396127   0.1069639834   0.0284019643  -0.0162521477
        0.0145406144   0.0079716346   0.0003238919   0.0007968257   0.0001490008
        0.0000763481  -0.0000703710  -0.0000335156   0.0004950415  -0.0005672259
        0.0004849489   0.0002797842  -0.0000678159  -0.0001550561   0.0000923108
       -0.0001334092  -0.0000344794  -0.0000251183   0.0000085805   0.0000968768
       -0.0012120255  -0.0033393699  -0.0018892674   0.0004433329  -0.0002038209
       -0.0002803991  -0.0106943351   0.0153352409  -0.0003991578   0.1424589732
       -0.1179471859  -0.0334541211   0.0008788655   0.0001364225  -0.0008170849
       -0.0027310323  -0.0012467173   0.0034539741  -0.0002741277   0.0001487647
       -0.0000836899  -0.0002753362  -0.0010080834   0.0000889318   0.0000735564
        0.0000429025  -0.0000230658   0.0002555041  -0.0000476751  -0.0000777970
        0.0000662903   0.0000036568   0.0000013704
        0.0008965712   0.0013017628   0.0012549797   0.0103583551  -0.0244302336
       -0.0071805302   0.1046111281  -0.1833028289  -0.0383543157  -0.0022708602
        0.0050562262  -0.0000161196  -0.0003674582   0.0011996088   0.0006481018
       -0.0001239579  -0.0002580078   0.0000685744  -0.0003229121  -0.0008464030
        0.0002282546  -0.0007371524   0.0005965147  -0.0010974596   0.0002778898
        0.0002264803   0.0002861157  -0.0000389809  -0.0000780425  -0.0000817949
       -0.0027386700  -0.0034833158  -0.0018905793   0.0004371540   0.0000526436
       -0.0000077209   0.0098236157  -0.0095429826   0.0009494241  -0.1179471859
        0.2131969720   0.0439724542  -0.0002366425   0.0004924032   0.0000128475
       -0.0015743125   0.0003200067   0.0009731283   0.0001688769  -0.0002462818
        0.0000540462  -0.0001672547  -0.0002289189   0.0000921174  -0.0000034381
        0.0000713690   0.0000267105   0.0000140868  -0.0000684133  -0.0000141412
       -0.0000588520  -0.0000285591   0.0000759071
        0.0010548266  -0.0002277457   0.0006401199   0.0038586721  -0.0107389707
       -0.0034616941   0.0275277180  -0.0372394910  -0.0557042467   0.0152292046
       -0.0143317591  -0.0060940244  -0.0002905840  -0.0003438356   0.0003772885
       -0.0001044055   0.0000466702  -0.0000579037   0.0011005705  -0.0004257838
       -0.0004707441  -0.0007791080  -0.0003394139  -0.0000283764   0.0001172090
        0.0000487366   0.0001374684   0.0000584559  -0.0003095293  -0.0002767079
       -0.0008583869  -0.0020552143  -0.0001285055   0.0000876628   0.0005592972
        0.0003697120  -0.0170756753   0.0212472517   0.0029274110  -0.0334541211
        0.0439724542   0.0641065206   0.0000362367  -0.0007922193   0.0003542596
        0.0037101964   0.0005497436  -0.0027252085  -0.0001353555   0.0001626225
       -0.0001670279   0.0000521170   0.0002560050   0.0002573271   0.0000127950
       -0.0000332583  -0.0000529186  -0.0000925917   0.0000011212  -0.0000263638
       -0.0000554366  -0.0000066811   0.0000236144
       -0.0017144819  -0.0009858467   0.0006431590   0.0003021012   0.0001158880
       -0.0003129433   0.0075912120  -0.0067792827   0.0181564102  -0.0858054189
        0.0321488297  -0.0810783373  -0.0105802825   0.0021274677  -0.0169003938
        0.0004854082   0.0004167099  -0.0006989566   0.0002631730  -0.0000883420
        0.0000784507  -0.0005450045   0.0000639490   0.0001429262  -0.0001064384
       -0.0000208659   0.0001866998   0.0004633367  -0.0005024202  -0.0007320367
       -0.0001248060   0.0000462347  -0.0000488457  -0.0000161351   0.0002049619
       -0.0000883956  -0.0021013012  -0.0017726826   0.0035305131   0.0008788655
       -0.0002366425   0.0000362367   0.1039332233  -0.0327227807   0.0955324201
       -0.0117654422   0.0113436914  -0.0179726547  -0.0018357460  -0.0034925604
       -0.0016872059   0.0006864649   0.0005592541   0.0006051052  -0.0001189721
       -0.0006665363   0.0005778566  -0.0001793594   0.0000833902  -0.0001247233
        0.0002896034   0.0001575833   0.0001547152
       -0.0007759289  -0.0004472819   0.0000214480   0.0002287316   0.0000120030
        0.0003794563   0.0018410612  -0.0031265672   0.0090992544   0.0323729567
       -0.0654403210   0.0567485714  -0.0116555312   0.0051653294  -0.0184942635
        0.0002791662   0.0006531415  -0.0007834045  -0.0001061136  -0.0001203938
       -0.0002768907  -0.0003017805   0.0002421045   0.0004080894  -0.0000502706
       -0.0000196233   0.0000326949  -0.0011642524  -0.0004684303  -0.0007449920
        0.0000802076  -0.0000894870   0.0001513695   0.0001724106   0.0001638469
       -0.0000496619  -0.0015444260   0.0002073662   0.0011814600   0.0001364225
        0.0004924032  -0.0007922193  -0.0327227807   0.0769413016  -0.0666900816
        0.0165981260  -0.0120524181   0.0222476545  -0.0033944043  -0.0027805057
       -0.0024558802  -0.0001630772   0.0009908098  -0.0003383772  -0.0000925493
       -0.0001258482   0.0002589458   0.0001170388  -0.0001986715   0.0001206597
        0.0001449935   0.0000012419  -0.0000238330
       -0.0011261252  -0.0009952066   0.0011995005  -0.0010368636  -0.0000542920
       -0.0006333933  -0.0059660314   0.0091201459  -0.0228176787  -0.0806029786
        0.0563614921  -0.1995666590  -0.0096103362   0.0008683143  -0.0136011224
        0.0007675044   0.0004933075   0.0009296129  -0.0004831149   0.0001241161
        0.0004530582   0.0006152116   0.0000840380  -0.0000848610  -0.0000428016
       -0.0000985325   0.0000189458   0.0011437533   0.0010382736   0.0006746166
        0.0000558912  -0.0000095795  -0.0002714971  -0.0003022882  -0.0002053113
        0.0000751902   0.0035019728   0.0014796168  -0.0034383079  -0.0008170849
        0.0000128475   0.0003542596   0.0955324201  -0.0666900816   0.2340405577
       -0.0002011600   0.0005283402   0.0030135681  -0.0017512689  -0.0025958777
       -0.0010553987   0.0002608985   0.0004183454   0.0001788007  -0.0001029207
       -0.0001150208   0.0005768030  -0.0000880033   0.0000270929  -0.0001265961
        0.0002533257   0.0002079717   0.0000806006
        0.0001894009  -0.0003661837  -0.0001013198   0.0002627041   0.0012368948
        0.0001580992  -0.0182972904   0.0160938235   0.0091978380  -0.1177369615
        0.0997848686   0.0269293589   0.0085032045  -0.0124060585  -0.0030665274
        0.0009111256  -0.0005436557  -0.0006726773  -0.0001231608   0.0000277490
        0.0000168625  -0.0000495971   0.0001458058   0.0001336015  -0.0001195275
        0.0000809437   0.0000615270  -0.0006540279   0.0003406727  -0.0002435140
       -0.0001919302  -0.0009717696  -0.0001356388   0.0004559507   0.0000270332
       -0.0000846864   0.0008716457   0.0000542733  -0.0007225958  -0.0027310323
       -0.0015743125   0.0037101964  -0.0117654422   0.0165981260  -0.0002011600
        0.1411775482  -0.1155956944  -0.0340919913   0.0007213852  -0.0001162226
        0.0003012414  -0.0011013677  -0.0030563939  -0.0010690121  -0.0001800453
        0.0001556321  -0.0000256006  -0.0000979925   0.0000332148  -0.0000236911
       -0.0000445896   0.0000512532  -0.0000703103
        0.0000986825   0.0001091395   0.0000330713  -0.0006857950   0.0010611347
        0.0005783865  -0.0029745466   0.0045495420   0.0004675095   0.1004462154
       -0.1743692909  -0.0368468980   0.0109151664  -0.0248301117  -0.0077600459
        0.0008473350   0.0006429350  -0.0002134086   0.0003586608   0.0000836790
       -0.0001398374  -0.0002014382  -0.0003370659   0.0000203397  -0.0000038913
       -0.0001865807   0.0000213916   0.0003280667  -0.0002906308   0.0000434238
        0.0002181004   0.0002011129   0.0001282690  -0.0001144438  -0.0000337510
        0.0000970506  -0.0001434585   0.0003408977  -0.0001764503  -0.0012467173
        0.0003200067   0.0005497436   0.0113436914  -0.0120524181   0.0005283402
       -0.1155956944   0.2070835467   0.0443227702   0.0005296383   0.0010665725
        0.0004584168  -0.0034170038  -0.0038476753  -0.0025305302   0.0000936412
       -0.0002247944   0.0000014647  -0.0010002708   0.0002597956   0.0003488524
        0.0002040619   0.0004539565   0.0000681406
       -0.0001476053  -0.0000459862   0.0000993340  -0.0006225070  -0.0002462951
        0.0007482636   0.0165586624  -0.0160047784  -0.0073637987   0.0276786887
       -0.0373537947  -0.0569987225   0.0056216579  -0.0117674675  -0.0029430392
        0.0001988615   0.0006705701   0.0004255530   0.0001410723  -0.0001006589
        0.0003754280  -0.0000160690   0.0000555806  -0.0007262632  -0.0000505139
       -0.0000694458  -0.0000752240  -0.0001296111   0.0001978380   0.0000450706
        0.0001344546   0.0003221754   0.0003603222  -0.0002605992  -0.0001078600
       -0.0001031043   0.0000931054  -0.0006618965   0.0005568101   0.0034539741
        0.0009731283  -0.0027252085  -0.0179726547   0.0222476545   0.0030135681
       -0.0340919913   0.0443227702   0.0656172697   0.0005850064  -0.0002367115
        0.0001948347  -0.0011554589  -0.0024008379  -0.0005892214  -0.0001178686
        0.0000437175  -0.0001141201   0.0000040880   0.0000742333   0.0002848526
        0.0000953078   0.0000880645  -0.0000826047
       -0.0000515559  -0.0000845930   0.0001196822   0.0000239479   0.0000891120
       -0.0001760504   0.0003690300   0.0004546933  -0.0007843597  -0.0109825221
        0.0021764795  -0.0166189553  -0.0873866083   0.0303608909  -0.0819533295
        0.0073889229  -0.0069194647   0.0178984453  -0.0002190856  -0.0000045073
       -0.0001491955   0.0002843947  -0.0000316984   0.0001317368   0.0000953320
       -0.0000429973   0.0000235979   0.0002429210   0.0001462725   0.0000638363
        0.0000204380   0.0000802020   0.0000036349  -0.0000139719   0.0000305280
        0.0000505146  -0.0003728601  -0.0007824656   0.0006050263  -0.0002741277
        0.0001688769  -0.0001353555  -0.0018357460  -0.0033944043  -0.0017512689
        0.0007213852   0.0005296383   0.0005850064   0.1040162823  -0.0322161445
        0.0954761548  -0.0114208409   0.0109869585  -0.0175640506  -0.0020633285
       -0.0014847909   0.0038475624   0.0008392370  -0.0002668762   0.0000858193
        0.0006187558   0.0002042904   0.0002415483
        0.0000182159  -0.0001148361   0.0002495731   0.0001256364   0.0000940685
        0.0000245343  -0.0000000547   0.0004675655  -0.0010002747  -0.0121310861
        0.0045230057  -0.0188430071   0.0307641659  -0.0648307188   0.0532403367
        0.0023931666  -0.0031196563   0.0094584571   0.0002268115   0.0000140589
        0.0003687124  -0.0002200571  -0.0000354219  -0.0004328239  -0.0000333712
        0.0000144544  -0.0000419398   0.0001021369   0.0001282314  -0.0000104787
        0.0000267171  -0.0000641562  -0.0000898782   0.0000028670  -0.0000509876
       -0.0000966769  -0.0001027943  -0.0001276719   0.0002759421   0.0001487647
       -0.0002462818   0.0001626225  -0.0034925604  -0.0027805057  -0.0025958777
       -0.0001162226   0.0010665725  -0.0002367115  -0.0322161445   0.0758320805
       -0.0636439270   0.0161484049  -0.0113655763   0.0219288875  -0.0018713236
        0.0002055702   0.0016412772   0.0000429533   0.0004367624  -0.0006882900
        0.0001837745  -0.0000465574   0.0003295425
        0.0000447567  -0.0001118400   0.0001785429  -0.0000577535   0.0001611336
       -0.0001196186   0.0007285444   0.0005621887   0.0007931743  -0.0094745896
        0.0010377657  -0.0135481132  -0.0818718762   0.0531882344  -0.1989995149
       -0.0060610488   0.0092886456  -0.0223052992  -0.0000626461   0.0000310315
        0.0000950752   0.0000149535  -0.0000319029  -0.0001806776   0.0000482468
       -0.0000072078   0.0000431420   0.0001252827   0.0000991344   0.0000364332
        0.0000644913   0.0000032448   0.0000239036   0.0000444309   0.0000574302
        0.0000355896  -0.0001552725  -0.0002101630   0.0004839224  -0.0000836899
        0.0000540462  -0.0001670279  -0.0016872059  -0.0024558802  -0.0010553987
        0.0003012414   0.0004584168   0.0001948347   0.0954761548  -0.0636439270
        0.2333465665   0.0000483918   0.0004919467   0.0032154977   0.0036909176
        0.0013883116  -0.0031906652  -0.0007445937  -0.0002450814   0.0005163127
       -0.0003887356  -0.0001155277   0.0006033204
       -0.0000892984  -0.0000489851  -0.0000776702  -0.0001537427  -0.0001066189
       -0.0001064656   0.0008636961  -0.0006647059  -0.0005809502   0.0080547257
       -0.0125076752  -0.0032368326  -0.1191783748   0.1011441292   0.0283029139
       -0.0164351137   0.0152794757   0.0083383114  -0.0000808346  -0.0000879427
       -0.0001761459   0.0002718595   0.0000525994   0.0000605656   0.0000787851
       -0.0000429741  -0.0000382175   0.0001120633  -0.0000115561   0.0000167192
       -0.0000544825   0.0000685448   0.0000414725  -0.0000077462   0.0000445621
        0.0000010322  -0.0002194613   0.0001926295  -0.0000060525  -0.0002753362
       -0.0001672547   0.0000521170   0.0006864649  -0.0001630772   0.0002608985
       -0.0011013677  -0.0034170038  -0.0011554589  -0.0114208409   0.0161484049
        0.0000483918   0.1410443121  -0.1148783702  -0.0347965847   0.0008399939
        0.0001162293  -0.0006573350  -0.0030257989  -0.0013769057   0.0038766863
        0.0000904973   0.0004264949  -0.0001673954
        0.0000388192   0.0001769384   0.0001420646  -0.0000146299   0.0002032385
       -0.0000392456   0.0007417345   0.0004435045  -0.0002607157   0.0106710280
       -0.0241788333  -0.0073631028   0.1004285480  -0.1767344044  -0.0398130849
       -0.0031029944   0.0054058676   0.0010381238   0.0003439727   0.0000634278
        0.0004036743  -0.0001479092  -0.0001354289  -0.0002929609   0.0000638445
        0.0000691028  -0.0000469870   0.0000648171  -0.0000201385  -0.0000441988
        0.0001131125   0.0002106063   0.0000280102   0.0000255119  -0.0000211758
       -0.0000598299   0.0001843773  -0.0004019819   0.0001341602  -0.0010080834
       -0.0002289189   0.0002560050   0.0005592541   0.0009908098   0.0004183454
       -0.0030563939  -0.0038476753  -0.0024008379   0.0109869585  -0.0113655763
        0.0004919467  -0.1148783702   0.2075505082   0.0459714109  -0.0003328919
        0.0004234321  -0.0000659650  -0.0015066589   0.0008083772   0.0012003730
       -0.0001740465   0.0005883200   0.0003028144
       -0.0000695597   0.0001443529  -0.0002268503   0.0000924545  -0.0000751805
       -0.0001145977   0.0001218111   0.0005592925   0.0004962502   0.0057098609
       -0.0115267471  -0.0031238654   0.0282194801  -0.0396228975  -0.0585842346
        0.0153037367  -0.0145351138  -0.0064360265   0.0001756819   0.0002314670
       -0.0004771278   0.0000130081  -0.0002830884   0.0004467423   0.0000294283
       -0.0000429534   0.0000468989   0.0000285462  -0.0001546650   0.0000339419
        0.0000182816   0.0001094655  -0.0000203410   0.0000172049   0.0000923241
        0.0000937338  -0.0001546348   0.0001917740  -0.0001628506   0.0000889318
        0.0000921174   0.0002573271   0.0006051052  -0.0003383772   0.0001788007
       -0.0010690121  -0.0025305302  -0.0005892214  -0.0175640506   0.0219288875
        0.0032154977  -0.0347965847   0.0459714109   0.0668079739   0.0000437398
       -0.0007896197   0.0004294237   0.0036751189   0.0007792747  -0.0027205251
       -0.0004885479  -0.0002011940   0.0004490501
       -0.0000441971  -0.0000352759   0.0000921687  -0.0001157832  -0.0000078793
        0.0000257239  -0.0000830808   0.0000254708  -0.0000129858   0.0009075370
        0.0001724294   0.0009677283   0.0082396302  -0.0069185553   0.0173141951
       -0.0888525461   0.0325686744  -0.0850512080  -0.0000604130  -0.0001201931
        0.0001971540   0.0000756125   0.0001588706  -0.0001849756  -0.0000173708
        0.0000066196   0.0000185927  -0.0000638154  -0.0000411322   0.0000043136
        0.0000413028  -0.0000024289   0.0000083986   0.0001008258   0.0000275018
       -0.0000222273  -0.0000114002   0.0000472248  -0.0000810950   0.0000735564
       -0.0000034381   0.0000127950  -0.0001189721  -0.0000925493  -0.0001029207
       -0.0001800453   0.0000936412  -0.0001178686  -0.0020633285  -0.0018713236
        0.0036909176   0.0008399939  -0.0003328919   0.0000437398   0.1027001225
       -0.0373404265   0.0983250079  -0.0113858093   0.0093416958  -0.0175443178
       -0.0099818193   0.0043239657  -0.0175831365
        0.0000901097   0.0000849437  -0.0002456064   0.0001207665  -0.0000900189
       -0.0000722379  -0.0000717018  -0.0000865431   0.0000495870   0.0006007069
        0.0003825667   0.0006424729   0.0022691210  -0.0036193412   0.0094115919
        0.0327151926  -0.0690957693   0.0615378578   0.0002063479   0.0001286581
       -0.0004273063  -0.0002437653  -0.0001851458   0.0004820885  -0.0000280450
       -0.0000346924   0.0000496992  -0.0001170791  -0.0001327656   0.0000501814
       -0.0000325992   0.0000471434   0.0000299720  -0.0000302139   0.0000592769
        0.0000875536   0.0000554562   0.0001144126  -0.0001835365   0.0000429025
        0.0000713690  -0.0000332583  -0.0006665363  -0.0001258482  -0.0001150208
        0.0001556321  -0.0002247944   0.0000437175  -0.0014847909   0.0002055702
        0.0013883116   0.0001162293   0.0004234321  -0.0007896197  -0.0373404265
        0.0769186744  -0.0734700609   0.0158230071  -0.0112992296   0.0222724237
       -0.0121803138   0.0064581013  -0.0207088103
        0.0000974787   0.0000028613  -0.0000042750  -0.0001437171  -0.0000974253
       -0.0001348004  -0.0001237678  -0.0002019088   0.0002855977  -0.0006992350
       -0.0003955216   0.0006475384  -0.0060705956   0.0088339794  -0.0231580687
       -0.0855487964   0.0613821387  -0.2079105688  -0.0000138251  -0.0000305659
       -0.0000312390  -0.0000698665  -0.0000185598   0.0002168185  -0.0000413156
       -0.0000313933   0.0000422277  -0.0000092751   0.0000503040   0.0000326593
        0.0000306312   0.0000555344  -0.0000284478  -0.0000095053  -0.0000137454
        0.0000392948  -0.0000560820  -0.0001517475   0.0000604715  -0.0000230658
        0.0000267105  -0.0000529186   0.0005778566   0.0002589458   0.0005768030
       -0.0000256006   0.0000014647  -0.0001141201   0.0038475624   0.0016412772
       -0.0031906652  -0.0006573350  -0.0000659650   0.0004294237   0.0983250079
       -0.0734700609   0.2425083650   0.0006646567  -0.0005332453   0.0040384904
       -0.0100512105   0.0027569227  -0.0142525863
        0.0000119951  -0.0000986717   0.0000267018   0.0000013849   0.0000426159
        0.0000266386   0.0001758584  -0.0000530880  -0.0001424710   0.0004181445
        0.0011905827   0.0000999365  -0.0174868444   0.0160972799   0.0087475337
       -0.1279593848   0.1065168829   0.0303567424  -0.0001059866  -0.0001348913
        0.0001032172   0.0000067555   0.0001570058  -0.0000776988  -0.0000298052
        0.0000207648   0.0000175044  -0.0001177876   0.0000506536   0.0000125166
        0.0000036152  -0.0001022944  -0.0000264881   0.0000935877   0.0000280387
       -0.0000086703   0.0000476862   0.0000778524  -0.0000390270   0.0002555041
        0.0000140868  -0.0000925917  -0.0001793594   0.0001170388  -0.0000880033
       -0.0000979925  -0.0010002708   0.0000040880   0.0008392370   0.0000429533
       -0.0007445937  -0.0030257989  -0.0015066589   0.0036751189  -0.0113858093
        0.0158230071   0.0006646567   0.1488489589  -0.1244635255  -0.0386359150
        0.0096860412  -0.0128193621  -0.0038791960
        0.0001419744   0.0001108778  -0.0000740379   0.0000877696  -0.0000684683
       -0.0000922845  -0.0002700301  -0.0001639920   0.0002263243  -0.0005097916
        0.0010798619   0.0006147246  -0.0028472271   0.0054767079  -0.0000107164
        0.1058536393  -0.1797224070  -0.0396532936   0.0003709122   0.0002417280
       -0.0002230612  -0.0003087641  -0.0002979016   0.0002179523  -0.0000335908
       -0.0000376583   0.0000326661  -0.0000076332  -0.0000787713   0.0000115240
       -0.0000388262   0.0000675176   0.0000412209  -0.0000747968   0.0000083445
        0.0000525291   0.0000323231   0.0000334830  -0.0000497096  -0.0000476751
       -0.0000684133   0.0000011212   0.0000833902  -0.0001986715   0.0000270929
        0.0000332148   0.0002597956   0.0000742333  -0.0002668762   0.0004367624
       -0.0002450814  -0.0013769057   0.0008083772   0.0007792747   0.0093416958
       -0.0112992296  -0.0005332453  -0.1244635255   0.2081976466   0.0461170624
        0.0143007229  -0.0247855895  -0.0073142961
        0.0000662935  -0.0000046337   0.0001162035  -0.0001561672   0.0000157656
        0.0001120918  -0.0001905893   0.0000174250  -0.0000627880  -0.0004704525
       -0.0004325394   0.0004738652   0.0156072628  -0.0156137201  -0.0071317455
        0.0304289818  -0.0401571581  -0.0567824190   0.0001558968  -0.0000119669
        0.0002469993  -0.0001754629  -0.0000045935  -0.0003423370  -0.0000515321
       -0.0000195896   0.0000103713  -0.0000702529  -0.0000237610  -0.0000124007
        0.0001000005   0.0000168822   0.0000540411   0.0000308032  -0.0000224182
       -0.0000392007   0.0000942415  -0.0000414966  -0.0000202950  -0.0000777970
       -0.0000141412  -0.0000263638  -0.0001247233   0.0001206597  -0.0001265961
       -0.0000236911   0.0003488524   0.0002848526   0.0000858193  -0.0006882900
        0.0005163127   0.0038766863   0.0012003730  -0.0027205251  -0.0175443178
        0.0222724237   0.0040384904  -0.0386359150   0.0461170624   0.0643853663
        0.0070749152  -0.0130751357  -0.0029739234
       -0.0002021922  -0.0000133390   0.0000078308  -0.0003017778  -0.0001556079
        0.0002624640  -0.0004231438  -0.0008633655  -0.0003830144  -0.0029530695
       -0.0013727378   0.0033662705  -0.0140275899  -0.0167790398  -0.0059683300
       -0.1164922229  -0.0955041728  -0.0483844918  -0.0003209599   0.0000204485
        0.0000806607   0.0003811507  -0.0000205865  -0.0000140859   0.0000624093
       -0.0000173442   0.0000252965   0.0000838492   0.0000520931   0.0000690180
        0.0000399726   0.0000519757  -0.0000085780   0.0000030187  -0.0000789847
       -0.0000293947  -0.0000076083  -0.0000140285  -0.0000460748   0.0000662903
       -0.0000588520  -0.0000554366   0.0002896034   0.0001449935   0.0002533257
       -0.0000445896   0.0002040619   0.0000953078   0.0006187558   0.0001837745
       -0.0003887356   0.0000904973  -0.0001740465  -0.0004885479  -0.0099818193
       -0.0121803138  -0.0100512105   0.0096860412   0.0143007229   0.0070749152
        0.1334333846   0.1122743489   0.0545828112
        0.0000555806   0.0001116727  -0.0000115002  -0.0000166028   0.0000039240
        0.0001453076  -0.0004766404  -0.0003071913  -0.0002458995  -0.0016328254
       -0.0000750113   0.0018168406  -0.0071919849  -0.0080913173  -0.0021197395
       -0.0952581001  -0.1733550534  -0.0636975263   0.0002208523   0.0002959785
       -0.0000580167  -0.0002298044  -0.0002510300   0.0000151623  -0.0000222507
        0.0000260221   0.0000180374   0.0000602316   0.0000040401   0.0000437118
       -0.0000165843   0.0000591136   0.0000231055  -0.0001514606  -0.0000243202
        0.0000085609   0.0000373579  -0.0000281071  -0.0000191977   0.0000036568
       -0.0000285591  -0.0000066811   0.0001575833   0.0000012419   0.0002079717
        0.0000512532   0.0004539565   0.0000880645   0.0002042904  -0.0000465574
       -0.0001155277   0.0004264949   0.0005883200  -0.0002011940   0.0043239657
        0.0064581013   0.0027569227  -0.0128193621  -0.0247855895  -0.0130751357
        0.1122743489   0.1989903655   0.0744267334
        0.0000194334   0.0000480902  -0.0000439973   0.0002063020   0.0000880932
       -0.0002111264   0.0005481613   0.0006107141   0.0004548653   0.0028367334
        0.0013421411  -0.0020162613   0.0110705279   0.0141159072   0.0062378541
       -0.0480307471  -0.0633860721  -0.0759766458   0.0000612637   0.0000861610
       -0.0000872277  -0.0001126061  -0.0001327231   0.0002103764  -0.0000595167
       -0.0000499899   0.0000930885  -0.0000349644  -0.0000328054   0.0000262732
        0.0000672599   0.0000398449   0.0000088870   0.0000963665   0.0000897753
        0.0001159119   0.0000513792   0.0000246650   0.0000283429   0.0000013704
        0.0000759071   0.0000236144   0.0001547152  -0.0000238330   0.0000806006
       -0.0000703103   0.0000681406  -0.0000826047   0.0002415483   0.0003295425
        0.0006033204  -0.0001673954   0.0003028144   0.0004490501  -0.0175831365
       -0.0207088103  -0.0142525863  -0.0038791960  -0.0073142961  -0.0029739234
        0.0545828112   0.0744267334   0.0873121879
