           1           2  0.96057741825907661     
           2           3   1.0128769815670193     
           3           4   1.0082565634801397     
           4           5   1.0065849871463124     
           5           6   1.0210044415396533     
           1           8  0.89091691115497096     
           1           9  0.88924689435445847     
           1          10  0.89103067876643793     
           2          11  0.96545514490163298     
           2          12  0.96781706631257092     
           3          13  0.96906739007729237     
           3          14  0.96838975347157175     
           4          15  0.97623200508654739     
           4          16  0.96931906549941849     
           5          17  0.97678986805747492     
           5          18  0.97840649594798057     
           6          19  0.98410995487146979     
           6          20  0.98729130910511820     
           6          21  0.98743992562246652     
