           1           2  0.94420794302573452     
           2           3  0.99466663897948904     
           3           4   1.0048896958573967     
           4           5   1.3990807493963915     
           5           6   1.4645691862670174     
           6           7   1.3655706470653002     
           7           8   1.1063371397914774     
           8           9   1.7677565847322549     
           9          10   1.1062221141162270     
          10          11   1.3666893566480676     
          11          12   1.4626089529117312     
          12          13   1.4277072553642243     
          11          14  0.10553869494099666     
          13          14   1.4310086631207666     
          10          15   1.3689228334006582     
          12          15  0.10391966869774269     
          14          15   1.4587941493609304     
           5          16  0.10181572061341204     
           7          16   1.3666910613198255     
           4          17   1.4046530560481363     
           6          17  0.10347065644450644     
          16          17   1.4616724385911386     
           1          19  0.91223228506740717     
           1          20  0.92416576120032734     
           1          21  0.84214529904404722     
           2          22  0.96944911838044512     
           2          23  0.97165572087360008     
           3          24  0.96229985298195631     
           3          25  0.96208156028532277     
           5          26  0.95094223791379606     
           6          27  0.96299689128809063     
           8          28  0.95907954313479726     
           9          29  0.95852962098887295     
          11          30  0.96467238131122346     
          12          31  0.97096606193420465     
          13          32  0.97146733017506481     
          14          33  0.97082322956087286     
          15          34  0.96918958399918709     
          16          35  0.96914461821278741     
          17          36  0.96946195410022196     
