           1           2  0.93420560967373623     
           2           3   1.0236634213084488     
           3           4   1.8451570728270268     
           4           5   1.0869757337746129     
           5           6   1.3736162777622209     
           6           7   1.4590070542592788     
           5           8  0.10032543386666493     
           7           8   1.4298882414394831     
           6           9  0.10653736906231888     
           8           9   1.4325508766048474     
           5          10   1.3758132362334512     
           7          10  0.10558386096242836     
           9          10   1.4558769700157734     
           1          12  0.83817082262405673     
           1          13  0.91963009975991850     
           1          14  0.91739832210937522     
           2          15  0.96734796968691183     
           2          16  0.95788037540819915     
           3          17  0.96103378223050373     
           4          18  0.96130816498227500     
           6          19  0.96657064572798435     
           7          20  0.97008276096982482     
           8          21  0.97062700858311446     
           9          22  0.96997916218705771     
          10          23  0.96937881943033077     
