   -0.12765058
   -0.02847796
   -0.07425159
   -0.06210442
   -0.06081915
   -0.05970922
   -0.05838376
   -0.05677466
   -0.05715654
   -0.05701015
   -0.05627781
   -0.04998434
   -0.09982219
   -0.96801423
    0.25389009
    0.25407085
    0.32137998
    0.10353704
    0.10443039
    0.05098121
    0.04916649
    0.04409171
    0.04602444
    0.03631489
    0.04385477
    0.03392173
    0.02622263
    0.03008321
    0.03252251
    0.03002223
    0.02725576
    0.02792700
    0.02956048
    0.03242360
    0.02770253
    0.02637315
    0.03012399
    0.02825765
    0.02828871
    0.03339387
    0.03316980
    0.03144585
