           1           2  0.94863078035541093     
           2           3  0.99837008038554265     
           3           4   1.0068536033628497     
           4           5   1.4032047886871417     
           5           6   1.4607292177187434     
           6           7   1.3661493366817559     
           7           8   1.1100968437834344     
           8           9   1.7600501652129492     
           9          10   1.1098965954463427     
          10          11   1.3656870933073981     
          11          12   1.4195755142001167     
          12          13  0.95452151531239826     
          12          14   1.3850594802861222     
          11          15  0.10279584130851015     
          14          15   1.4323985275384388     
          10          16   1.3651002705390007     
          15          16   1.4576402558174193     
           5          17  0.10120646062968529     
           7          17   1.3600263002798429     
           4          18   1.3964423493790039     
           6          18  0.10171210503859869     
          17          18   1.4713512202776231     
           1          20  0.84570946006456416     
           1          21  0.91333660592563615     
           1          22  0.91834831715909682     
           2          23  0.96520347709985466     
           2          24  0.96622528416078901     
           3          25  0.95994321494539592     
           3          26  0.97051182515686818     
           5          27  0.96852012387529318     
           6          28  0.96842428737282515     
           8          29  0.95841551524864532     
           9          30  0.95838258554911160     
          11          31  0.96102773046064449     
          14          32  0.96746947125338367     
          15          33  0.96914736040483007     
          16          34  0.96854150529507044     
          17          35  0.96339799655323977     
          18          36  0.96846244154079120     
