           1           2  0.95721807334462594     
           2           3   1.0124341886402473     
           3           4  0.98592552279545687     
           4           5  0.98235821497933529     
           5           6   1.1416086432856289     
           5           7   1.7023469838784191     
           6           7  0.16782347745825238     
           1           9  0.84682505907175254     
           1          10  0.92342923153459322     
           1          11  0.87242730316022932     
           2          12  0.96764846597583509     
           2          13  0.96333397153404088     
           3          14  0.97187709292673774     
           3          15  0.96552502466029078     
           4          16  0.96226467092200929     
           4          17  0.96408438901243021     
           6          18  0.86223816704132328     
