           1           2  0.96298722544548143     
           2           3   1.0117218159712373     
           3           4   1.0051136877295801     
           4           5   1.0069281942650119     
           5           6   1.0208802012749223     
           1           7  0.88732582675532923     
           1           8  0.89085880500708159     
           1           9  0.89080392000337549     
           2          10  0.96462166341962707     
           2          11  0.96655989827638900     
           3          12  0.97177255897098624     
           3          13  0.97005085751608033     
           4          14  0.97598098777067677     
           4          15  0.97540310176321687     
           5          16  0.97424020050707827     
           5          17  0.97751495919734543     
           6          18  0.98365731426638159     
           6          19  0.98709946083961808     
           6          20  0.98736920261356020     
