           1           2  0.95916222857514088     
           2           3   1.0063389253689750     
           3           4  0.97909882529221115     
           4           5   1.0189530240110412     
           5           6   1.4809284411504435     
           6           7   1.3347387581984562     
           5           8  0.10995687281401162     
           7           8   1.5475265280271577     
           8           9   1.2758345359767382     
           9          10   1.2792850046910318     
          10          11   1.5536989145955380     
          11          12   1.3290217727349853     
          10          13  0.11998144902859362     
          12          13   1.5458316245764827     
           5          14   1.2203020197388679     
           9          14   1.2596022435970997     
          13          14   1.2944163447876205     
           1          16  0.83463975380044586     
           1          17  0.90811027169493952     
           1          18  0.92168725185255895     
           2          19  0.96631793045084069     
           2          20  0.96867307680979209     
           3          21  0.95666785733407667     
           3          22  0.95990583778192973     
           6          23  0.96371436799086585     
           7          24  0.96961250413485356     
           8          25  0.96871551557833402     
          10          26  0.96866814486829778     
          11          27  0.97064820399571861     
          12          28  0.97106740374927281     
          13          29  0.96829847359385168     
