$hessian                                                                        
        0.5709608913  -0.0591123483  -0.0325396607  -0.0981395272  -0.0397636071
       -0.0240350541  -0.0228911634  -0.0249148244  -0.0105575452  -0.0054579135
        0.0007444465   0.0038013773  -0.0009439654  -0.0018163051  -0.0009559666
        0.0004228137  -0.0002346402   0.0000144634  -0.0496621117   0.0087360194
       -0.0476664971  -0.2860363011  -0.0091890743   0.1309286866  -0.1097883745
        0.1276570607  -0.0160052157  -0.0059010113  -0.0076098819  -0.0062900123
        0.0056516101   0.0060006837   0.0041549570   0.0009955518   0.0002625995
       -0.0006684515   0.0012517476  -0.0006484057  -0.0005956201   0.0001538334
        0.0000237454   0.0001993062  -0.0000108315   0.0000276381   0.0000935279
       -0.0006265561  -0.0002164312   0.0002362339   0.0000213078   0.0000533250
       -0.0001145290
       -0.0591123483   0.5377842705  -0.0397010548  -0.0384646264  -0.1291019360
       -0.0320189920  -0.0081574937  -0.0056611334  -0.0018161036  -0.0016987387
        0.0014267787   0.0017195832  -0.0000925320  -0.0003348503  -0.0004026084
       -0.0000228079  -0.0001222830   0.0000405961   0.0081615117  -0.0510171550
        0.0513645023  -0.0103861207  -0.0411717647   0.0058416402   0.1282806761
       -0.2841976877   0.0311854854  -0.0016580401  -0.0004600193  -0.0022571346
       -0.0178034952  -0.0292244530  -0.0139311139   0.0007133198   0.0001074707
       -0.0000853794   0.0005621967   0.0011236390   0.0000115188   0.0001358287
        0.0000792989   0.0001403238   0.0000387470   0.0004313782  -0.0001110695
       -0.0004001272   0.0002242688   0.0000763104  -0.0000959499   0.0001141777
       -0.0000565040
       -0.0325396607  -0.0397010548   0.5941115254  -0.0227817344  -0.0312271382
       -0.0902063002   0.0057839043   0.0078239470   0.0052667852   0.0017765161
        0.0005363377  -0.0001414838   0.0003180410   0.0001568913   0.0002438218
       -0.0000432651   0.0000764591   0.0001213817  -0.0474039302   0.0518059091
       -0.3389332427   0.1298665718   0.0051719355  -0.1105736782  -0.0162967149
        0.0308152368  -0.0462626657  -0.0194548435  -0.0256963779  -0.0163288611
        0.0000857657  -0.0007518195   0.0007054660   0.0003340855   0.0004167628
        0.0012726201  -0.0000998078   0.0004230583  -0.0000114317   0.0003281156
       -0.0000441068   0.0003081872   0.0000133486   0.0000828404  -0.0000094979
        0.0001587201   0.0000486162   0.0002024558  -0.0000451118   0.0000625031
        0.0002349181
       -0.0981395272  -0.0384646264  -0.0227817344   0.4499628580  -0.0534094828
       -0.0017666636  -0.1615431805   0.0057279442   0.0591757635  -0.0171027327
       -0.0065742799   0.0035224376  -0.0015534572  -0.0014787352  -0.0005669678
       -0.0001528498  -0.0002850513  -0.0004235068  -0.0031094537  -0.0032780257
       -0.0051049678  -0.0138390070  -0.0164302136  -0.0076252175   0.0082868867
        0.0052684959   0.0047657558  -0.0458997732   0.0094425748  -0.0300089455
       -0.0968697089   0.0967812316  -0.0116394608  -0.0007275758  -0.0010644747
        0.0029086825  -0.0205430930   0.0029474969   0.0091318458   0.0005984413
        0.0003709235   0.0003960684   0.0010034860   0.0007562272   0.0002083553
       -0.0002420288  -0.0002065887   0.0001039608  -0.0001292841  -0.0001034159
       -0.0002954054
       -0.0397636071  -0.1291019360  -0.0312271382  -0.0534094828   0.4864846838
       -0.0179544509   0.0016762229  -0.0624754633   0.0045208366  -0.0174584178
       -0.0045321898   0.0061018824  -0.0018931934  -0.0027347579  -0.0011404514
       -0.0003937360   0.0003299561   0.0003249735   0.0004330474   0.0028315745
       -0.0036156325  -0.0039311266  -0.0015144179   0.0004843004  -0.0125436907
       -0.0222045301  -0.0091884118   0.0073839732  -0.0517028644   0.0372376970
        0.1028354808  -0.2146890453   0.0229816595  -0.0053647297  -0.0000655059
        0.0035117426   0.0242710570  -0.0007658790  -0.0124161926  -0.0000494059
        0.0005060488   0.0003197004  -0.0010855966   0.0002690873   0.0000278507
       -0.0007944829  -0.0002802978   0.0001555211   0.0000876883  -0.0003544628
       -0.0001238867
       -0.0240350541  -0.0320189920  -0.0902063002  -0.0017666636  -0.0179544509
        0.5209844125   0.0549523435   0.0020723456  -0.0984605026  -0.0069755780
       -0.0000106758   0.0037187347  -0.0012323062  -0.0015206291  -0.0003607811
       -0.0001367071   0.0002015447  -0.0005520348  -0.0159861273  -0.0196300905
       -0.0124313554   0.0044841014   0.0076417776   0.0051332324   0.0019969158
       -0.0012797789   0.0013478527  -0.0267359456   0.0431815110  -0.2633754682
       -0.0111267372   0.0193658148  -0.0489707080   0.0286258075   0.0019026647
       -0.0194095379   0.0001787798  -0.0009169465   0.0010189004  -0.0011105824
       -0.0007495731   0.0007171405  -0.0004060926  -0.0001063609   0.0003374578
       -0.0005169687  -0.0002602069   0.0004153867  -0.0002091851   0.0000820464
        0.0000935705
       -0.0228911634  -0.0081574937   0.0057839043  -0.1615431805   0.0016762229
        0.0549523435   0.4668440350  -0.0308828171   0.0021130293  -0.0966624603
       -0.0453079093  -0.0277034530  -0.0218989087  -0.0191547357  -0.0070584920
       -0.0024367549  -0.0015526396   0.0000945248   0.0009327151   0.0000321570
        0.0000564461  -0.0012716962  -0.0025466768  -0.0015708392   0.0013169332
        0.0003853144  -0.0003761578  -0.0004497187  -0.0008876117   0.0036943254
       -0.0191343630   0.0031196860   0.0084962613  -0.0473443514   0.0067661728
       -0.0282861186  -0.0933220665   0.0954537392  -0.0104481051  -0.0043553639
       -0.0053939598  -0.0053345730   0.0058552246   0.0071801309   0.0040774191
       -0.0047474739  -0.0011082771   0.0022970423   0.0011085934   0.0003786976
       -0.0007875573
       -0.0249148244  -0.0056611334   0.0078239470   0.0057279442  -0.0624754633
        0.0020723456  -0.0308828171   0.4919404055  -0.0093525239  -0.0467077413
       -0.1315918391  -0.0349737227  -0.0061072548  -0.0029562609   0.0000652162
        0.0026397754   0.0003855095  -0.0002314664   0.0007410129   0.0004027534
        0.0003985150  -0.0022753926  -0.0029589545  -0.0019260528  -0.0006750178
        0.0011526285  -0.0001587938  -0.0056095367   0.0002604131   0.0037998757
        0.0219074363  -0.0000556273  -0.0108611429   0.0068660564  -0.0512683774
        0.0369691244   0.0931194901  -0.2137797683   0.0188944544   0.0000904691
        0.0013882117  -0.0013971133  -0.0140244046  -0.0261108601  -0.0112468335
       -0.0003881973   0.0008486037   0.0002764290   0.0004930024   0.0004797591
       -0.0001522579
       -0.0105575452  -0.0018161036   0.0052667852   0.0591757635   0.0045208366
       -0.0984605026   0.0021130293  -0.0093525239   0.5111454291  -0.0282948354
       -0.0362520883  -0.0867797903   0.0053724012   0.0086986362   0.0041318749
        0.0007239996  -0.0005880940   0.0007464886  -0.0004947187  -0.0003588367
        0.0012880932  -0.0012047145  -0.0017504618  -0.0006240900   0.0000383302
        0.0006162104   0.0002128055   0.0260982698   0.0020044435  -0.0174078810
       -0.0003885254  -0.0010724061   0.0015415548  -0.0295955418   0.0364385218
       -0.2580038351  -0.0108491784   0.0193165225  -0.0485090466  -0.0172694956
       -0.0220938944  -0.0159255402   0.0011652588   0.0003824373   0.0011077709
        0.0029543695   0.0007975738  -0.0007528675   0.0010131331   0.0005092268
        0.0010227508
       -0.0054579135  -0.0016987387   0.0017765161  -0.0171027327  -0.0174584178
       -0.0069755780  -0.0966624603  -0.0467077413  -0.0282948354   0.4575552547
       -0.0251285958   0.0050343029  -0.1644792293  -0.0157249330   0.0555351746
       -0.0192338399   0.0122160207   0.0025216953  -0.0000391406   0.0001100133
        0.0005316005  -0.0002603636  -0.0008336155  -0.0004102297  -0.0003212193
        0.0004317306   0.0000441751   0.0008590257   0.0001145446  -0.0004707091
        0.0007878384  -0.0004908936  -0.0001453769  -0.0043013691  -0.0051838801
       -0.0050400536   0.0066486728   0.0070664363   0.0043275909  -0.0472462482
        0.0052653323  -0.0284659483  -0.0931223947   0.0915290578  -0.0097481318
       -0.0172575003  -0.0033683720   0.0067182660  -0.0003663800  -0.0001379479
        0.0030615416
        0.0007444465   0.0014267787   0.0005363377  -0.0065742799  -0.0045321898
       -0.0000106758  -0.0453079093  -0.1315918391  -0.0362520883  -0.0251285958
        0.4840717997  -0.0115552494  -0.0087203860  -0.0592510388   0.0023544910
        0.0199417253  -0.0081369632  -0.0045181041  -0.0001215632  -0.0001035491
        0.0001364784  -0.0001144285   0.0003555115  -0.0000047393  -0.0000847671
        0.0001322819   0.0002537541   0.0004529213   0.0005633786   0.0000559661
        0.0009122233   0.0011535456  -0.0002764997   0.0002951319   0.0016810433
       -0.0014150828  -0.0131576344  -0.0259855657  -0.0108554726   0.0062088127
       -0.0511135228   0.0335738266   0.0929255875  -0.2059470769   0.0175281767
       -0.0198658987  -0.0029902600   0.0095899356  -0.0024053857   0.0002676661
        0.0008589458
        0.0038013773   0.0017195832  -0.0001414838   0.0035224376   0.0061018824
        0.0037187347  -0.0277034530  -0.0349737227  -0.0867797903   0.0050343029
       -0.0115552494   0.5008034865   0.0524256591   0.0059913302  -0.0939923849
       -0.0025077986  -0.0008147005   0.0021234382  -0.0000075433   0.0002009150
       -0.0000617627   0.0003224611   0.0003801013   0.0006412943  -0.0000008655
       -0.0001886717  -0.0000585819   0.0009863587   0.0003788831   0.0008342730
        0.0001360170   0.0004138440   0.0004121109  -0.0174724467  -0.0219442048
       -0.0155495195   0.0018175144   0.0000503025   0.0014141882  -0.0295367711
        0.0342945472  -0.2529295196  -0.0102587994   0.0187824087  -0.0473269544
       -0.0073103652  -0.0013225678   0.0041369920   0.0267519146   0.0024853194
       -0.0172445206
       -0.0009439654  -0.0000925320   0.0003180410  -0.0015534572  -0.0018931934
       -0.0012323062  -0.0218989087  -0.0061072548   0.0053724012  -0.1644792293
       -0.0087203860   0.0524256591   0.3897791140   0.0761866790   0.0045099152
       -0.0409612257   0.0411729871  -0.0122848147  -0.0000990747   0.0002080783
        0.0000117510  -0.0002065070   0.0001453976  -0.0002227403  -0.0003835884
        0.0002584644  -0.0000239060  -0.0002676595   0.0000689242  -0.0001325697
        0.0000424860  -0.0000372463  -0.0000878400   0.0007449063   0.0002041216
        0.0004495650   0.0008797615   0.0006629007   0.0003461976  -0.0011892344
        0.0008696996   0.0030649194  -0.0178485416   0.0031301989   0.0079390666
       -0.0997527754  -0.1030398525  -0.0396107512  -0.0418621004  -0.0030169862
       -0.0208425880
       -0.0018163051  -0.0003348503   0.0001568913  -0.0014787352  -0.0027347579
       -0.0015206291  -0.0191547357  -0.0029562609   0.0086986362  -0.0157249330
       -0.0592510388   0.0059913302   0.0761866790   0.3768928470   0.0228169189
        0.0438256425  -0.0841960275   0.0183334576  -0.0002042929   0.0002481348
        0.0000268885  -0.0003115092  -0.0001116135  -0.0001298757  -0.0001924049
        0.0000210255  -0.0001298240   0.0000492973  -0.0000712324  -0.0000567606
        0.0001875079   0.0000747714   0.0000929594   0.0001161949   0.0007709323
        0.0002134633  -0.0000433283  -0.0003827482   0.0004162928  -0.0037962219
       -0.0005978648   0.0033256318   0.0205969185  -0.0009293559  -0.0096385433
       -0.0965551232  -0.1874559409  -0.0632682445  -0.0016846507  -0.0389860199
        0.0146714075
       -0.0009559666  -0.0004026084   0.0002438218  -0.0005669678  -0.0011404514
       -0.0003607811  -0.0070584920   0.0000652162   0.0041318749   0.0555351746
        0.0023544910  -0.0939923849   0.0045099152   0.0228169189   0.4752840049
       -0.0138076847   0.0198565734  -0.0214922945  -0.0001306019   0.0005117898
        0.0000758979  -0.0000503928  -0.0002288952  -0.0000214660  -0.0000060557
        0.0000930811  -0.0004928864   0.0002956868  -0.0006244919   0.0001124208
        0.0000647304  -0.0000741376   0.0005598939  -0.0015214235   0.0002299223
        0.0008904686  -0.0004213943   0.0002574241  -0.0001068193   0.0286305315
        0.0017665970  -0.0182915327  -0.0001143369  -0.0006778635   0.0016315812
       -0.0400736269  -0.0659368908  -0.0705177331  -0.0243290954   0.0211333251
       -0.2776540659
        0.0004228137  -0.0000228079  -0.0000432651  -0.0001528498  -0.0003937360
       -0.0001367071  -0.0024367549   0.0026397754   0.0007239996  -0.0192338399
        0.0199417253  -0.0025077986  -0.0409612257   0.0438256425  -0.0138076847
        0.0734912764  -0.0775836554   0.0176383703  -0.0000773430  -0.0003028624
        0.0000330078   0.0000787071  -0.0003078331   0.0001492501   0.0002258420
       -0.0004880740   0.0000964036   0.0001991540  -0.0001515492   0.0000396272
        0.0000409955  -0.0001135888   0.0000949078  -0.0002212084   0.0003354871
       -0.0006404543  -0.0022115713  -0.0011026190  -0.0001019036   0.0002240058
        0.0001751431   0.0001568547  -0.0051281135   0.0003483083   0.0017116805
        0.0012381621   0.0026473554  -0.0000329687  -0.0054980501   0.0105532887
       -0.0033733196
       -0.0002346402  -0.0001222830   0.0000764591  -0.0002850513   0.0003299561
        0.0002015447  -0.0015526396   0.0003855095  -0.0005880940   0.0122160207
       -0.0081369632  -0.0008147005   0.0411729871  -0.0841960275   0.0198565734
       -0.0775836554   0.1256525166  -0.0276776349   0.0003110122  -0.0001657975
        0.0000398565   0.0001979721  -0.0001839008  -0.0000614191   0.0002583974
        0.0002667287   0.0000312828   0.0000196254   0.0000274193  -0.0001141335
       -0.0001886852  -0.0002988673  -0.0001222647   0.0000692119  -0.0004500107
        0.0004964577  -0.0008589696   0.0014530196  -0.0000861882  -0.0004164973
        0.0008078757  -0.0006838049   0.0024431558   0.0004820250  -0.0011134854
        0.0161886744  -0.0239561290   0.0065113860   0.0082430816  -0.0118950712
        0.0040481650
        0.0000144634   0.0000405961   0.0001213817  -0.0004235068   0.0003249735
       -0.0005520348   0.0000945248  -0.0002314664   0.0007464886   0.0025216953
       -0.0045181041   0.0021234382  -0.0122848147   0.0183334576  -0.0214922945
        0.0176383703  -0.0276776349   0.0191539741   0.0003258018  -0.0005614072
       -0.0000695718  -0.0001880221   0.0001470276  -0.0002382794   0.0000185409
       -0.0000226268   0.0005221988  -0.0001409768   0.0002742403   0.0000297097
        0.0000729011  -0.0000470756  -0.0004313550   0.0001966310  -0.0002902529
       -0.0003377610  -0.0003847264  -0.0001304300   0.0005443354   0.0006128103
       -0.0006580728   0.0004207563   0.0015587322  -0.0004027076  -0.0001712475
        0.0016804588  -0.0019124253   0.0019432082  -0.0113128831   0.0173319085
       -0.0023129470
       -0.0496621117   0.0081615117  -0.0474039302  -0.0031094537   0.0004330474
       -0.0159861273   0.0009327151   0.0007410129  -0.0004947187  -0.0000391406
       -0.0001215632  -0.0000075433  -0.0000990747  -0.0002042929  -0.0001306019
       -0.0000773430   0.0003110122   0.0003258018   0.0497851716  -0.0073677166
        0.0528881278   0.0043851264  -0.0042765080   0.0251379034  -0.0009068609
        0.0052675438  -0.0140823933  -0.0012285480  -0.0027804388  -0.0014458409
        0.0005590041   0.0004258032   0.0003380664  -0.0003477366  -0.0007122277
        0.0006633284  -0.0005064005   0.0001594096  -0.0001441100   0.0001315311
        0.0000213331   0.0001743733   0.0000892759   0.0000842423   0.0000255340
        0.0000994064  -0.0000263573   0.0000581776  -0.0000055611  -0.0001158118
        0.0000839527
        0.0087360194  -0.0510171550   0.0518059091  -0.0032780257   0.0028315745
       -0.0196300905   0.0000321570   0.0004027534  -0.0003588367   0.0001100133
       -0.0001035491   0.0002009150   0.0002080783   0.0002481348   0.0005117898
       -0.0003028624  -0.0001657975  -0.0005614072  -0.0073677166   0.0538823654
       -0.0567605704  -0.0003138155   0.0023572322   0.0018002683   0.0058574186
       -0.0054293252   0.0257817417  -0.0029961512  -0.0029337516  -0.0023795561
       -0.0003989930   0.0001038958  -0.0010774430  -0.0004055703   0.0000373662
        0.0003490517   0.0002000242  -0.0002825530   0.0002249675   0.0000234976
        0.0000166992   0.0000419960  -0.0000737922  -0.0000045401  -0.0000629359
        0.0000103196   0.0000176598   0.0000654207  -0.0000406011   0.0000389903
        0.0000487799
       -0.0476664971   0.0513645023  -0.3389332427  -0.0051049678  -0.0036156325
       -0.0124313554   0.0000564461   0.0003985150   0.0012880932   0.0005316005
        0.0001364784  -0.0000617627   0.0000117510   0.0000268885   0.0000758979
        0.0000330078   0.0000398565  -0.0000695718   0.0528881278  -0.0567605704
        0.3719785370   0.0037425217   0.0037539140  -0.0176399059  -0.0032114644
        0.0065018686  -0.0050188180  -0.0012651223  -0.0022443885   0.0000302713
        0.0001265957   0.0003970427   0.0005376094  -0.0001685089  -0.0000042373
        0.0002677192   0.0000022632  -0.0000045800  -0.0001428744   0.0000396909
        0.0000099842   0.0000172139  -0.0000922389  -0.0000204836  -0.0000076910
        0.0000638243  -0.0000013594   0.0000643464   0.0000129702   0.0000222015
        0.0000455337
       -0.2860363011  -0.0103861207   0.1298665718  -0.0138390070  -0.0039311266
        0.0044841014  -0.0012716962  -0.0022753926  -0.0012047145  -0.0002603636
       -0.0001144285   0.0003224611  -0.0002065070  -0.0003115092  -0.0000503928
        0.0000787071   0.0001979721  -0.0001880221   0.0043851264  -0.0003138155
        0.0037425217   0.3120537149   0.0115730891  -0.1443039563  -0.0154475175
        0.0054276714   0.0076022054  -0.0000752830   0.0000021938   0.0002015450
        0.0005354819   0.0003807810   0.0001029107  -0.0000352516   0.0000494279
       -0.0004817100   0.0002309095  -0.0002846046  -0.0000941815   0.0000001501
       -0.0000539111   0.0000229916  -0.0000668971   0.0000710761   0.0000249146
       -0.0000282742  -0.0000461662   0.0000121504  -0.0000169914   0.0000148636
       -0.0000593964
       -0.0091890743  -0.0411717647   0.0051719355  -0.0164302136  -0.0015144179
        0.0076417776  -0.0025466768  -0.0029589545  -0.0017504618  -0.0008336155
        0.0003555115   0.0003801013   0.0001453976  -0.0001116135  -0.0002288952
       -0.0003078331  -0.0001839008   0.0001470276  -0.0042765080   0.0023572322
        0.0037539140   0.0115730891   0.0431438411  -0.0040001677   0.0231864651
        0.0003767857  -0.0113741669  -0.0003944309   0.0003771328   0.0000570474
       -0.0010264737  -0.0004825110   0.0003389324   0.0001605438  -0.0000507493
       -0.0001201779   0.0001171914  -0.0001188611   0.0000207454  -0.0000532264
        0.0000661037   0.0000214862  -0.0000367423  -0.0000748693  -0.0000164088
       -0.0000999013   0.0000421414  -0.0000098198   0.0000120089  -0.0000511065
       -0.0000328692
        0.1309286866   0.0058416402  -0.1105736782  -0.0076252175   0.0004843004
        0.0051332324  -0.0015708392  -0.0019260528  -0.0006240900  -0.0004102297
       -0.0000047393   0.0006412943  -0.0002227403  -0.0001298757  -0.0000214660
        0.0001492501  -0.0000614191  -0.0002382794   0.0251379034   0.0018002683
       -0.0176399059  -0.1443039563  -0.0040001677   0.1192649879  -0.0004648840
       -0.0014961586   0.0034350070  -0.0012569147  -0.0004437199   0.0001407289
       -0.0002599239  -0.0002355662   0.0004494511  -0.0000219833   0.0000348876
        0.0000846963   0.0000260309   0.0001420868  -0.0000976302  -0.0000328551
       -0.0000012284  -0.0000104030  -0.0000342092  -0.0000319538   0.0000048546
       -0.0000387689  -0.0000126580   0.0000742183   0.0000006510   0.0000403562
       -0.0000230181
       -0.1097883745   0.1282806761  -0.0162967149   0.0082868867  -0.0125436907
        0.0019969158   0.0013169332  -0.0006750178   0.0000383302  -0.0003212193
       -0.0000847671  -0.0000008655  -0.0003835884  -0.0001924049  -0.0000060557
        0.0002258420   0.0002583974   0.0000185409  -0.0009068609   0.0058574186
       -0.0032114644  -0.0154475175   0.0231864651  -0.0004648840   0.1185530376
       -0.1407416856   0.0192943042   0.0004461130  -0.0003628860   0.0000230808
       -0.0012025214  -0.0031106369  -0.0013492420  -0.0002457027  -0.0000714181
        0.0000841985  -0.0006701804   0.0000611741  -0.0001004658   0.0000873455
        0.0000100735   0.0000139290   0.0000042786   0.0001941559  -0.0000325406
        0.0000460342  -0.0000026522   0.0000097279  -0.0000005057  -0.0000632015
       -0.0000167944
        0.1276570607  -0.2841976877   0.0308152368   0.0052684959  -0.0222045301
       -0.0012797789   0.0003853144   0.0011526285   0.0006162104   0.0004317306
        0.0001322819  -0.0001886717   0.0002584644   0.0000210255   0.0000930811
       -0.0004880740   0.0002667287  -0.0000226268   0.0052675438  -0.0054293252
        0.0065018686   0.0054276714   0.0003767857  -0.0014961586  -0.1407416856
        0.3123246718  -0.0332868643   0.0001909327   0.0003431567   0.0004786965
       -0.0028528067  -0.0026447056  -0.0022863768  -0.0000237082  -0.0002881989
        0.0000463856  -0.0008556674  -0.0000033386   0.0002216846  -0.0000347438
        0.0000734905  -0.0000029793   0.0000385713   0.0001544311  -0.0001201970
        0.0000659700   0.0000453504  -0.0000799559   0.0000049303  -0.0001227646
       -0.0000095541
       -0.0160052157   0.0311854854  -0.0462626657   0.0047657558  -0.0091884118
        0.0013478527  -0.0003761578  -0.0001587938   0.0002128055   0.0000441751
        0.0002537541  -0.0000585819  -0.0000239060  -0.0001298240  -0.0004928864
        0.0000964036   0.0000312828   0.0005221988  -0.0140823933   0.0257817417
       -0.0050188180   0.0076022054  -0.0113741669   0.0034350070   0.0192943042
       -0.0332868643   0.0464627813   0.0001088500  -0.0010912435   0.0001082086
       -0.0015004579  -0.0023686479  -0.0002508975  -0.0000002653   0.0004024610
       -0.0004798280   0.0001157829   0.0001201572   0.0004746855  -0.0000693939
       -0.0001043849   0.0000172479  -0.0000045781  -0.0001160049   0.0000001069
       -0.0000069206   0.0000235289   0.0000050457   0.0000418117   0.0000199309
       -0.0000222623
       -0.0059010113  -0.0016580401  -0.0194548435  -0.0458997732   0.0073839732
       -0.0267359456  -0.0004497187  -0.0056095367   0.0260982698   0.0008590257
        0.0004529213   0.0009863587  -0.0002676595   0.0000492973   0.0002956868
        0.0001991540   0.0000196254  -0.0001409768  -0.0012285480  -0.0029961512
       -0.0012651223  -0.0000752830  -0.0003944309  -0.0012569147   0.0004461130
        0.0001909327   0.0001088500   0.0579542389  -0.0029623293   0.0344301360
       -0.0013386392   0.0065241606  -0.0160029676  -0.0046040623  -0.0006170519
        0.0032620704   0.0010173963  -0.0003115077   0.0003501539  -0.0006755003
       -0.0001953723  -0.0004075431  -0.0001722825   0.0001112510  -0.0002361275
       -0.0000243492   0.0000350456   0.0000517611   0.0001608993  -0.0000227871
       -0.0000828454
       -0.0076098819  -0.0004600193  -0.0256963779   0.0094425748  -0.0517028644
        0.0431815110  -0.0008876117   0.0002604131   0.0020044435   0.0001145446
        0.0005633786   0.0003788831   0.0000689242  -0.0000712324  -0.0006244919
       -0.0001515492   0.0000274193   0.0002742403  -0.0027804388  -0.0029337516
       -0.0022443885   0.0000021938   0.0003771328  -0.0004437199  -0.0003628860
        0.0003431567  -0.0010912435  -0.0029623293   0.0604242078  -0.0423007505
        0.0061696310  -0.0076968471   0.0272509091  -0.0008358269   0.0009565839
       -0.0002364689   0.0002025285   0.0003368279  -0.0009160726  -0.0005285083
       -0.0002543638  -0.0001350449   0.0001323131  -0.0003865064   0.0005681252
       -0.0000187635   0.0000118065   0.0000954718   0.0000050854   0.0002046583
       -0.0000650255
       -0.0062900123  -0.0022571346  -0.0163288611  -0.0300089455   0.0372376970
       -0.2633754682   0.0036943254   0.0037998757  -0.0174078810  -0.0004707091
        0.0000559661   0.0008342730  -0.0001325697  -0.0000567606   0.0001124208
        0.0000396272  -0.0001141335   0.0000297097  -0.0014458409  -0.0023795561
        0.0000302713   0.0002015450   0.0000570474   0.0001407289   0.0000230808
        0.0004786965   0.0001082086   0.0344301360  -0.0423007505   0.3038494777
       -0.0026583513   0.0053282055  -0.0072424447   0.0031082080  -0.0001857410
       -0.0013039411  -0.0005861222  -0.0000379071   0.0005881151   0.0003305549
        0.0002851210   0.0002902923  -0.0000641731   0.0002155833  -0.0003657921
       -0.0000850236   0.0000134668   0.0000132296  -0.0000857295  -0.0001396758
        0.0000276613
        0.0056516101  -0.0178034952   0.0000857657  -0.0968697089   0.1028354808
       -0.0111267372  -0.0191343630   0.0219074363  -0.0003885254   0.0007878384
        0.0009122233   0.0001360170   0.0000424860   0.0001875079   0.0000647304
        0.0000409955  -0.0001886852   0.0000729011   0.0005590041  -0.0003989930
        0.0001265957   0.0005354819  -0.0010264737  -0.0002599239  -0.0012025214
       -0.0028528067  -0.0015004579  -0.0013386392   0.0061696310  -0.0026583513
        0.1155539194  -0.1089031510   0.0131061798   0.0010023259   0.0001435845
       -0.0006374503  -0.0049911586  -0.0001929810   0.0030660655  -0.0002693184
        0.0001699163  -0.0001337624  -0.0004038212  -0.0010863512   0.0000333653
       -0.0000259146   0.0000469760   0.0000098110   0.0000617841   0.0000801809
        0.0000037770
        0.0060006837  -0.0292244530  -0.0007518195   0.0967812316  -0.2146890453
        0.0193658148   0.0031196860  -0.0000556273  -0.0010724061  -0.0004908936
        0.0011535456   0.0004138440  -0.0000372463   0.0000747714  -0.0000741376
       -0.0001135888  -0.0002988673  -0.0000470756   0.0004258032   0.0001038958
        0.0003970427   0.0003807810  -0.0004825110  -0.0002355662  -0.0031106369
       -0.0026447056  -0.0023686479   0.0065241606  -0.0076968471   0.0053282055
       -0.1089031510   0.2529579148  -0.0209969605  -0.0003017627   0.0004282901
       -0.0000599149  -0.0001247139   0.0004642260  -0.0003169116   0.0001580801
       -0.0002502550   0.0001657176  -0.0001589709  -0.0000075473   0.0001633759
       -0.0000906600   0.0000536605   0.0000694719  -0.0000588020   0.0001135548
        0.0000199675
        0.0041549570  -0.0139311139   0.0007054660  -0.0116394608   0.0229816595
       -0.0489707080   0.0084962613  -0.0108611429   0.0015415548  -0.0001453769
       -0.0002764997   0.0004121109  -0.0000878400   0.0000929594   0.0005598939
        0.0000949078  -0.0001222647  -0.0004313550   0.0003380664  -0.0010774430
        0.0005376094   0.0001029107   0.0003389324   0.0004494511  -0.0013492420
       -0.0022863768  -0.0002508975  -0.0160029676   0.0272509091  -0.0072424447
        0.0131061798  -0.0209969605   0.0529571367   0.0003641717  -0.0008886441
        0.0004748108   0.0028961244  -0.0005176967  -0.0003176232  -0.0002770716
        0.0004582239  -0.0003047520  -0.0001578165   0.0000751802  -0.0000518219
       -0.0000344123  -0.0000281537  -0.0000158313   0.0001406087  -0.0002115686
       -0.0000526001
        0.0009955518   0.0007133198   0.0003340855  -0.0007275758  -0.0053647297
        0.0286258075  -0.0473443514   0.0068660564  -0.0295955418  -0.0043013691
        0.0002951319  -0.0174724467   0.0007449063   0.0001161949  -0.0015214235
       -0.0002212084   0.0000692119   0.0001966310  -0.0003477366  -0.0004055703
       -0.0001685089  -0.0000352516   0.0001605438  -0.0000219833  -0.0002457027
       -0.0000237082  -0.0000002653  -0.0046040623  -0.0008358269   0.0031082080
        0.0010023259  -0.0003017627   0.0003641717   0.0582837214  -0.0043832717
        0.0328819004  -0.0018829499   0.0059892725  -0.0163772527  -0.0016363896
       -0.0030568002  -0.0015998539   0.0005745236   0.0005292681   0.0005779417
        0.0002120625   0.0000010367   0.0001975964  -0.0004664941  -0.0003683665
        0.0004709338
        0.0002625995   0.0001074707   0.0004167628  -0.0010644747  -0.0000655059
        0.0019026647   0.0067661728  -0.0512683774   0.0364385218  -0.0051838801
        0.0016810433  -0.0219442048   0.0002041216   0.0007709323   0.0002299223
        0.0003354871  -0.0004500107  -0.0002902529  -0.0007122277   0.0000373662
       -0.0000042373   0.0000494279  -0.0000507493   0.0000348876  -0.0000714181
       -0.0002881989   0.0004024610  -0.0006170519   0.0009565839  -0.0001857410
        0.0001435845   0.0004282901  -0.0008886441  -0.0043832717   0.0584627394
       -0.0421563306   0.0071698201  -0.0086222999   0.0291447598  -0.0030430564
       -0.0025678604  -0.0026154131   0.0000752866   0.0008838449  -0.0007135946
        0.0001649821  -0.0000202970  -0.0000150814  -0.0000961015   0.0000050288
        0.0002435199
       -0.0006684515  -0.0000853794   0.0012726201   0.0029086825   0.0035117426
       -0.0194095379  -0.0282861186   0.0369691244  -0.2580038351  -0.0050400536
       -0.0014150828  -0.0155495195   0.0004495650   0.0002134633   0.0008904686
       -0.0006404543   0.0004964577  -0.0003377610   0.0006633284   0.0003490517
        0.0002677192  -0.0004817100  -0.0001201779   0.0000846963   0.0000841985
        0.0000463856  -0.0004798280   0.0032620704  -0.0002364689  -0.0013039411
       -0.0006374503  -0.0000599149   0.0004748108   0.0328819004  -0.0421563306
        0.3004448422  -0.0033319821   0.0049521265  -0.0082987370  -0.0015456734
       -0.0027031843  -0.0011007113   0.0003816695   0.0002717463   0.0004137858
        0.0003301015  -0.0000191698   0.0002233665  -0.0003296224  -0.0000143895
        0.0004115613
        0.0012517476   0.0005621967  -0.0000998078  -0.0205430930   0.0242710570
        0.0001787798  -0.0933220665   0.0931194901  -0.0108491784   0.0066486728
       -0.0131576344   0.0018175144   0.0008797615  -0.0000433283  -0.0004213943
       -0.0022115713  -0.0008589696  -0.0003847264  -0.0005064005   0.0002000242
        0.0000022632   0.0002309095   0.0001171914   0.0000260309  -0.0006701804
       -0.0008556674   0.0001157829   0.0010173963   0.0002025285  -0.0005861222
       -0.0049911586  -0.0001247139   0.0028961244  -0.0018829499   0.0071698201
       -0.0033319821   0.1151663640  -0.1081285238   0.0113017273   0.0005463571
        0.0001139942   0.0003197965  -0.0015030931  -0.0027121395  -0.0009136133
       -0.0000434172   0.0001898492  -0.0001258101  -0.0000672784  -0.0000651743
        0.0000546150
       -0.0006484057   0.0011236390   0.0004230583   0.0029474969  -0.0007658790
       -0.0009169465   0.0954537392  -0.2137797683   0.0193165225   0.0070664363
       -0.0259855657   0.0000503025   0.0006629007  -0.0003827482   0.0002574241
       -0.0011026190   0.0014530196  -0.0001304300   0.0001594096  -0.0002825530
       -0.0000045800  -0.0002846046  -0.0001188611   0.0001420868   0.0000611741
       -0.0000033386   0.0001201572  -0.0003115077   0.0003368279  -0.0000379071
       -0.0001929810   0.0004642260  -0.0005176967   0.0059892725  -0.0086222999
        0.0049521265  -0.1081285238   0.2500067687  -0.0217155631   0.0005491489
        0.0007923750   0.0003273946  -0.0027238664  -0.0038815367  -0.0024455529
        0.0003746644   0.0001340393   0.0000165257   0.0001282658  -0.0004883450
        0.0001630781
       -0.0005956201   0.0000115188  -0.0000114317   0.0091318458  -0.0124161926
        0.0010189004  -0.0104481051   0.0188944544  -0.0485090466   0.0043275909
       -0.0108554726   0.0014141882   0.0003461976   0.0004162928  -0.0001068193
       -0.0001019036  -0.0000861882   0.0005443354  -0.0001441100   0.0002249675
       -0.0001428744  -0.0000941815   0.0000207454  -0.0000976302  -0.0001004658
        0.0002216846   0.0004746855   0.0003501539  -0.0009160726   0.0005881151
        0.0030660655  -0.0003169116  -0.0003176232  -0.0163772527   0.0291447598
       -0.0082987370   0.0113017273  -0.0217155631   0.0532118345   0.0004930170
       -0.0006164290   0.0003989555  -0.0010541278  -0.0023777886   0.0000836326
       -0.0000081395   0.0000890275  -0.0001067569  -0.0000926918   0.0002771676
       -0.0001437280
        0.0001538334   0.0001358287   0.0003281156   0.0005984413  -0.0000494059
       -0.0011105824  -0.0043553639   0.0000904691  -0.0172694956  -0.0472462482
        0.0062088127  -0.0295367711  -0.0011892344  -0.0037962219   0.0286305315
        0.0002240058  -0.0004164973   0.0006128103   0.0001315311   0.0000234976
        0.0000396909   0.0000001501  -0.0000532264  -0.0000328551   0.0000873455
       -0.0000347438  -0.0000693939  -0.0006755003  -0.0005285083   0.0003305549
       -0.0002693184   0.0001580801  -0.0002770716  -0.0016363896  -0.0030430564
       -0.0015456734   0.0005463571   0.0005491489   0.0004930170   0.0595302162
       -0.0044088351   0.0318889696  -0.0019256414   0.0059241619  -0.0161981462
        0.0004559776   0.0001678201   0.0002646375  -0.0044301618  -0.0009273238
        0.0034516621
        0.0000237454   0.0000792989  -0.0000441068   0.0003709235   0.0005060488
       -0.0007495731  -0.0053939598   0.0013882117  -0.0220938944   0.0052653323
       -0.0511135228   0.0342945472   0.0008696996  -0.0005978648   0.0017665970
        0.0001751431   0.0008078757  -0.0006580728   0.0000213331   0.0000166992
        0.0000099842  -0.0000539111   0.0000661037  -0.0000012284   0.0000100735
        0.0000734905  -0.0001043849  -0.0001953723  -0.0002543638   0.0002851210
        0.0001699163  -0.0002502550   0.0004582239  -0.0030568002  -0.0025678604
       -0.0027031843   0.0001139942   0.0007923750  -0.0006164290  -0.0044088351
        0.0583674440  -0.0388591239   0.0067660677  -0.0083659250   0.0287934008
        0.0000369326  -0.0000519365   0.0003978378  -0.0007142828   0.0011041807
       -0.0001757141
        0.0001993062   0.0001403238   0.0003081872   0.0003960684   0.0003197004
        0.0007171405  -0.0053345730  -0.0013971133  -0.0159255402  -0.0284659483
        0.0335738266  -0.2529295196   0.0030649194   0.0033256318  -0.0182915327
        0.0001568547  -0.0006838049   0.0004207563   0.0001743733   0.0000419960
        0.0000172139   0.0000229916   0.0000214862  -0.0000104030   0.0000139290
       -0.0000029793   0.0000172479  -0.0004075431  -0.0001350449   0.0002902923
       -0.0001337624   0.0001657176  -0.0003047520  -0.0015998539  -0.0026154131
       -0.0011007113   0.0003197965   0.0003273946   0.0003989555   0.0318889696
       -0.0388591239   0.2955039016  -0.0031948424   0.0049163959  -0.0080389616
       -0.0003299895   0.0002852942   0.0002290884   0.0032293038   0.0005757123
       -0.0013013631
       -0.0000108315   0.0000387470   0.0000133486   0.0010034860  -0.0010855966
       -0.0004060926   0.0058552246  -0.0140244046   0.0011652588  -0.0931223947
        0.0929255875  -0.0102587994  -0.0178485416   0.0205969185  -0.0001143369
       -0.0051281135   0.0024431558   0.0015587322   0.0000892759  -0.0000737922
       -0.0000922389  -0.0000668971  -0.0000367423  -0.0000342092   0.0000042786
        0.0000385713  -0.0000045781  -0.0001722825   0.0001323131  -0.0000641731
       -0.0004038212  -0.0001589709  -0.0001578165   0.0005745236   0.0000752866
        0.0003816695  -0.0015030931  -0.0027238664  -0.0010541278  -0.0019256414
        0.0067660677  -0.0031948424   0.1119993774  -0.1054686206   0.0127157187
        0.0001997067   0.0005036899  -0.0002771233   0.0004557439   0.0000516561
       -0.0001763897
        0.0000276381   0.0004313782   0.0000828404   0.0007562272   0.0002690873
       -0.0001063609   0.0071801309  -0.0261108601   0.0003824373   0.0915290578
       -0.2059470769   0.0187824087   0.0031301989  -0.0009293559  -0.0006778635
        0.0003483083   0.0004820250  -0.0004027076   0.0000842423  -0.0000045401
       -0.0000204836   0.0000710761  -0.0000748693  -0.0000319538   0.0001941559
        0.0001544311  -0.0001160049   0.0001112510  -0.0003865064   0.0002155833
       -0.0010863512  -0.0000075473   0.0000751802   0.0005292681   0.0008838449
        0.0002717463  -0.0027121395  -0.0038815367  -0.0023777886   0.0059241619
       -0.0083659250   0.0049163959  -0.1054686206   0.2424065831  -0.0210816136
       -0.0003838962   0.0008212647   0.0002384367  -0.0002347091   0.0002596034
       -0.0001502523
        0.0000935279  -0.0001110695  -0.0000094979   0.0002083553   0.0000278507
        0.0003374578   0.0040774191  -0.0112468335   0.0011077709  -0.0097481318
        0.0175281767  -0.0473269544   0.0079390666  -0.0096385433   0.0016315812
        0.0017116805  -0.0011134854  -0.0001712475   0.0000255340  -0.0000629359
       -0.0000076910   0.0000249146  -0.0000164088   0.0000048546  -0.0000325406
       -0.0001201970   0.0000001069  -0.0002361275   0.0005681252  -0.0003657921
        0.0000333653   0.0001633759  -0.0000518219   0.0005779417  -0.0007135946
        0.0004137858  -0.0009136133  -0.0024455529   0.0000836326  -0.0161981462
        0.0287934008  -0.0080389616   0.0127157187  -0.0210816136   0.0519676622
       -0.0004033884  -0.0001749871   0.0003731585   0.0001244243  -0.0003557077
        0.0000519557
       -0.0006265561  -0.0004001272   0.0001587201  -0.0002420288  -0.0007944829
       -0.0005169687  -0.0047474739  -0.0003881973   0.0029543695  -0.0172575003
       -0.0198658987  -0.0073103652  -0.0997527754  -0.0965551232  -0.0400736269
        0.0012381621   0.0161886744   0.0016804588   0.0000994064   0.0000103196
        0.0000638243  -0.0000282742  -0.0000999013  -0.0000387689   0.0000460342
        0.0000659700  -0.0000069206  -0.0000243492  -0.0000187635  -0.0000850236
       -0.0000259146  -0.0000906600  -0.0000344123   0.0002120625   0.0001649821
        0.0003301015  -0.0000434172   0.0003746644  -0.0000081395   0.0004559776
        0.0000369326  -0.0003299895   0.0001997067  -0.0003838962  -0.0004033884
        0.1220728749   0.1059542562   0.0469488662  -0.0015759347  -0.0041987491
       -0.0033287367
       -0.0002164312   0.0002242688   0.0000486162  -0.0002065887  -0.0002802978
       -0.0002602069  -0.0011082771   0.0008486037   0.0007975738  -0.0033683720
       -0.0029902600  -0.0013225678  -0.1030398525  -0.1874559409  -0.0659368908
        0.0026473554  -0.0239561290  -0.0019124253  -0.0000263573   0.0000176598
       -0.0000013594  -0.0000461662   0.0000421414  -0.0000126580  -0.0000026522
        0.0000453504   0.0000235289   0.0000350456   0.0000118065   0.0000134668
        0.0000469760   0.0000536605  -0.0000281537   0.0000010367  -0.0000202970
       -0.0000191698   0.0001898492   0.0001340393   0.0000890275   0.0001678201
       -0.0000519365   0.0002852942   0.0005036899   0.0008212647  -0.0001749871
        0.1059542562   0.2117743421   0.0712741807  -0.0015313319   0.0007817243
       -0.0028632694
        0.0002362339   0.0000763104   0.0002024558   0.0001039608   0.0001555211
        0.0004153867   0.0022970423   0.0002764290  -0.0007528675   0.0067182660
        0.0095899356   0.0041369920  -0.0396107512  -0.0632682445  -0.0705177331
       -0.0000329687   0.0065113860   0.0019432082   0.0000581776   0.0000654207
        0.0000643464   0.0000121504  -0.0000098198   0.0000742183   0.0000097279
       -0.0000799559   0.0000050457   0.0000517611   0.0000954718   0.0000132296
        0.0000098110   0.0000694719  -0.0000158313   0.0001975964  -0.0000150814
        0.0002233665  -0.0001258101   0.0000165257  -0.0001067569   0.0002646375
        0.0003978378   0.0002290884  -0.0002771233   0.0002384367   0.0003731585
        0.0469488662   0.0712741807   0.0792120714  -0.0168615778  -0.0253938256
       -0.0154993788
        0.0000213078  -0.0000959499  -0.0000451118  -0.0001292841   0.0000876883
       -0.0002091851   0.0011085934   0.0004930024   0.0010131331  -0.0003663800
       -0.0024053857   0.0267519146  -0.0418621004  -0.0016846507  -0.0243290954
       -0.0054980501   0.0082430816  -0.0113128831  -0.0000055611  -0.0000406011
        0.0000129702  -0.0000169914   0.0000120089   0.0000006510  -0.0000005057
        0.0000049303   0.0000418117   0.0001608993   0.0000050854  -0.0000857295
        0.0000617841  -0.0000588020   0.0001406087  -0.0004664941  -0.0000961015
       -0.0003296224  -0.0000672784   0.0001282658  -0.0000926918  -0.0044301618
       -0.0007142828   0.0032293038   0.0004557439  -0.0002347091   0.0001244243
       -0.0015759347  -0.0015313319  -0.0168615778   0.0526104134  -0.0021122479
        0.0219510796
        0.0000533250   0.0001141777   0.0000625031  -0.0001034159  -0.0003544628
        0.0000820464   0.0003786976   0.0004797591   0.0005092268  -0.0001379479
        0.0002676661   0.0024853194  -0.0030169862  -0.0389860199   0.0211333251
        0.0105532887  -0.0118950712   0.0173319085  -0.0001158118   0.0000389903
        0.0000222015   0.0000148636  -0.0000511065   0.0000403562  -0.0000632015
       -0.0001227646   0.0000199309  -0.0000227871   0.0002046583  -0.0001396758
        0.0000801809   0.0001135548  -0.0002115686  -0.0003683665   0.0000050288
       -0.0000143895  -0.0000651743  -0.0004883450   0.0002771676  -0.0009273238
        0.0011041807   0.0005757123   0.0000516561   0.0002596034  -0.0003557077
       -0.0041987491   0.0007817243  -0.0253938256  -0.0021122479   0.0485284265
       -0.0164245305
       -0.0001145290  -0.0000565040   0.0002349181  -0.0002954054  -0.0001238867
        0.0000935705  -0.0007875573  -0.0001522579   0.0010227508   0.0030615416
        0.0008589458  -0.0172445206  -0.0208425880   0.0146714075  -0.2776540659
       -0.0033733196   0.0040481650  -0.0023129470   0.0000839527   0.0000487799
        0.0000455337  -0.0000593964  -0.0000328692  -0.0000230181  -0.0000167944
       -0.0000095541  -0.0000222623  -0.0000828454  -0.0000650255   0.0000276613
        0.0000037770   0.0000199675  -0.0000526001   0.0004709338   0.0002435199
        0.0004115613   0.0000546150   0.0001630781  -0.0001437280   0.0034516621
       -0.0001757141  -0.0013013631  -0.0001763897  -0.0001502523   0.0000519557
       -0.0033287367  -0.0028632694  -0.0154993788   0.0219510796  -0.0164245305
        0.3123659326
