           1           2  0.96548106990219673     
           2           3   1.0146236750407209     
           3           4   1.0063084460458143     
           4           5   1.0126443382366048     
           5           6  0.94607720502984671     
           1           8  0.90096747672966226     
           1           9  0.88037063310680286     
           1          10  0.87636801687148091     
           2          11  0.95619463917981373     
           2          12  0.95878647490149649     
           3          13  0.96742407816389231     
           3          14  0.96737696158093389     
           4          15  0.96534380749790061     
           4          16  0.96844309872403045     
           5          17  0.97754858375093856     
           5          18  0.97830242075197904     
