           1           2  0.92506421305126185     
           2           3  0.99059417400376282     
           3           4  0.99309675697283795     
           4           5   1.0054099772637117     
           5           6   1.0085590079111484     
           6           7   1.0085057731122258     
           3           8  0.99307434229986125     
           7           8   1.0054572939998374     
           1           9  0.90490218703835879     
           1          10  0.90490075802470060     
           1          11  0.91399906022080013     
           2          12  0.96633662448366919     
           2          13  0.96635621625664014     
           3          14  0.95350084227653409     
           4          15  0.97614836068620014     
           4          16  0.97346954178402745     
           5          17  0.97610859257841565     
           5          18  0.97456791877673821     
           6          19  0.97486075717688270     
           6          20  0.97737284603645158     
           7          21  0.97610972113798877     
           7          22  0.97457146369694914     
           8          23  0.97613628392166596     
           8          24  0.97347175325010937     
