$hessian                                                                        
        0.4508116829   0.0036543482   0.0136430368  -0.1552871628   0.0054667870
        0.0186829461  -0.0265133821  -0.0017279887  -0.0048405531  -0.0007566979
       -0.0018878622  -0.0060681477  -0.0002661101   0.0009168796  -0.0008183589
       -0.0005082036   0.0005048625   0.0004722633   0.0013507087  -0.0000409633
       -0.0002031303  -0.0004512319  -0.0000067915   0.0000013120  -0.0005226041
       -0.0001156179   0.0006905469  -0.0002861917  -0.0012410487  -0.0001076606
       -0.0692574838   0.0828632115   0.0199936650  -0.0681079614  -0.0555548788
        0.0622356245  -0.0950404226  -0.0348783819  -0.1108033170  -0.0187097672
       -0.0012159273   0.0034152488  -0.0189398304   0.0027703998   0.0021874650
        0.0012926695   0.0004235820   0.0007605169   0.0013324826   0.0001133654
        0.0008872445   0.0000562427   0.0000340752  -0.0001464203  -0.0001248736
       -0.0000100405   0.0000683653  -0.0001281584   0.0000496622   0.0000564220
        0.0000562952  -0.0001176725  -0.0001070692
        0.0036543482   0.6127804307   0.0002838009   0.0034705196  -0.0703216049
        0.0003051420  -0.0083451544   0.0008319855  -0.0001415411  -0.0009073666
       -0.0000525729  -0.0014308181  -0.0001626873   0.0001078468  -0.0000590195
       -0.0000646115  -0.0001244680   0.0000374144   0.0001653892   0.0003990201
       -0.0000624126  -0.0001048251  -0.0000740603  -0.0000084853  -0.0001381410
       -0.0001058912   0.0001736991  -0.0000094726  -0.0001574370   0.0001465097
        0.0869987645  -0.3083913495  -0.0656560205  -0.0579500612  -0.1672602267
        0.1392068044  -0.0358110947  -0.0675280716  -0.0723513058  -0.0196197665
        0.0001945198   0.0028328273   0.0292492755  -0.0018082425  -0.0034698093
        0.0005922606   0.0003201731  -0.0000404749  -0.0009993361   0.0009170626
        0.0003955263   0.0000453021   0.0001445399   0.0000081870  -0.0000073478
        0.0000319094   0.0000132420  -0.0000299908   0.0000184505  -0.0000074358
       -0.0000260038   0.0000779863  -0.0001758303
        0.0136430368   0.0002838009   0.6130770740   0.0122479445   0.0002573044
       -0.0697662239  -0.0259059042  -0.0002757469   0.0006031997  -0.0027696646
       -0.0013923691  -0.0040077172  -0.0002855473   0.0004569435  -0.0000018977
       -0.0003184405   0.0001685722   0.0001764451   0.0005264799  -0.0000503846
        0.0002264676  -0.0003115409  -0.0000172767  -0.0000993605  -0.0003016731
        0.0000493930   0.0001811770  -0.0003679144  -0.0003661166   0.0002322901
        0.0217282114  -0.0656977211  -0.0612388997   0.0660158199   0.1392699657
       -0.2033385590  -0.1137706933  -0.0723474526  -0.2744381761   0.0232813027
       -0.0001074687  -0.0029609459   0.0078335884  -0.0004057436  -0.0006702586
       -0.0008394312  -0.0004725148   0.0013973612  -0.0003780564   0.0008236474
        0.0008158809   0.0000252389  -0.0001010626  -0.0001589250  -0.0000524513
        0.0000055758   0.0000240902  -0.0000486105  -0.0000015947   0.0000401339
        0.0000483052  -0.0000797508  -0.0000931560
       -0.1552871628   0.0034705196   0.0122479445   0.3970128294  -0.0127718163
       -0.0377550940  -0.0622148654  -0.0138375290  -0.0438933039  -0.0280242906
       -0.0053711541  -0.0162535961   0.0003317260   0.0006320989  -0.0005543263
       -0.0002263821   0.0001784408   0.0009037130  -0.0009700810   0.0000302000
        0.0001486738   0.0004878379   0.0000035912   0.0000020456  -0.0002501668
        0.0004258373   0.0008492427   0.0002466028  -0.0008415815  -0.0000677426
       -0.0117194687   0.0072946170   0.0029438631  -0.0114246394  -0.0043942695
        0.0065749457  -0.0138378519  -0.0010294008  -0.0030597110  -0.0578184805
       -0.0411018659   0.0513155417  -0.0590054483   0.0648420781   0.0188303272
        0.0014147952   0.0020589503   0.0035966869   0.0015717003   0.0005340850
        0.0045301540  -0.0001933063  -0.0001581209  -0.0002695082   0.0000547798
        0.0000472299   0.0000906778   0.0000460793   0.0000173136   0.0000998032
       -0.0001942069  -0.0000292237  -0.0002803369
        0.0054667870  -0.0703216049   0.0002573044  -0.0127718163   0.5292596909
       -0.0132600282  -0.0090653838  -0.0766293685  -0.0296146716  -0.0036828295
        0.0007439988   0.0013804181  -0.0006923696   0.0000866324   0.0004363272
        0.0000005717   0.0000352387   0.0001967638  -0.0001524152   0.0005311188
       -0.0000439134   0.0001481124   0.0001894374  -0.0000277103  -0.0002085360
       -0.0003811948  -0.0001278098   0.0018082214  -0.0004705220  -0.0003372195
        0.0252864621  -0.0003010879  -0.0022444274  -0.0165380416   0.0011177948
        0.0013437862  -0.0066050059   0.0008263313   0.0005325835  -0.0352080133
       -0.1344339456   0.1054869184   0.0573152161  -0.2437214586  -0.0521659363
        0.0068088162   0.0048778398   0.0161891955  -0.0119473382  -0.0116098775
       -0.0281055499  -0.0002279984   0.0000538649   0.0002013804  -0.0000943401
        0.0002225028   0.0002814641   0.0001742301   0.0000338709  -0.0002785450
        0.0001856709  -0.0001092616  -0.0001003304
        0.0186829461   0.0003051420  -0.0697662239  -0.0377550940  -0.0132600282
        0.4924704320  -0.0288132458  -0.0294510839  -0.1600849168  -0.0111589017
        0.0014348847   0.0052884436   0.0023912826   0.0007084659  -0.0004264796
       -0.0003500601   0.0003224354  -0.0002909352  -0.0002263228  -0.0000523550
        0.0004013957   0.0001013442  -0.0000172979   0.0001421420  -0.0002535734
       -0.0002951695   0.0000666920   0.0015946231  -0.0005792195   0.0002645447
        0.0075282800  -0.0010249056  -0.0001199474   0.0206275495   0.0002120714
       -0.0017765366  -0.0208206437   0.0004611138   0.0024597677   0.0466077096
        0.1050284545  -0.1693688091   0.0183832975  -0.0517589939  -0.0588391040
       -0.0112978375  -0.0049181501  -0.0285886946  -0.0053226629  -0.0072333634
       -0.0123290523   0.0000121132   0.0001242919   0.0000425863   0.0001381412
       -0.0000129236   0.0000286966   0.0000537156   0.0000167385   0.0002186153
       -0.0001226608  -0.0000101076   0.0002073838
       -0.0265133821  -0.0083451544  -0.0259059042  -0.0622148654  -0.0090653838
       -0.0288132458   0.4560706528  -0.0117038554  -0.0352248436  -0.2045699187
        0.0028391810   0.0133152343  -0.0261039834  -0.0065170000   0.0059141749
        0.0010293876  -0.0036119301   0.0017997982  -0.0012394717   0.0000953524
        0.0002447893   0.0008131686  -0.0001759358  -0.0005561599   0.0007905657
        0.0040478917  -0.0008102233  -0.0268290040   0.0081638204   0.0010731355
        0.0009648986  -0.0008473290   0.0004724674   0.0009395682   0.0009558048
       -0.0000803783  -0.0060454986   0.0000792533   0.0003752271   0.0024959547
        0.0021903527   0.0021752134   0.0026523698  -0.0004081283   0.0032711988
       -0.0553409637  -0.0343512467   0.0455888710  -0.0569206198   0.0572152707
        0.0187344693   0.0009431905   0.0009754758  -0.0011196259  -0.0009408559
        0.0000087742  -0.0000963057  -0.0009653541  -0.0000766076  -0.0000842679
        0.0009841608  -0.0014686059  -0.0002736247
       -0.0017279887   0.0008319855  -0.0002757469  -0.0138375290  -0.0766293685
       -0.0294510839  -0.0117038554   0.5202331998  -0.0175924293   0.0063221484
       -0.0634988002   0.0022550577  -0.0227666364  -0.0013771320   0.0022135905
       -0.0022062601  -0.0031031033   0.0028669971   0.0000620624  -0.0008084911
        0.0002277055  -0.0001095041  -0.0003045756  -0.0003715019   0.0031628237
       -0.0027551700   0.0033218007   0.0238755787  -0.0019676915  -0.0013975458
        0.0002690391   0.0012200239   0.0008631652  -0.0001296696   0.0004379586
       -0.0003712981   0.0002390483   0.0004613091   0.0001845345   0.0067658097
        0.0050702237   0.0143941570  -0.0113048034  -0.0099420126  -0.0245852048
       -0.0356976219  -0.1310364929   0.1024763540   0.0590377860  -0.2375596565
       -0.0531393483  -0.0014153351   0.0004878665  -0.0008466261  -0.0010526039
       -0.0002632495  -0.0000738666   0.0010679004  -0.0001340058   0.0002403159
        0.0011496107   0.0006371827  -0.0009390263
       -0.0048405531  -0.0001415411   0.0006031997  -0.0438933039  -0.0296146716
       -0.1600849168  -0.0352248436  -0.0175924293   0.4732341714   0.0250954281
        0.0023785120  -0.0582455067   0.0102511005   0.0001910265  -0.0014112738
        0.0021795625   0.0031974666   0.0052152322  -0.0000285671   0.0002098685
       -0.0002047512  -0.0000684418  -0.0003668817  -0.0012700317   0.0003686992
        0.0030230305   0.0051433312  -0.0054091777   0.0005910438  -0.0000957294
        0.0001592401   0.0007558340   0.0011124757   0.0002761257  -0.0002598369
        0.0018771886   0.0008792085   0.0001810917   0.0009830095  -0.0100749413
       -0.0034967437  -0.0245183425  -0.0043367548  -0.0068363633  -0.0096004699
        0.0465966948   0.1027826883  -0.1689078969   0.0188647633  -0.0534023451
       -0.0603670072  -0.0000446760  -0.0011253119  -0.0016874104   0.0004424683
        0.0001057167   0.0000769228  -0.0002725272   0.0000643302  -0.0000183849
       -0.0009195045  -0.0006444843  -0.0018338098
       -0.0007566979  -0.0009073666  -0.0027696646  -0.0280242906  -0.0036828295
       -0.0111589017  -0.2045699187   0.0063221484   0.0250954281   0.6072454629
       -0.0152498985  -0.0434500119  -0.1346451062  -0.1130203613   0.0478500175
       -0.0365457317  -0.0217025419   0.0114919940   0.0051206276   0.0003560788
       -0.0015651760  -0.0012089809   0.0000730423   0.0003576002  -0.0390725357
        0.0228426044  -0.0032656186  -0.1390359100   0.1217714057  -0.0310503664
       -0.0000374211  -0.0002071093  -0.0004527666  -0.0000475499  -0.0000939350
       -0.0004809822  -0.0007106819  -0.0000224319  -0.0000450881   0.0012302022
        0.0004735869  -0.0000245048   0.0012417597  -0.0004143439   0.0002437927
       -0.0154313835  -0.0048452814   0.0049860438  -0.0163470700   0.0066611391
        0.0014607328   0.0057386955   0.0119650933  -0.0041083702  -0.0049464663
        0.0005727414   0.0015223819  -0.0049276884   0.0003096002   0.0015839006
        0.0057306850  -0.0112013413   0.0037795596
       -0.0018878622  -0.0000525729  -0.0013923691  -0.0053711541   0.0007439988
        0.0014348847   0.0028391810  -0.0634988002   0.0023785120  -0.0152498985
        0.5784453358  -0.1460712440  -0.0415130300  -0.2243809308   0.0641206496
       -0.0776475488   0.0258976143   0.0005419581   0.0003604800  -0.0604091800
        0.0182427145   0.0000655128   0.0018167924  -0.0005151464   0.0790635936
        0.0214370992  -0.0162613038   0.0501956515  -0.2326154042   0.0557792728
       -0.0000811833  -0.0003508774  -0.0001672328   0.0000736237  -0.0001175379
       -0.0000373819  -0.0003831985   0.0001554240  -0.0000410642   0.0003101950
        0.0003097382   0.0003533988  -0.0004422772   0.0001558665  -0.0001697505
       -0.0193181389  -0.0009852448   0.0039351218   0.0279196708  -0.0032517202
       -0.0028492786  -0.0095853046  -0.0238396078   0.0100252630   0.0009090259
        0.0022734998   0.0020115517  -0.0002093437   0.0022524189   0.0019485343
        0.0099520056  -0.0239859115   0.0067329103
       -0.0060681477  -0.0014308181  -0.0040077172  -0.0162535961   0.0013804181
        0.0052884436   0.0133152343   0.0022550577  -0.0582455067  -0.0434500119
       -0.1460712440   0.1954158272   0.0238203596   0.0725488511  -0.0770130042
        0.0309388098  -0.0065056086  -0.0007287950  -0.0016848105   0.0182715107
       -0.0122447487   0.0002986792  -0.0005399233   0.0004136423  -0.0217056933
       -0.0091982080   0.0063018952  -0.0067282408   0.0473633686  -0.0646673115
        0.0000078642  -0.0003549790  -0.0003953252  -0.0000497073   0.0001609799
       -0.0006148785  -0.0012423702  -0.0000552518   0.0000263754  -0.0004401379
        0.0000364327   0.0004231968  -0.0001774418   0.0001395319   0.0005560426
        0.0215276365   0.0016529352  -0.0023227673   0.0066936116  -0.0003220937
        0.0007335429   0.0026182430   0.0068308145  -0.0019467355   0.0011011170
        0.0019535082   0.0074479019   0.0014548992   0.0020325139   0.0074399103
       -0.0039762968   0.0098522039  -0.0018599885
       -0.0002661101  -0.0001626873  -0.0002855473   0.0003317260  -0.0006923696
        0.0023912826  -0.0261039834  -0.0227666364   0.0102511005  -0.1346451062
       -0.0415130300   0.0238203596   0.6865435393  -0.0431413368  -0.0521984737
       -0.3659545229  -0.0311513612   0.0483343600  -0.0397145184   0.0795049170
       -0.0221616035   0.0020429316   0.0002253796   0.0002115195  -0.0441147489
       -0.0236493236   0.0125688379   0.0537738654  -0.0263722272   0.0024113414
        0.0001294416  -0.0002186517   0.0000598777   0.0000726452  -0.0000066759
        0.0000110648  -0.0000375930  -0.0000604909   0.0000237117  -0.0000526047
        0.0000468025   0.0002400563  -0.0001056116  -0.0000192639  -0.0001704266
       -0.0049081380  -0.0006727835   0.0009207604   0.0007694686  -0.0021861641
       -0.0000222660  -0.1100736366   0.1119694316  -0.0290432271  -0.0169304199
       -0.0019429093   0.0028289600  -0.0000819653  -0.0005910690   0.0001399647
       -0.0006746586   0.0034004494  -0.0003316528
        0.0009168796   0.0001078468   0.0004569435   0.0006320989   0.0000866324
        0.0007084659  -0.0065170000  -0.0013771320   0.0001910265  -0.1130203613
       -0.2243809308   0.0725488511  -0.0431413368   0.5899102641  -0.1575680636
        0.0427255609  -0.0870927876   0.0107047387   0.0231502505   0.0229102607
       -0.0102675943   0.0040174233  -0.0035038652   0.0023586681  -0.0272587606
       -0.0107477056   0.0055806962   0.0252488610  -0.0585360001   0.0173783557
        0.0001033412   0.0002910595  -0.0001266692  -0.0001617256   0.0001294921
        0.0000421524   0.0001665444   0.0001463518  -0.0000006714   0.0002960941
        0.0003750386   0.0002617760  -0.0001950103  -0.0003341090   0.0000190020
        0.0011649682   0.0005440178  -0.0000272325   0.0017463924   0.0008883090
       -0.0005287535   0.1112668097  -0.2255425623   0.0521498836  -0.0233082464
       -0.0007945043   0.0029868890  -0.0005874556   0.0002593095  -0.0000407817
        0.0027546722  -0.0033389852   0.0031723174
       -0.0008183589  -0.0000590195  -0.0000018977  -0.0005543263   0.0004363272
       -0.0004264796   0.0059141749   0.0022135905  -0.0014112738   0.0478500175
        0.0641206496  -0.0770130042  -0.0521984737  -0.1575680636   0.1732012640
        0.0229985584   0.0192738089  -0.0512409860  -0.0031702865  -0.0172263475
        0.0062558075  -0.0009900877   0.0028473062   0.0041357301   0.0141462894
        0.0054322631  -0.0066960810  -0.0150704087   0.0232873574  -0.0047080960
       -0.0000282559  -0.0000894954   0.0001150987  -0.0000254521   0.0000207993
        0.0001351348  -0.0001771138  -0.0000552725   0.0001754458   0.0000730579
       -0.0002349050   0.0001105159  -0.0000306753   0.0000157489   0.0002956143
        0.0015652816   0.0007198413   0.0000871659  -0.0008619400   0.0005538582
        0.0002789873  -0.0288366475   0.0527122991  -0.0480720724   0.0099993059
        0.0005205673  -0.0012634858   0.0001879045  -0.0000620276  -0.0000906375
        0.0000274364   0.0031407142   0.0061332496
       -0.0005082036  -0.0000646115  -0.0003184405  -0.0002263821   0.0000005717
       -0.0003500601   0.0010293876  -0.0022062601   0.0021795625  -0.0365457317
       -0.0776475488   0.0309388098  -0.3659545229   0.0427255609   0.0229985584
        0.6861395554   0.0205438059  -0.0739994477  -0.1240674326   0.0454003454
       -0.0073576581  -0.0373367084   0.0246236385  -0.0033658264   0.0525460497
        0.0216247664  -0.0132150742  -0.0454966004   0.0295277634  -0.0048947869
        0.0000468458  -0.0001644248   0.0000719171   0.0001919489  -0.0000619735
        0.0000123514  -0.0000837539  -0.0001110978   0.0000614504  -0.0002515750
        0.0000441983  -0.0000442422   0.0000550665   0.0001022443   0.0002077907
       -0.0011311268  -0.0001975567  -0.0002463247   0.0000694871   0.0001983631
       -0.0000625384  -0.0192906363   0.0033571821   0.0011635651  -0.1079585013
       -0.1060111001   0.0447474255  -0.0009552384  -0.0021894669   0.0016817825
       -0.0002719276   0.0005056002  -0.0002088140
        0.0005048625  -0.0001244680   0.0001685722   0.0001784408   0.0000352387
        0.0003224354  -0.0036119301  -0.0031031033   0.0031974666  -0.0217025419
        0.0258976143  -0.0065056086  -0.0311513612  -0.0870927876   0.0192738089
        0.0205438059   0.5757848376  -0.1595566966   0.1041002922  -0.2269177007
        0.0469965596   0.0120728704  -0.0002165308  -0.0002117678  -0.0226307099
       -0.0513711998   0.0204187060   0.0257102498  -0.0132506032   0.0002169823
       -0.0001742302  -0.0001553265   0.0000113550  -0.0000156566  -0.0002335479
        0.0000184644   0.0000485774  -0.0002091683  -0.0000711003  -0.0000953549
       -0.0001886633  -0.0000878914   0.0000077341  -0.0001491321  -0.0000169784
       -0.0011529810  -0.0001290974   0.0003649526   0.0000094438  -0.0001417502
        0.0000555912   0.0255483140  -0.0018998764  -0.0018738994  -0.1066319701
       -0.2143099432   0.0739938571  -0.0020574084  -0.0027646395   0.0035428577
        0.0004995537   0.0005398477  -0.0002576665
        0.0004722633   0.0000374144   0.0001764451   0.0009037130   0.0001967638
       -0.0002909352   0.0017997982   0.0028669971   0.0052152322   0.0114919940
        0.0005419581  -0.0007287950   0.0483343600   0.0107047387  -0.0512409860
       -0.0739994477  -0.1595566966   0.1758355384  -0.0269905842   0.0535082569
       -0.0682428804   0.0005640526  -0.0016290934   0.0041001449   0.0017392101
        0.0153562041  -0.0040016733  -0.0039535201   0.0000529157  -0.0028027142
        0.0000396749  -0.0000123102  -0.0002497231  -0.0000257742  -0.0000008260
       -0.0000952465   0.0002616110  -0.0001177831  -0.0001305564   0.0002172151
       -0.0002432236  -0.0001866401   0.0000582175  -0.0001638004   0.0000631599
       -0.0004798035   0.0001465627  -0.0000113352  -0.0003928282   0.0005145305
       -0.0002251923  -0.0064856950   0.0005215142   0.0011533186   0.0450286268
        0.0738190859  -0.0644692014   0.0016063700   0.0036458870   0.0060063607
       -0.0001894537  -0.0001890959   0.0001256792
        0.0013507087   0.0001653892   0.0005264799  -0.0009700810  -0.0001524152
       -0.0002263228  -0.0012394717   0.0000620624  -0.0000285671   0.0051206276
        0.0003604800  -0.0016848105  -0.0397145184   0.0231502505  -0.0031702865
       -0.1240674326   0.1041002922  -0.0269905842   0.4948445321  -0.0140641418
       -0.0397419450  -0.1800952918   0.0039699684   0.0176601074  -0.1204709034
       -0.0966903499   0.0404874982  -0.0371252526  -0.0219951473   0.0117915793
       -0.0003693007   0.0001495484  -0.0000228931  -0.0003698784  -0.0001387083
        0.0000616528  -0.0000771528  -0.0000263915  -0.0001092234  -0.0001406808
        0.0000704379  -0.0000693111  -0.0001445949  -0.0000897088  -0.0000367264
        0.0002987256   0.0001808027  -0.0000543187   0.0003104539  -0.0002001919
        0.0000745380  -0.0053874934   0.0005714532   0.0014535084   0.0068282943
       -0.0111715192   0.0030947967   0.0068141030   0.0115002522  -0.0045481049
       -0.0053953926   0.0002476370   0.0015329332
       -0.0000409633   0.0003990201  -0.0000503846   0.0000302000   0.0005311188
       -0.0000523550   0.0000953524  -0.0008084911   0.0002098685   0.0003560788
       -0.0604091800   0.0182715107   0.0795049170   0.0229102607  -0.0172263475
        0.0454003454  -0.2269177007   0.0535082569  -0.0140641418   0.5233025244
       -0.1377850129   0.0039516979  -0.0254014614   0.0013499363  -0.0381233812
       -0.2208388550   0.0611171490  -0.0782577877   0.0277587968   0.0000365405
       -0.0000481403   0.0002325504  -0.0000253621   0.0000362030   0.0002682231
        0.0000617194  -0.0000298699   0.0001958256   0.0000365433  -0.0000882839
       -0.0000149899  -0.0001813387  -0.0000035041   0.0001068859   0.0001899784
       -0.0002079458   0.0003104561  -0.0001724643   0.0003172366   0.0004410306
        0.0000207364   0.0001254214   0.0019933477   0.0021389998   0.0112706109
       -0.0230649196   0.0067229682  -0.0109099603  -0.0230295469   0.0095318092
        0.0006859149   0.0020351047   0.0022972486
       -0.0002031303  -0.0000624126   0.0002264676   0.0001486738  -0.0000439134
        0.0004013957   0.0002447893   0.0002277055  -0.0002047512  -0.0015651760
        0.0182427145  -0.0122447487  -0.0221616035  -0.0102675943   0.0062558075
       -0.0073576581   0.0469965596  -0.0682428804  -0.0397419450  -0.1377850129
        0.1625200033   0.0178568089   0.0013575038  -0.0227216154   0.0204023592
        0.0675888964  -0.0783752517   0.0309404266  -0.0069007245  -0.0012430072
        0.0000161725   0.0000129480   0.0003154440  -0.0000121577   0.0000252457
        0.0002815254  -0.0000949149   0.0000370154   0.0003019421  -0.0001268233
        0.0000094264   0.0001280567  -0.0001542129  -0.0000009105   0.0000000578
        0.0002351123  -0.0001429389   0.0002140752   0.0000525029  -0.0000025377
        0.0000843100   0.0015725642   0.0022483852   0.0078317126  -0.0044737749
        0.0094715531  -0.0016337048   0.0030441375   0.0067897393  -0.0016795880
        0.0013778496   0.0021983521   0.0077847493
       -0.0004512319  -0.0001048251  -0.0003115409   0.0004878379   0.0001481124
        0.0001013442   0.0008131686  -0.0001095041  -0.0000684418  -0.0012089809
        0.0000655128   0.0002986792   0.0020429316   0.0040174233  -0.0009900877
       -0.0373367084   0.0120728704   0.0005640526  -0.1800952918   0.0039516979
        0.0178568089   0.2477391905  -0.0060763854  -0.0265687862  -0.0365275430
       -0.0101727256   0.0079997686   0.0021600302  -0.0036608546   0.0015657930
        0.0003364000  -0.0000810898   0.0000005033   0.0003325072   0.0000745545
       -0.0000420321   0.0001507918   0.0000085400   0.0000452925   0.0001635741
        0.0000496629   0.0000205370   0.0001606597  -0.0000438150   0.0000710126
        0.0001347565  -0.0001273967  -0.0000199767   0.0001263764   0.0001133121
       -0.0001209788  -0.0005631877  -0.0001687191   0.0000554032   0.0010321520
       -0.0000313522  -0.0002182480   0.0010429267  -0.0001144761  -0.0002460426
       -0.0005403595   0.0001894575   0.0000069396
       -0.0000067915  -0.0000740603  -0.0000172767   0.0000035912   0.0001894374
       -0.0000172979  -0.0001759358  -0.0003045756  -0.0003668817   0.0000730423
        0.0018167924  -0.0005399233   0.0002253796  -0.0035038652   0.0028473062
        0.0246236385  -0.0002165308  -0.0016290934   0.0039699684  -0.0254014614
        0.0013575038  -0.0060763854   0.0283189651  -0.0059548044  -0.0225429476
        0.0015139540   0.0033898784   0.0000817254  -0.0033159960   0.0027824050
       -0.0001109280  -0.0001222663   0.0000508124   0.0000704493  -0.0001550403
       -0.0000389932   0.0000213159  -0.0000902060  -0.0000175679  -0.0000686645
       -0.0000857170  -0.0000057364   0.0000558427  -0.0000874034  -0.0000077667
        0.0001765895  -0.0000131217  -0.0000649286  -0.0001182047  -0.0000293932
        0.0000663522   0.0009000008  -0.0000586975  -0.0000967653   0.0004726167
        0.0008763034  -0.0008644052  -0.0006842608   0.0008212961  -0.0008420437
       -0.0008900421  -0.0000784136  -0.0000307737
        0.0000013120  -0.0000084853  -0.0000993605   0.0000020456  -0.0000277103
        0.0001421420  -0.0005561599  -0.0003715019  -0.0012700317   0.0003576002
       -0.0005151464   0.0004136423   0.0002115195   0.0023586681   0.0041357301
       -0.0033658264  -0.0002117678   0.0041001449   0.0176601074   0.0013499363
       -0.0227216154  -0.0265687862  -0.0059548044   0.0138472271   0.0125153911
        0.0019761221   0.0014857540   0.0002351071   0.0032528688   0.0038542234
       -0.0000526657   0.0000083130  -0.0001392137  -0.0001080942  -0.0000016213
       -0.0001066897   0.0000599540  -0.0000133436  -0.0001366584  -0.0000060384
       -0.0000071032  -0.0001060226  -0.0000469240  -0.0000052853  -0.0001132427
        0.0000255940   0.0000753256  -0.0000215704   0.0001331501  -0.0000830902
       -0.0000079451  -0.0002604804  -0.0000293598  -0.0002336481  -0.0004809846
       -0.0007917719  -0.0014054854  -0.0001053571  -0.0009033971  -0.0013688563
        0.0003495360  -0.0000968453  -0.0002485235
       -0.0005226041  -0.0001381410  -0.0003016731  -0.0002501668  -0.0002085360
       -0.0002535734   0.0007905657   0.0031628237   0.0003686992  -0.0390725357
        0.0790635936  -0.0217056933  -0.0441147489  -0.0272587606   0.0141462894
        0.0525460497  -0.0226307099   0.0017392101  -0.1204709034  -0.0381233812
        0.0204023592  -0.0365275430  -0.0225429476   0.0125153911   0.6879670267
       -0.0595737219  -0.0470198369  -0.3656124013  -0.0265163771   0.0462994341
        0.0001904530   0.0000572536  -0.0000316236   0.0000384262   0.0001799427
       -0.0000446711  -0.0000819088   0.0001284412  -0.0000197400   0.0000619046
        0.0000339609   0.0002306745  -0.0002464651  -0.0000468598  -0.0000208247
        0.0000883128  -0.0001627537   0.0000519389  -0.0011994991   0.0000113187
       -0.0003022866  -0.0002486814  -0.0005407872   0.0001659376  -0.0010867217
        0.0028336945  -0.0000226283  -0.1137027422   0.1146580962  -0.0292098716
       -0.0185458172  -0.0023861492   0.0030124883
       -0.0001156179  -0.0001058912   0.0000493930   0.0004258373  -0.0003811948
       -0.0002951695   0.0040478917  -0.0027551700   0.0030230305   0.0228426044
        0.0214370992  -0.0091982080  -0.0236493236  -0.0107477056   0.0054322631
        0.0216247664  -0.0513711998   0.0153562041  -0.0966903499  -0.2208388550
        0.0675888964  -0.0101727256   0.0015139540   0.0019761221  -0.0595737219
        0.5807833920  -0.1505958935   0.0475892256  -0.0878302048   0.0095951672
        0.0000056954  -0.0001871663   0.0000539738   0.0001650408  -0.0001783643
       -0.0000540514   0.0001156061  -0.0000836207   0.0000421264   0.0000269927
        0.0000188103   0.0000644885   0.0001902825  -0.0000187643  -0.0000496008
       -0.0002074563  -0.0004475149   0.0000946026   0.0005393932  -0.0003018748
       -0.0001414033  -0.0005301035   0.0005906935  -0.0000641823   0.0026861170
       -0.0029037211   0.0032785719   0.1153269847  -0.2254442876   0.0507690051
       -0.0246471391  -0.0007484138   0.0030746641
        0.0006905469   0.0001736991   0.0001811770   0.0008492427  -0.0001278098
        0.0000666920  -0.0008102233   0.0033218007   0.0051433312  -0.0032656186
       -0.0162613038   0.0063018952   0.0125688379   0.0055806962  -0.0066960810
       -0.0132150742   0.0204187060  -0.0040016733   0.0404874982   0.0611171490
       -0.0783752517   0.0079997686   0.0033898784   0.0014857540  -0.0470198369
       -0.1505958935   0.1692024775   0.0216133453   0.0181627993  -0.0504775929
       -0.0000363806   0.0000728929  -0.0001284310  -0.0000688048  -0.0000372927
       -0.0002149949   0.0002371393   0.0000913665  -0.0002436457   0.0000459903
        0.0001989456  -0.0000954432   0.0001152264   0.0001321407  -0.0003344651
       -0.0002671496  -0.0003500697   0.0000650926  -0.0011105842   0.0000797915
        0.0001951966   0.0001537099  -0.0001714182   0.0000446558   0.0000166183
        0.0031904428   0.0062566725  -0.0293759922   0.0508988175  -0.0476718889
        0.0103917408   0.0007146615  -0.0007034768
       -0.0002861917  -0.0000094726  -0.0003679144   0.0002466028   0.0018082214
        0.0015946231  -0.0268290040   0.0238755787  -0.0054091777  -0.1390359100
        0.0501956515  -0.0067282408   0.0537738654   0.0252488610  -0.0150704087
       -0.0454966004   0.0257102498  -0.0039535201  -0.0371252526  -0.0782577877
        0.0309404266   0.0021600302   0.0000817254   0.0002351071  -0.3656124013
        0.0475892256   0.0216133453   0.6849509123   0.0039428505  -0.0677737545
        0.0000668423   0.0000143519  -0.0000021475   0.0001259438   0.0002019599
       -0.0000757701  -0.0000526041   0.0000522308  -0.0000259073  -0.0001137991
       -0.0000676548  -0.0001521161  -0.0000479660   0.0000944470   0.0002253695
        0.0007861320   0.0017497813  -0.0013434274  -0.0047553140   0.0009751273
        0.0003701323  -0.0005276040  -0.0028211661   0.0018063176  -0.0001109658
        0.0005262728  -0.0002690403  -0.0175975322   0.0029056318   0.0012666945
       -0.1045191837  -0.1038160855   0.0431194089
       -0.0012410487  -0.0001574370  -0.0003661166  -0.0008415815  -0.0004705220
       -0.0005792195   0.0081638204  -0.0019676915   0.0005910438   0.1217714057
       -0.2326154042   0.0473633686  -0.0263722272  -0.0585360001   0.0232873574
        0.0295277634  -0.0132506032   0.0000529157  -0.0219951473   0.0277587968
       -0.0069007245  -0.0036608546  -0.0033159960   0.0032528688  -0.0265163771
       -0.0878302048   0.0181627993   0.0039428505   0.5899078856  -0.1599019359
        0.0001150730   0.0001037980  -0.0000147676  -0.0000966944   0.0003267857
       -0.0000388661  -0.0002438189   0.0001792721  -0.0000042825   0.0001224943
       -0.0001428850   0.0002837505  -0.0001719565   0.0002642459  -0.0003229569
       -0.0019632574   0.0007097056   0.0001811094  -0.0001244041   0.0000642878
        0.0000439887  -0.0020999748  -0.0030503722   0.0037081978   0.0005717753
        0.0002238183  -0.0001453948   0.0242402839  -0.0020005532  -0.0021072830
       -0.1031281242  -0.2162009265   0.0734541472
       -0.0001076606   0.0001465097   0.0002322901  -0.0000677426  -0.0003372195
        0.0002645447   0.0010731355  -0.0013975458  -0.0000957294  -0.0310503664
        0.0557792728  -0.0646673115   0.0024113414   0.0173783557  -0.0047080960
       -0.0048947869   0.0002169823  -0.0028027142   0.0117915793   0.0000365405
       -0.0012430072   0.0015657930   0.0027824050   0.0038542234   0.0462994341
        0.0095951672  -0.0504775929  -0.0677737545  -0.1599019359   0.1747705814
       -0.0001139657   0.0000027852   0.0001581850   0.0000400184  -0.0000707625
        0.0000800970  -0.0000466186   0.0000480283   0.0001400048  -0.0001451957
        0.0002902522   0.0000871307   0.0002134072   0.0001162653   0.0002048413
        0.0003904007  -0.0008644783   0.0004649016   0.0020458050  -0.0006893234
        0.0004772302   0.0016524565   0.0037890039   0.0056893749  -0.0002020347
       -0.0001572305  -0.0000125756  -0.0060039865   0.0003708247   0.0006534667
        0.0429227409   0.0728661031  -0.0630698450
       -0.0692574838   0.0869987645   0.0217282114  -0.0117194687   0.0252864621
        0.0075282800   0.0009648986   0.0002690391   0.0001592401  -0.0000374211
       -0.0000811833   0.0000078642   0.0001294416   0.0001033412  -0.0000282559
        0.0000468458  -0.0001742302   0.0000396749  -0.0003693007  -0.0000481403
        0.0000161725   0.0003364000  -0.0001109280  -0.0000526657   0.0001904530
        0.0000056954  -0.0000363806   0.0000668423   0.0001150730  -0.0001139657
        0.0748153736  -0.0947363778  -0.0246094369   0.0051872497  -0.0066500834
       -0.0018325351   0.0061289450  -0.0105658003  -0.0030219085   0.0002276695
        0.0005160843   0.0001394921  -0.0063239967   0.0001035874   0.0007609331
       -0.0001574546  -0.0000039998  -0.0000868855  -0.0001722712  -0.0007486732
       -0.0006227772  -0.0000717251  -0.0001550655   0.0000168864   0.0000490775
       -0.0000551691  -0.0000202185   0.0000056088  -0.0000306708  -0.0000134777
       -0.0000396835  -0.0000377254   0.0000417528
        0.0828632115  -0.3083913495  -0.0656977211   0.0072946170  -0.0003010879
       -0.0010249056  -0.0008473290   0.0012200239   0.0007558340  -0.0002071093
       -0.0003508774  -0.0003549790  -0.0002186517   0.0002910595  -0.0000894954
       -0.0001644248  -0.0001553265  -0.0000123102   0.0001495484   0.0002325504
        0.0000129480  -0.0000810898  -0.0001222663   0.0000083130   0.0000572536
       -0.0001871663   0.0000728929   0.0000143519   0.0001037980   0.0000027852
       -0.0947363778   0.3392342695   0.0738191762   0.0046301525  -0.0230610603
       -0.0007436282   0.0012826274  -0.0101076233  -0.0069721445  -0.0008519592
        0.0007561653   0.0003725102   0.0003074072   0.0013064481  -0.0002972080
        0.0000434997  -0.0002890436   0.0000456489   0.0004950394  -0.0001566978
        0.0000702818   0.0000157749  -0.0000336896  -0.0000141595  -0.0000226548
        0.0000011039  -0.0000241887  -0.0000137443   0.0000216326   0.0000420995
       -0.0000101427  -0.0000108627   0.0000282505
        0.0199936650  -0.0656560205  -0.0612388997   0.0029438631  -0.0022444274
       -0.0001199474   0.0004724674   0.0008631652   0.0011124757  -0.0004527666
       -0.0001672328  -0.0003953252   0.0000598777  -0.0001266692   0.0001150987
        0.0000719171   0.0000113550  -0.0002497231  -0.0000228931  -0.0000253621
        0.0003154440   0.0000005033   0.0000508124  -0.0001392137  -0.0000316236
        0.0000539738  -0.0001284310  -0.0000021475  -0.0000147676   0.0001581850
       -0.0246094369   0.0738191762   0.0616719986  -0.0054619514   0.0209385605
        0.0060991198   0.0058470794  -0.0267815709  -0.0077180760   0.0005389100
       -0.0003883562   0.0000572932   0.0008325898   0.0000250035   0.0005767278
       -0.0001693780   0.0002843516  -0.0004477066  -0.0000702707  -0.0006645593
        0.0002266806  -0.0000085066   0.0000448586   0.0002009976   0.0000116743
        0.0000546754   0.0001363877   0.0000313982  -0.0000377387  -0.0001020630
        0.0000250292  -0.0000392273  -0.0001310228
       -0.0681079614  -0.0579500612   0.0660158199  -0.0114246394  -0.0165380416
        0.0206275495   0.0009395682  -0.0001296696   0.0002761257  -0.0000475499
        0.0000736237  -0.0000497073   0.0000726452  -0.0001617256  -0.0000254521
        0.0001919489  -0.0000156566  -0.0000257742  -0.0003698784   0.0000362030
       -0.0000121577   0.0003325072   0.0000704493  -0.0001080942   0.0000384262
        0.0001650408  -0.0000688048   0.0001259438  -0.0000966944   0.0000400184
        0.0051872497   0.0046301525  -0.0054619514   0.0734921173   0.0625505860
       -0.0726276376   0.0060503889   0.0070016917  -0.0085541513  -0.0063234926
        0.0002735051   0.0007006470   0.0002367433  -0.0003484326   0.0004130989
       -0.0001812802   0.0002522735  -0.0009224923  -0.0001554709  -0.0000469591
       -0.0000712885  -0.0000403317   0.0000571017   0.0000122847   0.0000054099
        0.0000162216  -0.0000279741   0.0000478504   0.0000333842  -0.0000476831
       -0.0000701945   0.0001270078  -0.0000823755
       -0.0555548788  -0.1672602267   0.1392699657  -0.0043942695   0.0011177948
        0.0002120714   0.0009558048   0.0004379586  -0.0002598369  -0.0000939350
       -0.0001175379   0.0001609799  -0.0000066759   0.0001294921   0.0000207993
       -0.0000619735  -0.0002335479  -0.0000008260  -0.0001387083   0.0002682231
        0.0000252457   0.0000745545  -0.0001550403  -0.0000016213   0.0001799427
       -0.0001783643  -0.0000372927   0.0002019599   0.0003267857  -0.0000707625
       -0.0066500834  -0.0230610603   0.0209385605   0.0625505860   0.1806699050
       -0.1563953182   0.0022673068   0.0065524989  -0.0029565073   0.0001702081
        0.0012009467  -0.0001372948   0.0010095830   0.0005523021  -0.0007097171
       -0.0004423736   0.0002436389  -0.0000929532  -0.0001227930  -0.0005001264
       -0.0000132349   0.0000226050  -0.0000458606  -0.0000827733   0.0000293486
       -0.0000225196  -0.0000960178   0.0000229177   0.0000366538   0.0000942285
       -0.0000191262   0.0000380841   0.0001323052
        0.0622356245   0.1392068044  -0.2033385590   0.0065749457   0.0013437862
       -0.0017765366  -0.0000803783  -0.0003712981   0.0018771886  -0.0004809822
       -0.0000373819  -0.0006148785   0.0000110648   0.0000421524   0.0001351348
        0.0000123514   0.0000184644  -0.0000952465   0.0000616528   0.0000617194
        0.0002815254  -0.0000420321  -0.0000389932  -0.0001066897  -0.0000446711
       -0.0000540514  -0.0002149949  -0.0000757701  -0.0000388661   0.0000800970
       -0.0018325351  -0.0007436282   0.0060991198  -0.0726276376  -0.1563953182
        0.2213438219   0.0053256218   0.0169539288  -0.0243158026   0.0008956627
       -0.0004436687   0.0006901062  -0.0000488122   0.0000546702   0.0002856091
        0.0002021242   0.0006418152  -0.0001791252  -0.0001109557  -0.0002633255
       -0.0002356070   0.0000119425  -0.0000240069  -0.0000929286   0.0000164871
       -0.0000184432  -0.0000564778  -0.0000036165   0.0000235114   0.0001037470
       -0.0000000865   0.0000821289   0.0001304966
       -0.0950404226  -0.0358110947  -0.1137706933  -0.0138378519  -0.0066050059
       -0.0208206437  -0.0060454986   0.0002390483   0.0008792085  -0.0007106819
       -0.0003831985  -0.0012423702  -0.0000375930   0.0001665444  -0.0001771138
       -0.0000837539   0.0000485774   0.0002616110  -0.0000771528  -0.0000298699
       -0.0000949149   0.0001507918   0.0000213159   0.0000599540  -0.0000819088
        0.0001156061   0.0002371393  -0.0000526041  -0.0002438189  -0.0000466186
        0.0061289450   0.0012826274   0.0058470794   0.0060503889   0.0022673068
        0.0053256218   0.1040322074   0.0390127671   0.1237703244  -0.0002237956
       -0.0004575255  -0.0002872910  -0.0002410665   0.0002100940  -0.0004927217
        0.0000669840  -0.0000559739   0.0003606105   0.0000668341   0.0002568711
        0.0002684939  -0.0000124570  -0.0000252487  -0.0000718390  -0.0000183927
       -0.0000029666   0.0000333825  -0.0000205599   0.0000207688   0.0000294243
       -0.0000124118  -0.0000268248  -0.0000686434
       -0.0348783819  -0.0675280716  -0.0723474526  -0.0010294008   0.0008263313
        0.0004611138   0.0000792533   0.0004613091   0.0001810917  -0.0000224319
        0.0001554240  -0.0000552518  -0.0000604909   0.0001463518  -0.0000552725
       -0.0001110978  -0.0002091683  -0.0001177831  -0.0000263915   0.0001958256
        0.0000370154   0.0000085400  -0.0000902060  -0.0000133436   0.0001284412
       -0.0000836207   0.0000913665   0.0000522308   0.0001792721   0.0000480283
       -0.0105658003  -0.0101076233  -0.0267815709   0.0070016917   0.0065524989
        0.0169539288   0.0390127671   0.0692796877   0.0811887740  -0.0004233798
        0.0001682244  -0.0001424176   0.0008771797   0.0002316897   0.0003621318
       -0.0000901230  -0.0001195412  -0.0000055537   0.0000546137   0.0000488865
        0.0001476819   0.0000131355  -0.0000178246   0.0001264520  -0.0000031899
        0.0000384570   0.0001042934   0.0000059455  -0.0000327497  -0.0000924444
       -0.0000231107  -0.0000951526  -0.0000907871
       -0.1108033170  -0.0723513058  -0.2744381761  -0.0030597110   0.0005325835
        0.0024597677   0.0003752271   0.0001845345   0.0009830095  -0.0000450881
       -0.0000410642   0.0000263754   0.0000237117  -0.0000006714   0.0001754458
        0.0000614504  -0.0000711003  -0.0001305564  -0.0001092234   0.0000365433
        0.0003019421   0.0000452925  -0.0000175679  -0.0001366584  -0.0000197400
        0.0000421264  -0.0002436457  -0.0000259073  -0.0000042825   0.0001400048
       -0.0030219085  -0.0069721445  -0.0077180760  -0.0085541513  -0.0029565073
       -0.0243158026   0.1237703244   0.0811887740   0.3014946652   0.0009547002
        0.0002818975   0.0005622315   0.0005348665  -0.0000434272   0.0004898419
       -0.0000287042  -0.0000851986   0.0002456567  -0.0000772893   0.0002292816
        0.0000854611  -0.0000234668   0.0000104895  -0.0000434821   0.0000091317
        0.0000022970  -0.0000165654   0.0000021007   0.0000100810   0.0000510386
       -0.0000082982   0.0000246614   0.0000275223
       -0.0187097672  -0.0196197665   0.0232813027  -0.0578184805  -0.0352080133
        0.0466077096   0.0024959547   0.0067658097  -0.0100749413   0.0012302022
        0.0003101950  -0.0004401379  -0.0000526047   0.0002960941   0.0000730579
       -0.0002515750  -0.0000953549   0.0002172151  -0.0001406808  -0.0000882839
       -0.0001268233   0.0001635741  -0.0000686645  -0.0000060384   0.0000619046
        0.0000269927   0.0000459903  -0.0001137991   0.0001224943  -0.0001451957
        0.0002276695  -0.0008519592   0.0005389100  -0.0063234926   0.0001702081
        0.0008956627  -0.0002237956  -0.0004233798   0.0009547002   0.0753561243
        0.0457183863  -0.0547390990   0.0044477577   0.0043946773  -0.0045652181
       -0.0007501461  -0.0010242444  -0.0028140208   0.0003172599   0.0002056925
        0.0003953805   0.0000718005  -0.0003605609  -0.0000887139  -0.0000206221
       -0.0000575510  -0.0000326185  -0.0000158490  -0.0000159526  -0.0000260271
        0.0000485654  -0.0001968190   0.0000489049
       -0.0012159273   0.0001945198  -0.0001074687  -0.0411018659  -0.1344339456
        0.1050284545   0.0021903527   0.0050702237  -0.0034967437   0.0004735869
        0.0003097382   0.0000364327   0.0000468025   0.0003750386  -0.0002349050
        0.0000441983  -0.0001886633  -0.0002432236   0.0000704379  -0.0000149899
        0.0000094264   0.0000496629  -0.0000857170  -0.0000071032   0.0000339609
        0.0000188103   0.0001989456  -0.0000676548  -0.0001428850   0.0002902522
        0.0005160843   0.0007561653  -0.0003883562   0.0002735051   0.0012009467
       -0.0004436687  -0.0004575255   0.0001682244   0.0002818975   0.0457183863
        0.1504299507  -0.1205480839  -0.0058468505  -0.0248923198   0.0219597489
       -0.0006586409   0.0007973782  -0.0015425159   0.0001800625   0.0007111055
       -0.0006496968  -0.0000611810  -0.0002013724  -0.0001425709  -0.0000104674
       -0.0000595076  -0.0000353105  -0.0000556567  -0.0000192815   0.0000624428
       -0.0001212706   0.0000065806  -0.0000279533
        0.0034152488   0.0028328273  -0.0029609459   0.0513155417   0.1054869184
       -0.1693688091   0.0021752134   0.0143941570  -0.0245183425  -0.0000245048
        0.0003533988   0.0004231968   0.0002400563   0.0002617760   0.0001105159
       -0.0000442422  -0.0000878914  -0.0001866401  -0.0000693111  -0.0001813387
        0.0001280567   0.0000205370  -0.0000057364  -0.0001060226   0.0002306745
        0.0000644885  -0.0000954432  -0.0001521161   0.0002837505   0.0000871307
        0.0001394921   0.0003725102   0.0000572932   0.0007006470  -0.0001372948
        0.0006901062  -0.0002872910  -0.0001424176   0.0005622315  -0.0547390990
       -0.1205480839   0.1945388972  -0.0011915333  -0.0012377314   0.0046210726
       -0.0023403840  -0.0016198287  -0.0048708484   0.0004940593   0.0005651636
        0.0008442992  -0.0001233483  -0.0004425139   0.0001443737   0.0000731128
        0.0000132532   0.0000125812   0.0000778281  -0.0000428364  -0.0000773465
        0.0000894188  -0.0001825703  -0.0000353566
       -0.0189398304   0.0292492755   0.0078335884  -0.0590054483   0.0573152161
        0.0183832975   0.0026523698  -0.0113048034  -0.0043367548   0.0012417597
       -0.0004422772  -0.0001774418  -0.0001056116  -0.0001950103  -0.0000306753
        0.0000550665   0.0000077341   0.0000582175  -0.0001445949  -0.0000035041
       -0.0001542129   0.0001606597   0.0000558427  -0.0000469240  -0.0002464651
        0.0001902825   0.0001152264  -0.0000479660  -0.0001719565   0.0002134072
       -0.0063239967   0.0003074072   0.0008325898   0.0002367433   0.0010095830
       -0.0000488122  -0.0002410665   0.0008771797   0.0005348665   0.0044477577
       -0.0058468505  -0.0011915333   0.0766162196  -0.0707112392  -0.0191212738
        0.0003250455   0.0000521092   0.0004418536  -0.0007548187  -0.0008027679
       -0.0028733929   0.0000437474   0.0001857154  -0.0000792486  -0.0000160384
       -0.0000053272  -0.0000309362  -0.0000209167   0.0000233426  -0.0000611602
        0.0000673841   0.0002100481  -0.0002606810
        0.0027703998  -0.0018082425  -0.0004057436   0.0648420781  -0.2437214586
       -0.0517589939  -0.0004081283  -0.0099420126  -0.0068363633  -0.0004143439
        0.0001558665   0.0001395319  -0.0000192639  -0.0003341090   0.0000157489
        0.0001022443  -0.0001491321  -0.0001638004  -0.0000897088   0.0001068859
       -0.0000009105  -0.0000438150  -0.0000874034  -0.0000052853  -0.0000468598
       -0.0000187643   0.0001321407   0.0000944470   0.0002642459   0.0001162653
        0.0001035874   0.0013064481   0.0000250035  -0.0003484326   0.0005523021
        0.0000546702   0.0002100940   0.0002316897  -0.0000434272   0.0043946773
       -0.0248923198  -0.0012377314  -0.0707112392   0.2769251873   0.0614508486
        0.0001373480   0.0008236059   0.0007020897  -0.0008353880   0.0003933553
       -0.0021807613   0.0001515800   0.0000888001  -0.0000661432   0.0000919954
       -0.0000499550  -0.0000880256   0.0000469234  -0.0000243553   0.0000628391
       -0.0000281951   0.0001793660   0.0000880479
        0.0021874650  -0.0034698093  -0.0006702586   0.0188303272  -0.0521659363
       -0.0588391040   0.0032711988  -0.0245852048  -0.0096004699   0.0002437927
       -0.0001697505   0.0005560426  -0.0001704266   0.0000190020   0.0002956143
        0.0002077907  -0.0000169784   0.0000631599  -0.0000367264   0.0001899784
        0.0000000578   0.0000710126  -0.0000077667  -0.0001132427  -0.0000208247
       -0.0000496008  -0.0003344651   0.0002253695  -0.0003229569   0.0002048413
        0.0007609331  -0.0002972080   0.0005767278   0.0004130989  -0.0007097171
        0.0002856091  -0.0004927217   0.0003621318   0.0004898419  -0.0045652181
        0.0219597489   0.0046210726  -0.0191212738   0.0614508486   0.0666027863
        0.0005198542  -0.0005390283   0.0007597635  -0.0022830060  -0.0021303179
       -0.0044616510  -0.0000030036   0.0000812328  -0.0001190042   0.0000289922
        0.0000192142  -0.0000470610   0.0000564826   0.0000144093  -0.0000253700
       -0.0001231165   0.0003677091  -0.0002448905
        0.0012926695   0.0005922606  -0.0008394312   0.0014147952   0.0068088162
       -0.0112978375  -0.0553409637  -0.0356976219   0.0465966948  -0.0154313835
       -0.0193181389   0.0215276365  -0.0049081380   0.0011649682   0.0015652816
       -0.0011311268  -0.0011529810  -0.0004798035   0.0002987256  -0.0002079458
        0.0002351123   0.0001347565   0.0001765895   0.0000255940   0.0000883128
       -0.0002074563  -0.0002671496   0.0007861320  -0.0019632574   0.0003904007
       -0.0001574546   0.0000434997  -0.0001693780  -0.0001812802  -0.0004423736
        0.0002021242   0.0000669840  -0.0000901230  -0.0000287042  -0.0007501461
       -0.0006586409  -0.0023403840   0.0003250455   0.0001373480   0.0005198542
        0.0704538312   0.0433492060  -0.0504584204   0.0035852604   0.0058801877
       -0.0052526893  -0.0000720682   0.0004114329   0.0000580955  -0.0003779197
        0.0000235611  -0.0000241284   0.0001544890   0.0000334827  -0.0000314837
       -0.0002505207   0.0011171862   0.0000686162
        0.0004235820   0.0003201731  -0.0004725148   0.0020589503   0.0048778398
       -0.0049181501  -0.0343512467  -0.1310364929   0.1027826883  -0.0048452814
       -0.0009852448   0.0016529352  -0.0006727835   0.0005440178   0.0007198413
       -0.0001975567  -0.0001290974   0.0001465627   0.0001808027   0.0003104561
       -0.0001429389  -0.0001273967  -0.0000131217   0.0000753256  -0.0001627537
       -0.0004475149  -0.0003500697   0.0017497813   0.0007097056  -0.0008644783
       -0.0000039998  -0.0002890436   0.0002843516   0.0002522735   0.0002436389
        0.0006418152  -0.0000559739  -0.0001195412  -0.0000851986  -0.0010242444
        0.0007973782  -0.0016198287   0.0000521092   0.0008236059  -0.0005390283
        0.0433492060   0.1506304017  -0.1201843169  -0.0071158130  -0.0266646750
        0.0228610956   0.0001411058   0.0003233888  -0.0001227335  -0.0000487895
        0.0000420948   0.0000053508   0.0000599593   0.0000257933  -0.0000063016
        0.0003380691   0.0000362376   0.0001355930
        0.0007605169  -0.0000404749   0.0013973612   0.0035966869   0.0161891955
       -0.0285886946   0.0455888710   0.1024763540  -0.1689078969   0.0049860438
        0.0039351218  -0.0023227673   0.0009207604  -0.0000272325   0.0000871659
       -0.0002463247   0.0003649526  -0.0000113352  -0.0000543187  -0.0001724643
        0.0002140752  -0.0000199767  -0.0000649286  -0.0000215704   0.0000519389
        0.0000946026   0.0000650926  -0.0013434274   0.0001811094   0.0004649016
       -0.0000868855   0.0000456489  -0.0004477066  -0.0009224923  -0.0000929532
       -0.0001791252   0.0003606105  -0.0000055537   0.0002456567  -0.0028140208
       -0.0015425159  -0.0048708484   0.0004418536   0.0007020897   0.0007597635
       -0.0504584204  -0.1201843169   0.1975390193  -0.0009160402  -0.0012002921
        0.0045006167   0.0000089700  -0.0001411266  -0.0001176607   0.0000219845
       -0.0000775793  -0.0001044667  -0.0001119184   0.0000320928   0.0000968824
        0.0002355887  -0.0004717294   0.0002015368
        0.0013324826  -0.0009993361  -0.0003780564   0.0015717003  -0.0119473382
       -0.0053226629  -0.0569206198   0.0590377860   0.0188647633  -0.0163470700
        0.0279196708   0.0066936116   0.0007694686   0.0017463924  -0.0008619400
        0.0000694871   0.0000094438  -0.0003928282   0.0003104539   0.0003172366
        0.0000525029   0.0001263764  -0.0001182047   0.0001331501  -0.0011994991
        0.0005393932  -0.0011105842  -0.0047553140  -0.0001244041   0.0020458050
       -0.0001722712   0.0004950394  -0.0000702707  -0.0001554709  -0.0001227930
       -0.0001109557   0.0000668341   0.0000546137  -0.0000772893   0.0003172599
        0.0001800625   0.0004940593  -0.0007548187  -0.0008353880  -0.0022830060
        0.0035852604  -0.0071158130  -0.0009160402   0.0726008579  -0.0678540779
       -0.0177928273  -0.0001731273  -0.0008011400   0.0007353369   0.0001589072
       -0.0000446306  -0.0000107943  -0.0003687362  -0.0000458108   0.0000007651
       -0.0000621611  -0.0002907018   0.0003072611
        0.0001133654   0.0009170626   0.0008236474   0.0005340850  -0.0116098775
       -0.0072333634   0.0572152707  -0.2375596565  -0.0534023451   0.0066611391
       -0.0032517202  -0.0003220937  -0.0021861641   0.0008883090   0.0005538582
        0.0001983631  -0.0001417502   0.0005145305  -0.0002001919   0.0004410306
       -0.0000025377   0.0001133121  -0.0000293932  -0.0000830902   0.0000113187
       -0.0003018748   0.0000797915   0.0009751273   0.0000642878  -0.0006893234
       -0.0007486732  -0.0001566978  -0.0006645593  -0.0000469591  -0.0005001264
       -0.0002633255   0.0002568711   0.0000488865   0.0002292816   0.0002056925
        0.0007111055   0.0005651636  -0.0008027679   0.0003933553  -0.0021303179
        0.0058801877  -0.0266646750  -0.0012002921  -0.0678540779   0.2761980577
        0.0636452081  -0.0001374348   0.0002139143  -0.0001832435  -0.0001095799
        0.0000352600   0.0000526740   0.0000401338   0.0000242186  -0.0001036201
       -0.0001190177   0.0002802837  -0.0001860430
        0.0008872445   0.0003955263   0.0008158809   0.0045301540  -0.0281055499
       -0.0123290523   0.0187344693  -0.0531393483  -0.0603670072   0.0014607328
       -0.0028492786   0.0007335429  -0.0000222660  -0.0005287535   0.0002789873
       -0.0000625384   0.0000555912  -0.0002251923   0.0000745380   0.0000207364
        0.0000843100  -0.0001209788   0.0000663522  -0.0000079451  -0.0003022866
       -0.0001414033   0.0001951966   0.0003701323   0.0000439887   0.0004772302
       -0.0006227772   0.0000702818   0.0002266806  -0.0000712885  -0.0000132349
       -0.0002356070   0.0002684939   0.0001476819   0.0000854611   0.0003953805
       -0.0006496968   0.0008442992  -0.0028733929  -0.0021807613  -0.0044616510
       -0.0052526893   0.0228610956   0.0045006167  -0.0177928273   0.0636452081
        0.0695194820   0.0003721417   0.0004571473  -0.0000476889  -0.0000575768
        0.0000151921   0.0000883365  -0.0000081310  -0.0000190615  -0.0000879138
        0.0000934657  -0.0001517133  -0.0000879664
        0.0000562427   0.0000453021   0.0000252389  -0.0001933063  -0.0002279984
        0.0000121132   0.0009431905  -0.0014153351  -0.0000446760   0.0057386955
       -0.0095853046   0.0026182430  -0.1100736366   0.1112668097  -0.0288366475
       -0.0192906363   0.0255483140  -0.0064856950  -0.0053874934   0.0001254214
        0.0015725642  -0.0005631877   0.0009000008  -0.0002604804  -0.0002486814
       -0.0005301035   0.0001537099  -0.0005276040  -0.0020999748   0.0016524565
       -0.0000717251   0.0000157749  -0.0000085066  -0.0000403317   0.0000226050
        0.0000119425  -0.0000124570   0.0000131355  -0.0000234668   0.0000718005
       -0.0000611810  -0.0001233483   0.0000437474   0.0001515800  -0.0000030036
       -0.0000720682   0.0001411058   0.0000089700  -0.0001731273  -0.0001374348
        0.0003721417   0.1289436614  -0.1240940745   0.0299908617   0.0006241503
        0.0006287109  -0.0006142642  -0.0000209066  -0.0000883567  -0.0001627820
        0.0002536730  -0.0006189968   0.0001446288
        0.0000340752   0.0001445399  -0.0001010626  -0.0001581209   0.0000538649
        0.0001242919   0.0009754758   0.0004878665  -0.0011253119   0.0119650933
       -0.0238396078   0.0068308145   0.1119694316  -0.2255425623   0.0527122991
        0.0033571821  -0.0018998764   0.0005215142   0.0005714532   0.0019933477
        0.0022483852  -0.0001687191  -0.0000586975  -0.0000293598  -0.0005407872
        0.0005906935  -0.0001714182  -0.0028211661  -0.0030503722   0.0037890039
       -0.0001550655  -0.0000336896   0.0000448586   0.0000571017  -0.0000458606
       -0.0000240069  -0.0000252487  -0.0000178246   0.0000104895  -0.0003605609
       -0.0002013724  -0.0004425139   0.0001857154   0.0000888001   0.0000812328
        0.0004114329   0.0003233888  -0.0001411266  -0.0008011400   0.0002139143
        0.0004571473  -0.1240940745   0.2514403196  -0.0635070139  -0.0008908430
        0.0006007689  -0.0010716829  -0.0001254391  -0.0000774905  -0.0005556920
        0.0006142038  -0.0011701501   0.0003491516
       -0.0001464203   0.0000081870  -0.0001589250  -0.0002695082   0.0002013804
        0.0000425863  -0.0011196259  -0.0008466261  -0.0016874104  -0.0041083702
        0.0100252630  -0.0019467355  -0.0290432271   0.0521498836  -0.0480720724
        0.0011635651  -0.0018738994   0.0011533186   0.0014535084   0.0021389998
        0.0078317126   0.0000554032  -0.0000967653  -0.0002336481   0.0001659376
       -0.0000641823   0.0000446558   0.0018063176   0.0037081978   0.0056893749
        0.0000168864  -0.0000141595   0.0002009976   0.0000122847  -0.0000827733
       -0.0000929286  -0.0000718390   0.0001264520  -0.0000434821  -0.0000887139
       -0.0001425709   0.0001443737  -0.0000792486  -0.0000661432  -0.0001190042
        0.0000580955  -0.0001227335  -0.0001176607   0.0007353369  -0.0001832435
       -0.0000476889   0.0299908617  -0.0635070139   0.0414215304  -0.0001023187
       -0.0012220089  -0.0022870592  -0.0001490974  -0.0005766856  -0.0015818965
       -0.0002798278   0.0004404419  -0.0001400384
       -0.0001248736  -0.0000073478  -0.0000524513   0.0000547798  -0.0000943401
        0.0001381412  -0.0009408559  -0.0010526039   0.0004424683  -0.0049464663
        0.0009090259   0.0011011170  -0.0169304199  -0.0233082464   0.0099993059
       -0.1079585013  -0.1066319701   0.0450286268   0.0068282943   0.0112706109
       -0.0044737749   0.0010321520   0.0004726167  -0.0004809846  -0.0010867217
        0.0026861170   0.0000166183  -0.0001109658   0.0005717753  -0.0002020347
        0.0000490775  -0.0000226548   0.0000116743   0.0000054099   0.0000293486
        0.0000164871  -0.0000183927  -0.0000031899   0.0000091317  -0.0000206221
       -0.0000104674   0.0000731128  -0.0000160384   0.0000919954   0.0000289922
       -0.0003779197  -0.0000487895   0.0000219845   0.0001589072  -0.0001095799
       -0.0000575768   0.0006241503  -0.0008908430  -0.0001023187   0.1234839244
        0.1154251008  -0.0510190239   0.0003199488   0.0007154953  -0.0003093490
       -0.0000248667   0.0000079468  -0.0001901460
       -0.0000100405   0.0000319094   0.0000055758   0.0000472299   0.0002225028
       -0.0000129236   0.0000087742  -0.0002632495   0.0001057167   0.0005727414
        0.0022734998   0.0019535082  -0.0019429093  -0.0007945043   0.0005205673
       -0.1060111001  -0.2143099432   0.0738190859  -0.0111715192  -0.0230649196
        0.0094715531  -0.0000313522   0.0008763034  -0.0007917719   0.0028336945
       -0.0029037211   0.0031904428   0.0005262728   0.0002238183  -0.0001572305
       -0.0000551691   0.0000011039   0.0000546754   0.0000162216  -0.0000225196
       -0.0000184432  -0.0000029666   0.0000384570   0.0000022970  -0.0000575510
       -0.0000595076   0.0000132532  -0.0000053272  -0.0000499550   0.0000192142
        0.0000235611   0.0000420948  -0.0000775793  -0.0000446306   0.0000352600
        0.0000151921   0.0006287109   0.0006007689  -0.0012220089   0.1154251008
        0.2382582931  -0.0866282992  -0.0007203506  -0.0010449771   0.0003144834
       -0.0000293908  -0.0000907144  -0.0005773084
        0.0000683653   0.0000132420   0.0000240902   0.0000906778   0.0002814641
        0.0000286966  -0.0000963057  -0.0000738666   0.0000769228   0.0015223819
        0.0020115517   0.0074479019   0.0028289600   0.0029868890  -0.0012634858
        0.0447474255   0.0739938571  -0.0644692014   0.0030947967   0.0067229682
       -0.0016337048  -0.0002182480  -0.0008644052  -0.0014054854  -0.0000226283
        0.0032785719   0.0062566725  -0.0002690403  -0.0001453948  -0.0000125756
       -0.0000202185  -0.0000241887   0.0001363877  -0.0000279741  -0.0000960178
       -0.0000564778   0.0000333825   0.0001042934  -0.0000165654  -0.0000326185
       -0.0000353105   0.0000125812  -0.0000309362  -0.0000880256  -0.0000470610
       -0.0000241284   0.0000053508  -0.0001044667  -0.0000107943   0.0000526740
        0.0000883365  -0.0006142642  -0.0010716829  -0.0022870592  -0.0510190239
       -0.0866282992   0.0591772994   0.0001819503   0.0001708418  -0.0003887344
       -0.0001817595  -0.0005945128  -0.0015640713
       -0.0001281584  -0.0000299908  -0.0000486105   0.0000460793   0.0001742301
        0.0000537156  -0.0009653541   0.0010679004  -0.0002725272  -0.0049276884
       -0.0002093437   0.0014548992  -0.0000819653  -0.0005874556   0.0001879045
       -0.0009552384  -0.0020574084   0.0016063700   0.0068141030  -0.0109099603
        0.0030441375   0.0010429267  -0.0006842608  -0.0001053571  -0.1137027422
        0.1153269847  -0.0293759922  -0.0175975322   0.0242402839  -0.0060039865
        0.0000056088  -0.0000137443   0.0000313982   0.0000478504   0.0000229177
       -0.0000036165  -0.0000205599   0.0000059455   0.0000021007  -0.0000158490
       -0.0000556567   0.0000778281  -0.0000209167   0.0000469234   0.0000564826
        0.0001544890   0.0000599593  -0.0001119184  -0.0003687362   0.0000401338
       -0.0000081310  -0.0000209066  -0.0001254391  -0.0001490974   0.0003199488
       -0.0007203506   0.0001819503   0.1297524541  -0.1262347945   0.0299909631
        0.0006221874   0.0006431260  -0.0006085130
        0.0000496622   0.0000184505  -0.0000015947   0.0000173136   0.0000338709
        0.0000167385  -0.0000766076  -0.0001340058   0.0000643302   0.0003096002
        0.0022524189   0.0020325139  -0.0005910690   0.0002593095  -0.0000620276
       -0.0021894669  -0.0027646395   0.0036458870   0.0115002522  -0.0230295469
        0.0067897393  -0.0001144761   0.0008212961  -0.0009033971   0.1146580962
       -0.2254442876   0.0508988175   0.0029056318  -0.0020005532   0.0003708247
       -0.0000306708   0.0000216326  -0.0000377387   0.0000333842   0.0000366538
        0.0000235114   0.0000207688  -0.0000327497   0.0000100810  -0.0000159526
       -0.0000192815  -0.0000428364   0.0000233426  -0.0000243553   0.0000144093
        0.0000334827   0.0000257933   0.0000320928  -0.0000458108   0.0000242186
       -0.0000190615  -0.0000883567  -0.0000774905  -0.0005766856   0.0007154953
       -0.0010449771   0.0001708418  -0.1262347945   0.2504336194  -0.0614139655
       -0.0008798248   0.0006446236  -0.0010124801
        0.0000564220  -0.0000074358   0.0000401339   0.0000998032  -0.0002785450
        0.0002186153  -0.0000842679   0.0002403159  -0.0000183849   0.0015839006
        0.0019485343   0.0074399103   0.0001399647  -0.0000407817  -0.0000906375
        0.0016817825   0.0035428577   0.0060063607  -0.0045481049   0.0095318092
       -0.0016795880  -0.0002460426  -0.0008420437  -0.0013688563  -0.0292098716
        0.0507690051  -0.0476718889   0.0012666945  -0.0021072830   0.0006534667
       -0.0000134777   0.0000420995  -0.0001020630  -0.0000476831   0.0000942285
        0.0001037470   0.0000294243  -0.0000924444   0.0000510386  -0.0000260271
        0.0000624428  -0.0000773465  -0.0000611602   0.0000628391  -0.0000253700
       -0.0000314837  -0.0000063016   0.0000968824   0.0000007651  -0.0001036201
       -0.0000879138  -0.0001627820  -0.0005556920  -0.0015818965  -0.0003093490
        0.0003144834  -0.0003887344   0.0299909631  -0.0614139655   0.0408074975
       -0.0001094702  -0.0011605024  -0.0023249726
        0.0000562952  -0.0000260038   0.0000483052  -0.0001942069   0.0001856709
       -0.0001226608   0.0009841608   0.0011496107  -0.0009195045   0.0057306850
        0.0099520056  -0.0039762968  -0.0006746586   0.0027546722   0.0000274364
       -0.0002719276   0.0004995537  -0.0001894537  -0.0053953926   0.0006859149
        0.0013778496  -0.0005403595  -0.0008900421   0.0003495360  -0.0185458172
       -0.0246471391   0.0103917408  -0.1045191837  -0.1031281242   0.0429227409
       -0.0000396835  -0.0000101427   0.0000250292  -0.0000701945  -0.0000191262
       -0.0000000865  -0.0000124118  -0.0000231107  -0.0000082982   0.0000485654
       -0.0001212706   0.0000894188   0.0000673841  -0.0000281951  -0.0001231165
       -0.0002505207   0.0003380691   0.0002355887  -0.0000621611  -0.0001190177
        0.0000934657   0.0002536730   0.0006142038  -0.0002798278  -0.0000248667
       -0.0000293908  -0.0001817595   0.0006221874  -0.0008798248  -0.0001094702
        0.1228384336   0.1137416868  -0.0496506369
       -0.0001176725   0.0000779863  -0.0000797508  -0.0000292237  -0.0001092616
       -0.0000101076  -0.0014686059   0.0006371827  -0.0006444843  -0.0112013413
       -0.0239859115   0.0098522039   0.0034004494  -0.0033389852   0.0031407142
        0.0005056002   0.0005398477  -0.0001890959   0.0002476370   0.0020351047
        0.0021983521   0.0001894575  -0.0000784136  -0.0000968453  -0.0023861492
       -0.0007484138   0.0007146615  -0.1038160855  -0.2162009265   0.0728661031
       -0.0000377254  -0.0000108627  -0.0000392273   0.0001270078   0.0000380841
        0.0000821289  -0.0000268248  -0.0000951526   0.0000246614  -0.0001968190
        0.0000065806  -0.0001825703   0.0002100481   0.0001793660   0.0003677091
        0.0011171862   0.0000362376  -0.0004717294  -0.0002907018   0.0002802837
       -0.0001517133  -0.0006189968  -0.0011701501   0.0004404419   0.0000079468
       -0.0000907144  -0.0005945128   0.0006431260   0.0006446236  -0.0011605024
        0.1137416868   0.2413534950  -0.0860664368
       -0.0001070692  -0.0001758303  -0.0000931560  -0.0002803369  -0.0001003304
        0.0002073838  -0.0002736247  -0.0009390263  -0.0018338098   0.0037795596
        0.0067329103  -0.0018599885  -0.0003316528   0.0031723174   0.0061332496
       -0.0002088140  -0.0002576665   0.0001256792   0.0015329332   0.0022972486
        0.0077847493   0.0000069396  -0.0000307737  -0.0002485235   0.0030124883
        0.0030746641  -0.0007034768   0.0431194089   0.0734541472  -0.0630698450
        0.0000417528   0.0000282505  -0.0001310228  -0.0000823755   0.0001323052
        0.0001304966  -0.0000686434  -0.0000907871   0.0000275223   0.0000489049
       -0.0000279533  -0.0000353566  -0.0002606810   0.0000880479  -0.0002448905
        0.0000686162   0.0001355930   0.0002015368   0.0003072611  -0.0001860430
       -0.0000879664   0.0001446288   0.0003491516  -0.0001400384  -0.0001901460
       -0.0005773084  -0.0015640713  -0.0006085130  -0.0010124801  -0.0023249726
       -0.0496506369  -0.0860664368   0.0577265007
