           1           2  0.93473833173766674     
           2           3   1.0011202620082316     
           3           4   1.2942252760177884     
           4           5   1.5607651527148758     
           3           6   1.5214327938299599     
           5           6  0.11582223519181523     
           6           7   1.2818094017502129     
           5           8   1.2760152487161593     
           7           8   1.2570452908252920     
           8           9   1.2763257996271511     
           9          10   1.5587856538750753     
          10          11   1.3206847970278479     
           7          12   1.2730367159578142     
           9          12  0.12052206600986241     
          11          12   1.5602168232312243     
           1          14  0.91968067613793725     
           1          15  0.84434194433794174     
           1          16  0.92198333700197233     
           2          17  0.97009657828239215     
           2          18  0.95882923695219735     
           4          19  0.96851645991154722     
           5          20  0.96823345589430965     
           6          21  0.93939991305457438     
           9          22  0.96897385734181263     
          10          23  0.97068828093834458     
          11          24  0.97021378914062328     
          12          25  0.96511104829405103     
