$hessian                                                                        
        0.5675429262  -0.0485457352  -0.0215220537  -0.0813800900  -0.0301151778
       -0.0183351216  -0.0113837739  -0.0229325076  -0.0047143020  -0.0010497860
       -0.0007202030   0.0008576301  -0.0002821377   0.0004868582  -0.0009072159
       -0.0923539592   0.0224781063  -0.1030274651  -0.1986919794  -0.0688624517
        0.1257561180  -0.1781345620   0.1468000115   0.0214051192  -0.0063315252
       -0.0126857562  -0.0074453462   0.0069354076   0.0151180751   0.0076361942
       -0.0033684719  -0.0014706087   0.0015087200   0.0010757087   0.0006405980
       -0.0015277041   0.0000460158   0.0000147034   0.0001294992  -0.0003636830
        0.0003165724   0.0000119229  -0.0022251523  -0.0002865496   0.0001475355
       -0.0001597164  -0.0003016467   0.0002016846   0.0001247788   0.0000657116
       -0.0001752150
       -0.0485457352   0.5078890283  -0.0382264434  -0.0253139242  -0.1327307670
       -0.0375189265  -0.0112631421  -0.0164460957   0.0013245483   0.0005729520
       -0.0012423351   0.0001948675   0.0000527548  -0.0004945898   0.0005983421
        0.0237972129  -0.0559491837   0.0531649212  -0.0677696811  -0.0756527405
        0.0572244088   0.1416076989  -0.1984586649  -0.0219773851  -0.0015736261
       -0.0003451443  -0.0014896741  -0.0094376240  -0.0286842478  -0.0135393677
       -0.0039608164  -0.0002440662   0.0016301900   0.0007809673   0.0014003134
       -0.0010113481   0.0000381048  -0.0000874699   0.0001381094  -0.0002971104
        0.0002460951  -0.0001081822   0.0014372361   0.0006531946  -0.0004041623
       -0.0000273254   0.0001719437  -0.0001221456  -0.0000979420  -0.0000252702
        0.0001222477
       -0.0215220537  -0.0382264434   0.5721670222  -0.0148462467  -0.0330293491
       -0.0867758110   0.0050296226   0.0120308171   0.0061664043   0.0003651965
        0.0001747593  -0.0003322773   0.0001301132   0.0001194803  -0.0001999862
       -0.1052489461   0.0501059450  -0.2778269595   0.1279084029   0.0586875807
       -0.1502688417   0.0197829516  -0.0210233857  -0.0477399980  -0.0124355462
       -0.0259538567  -0.0139256448  -0.0018416703  -0.0060594318  -0.0021961625
        0.0020492781   0.0018895688  -0.0016707880   0.0006776353   0.0013506599
        0.0019975054   0.0003283254   0.0001343648   0.0001117478   0.0000653888
       -0.0002176905   0.0000696811  -0.0002756477  -0.0000155310   0.0001123015
       -0.0000294710   0.0000179899   0.0000668558  -0.0001373328   0.0000145222
        0.0002449508
       -0.0813800900  -0.0253139242  -0.0148462467   0.4683381909  -0.0588441566
        0.0152008369  -0.1205252943  -0.0235828462   0.0480444378  -0.0275645643
       -0.0085989287   0.0142916987   0.0009302509  -0.0010530263  -0.0001049979
       -0.0047956739  -0.0082889445  -0.0066320760  -0.0088460472  -0.0159015992
       -0.0059027982   0.0104264954   0.0130605896   0.0066169562  -0.0687128524
        0.0204823889  -0.0732667009  -0.1618212316   0.1115267616   0.0127316692
       -0.0017819739  -0.0028084798   0.0028844048   0.0003093787  -0.0016973367
        0.0018352191   0.0012219037  -0.0001645055   0.0010004672  -0.0054631038
        0.0015379274  -0.0015870087  -0.0001070915  -0.0000034912   0.0000371405
        0.0001183689  -0.0002921721  -0.0002292667  -0.0003466654  -0.0000582565
       -0.0000737353
       -0.0301151778  -0.1327307670  -0.0330293491  -0.0588441566   0.4333652041
       -0.0075042502  -0.0223003502  -0.0715803116   0.0189662437   0.0017461259
        0.0044775208  -0.0044666850  -0.0005466689   0.0003552434  -0.0000452277
       -0.0005811180   0.0042737612  -0.0044832421  -0.0068728655  -0.0086532584
       -0.0014604973  -0.0036732464  -0.0199804055  -0.0079195319   0.0153247547
       -0.0513584151   0.0375198302   0.1186806887  -0.1447155871  -0.0114717913
       -0.0176843588  -0.0138944234   0.0163522867   0.0034255943   0.0000984765
       -0.0029233804  -0.0001022650   0.0003355655  -0.0002979035   0.0013323988
        0.0004739145   0.0002166777   0.0001405837  -0.0002552544   0.0006472128
       -0.0000724130  -0.0000027061   0.0001297013   0.0001424739  -0.0002085573
       -0.0002300938
       -0.0183351216  -0.0375189265  -0.0867758110   0.0152008369  -0.0075042502
        0.5082433657   0.0469521406   0.0225822416  -0.1089188042   0.0002175382
       -0.0036016335   0.0033679072  -0.0001942514   0.0001990890  -0.0001445705
       -0.0115848496  -0.0206047219  -0.0121772399   0.0047694363   0.0109556079
        0.0064808298   0.0004592354  -0.0052305574  -0.0013625857  -0.0710187049
        0.0439398040  -0.2388298721   0.0134284591  -0.0147701879  -0.0477204354
        0.0013480836   0.0004591751  -0.0003344552   0.0217772646   0.0116480654
       -0.0227507208  -0.0016810950  -0.0007900990   0.0010977855  -0.0013280507
        0.0001635663   0.0005097340  -0.0001154006  -0.0000771425   0.0001141946
       -0.0000907630  -0.0001125985  -0.0001425450   0.0001952421   0.0002625681
       -0.0006567770
       -0.0113837739  -0.0112631421   0.0050296226  -0.1205252943  -0.0223003502
        0.0469521406   0.4321519983  -0.0011961122   0.0120270504  -0.1597505841
        0.0276995724  -0.0353933652  -0.0086060482   0.0088251932  -0.0016158617
        0.0006758190   0.0004246022  -0.0002419394   0.0000241598  -0.0018127362
       -0.0010005884   0.0004713422   0.0001874938  -0.0004412437   0.0049460388
        0.0003520448  -0.0005130504  -0.0196304078  -0.0058518005   0.0148735216
       -0.0416110858   0.0073737562  -0.0009811491  -0.0455194847  -0.0073040675
       -0.0291651422  -0.0100489714   0.0013862738  -0.0054038320  -0.0227695120
        0.0032980188  -0.0048757522   0.0001619494  -0.0006167435   0.0003007058
        0.0006266919   0.0015568428   0.0003255028   0.0007871629  -0.0007588456
        0.0001233803
       -0.0229325076  -0.0164460957   0.0120308171  -0.0235828462  -0.0715803116
        0.0225822416  -0.0011961122   0.5007212579   0.0172419312   0.0309677513
       -0.0740874194   0.0098547945   0.0277414818  -0.0118141417   0.0074841323
        0.0006756039   0.0001550840   0.0006557272  -0.0027645000  -0.0042793966
       -0.0018972134   0.0000313571   0.0004189067  -0.0002271114  -0.0041078019
       -0.0005855676   0.0062631352   0.0085884601   0.0038851972  -0.0086728266
        0.0104027359  -0.2675996548  -0.0038149898  -0.0095023350  -0.0586802250
       -0.0572975920  -0.0052477547   0.0016791125  -0.0013286311  -0.0112284262
        0.0023014709  -0.0030534170   0.0002871295   0.0006587239  -0.0000912346
        0.0015716908  -0.0059691099  -0.0004079562   0.0002960734   0.0012221690
        0.0006781928
       -0.0047143020   0.0013245483   0.0061664043   0.0480444378   0.0189662437
       -0.1089188042   0.0120270504   0.0172419312   0.4959530026  -0.0347232542
        0.0096927028  -0.0776527945   0.0008347179   0.0008236480   0.0003829255
       -0.0007873736  -0.0002029591   0.0019074287  -0.0009987778  -0.0017540144
       -0.0002382523  -0.0000158271   0.0005246345   0.0008353203   0.0182860958
        0.0107730993  -0.0187519304   0.0043526099   0.0019793607  -0.0008632815
        0.0005173179  -0.0040647326  -0.0441127460  -0.0297450478  -0.0586149875
       -0.2469711635  -0.0283415034   0.0067828593  -0.0124827302   0.0141195321
       -0.0025730413   0.0035770962  -0.0001910913   0.0001645403  -0.0000438904
        0.0002436192  -0.0004997753   0.0005109339   0.0010917960  -0.0005640579
        0.0007024815
       -0.0010497860   0.0005729520   0.0003651965  -0.0275645643   0.0017461259
        0.0002175382  -0.1597505841   0.0309677513  -0.0347232542   0.4699933373
        0.0222921976  -0.0101536583  -0.0677441257   0.0208371981   0.0029617406
       -0.0002371983  -0.0000851257   0.0003674980   0.0000262688  -0.0002166944
        0.0000440205   0.0004597818  -0.0004076723   0.0002849466   0.0014953608
        0.0008427894  -0.0013715886  -0.0025177196  -0.0009824277   0.0014359821
       -0.0060188489   0.0047790655  -0.0019445577  -0.0089021214   0.0015047104
       -0.0068353294  -0.0496271593  -0.0103258299  -0.0311838845  -0.1443492347
       -0.0760274348   0.0805054683   0.0024475525  -0.0186485702  -0.0016141626
       -0.0070501640   0.0270213915   0.0020432473   0.0003892051  -0.0038704269
       -0.0003992029
       -0.0007202030  -0.0012423351   0.0001747593  -0.0085989287   0.0044775208
       -0.0036016335   0.0276995724  -0.0740874194   0.0096927028   0.0222921976
        0.4855986619   0.0024855102   0.0212565595  -0.2003639598  -0.0143675323
       -0.0001101316  -0.0001554866  -0.0000035527  -0.0001378950  -0.0003740214
        0.0001279406  -0.0005684396  -0.0002552379   0.0002398445  -0.0000115630
        0.0003769325  -0.0003368647  -0.0010775379   0.0003705892   0.0009477116
        0.0260845903  -0.0117139809   0.0092624728  -0.0063538976   0.0026554872
       -0.0025935836  -0.0105560497  -0.0601982412  -0.0568175819  -0.0759410771
       -0.0995735144   0.0594130651   0.0005227814  -0.0228614811   0.0010627077
        0.0041291667  -0.0087268580  -0.0000093977   0.0020908553  -0.0139266560
       -0.0056765684
        0.0008576301   0.0001948675  -0.0003322773   0.0142916987  -0.0044666850
        0.0033679072  -0.0353933652   0.0098547945  -0.0776527945  -0.0101536583
        0.0024855102   0.5148891442   0.0031709791  -0.0146775922  -0.0688244916
        0.0001031857   0.0003277403  -0.0004375313  -0.0000235070   0.0000927910
       -0.0000847225  -0.0002576516  -0.0001996016  -0.0002751461   0.0013968257
       -0.0002863414   0.0011637118   0.0032718788   0.0008083347  -0.0016147465
        0.0001294113   0.0001464152   0.0010996050  -0.0273306829   0.0073873580
       -0.0119938261  -0.0299143389  -0.0568028317  -0.2445523769   0.0795839249
        0.0598362264  -0.1114264712  -0.0024237350   0.0186647173   0.0015170509
       -0.0015880849   0.0066509903   0.0006498753   0.0042794894  -0.0300166934
       -0.0054929104
       -0.0002821377   0.0000527548   0.0001301132   0.0009302509  -0.0005466689
       -0.0001942514  -0.0086060482   0.0277414818   0.0008347179  -0.0677441257
        0.0212565595   0.0031709791   0.5033311556   0.0054663716   0.0001569634
        0.0002280892   0.0000745629   0.0001349052   0.0001050755   0.0001963997
       -0.0002443019   0.0008370702   0.0006157688  -0.0005521029  -0.0002426380
        0.0000125950  -0.0000811008   0.0000327236  -0.0002292370  -0.0000561788
       -0.0048604219   0.0026276827  -0.0015963274   0.0009864002  -0.0000146274
        0.0010067608   0.0010841682  -0.0021740119   0.0001373405   0.0023306286
       -0.0175412235  -0.0013427913  -0.1219107845  -0.0721370671   0.0828377095
       -0.2560200910   0.0452119566  -0.0525158915  -0.0501993153  -0.0106132977
       -0.0318265437
        0.0004868582  -0.0004945898   0.0001194803  -0.0010530263   0.0003552434
        0.0001990890   0.0088251932  -0.0118141417   0.0008236480   0.0208371981
       -0.2003639598  -0.0146775922   0.0054663716   0.4733358300  -0.0045336864
        0.0000184936   0.0000797644  -0.0000309644   0.0000103797   0.0000122197
       -0.0001090381  -0.0007869552   0.0000069136  -0.0007363872  -0.0000247686
        0.0002241915   0.0000711351   0.0000743372   0.0000534327   0.0000386238
        0.0017609412   0.0000425533   0.0004377263  -0.0010470150   0.0009447034
       -0.0002132955   0.0017533513  -0.0140528933  -0.0047775953   0.0004923155
       -0.0222927483   0.0004215668  -0.0706149281  -0.1080557495   0.0748056481
        0.0444785525  -0.0539904014   0.0113106283  -0.0106772989  -0.0639903683
       -0.0631489865
       -0.0009072159   0.0005983421  -0.0001999862  -0.0001049979  -0.0000452277
       -0.0001445705  -0.0016158617   0.0074841323   0.0003829255   0.0029617406
       -0.0143675323  -0.0688244916   0.0001569634  -0.0045336864   0.5119643504
       -0.0001157261  -0.0000253094   0.0002533728   0.0000426928   0.0001335890
        0.0001545579   0.0017934206  -0.0004659620   0.0011448272   0.0001808504
       -0.0001071927  -0.0000677406   0.0000344377  -0.0000493666   0.0000050667
       -0.0019876672   0.0008599101  -0.0000014357  -0.0000979562   0.0008537114
        0.0005933455   0.0039151410  -0.0293639373  -0.0054210171  -0.0011729556
        0.0168102239   0.0015441404   0.0809280045   0.0745940943  -0.1309982872
       -0.0522762432   0.0115014051  -0.0592821013  -0.0317346271  -0.0638771939
       -0.2511029563
       -0.0923539592   0.0237972129  -0.1052489461  -0.0047956739  -0.0005811180
       -0.0115848496   0.0006758190   0.0006756039  -0.0007873736  -0.0002371983
       -0.0001101316   0.0001031857   0.0002280892   0.0000184936  -0.0001157261
        0.0961967452  -0.0254333734   0.1170583810   0.0095104290  -0.0046549587
        0.0192912168  -0.0091998214   0.0084583674  -0.0199180990  -0.0001448505
       -0.0024482175  -0.0008480087   0.0006838674   0.0006614562   0.0007887149
        0.0000579882   0.0001687305   0.0000886562  -0.0004776039  -0.0005001965
        0.0009128668   0.0001482879  -0.0000296758   0.0001998014   0.0000399231
       -0.0000609582  -0.0000610660  -0.0001707997   0.0000375737  -0.0000926032
        0.0000713659  -0.0001057795   0.0000732501  -0.0002326080   0.0001069708
        0.0001405994
        0.0224781063  -0.0559491837   0.0501059450  -0.0082889445   0.0042737612
       -0.0206047219   0.0004246022   0.0001550840  -0.0002029591  -0.0000851257
       -0.0001554866   0.0003277403   0.0000745629   0.0000797644  -0.0000253094
       -0.0254333734   0.0597459831  -0.0572453191   0.0027532064   0.0000595584
        0.0108481308   0.0114168368  -0.0045990360   0.0198190369  -0.0024229384
       -0.0040408616  -0.0024036050  -0.0004235804   0.0001552526  -0.0009946166
       -0.0002137958  -0.0001758198  -0.0003467793  -0.0004205390   0.0003466260
        0.0006467487   0.0000651377   0.0000195044   0.0000498622  -0.0000759479
        0.0001079871  -0.0000280955  -0.0000768680  -0.0001130688   0.0000306294
        0.0001359544   0.0000670535   0.0000057238   0.0000927064   0.0000228820
        0.0000175888
       -0.1030274651   0.0531649212  -0.2778269595  -0.0066320760  -0.0044832421
       -0.0121772399  -0.0002419394   0.0006557272   0.0019074287   0.0003674980
       -0.0000035527  -0.0004375313   0.0001349052  -0.0000309644   0.0002533728
        0.1170583810  -0.0572453191   0.3076614793  -0.0041585751   0.0072703295
       -0.0215162683  -0.0028830298   0.0029441917   0.0020591229  -0.0008742642
       -0.0027747828  -0.0001944457  -0.0000959034   0.0002673249   0.0003832493
        0.0003646642   0.0003491275  -0.0000191725  -0.0003388951  -0.0001763450
       -0.0001759670   0.0000323132  -0.0000396082   0.0000753197   0.0001576420
        0.0000361743   0.0002063142   0.0001141036   0.0000933334  -0.0002259423
        0.0000605064  -0.0000225105   0.0000739960  -0.0000378654  -0.0000048050
       -0.0000467564
       -0.1986919794  -0.0677696811   0.1279084029  -0.0088460472  -0.0068728655
        0.0047694363   0.0000241598  -0.0027645000  -0.0009987778   0.0000262688
       -0.0001378950  -0.0000235070   0.0001050755   0.0000103797   0.0000426928
        0.0095104290   0.0027532064  -0.0041585751   0.2167161145   0.0774134850
       -0.1427278269  -0.0188581256  -0.0030824043   0.0156361070  -0.0000778200
       -0.0000862156   0.0000753224   0.0007098706   0.0006681335   0.0000527056
       -0.0005745294  -0.0000850031   0.0002396605   0.0001969697  -0.0000541543
       -0.0005961275  -0.0000108036  -0.0000797871   0.0000674324   0.0000819960
        0.0000412277  -0.0001326451  -0.0003171530   0.0001618131  -0.0000183224
        0.0000237099  -0.0001140580   0.0000054074  -0.0000181355  -0.0000016815
       -0.0001413856
       -0.0688624517  -0.0756527405   0.0586875807  -0.0159015992  -0.0086532584
        0.0109556079  -0.0018127362  -0.0042793966  -0.0017540144  -0.0002166944
       -0.0003740214   0.0000927910   0.0001963997   0.0000122197   0.0001335890
       -0.0046549587   0.0000595584   0.0072703295   0.0774134850   0.0809948944
       -0.0633649472   0.0155342522   0.0081600740  -0.0122777376  -0.0003736885
        0.0003869670   0.0000551225  -0.0005411557  -0.0007121149   0.0003549738
       -0.0010650005  -0.0003162254   0.0004544177   0.0001890760   0.0000320661
       -0.0005415504  -0.0000387071   0.0000078154   0.0000496947  -0.0001079464
        0.0001892416  -0.0000943212   0.0000838042   0.0001389112  -0.0000339321
        0.0001744854   0.0000804693  -0.0000147071  -0.0000165641  -0.0000744601
        0.0000271031
        0.1257561180   0.0572244088  -0.1502688417  -0.0059027982  -0.0014604973
        0.0064808298  -0.0010005884  -0.0018972134  -0.0002382523   0.0000440205
        0.0001279406  -0.0000847225  -0.0002443019  -0.0001090381   0.0001545579
        0.0192912168   0.0108481308  -0.0215162683  -0.1427278269  -0.0633649472
        0.1649976069   0.0061570795  -0.0001217847  -0.0010112641  -0.0010544770
       -0.0008643924   0.0002299891  -0.0002683730  -0.0005200752   0.0004049212
       -0.0001878803  -0.0001639976   0.0005590543   0.0001802716   0.0002448661
        0.0001531269  -0.0000184927  -0.0001008086   0.0000575445  -0.0000681728
        0.0000230884   0.0002386015   0.0000898932   0.0000878598  -0.0000617962
       -0.0000632296   0.0000044096   0.0000177798   0.0000175412   0.0000420504
       -0.0001128666
       -0.1781345620   0.1416076989   0.0197829516   0.0104264954  -0.0036732464
        0.0004592354   0.0004713422   0.0000313571  -0.0000158271   0.0004597818
       -0.0005684396  -0.0002576516   0.0008370702  -0.0007869552   0.0017934206
       -0.0091998214   0.0114168368  -0.0028830298  -0.0188581256   0.0155342522
        0.0061570795   0.1928498040  -0.1622139500  -0.0227112562   0.0005017785
       -0.0004197265  -0.0002008487   0.0000633523  -0.0027453351  -0.0011186389
       -0.0002583688   0.0000030586   0.0001582268   0.0001393132  -0.0000821771
        0.0002043997  -0.0000454434   0.0000160198   0.0000318749  -0.0001353855
        0.0000517266  -0.0001263296   0.0013851585   0.0012725896  -0.0019144729
        0.0001206748   0.0005964171  -0.0002645597  -0.0006230645  -0.0000401268
        0.0009054260
        0.1468000115  -0.1984586649  -0.0210233857   0.0130605896  -0.0199804055
       -0.0052305574   0.0001874938   0.0004189067   0.0005246345  -0.0004076723
       -0.0002552379  -0.0001996016   0.0006157688   0.0000069136  -0.0004659620
        0.0084583674  -0.0045990360   0.0029441917  -0.0030824043   0.0081600740
       -0.0001217847  -0.1622139500   0.2172304846   0.0251256366   0.0001753334
        0.0005527819   0.0003047373  -0.0026761418  -0.0040290121  -0.0026394678
       -0.0001404017   0.0003582051   0.0000858715  -0.0001373141  -0.0003228026
        0.0004723910  -0.0000540797  -0.0000326265   0.0000368204   0.0001073242
        0.0000493577  -0.0001137220  -0.0010053828   0.0004257018   0.0000122313
        0.0003965919   0.0000980751   0.0001299046  -0.0000841339   0.0003772850
        0.0001580624
        0.0214051192  -0.0219773851  -0.0477399980   0.0066169562  -0.0079195319
       -0.0013625857  -0.0004412437  -0.0002271114   0.0008353203   0.0002849466
        0.0002398445  -0.0002751461  -0.0005521029  -0.0007363872   0.0011448272
       -0.0199180990   0.0198190369   0.0020591229   0.0156361070  -0.0122777376
       -0.0010112641  -0.0227112562   0.0251256366   0.0479200330   0.0001965982
       -0.0008990155  -0.0000397097  -0.0011606463  -0.0024420441  -0.0003329322
        0.0000373463   0.0001926991   0.0000600645   0.0000918813   0.0004141635
       -0.0003973687  -0.0001308801  -0.0002386799  -0.0000113642   0.0000847548
        0.0001254137   0.0001814941   0.0000793402   0.0006916744  -0.0002820779
        0.0000054098   0.0000398012  -0.0001940882   0.0004757687   0.0000696229
       -0.0005543272
       -0.0063315252  -0.0015736261  -0.0124355462  -0.0687128524   0.0153247547
       -0.0710187049   0.0049460388  -0.0041078019   0.0182860958   0.0014953608
       -0.0000115630   0.0013968257  -0.0002426380  -0.0000247686   0.0001808504
       -0.0001448505  -0.0024229384  -0.0008742642  -0.0000778200  -0.0003736885
       -0.0010544770   0.0005017785   0.0001753334   0.0001965982   0.0822708710
       -0.0150401396   0.0840867991  -0.0102346395   0.0097052913  -0.0219821813
       -0.0004761588  -0.0003559429   0.0005539838  -0.0025047980  -0.0015439598
        0.0028160143  -0.0006456669  -0.0004572514  -0.0002533990  -0.0000003640
        0.0001267009   0.0000092159   0.0000966911   0.0005167241   0.0000992372
       -0.0000118796   0.0001270413   0.0001365594   0.0000724527  -0.0000641654
       -0.0001436073
       -0.0126857562  -0.0003451443  -0.0259538567   0.0204823889  -0.0513584151
        0.0439398040   0.0003520448  -0.0005855676   0.0107730993   0.0008427894
        0.0003769325  -0.0002863414   0.0000125950   0.0002241915  -0.0001071927
       -0.0024482175  -0.0040408616  -0.0027747828  -0.0000862156   0.0003869670
       -0.0008643924  -0.0004197265   0.0005527819  -0.0008990155  -0.0150401396
        0.0616612607  -0.0446571612   0.0109686787  -0.0054041938   0.0200857383
       -0.0003098510  -0.0001167346   0.0005059399  -0.0013503997  -0.0008582285
        0.0008245218  -0.0005464394  -0.0000125275  -0.0001775151   0.0000803893
        0.0000096070   0.0000681267   0.0002245483  -0.0003405378  -0.0002591784
       -0.0000530374  -0.0000423912  -0.0000867047  -0.0000236514  -0.0001071386
       -0.0001310891
       -0.0074453462  -0.0014896741  -0.0139256448  -0.0732667009   0.0375198302
       -0.2388298721  -0.0005130504   0.0062631352  -0.0187519304  -0.0013715886
       -0.0003368647   0.0011637118  -0.0000811008   0.0000711351  -0.0000677406
       -0.0008480087  -0.0024036050  -0.0001944457   0.0000753224   0.0000551225
        0.0002299891  -0.0002008487   0.0003047373  -0.0000397097   0.0840867991
       -0.0446571612   0.2732162884  -0.0027474969   0.0027981083  -0.0006802998
        0.0005354252   0.0002706369  -0.0013227744   0.0017975662   0.0019452207
       -0.0018419930   0.0005952928   0.0001715695   0.0003758883  -0.0005835962
       -0.0000018515   0.0001168648   0.0001515494  -0.0005242221   0.0002509837
       -0.0001358031   0.0000171392   0.0001928707  -0.0000484146  -0.0000032563
        0.0001078137
        0.0069354076  -0.0094376240  -0.0018416703  -0.1618212316   0.1186806887
        0.0134284591  -0.0196304078   0.0085884601   0.0043526099  -0.0025177196
       -0.0010775379   0.0032718788   0.0000327236   0.0000743372   0.0000344377
        0.0006838674  -0.0004235804  -0.0000959034   0.0007098706  -0.0005411557
       -0.0002683730   0.0000633523  -0.0026761418  -0.0011606463  -0.0102346395
        0.0109686787  -0.0027474969   0.1872493069  -0.1245334720  -0.0154418975
       -0.0002098042   0.0003033123   0.0000944571  -0.0007995234  -0.0000246362
        0.0000884033   0.0001520170   0.0001059164   0.0003105076  -0.0008848976
        0.0002897087  -0.0001507583   0.0000600087  -0.0002093009   0.0000376722
        0.0001558312   0.0000330433   0.0001149537   0.0000558386  -0.0001206964
       -0.0000266336
        0.0151180751  -0.0286842478  -0.0060594318   0.1115267616  -0.1447155871
       -0.0147701879  -0.0058518005   0.0038851972   0.0019793607  -0.0009824277
        0.0003705892   0.0008083347  -0.0002292370   0.0000534327  -0.0000493666
        0.0006614562   0.0001552526   0.0002673249   0.0006681335  -0.0007121149
       -0.0005200752  -0.0027453351  -0.0040290121  -0.0024420441   0.0097052913
       -0.0054041938   0.0027981083  -0.1245334720   0.1776666404   0.0167205679
       -0.0025643841   0.0010366077   0.0011735701  -0.0005053850   0.0001111690
        0.0002829650   0.0000590040  -0.0000873234   0.0001090785  -0.0003315492
        0.0001395681   0.0000376726  -0.0000405553   0.0000130667  -0.0001657744
        0.0000370337   0.0001547063  -0.0001302025   0.0000083906   0.0000462491
       -0.0000399002
        0.0076361942  -0.0135393677  -0.0021961625   0.0127316692  -0.0114717913
       -0.0477204354   0.0148735216  -0.0086728266  -0.0008632815   0.0014359821
        0.0009477116  -0.0016147465  -0.0000561788   0.0000386238   0.0000050667
        0.0007887149  -0.0009946166   0.0003832493   0.0000527056   0.0003549738
        0.0004049212  -0.0011186389  -0.0026394678  -0.0003329322  -0.0219821813
        0.0200857383  -0.0006802998  -0.0154418975   0.0167205679   0.0519380576
        0.0002192568  -0.0007259169   0.0008720315   0.0004293920   0.0000233516
       -0.0008486537  -0.0001568711   0.0002246569  -0.0000710481   0.0006294309
       -0.0001005803   0.0003181860   0.0000315122  -0.0001480782   0.0000231117
       -0.0000451671  -0.0000011821   0.0002585722  -0.0000274448  -0.0001017965
        0.0001243634
       -0.0033684719  -0.0039608164   0.0020492781  -0.0017819739  -0.0176843588
        0.0013480836  -0.0416110858   0.0104027359   0.0005173179  -0.0060188489
        0.0260845903   0.0001294113  -0.0048604219   0.0017609412  -0.0019876672
        0.0000579882  -0.0002137958   0.0003646642  -0.0005745294  -0.0010650005
       -0.0001878803  -0.0002583688  -0.0001404017   0.0000373463  -0.0004761588
       -0.0003098510   0.0005354252  -0.0002098042  -0.0025643841   0.0002192568
        0.0568810073  -0.0101587736  -0.0019445264   0.0020429996  -0.0047339910
       -0.0009875408   0.0005218254   0.0003161424   0.0000912060  -0.0001838864
        0.0011310493   0.0000346812   0.0000140751  -0.0001303010   0.0000183391
       -0.0001923286   0.0015260255  -0.0000086052   0.0000179829  -0.0002598106
       -0.0002287899
       -0.0014706087  -0.0002440662   0.0018895688  -0.0028084798  -0.0138944234
        0.0004591751   0.0073737562  -0.2675996548  -0.0040647326   0.0047790655
       -0.0117139809   0.0001464152   0.0026276827   0.0000425533   0.0008599101
        0.0001687305  -0.0001758198   0.0003491275  -0.0000850031  -0.0003162254
       -0.0001639976   0.0000030586   0.0003582051   0.0001926991  -0.0003559429
       -0.0001167346   0.0002706369   0.0003033123   0.0010366077  -0.0007259169
       -0.0101587736   0.3062896610   0.0060608300   0.0000537226  -0.0147045400
       -0.0052491949  -0.0003466807   0.0003859948  -0.0000416976  -0.0001944247
        0.0005552475  -0.0003363595   0.0000583969   0.0004068721  -0.0000620311
        0.0000917889  -0.0005259967   0.0000661662  -0.0000396007   0.0002163002
        0.0003494012
        0.0015087200   0.0016301900  -0.0016707880   0.0028844048   0.0163522867
       -0.0003344552  -0.0009811491  -0.0038149898  -0.0441127460  -0.0019445577
        0.0092624728   0.0010996050  -0.0015963274   0.0004377263  -0.0000014357
        0.0000886562  -0.0003467793  -0.0000191725   0.0002396605   0.0004544177
        0.0005590543   0.0001582268   0.0000858715   0.0000600645   0.0005539838
        0.0005059399  -0.0013227744   0.0000944571   0.0011735701   0.0008720315
       -0.0019445264   0.0060608300   0.0493000275   0.0003532598  -0.0325148145
       -0.0051067851   0.0000249082   0.0006749365  -0.0001391225   0.0006289173
       -0.0003050950   0.0001372305   0.0000566305  -0.0001209697   0.0000545606
       -0.0000589823   0.0004969874   0.0004269132  -0.0000662822  -0.0000325807
        0.0001977921
        0.0010757087   0.0007809673   0.0006776353   0.0003093787   0.0034255943
        0.0217772646  -0.0455194847  -0.0095023350  -0.0297450478  -0.0089021214
       -0.0063538976  -0.0273306829   0.0009864002  -0.0010470150  -0.0000979562
       -0.0004776039  -0.0004205390  -0.0003388951   0.0001969697   0.0001890760
        0.0001802716   0.0001393132  -0.0001373141   0.0000918813  -0.0025047980
       -0.0013503997   0.0017975662  -0.0007995234  -0.0005053850   0.0004293920
        0.0020429996   0.0000537226   0.0003532598   0.0581033879   0.0127911624
        0.0344813215  -0.0053815068   0.0018771662  -0.0023771411   0.0004721438
       -0.0000822006  -0.0004616174  -0.0000459442  -0.0000478470   0.0001290874
        0.0002523829  -0.0001872022  -0.0000039223   0.0000522977   0.0005164463
        0.0004375829
        0.0006405980   0.0014003134   0.0013506599  -0.0016973367   0.0000984765
        0.0116480654  -0.0073040675  -0.0586802250  -0.0586149875   0.0015047104
        0.0026554872   0.0073873580  -0.0000146274   0.0009447034   0.0008537114
       -0.0005001965   0.0003466260  -0.0001763450  -0.0000541543   0.0000320661
        0.0002448661  -0.0000821771  -0.0003228026   0.0004141635  -0.0015439598
       -0.0008582285   0.0019452207  -0.0000246362   0.0001111690   0.0000233516
       -0.0047339910  -0.0147045400  -0.0325148145   0.0127911624   0.0688030324
        0.0668596489   0.0014012475   0.0003366686   0.0008421412  -0.0004624532
        0.0000333967  -0.0002486392  -0.0000388594  -0.0001742184   0.0000602231
       -0.0000310614   0.0000090515   0.0000429928   0.0001498022  -0.0000309764
       -0.0001176164
       -0.0015277041  -0.0010113481   0.0019975054   0.0018352191  -0.0029233804
       -0.0227507208  -0.0291651422  -0.0572975920  -0.2469711635  -0.0068353294
       -0.0025935836  -0.0119938261   0.0010067608  -0.0002132955   0.0005933455
        0.0009128668   0.0006467487  -0.0001759670  -0.0005961275  -0.0005415504
        0.0001531269   0.0002043997   0.0004723910  -0.0003973687   0.0028160143
        0.0008245218  -0.0018419930   0.0000884033   0.0002829650  -0.0008486537
       -0.0009875408  -0.0052491949  -0.0051067851   0.0344813215   0.0668596489
        0.2866521579  -0.0026022125   0.0006344332  -0.0001294345   0.0002871661
       -0.0000994395   0.0003652343  -0.0000433274  -0.0000609744  -0.0001626006
        0.0003049182  -0.0001951525   0.0001768208  -0.0001796861   0.0004648029
        0.0004403224
        0.0000460158   0.0000381048   0.0003283254   0.0012219037  -0.0001022650
       -0.0016810950  -0.0100489714  -0.0052477547  -0.0283415034  -0.0496271593
       -0.0105560497  -0.0299143389   0.0010841682   0.0017533513   0.0039151410
        0.0001482879   0.0000651377   0.0000323132  -0.0000108036  -0.0000387071
       -0.0000184927  -0.0000454434  -0.0000540797  -0.0001308801  -0.0006456669
       -0.0005464394   0.0005952928   0.0001520170   0.0000590040  -0.0001568711
        0.0005218254  -0.0003466807   0.0000249082  -0.0053815068   0.0014012475
       -0.0026022125   0.0594138035   0.0086683581   0.0359555574   0.0022712344
        0.0034411008   0.0217619629   0.0000580195  -0.0002068867  -0.0003881331
        0.0001798705   0.0003678792   0.0005408765   0.0006624055   0.0013046797
        0.0000791495
        0.0000147034  -0.0000874699   0.0001343648  -0.0001645055   0.0003355655
       -0.0007900990   0.0013862738   0.0016791125   0.0067828593  -0.0103258299
       -0.0601982412  -0.0568028317  -0.0021740119  -0.0140528933  -0.0293639373
       -0.0000296758   0.0000195044  -0.0000396082  -0.0000797871   0.0000078154
       -0.0001008086   0.0000160198  -0.0000326265  -0.0002386799  -0.0004572514
       -0.0000125275   0.0001715695   0.0001059164  -0.0000873234   0.0002246569
        0.0003161424   0.0003859948   0.0006749365   0.0018771662   0.0003366686
        0.0006344332   0.0086683581   0.0724354114   0.0659067536   0.0004144144
        0.0043544020   0.0151755757  -0.0002332518   0.0011431657  -0.0005932359
       -0.0002758973   0.0003992790  -0.0003368370   0.0009412161  -0.0066258375
       -0.0014391119
        0.0001294992   0.0001381094   0.0001117478   0.0010004672  -0.0002979035
        0.0010977855  -0.0054038320  -0.0013286311  -0.0124827302  -0.0311838845
       -0.0568175819  -0.2445523769   0.0001373405  -0.0047775953  -0.0054210171
        0.0001998014   0.0000498622   0.0000753197   0.0000674324   0.0000496947
        0.0000575445   0.0000318749   0.0000368204  -0.0000113642  -0.0002533990
       -0.0001775151   0.0003758883   0.0003105076   0.0001090785  -0.0000710481
        0.0000912060  -0.0000416976  -0.0001391225  -0.0023771411   0.0008421412
       -0.0001294345   0.0359555574   0.0659067536   0.2840810066   0.0009549617
       -0.0030712438  -0.0249987488  -0.0001396673   0.0005452549   0.0007621202
        0.0001943408   0.0001443343   0.0001585571   0.0002849348  -0.0013098809
        0.0010858727
       -0.0003636830  -0.0002971104   0.0000653888  -0.0054631038   0.0013323988
       -0.0013280507  -0.0227695120  -0.0112284262   0.0141195321  -0.1443492347
       -0.0759410771   0.0795839249   0.0023306286   0.0004923155  -0.0011729556
        0.0000399231  -0.0000759479   0.0001576420   0.0000819960  -0.0001079464
       -0.0000681728  -0.0001353855   0.0001073242   0.0000847548  -0.0000003640
        0.0000803893  -0.0005835962  -0.0008848976  -0.0003315492   0.0006294309
       -0.0001838864  -0.0001944247   0.0006289173   0.0004721438  -0.0004624532
        0.0002871661   0.0022712344   0.0004144144   0.0009549617   0.1670915418
        0.0840309946  -0.0928483084   0.0010725621   0.0013105212  -0.0001278430
        0.0007530920   0.0008011915  -0.0002974790   0.0000369450   0.0000693857
       -0.0000853128
        0.0003165724   0.0002460951  -0.0002176905   0.0015379274   0.0004739145
        0.0001635663   0.0032980188   0.0023014709  -0.0025730413  -0.0760274348
       -0.0995735144   0.0598362264  -0.0175412235  -0.0222927483   0.0168102239
       -0.0000609582   0.0001079871   0.0000361743   0.0000412277   0.0001892416
        0.0000230884   0.0000517266   0.0000493577   0.0001254137   0.0001267009
        0.0000096070  -0.0000018515   0.0002897087   0.0001395681  -0.0001005803
        0.0011310493   0.0005552475  -0.0003050950  -0.0000822006   0.0000333967
       -0.0000994395   0.0034411008   0.0043544020  -0.0030712438   0.0840309946
        0.1193830786  -0.0707009977   0.0004279908  -0.0070885582  -0.0006234696
       -0.0005218585   0.0003556327   0.0003338094  -0.0004593423   0.0007558217
        0.0003649070
        0.0000119229  -0.0001081822   0.0000696811  -0.0015870087   0.0002166777
        0.0005097340  -0.0048757522  -0.0030534170   0.0035770962   0.0805054683
        0.0594130651  -0.1114264712  -0.0013427913   0.0004215668   0.0015441404
       -0.0000610660  -0.0000280955   0.0002063142  -0.0001326451  -0.0000943212
        0.0002386015  -0.0001263296  -0.0001137220   0.0001814941   0.0000092159
        0.0000681267   0.0001168648  -0.0001507583   0.0000376726   0.0003181860
        0.0000346812  -0.0003363595   0.0001372305  -0.0004616174  -0.0002486392
        0.0003652343   0.0217619629   0.0151755757  -0.0249987488  -0.0928483084
       -0.0707009977   0.1275506349  -0.0002192656  -0.0004383005   0.0011137007
       -0.0000706541   0.0002849252  -0.0000031096  -0.0004470544  -0.0004955752
        0.0004994170
       -0.0022251523   0.0014372361  -0.0002756477  -0.0001070915   0.0001405837
       -0.0001154006   0.0001619494   0.0002871295  -0.0001910913   0.0024475525
        0.0005227814  -0.0024237350  -0.1219107845  -0.0706149281   0.0809280045
       -0.0001707997  -0.0000768680   0.0001141036  -0.0003171530   0.0000838042
        0.0000898932   0.0013851585  -0.0010053828   0.0000793402   0.0000966911
        0.0002245483   0.0001515494   0.0000600087  -0.0000405553   0.0000315122
        0.0000140751   0.0000583969   0.0000566305  -0.0000459442  -0.0000388594
       -0.0000433274   0.0000580195  -0.0002332518  -0.0001396673   0.0010725621
        0.0004279908  -0.0002192656   0.1420094987   0.0838899327  -0.0971525376
       -0.0248268259  -0.0167454083   0.0205601450   0.0022982353   0.0016828502
       -0.0014505061
       -0.0002865496   0.0006531946  -0.0000155310  -0.0000034912  -0.0002552544
       -0.0000771425  -0.0006167435   0.0006587239   0.0001645403  -0.0186485702
       -0.0228614811   0.0186647173  -0.0721370671  -0.1080557495   0.0745940943
        0.0000375737  -0.0001130688   0.0000933334   0.0001618131   0.0001389112
        0.0000878598   0.0012725896   0.0004257018   0.0006916744   0.0005167241
       -0.0003405378  -0.0005242221  -0.0002093009   0.0000130667  -0.0001480782
       -0.0001303010   0.0004068721  -0.0001209697  -0.0000478470  -0.0001742184
       -0.0000609744  -0.0002068867   0.0011431657   0.0005452549   0.0013105212
       -0.0070885582  -0.0004383005   0.0838899327   0.1279991937  -0.0877283574
        0.0010536050   0.0029039406  -0.0019026264   0.0040439978   0.0045460980
       -0.0038252723
        0.0001475355  -0.0004041623   0.0001123015   0.0000371405   0.0006472128
        0.0001141946   0.0003007058  -0.0000912346  -0.0000438904  -0.0016141626
        0.0010627077   0.0015170509   0.0828377095   0.0748056481  -0.1309982872
       -0.0000926032   0.0000306294  -0.0002259423  -0.0000183224  -0.0000339321
       -0.0000617962  -0.0019144729   0.0000122313  -0.0002820779   0.0000992372
       -0.0002591784   0.0002509837   0.0000376722  -0.0001657744   0.0000231117
        0.0000183391  -0.0000620311   0.0000545606   0.0001290874   0.0000602231
       -0.0001626006  -0.0003881331  -0.0005932359   0.0007621202  -0.0001278430
       -0.0006234696   0.0011137007  -0.0971525376  -0.0877283574   0.1492163546
       -0.0029603564  -0.0027910922   0.0039838145   0.0206610040   0.0161338157
       -0.0253735982
       -0.0001597164  -0.0000273254  -0.0000294710   0.0001183689  -0.0000724130
       -0.0000907630   0.0006266919   0.0015716908   0.0002436192  -0.0070501640
        0.0041291667  -0.0015880849  -0.2560200910   0.0444785525  -0.0522762432
        0.0000713659   0.0001359544   0.0000605064   0.0000237099   0.0001744854
       -0.0000632296   0.0001206748   0.0003965919   0.0000054098  -0.0000118796
       -0.0000530374  -0.0001358031   0.0001558312   0.0000370337  -0.0000451671
       -0.0001923286   0.0000917889  -0.0000589823   0.0002523829  -0.0000310614
        0.0003049182   0.0001798705  -0.0002758973   0.0001943408   0.0007530920
       -0.0005218585  -0.0000706541  -0.0248268259   0.0010536050  -0.0029603564
        0.2940557035  -0.0514759973   0.0611661614  -0.0080966859   0.0003887211
       -0.0046562012
       -0.0003016467   0.0001719437   0.0000179899  -0.0002921721  -0.0000027061
       -0.0001125985   0.0015568428  -0.0059691099  -0.0004997753   0.0270213915
       -0.0087268580   0.0066509903   0.0452119566  -0.0539904014   0.0115014051
       -0.0001057795   0.0000670535  -0.0000225105  -0.0001140580   0.0000804693
        0.0000044096   0.0005964171   0.0000980751   0.0000398012   0.0001270413
       -0.0000423912   0.0000171392   0.0000330433   0.0001547063  -0.0000011821
        0.0015260255  -0.0005259967   0.0004969874  -0.0001872022   0.0000090515
       -0.0001951525   0.0003678792   0.0003992790   0.0001443343   0.0008011915
        0.0003556327   0.0002849252  -0.0167454083   0.0029039406  -0.0027910922
       -0.0514759973   0.0625800030  -0.0130779402  -0.0080195246   0.0024373087
       -0.0024577309
        0.0002016846  -0.0001221456   0.0000668558  -0.0002292667   0.0001297013
       -0.0001425450   0.0003255028  -0.0004079562   0.0005109339   0.0020432473
       -0.0000093977   0.0006498753  -0.0525158915   0.0113106283  -0.0592821013
        0.0000732501   0.0000057238   0.0000739960   0.0000054074  -0.0000147071
        0.0000177798  -0.0002645597   0.0001299046  -0.0001940882   0.0001365594
       -0.0000867047   0.0001928707   0.0001149537  -0.0001302025   0.0002585722
       -0.0000086052   0.0000661662   0.0004269132  -0.0000039223   0.0000429928
        0.0001768208   0.0005408765  -0.0003368370   0.0001585571  -0.0002974790
        0.0003338094  -0.0000031096   0.0205601450  -0.0019026264   0.0039838145
        0.0611661614  -0.0130779402   0.0645792367  -0.0318480640   0.0040695910
       -0.0114743820
        0.0001247788  -0.0000979420  -0.0001373328  -0.0003466654   0.0001424739
        0.0001952421   0.0007871629   0.0002960734   0.0010917960   0.0003892051
        0.0020908553   0.0042794894  -0.0501993153  -0.0106772989  -0.0317346271
       -0.0002326080   0.0000927064  -0.0000378654  -0.0000181355  -0.0000165641
        0.0000175412  -0.0006230645  -0.0000841339   0.0004757687   0.0000724527
       -0.0000236514  -0.0000484146   0.0000558386   0.0000083906  -0.0000274448
        0.0000179829  -0.0000396007  -0.0000662822   0.0000522977   0.0001498022
       -0.0001796861   0.0006624055   0.0009412161   0.0002849348   0.0000369450
       -0.0004593423  -0.0004470544   0.0022982353   0.0040439978   0.0206610040
       -0.0080966859  -0.0080195246  -0.0318480640   0.0550191703   0.0116525421
        0.0375209953
        0.0000657116  -0.0000252702   0.0000145222  -0.0000582565  -0.0002085573
        0.0002625681  -0.0007588456   0.0012221690  -0.0005640579  -0.0038704269
       -0.0139266560  -0.0300166934  -0.0106132977  -0.0639903683  -0.0638771939
        0.0001069708   0.0000228820  -0.0000048050  -0.0000016815  -0.0000744601
        0.0000420504  -0.0000401268   0.0003772850   0.0000696229  -0.0000641654
       -0.0001071386  -0.0000032563  -0.0001206964   0.0000462491  -0.0001017965
       -0.0002598106   0.0002163002  -0.0000325807   0.0005164463  -0.0000309764
        0.0004648029   0.0013046797  -0.0066258375  -0.0013098809   0.0000693857
        0.0007558217  -0.0004955752   0.0016828502   0.0045460980   0.0161338157
        0.0003887211   0.0024373087   0.0040695910   0.0116525421   0.0753651509
        0.0753488666
       -0.0001752150   0.0001222477   0.0002449508  -0.0000737353  -0.0002300938
       -0.0006567770   0.0001233803   0.0006781928   0.0007024815  -0.0003992029
       -0.0056765684  -0.0054929104  -0.0318265437  -0.0631489865  -0.2511029563
        0.0001405994   0.0000175888  -0.0000467564  -0.0001413856   0.0000271031
       -0.0001128666   0.0009054260   0.0001580624  -0.0005543272  -0.0001436073
       -0.0001310891   0.0001078137  -0.0000266336  -0.0000399002   0.0001243634
       -0.0002287899   0.0003494012   0.0001977921   0.0004375829  -0.0001176164
        0.0004403224   0.0000791495  -0.0014391119   0.0010858727  -0.0000853128
        0.0003649070   0.0004994170  -0.0014505061  -0.0038252723  -0.0253735982
       -0.0046562012  -0.0024577309  -0.0114743820   0.0375209953   0.0753488666
        0.2914115605
