$hessian                                                                        
        0.4867889052   0.0079352719  -0.0322905518  -0.1564933200   0.0087617176
       -0.0381966207  -0.0143362522   0.0078862723  -0.0059173889   0.0001938063
        0.0046167457   0.0008086414  -0.0001023374  -0.0005726303   0.0001528696
       -0.0077440544  -0.0063013688   0.0065091139  -0.0459679680   0.0002195627
       -0.0040552399  -0.0561038336   0.0595604483   0.0001820354  -0.1677320208
       -0.0848327698   0.0885425309  -0.0056220034   0.0008199748  -0.0050744216
       -0.0326573257   0.0032058816  -0.0111903588   0.0008043611  -0.0009853940
        0.0001305752   0.0008060264  -0.0001304019   0.0000514554  -0.0013071544
        0.0003457447  -0.0002963265   0.0000532510  -0.0002518626   0.0005218662
       -0.0002036855  -0.0000355633  -0.0000126846   0.0000615682  -0.0002435361
        0.0002625148  -0.0004379628   0.0000019071  -0.0001280100
        0.0079352719   0.5737501706   0.0184649999   0.0151358619  -0.0709140973
        0.0063015605   0.0279630257  -0.0079513394   0.0111336825   0.0017677511
       -0.0062624595  -0.0003931447  -0.0004669940   0.0004959909  -0.0004412399
       -0.0048833556  -0.0019341415   0.0033866931   0.0002785398  -0.0732066061
       -0.0855390483   0.0565556100  -0.3190644588  -0.0056430249  -0.0881016945
       -0.0984824444   0.0596120474  -0.0056165038   0.0011734102  -0.0021912957
       -0.0142271612   0.0029578930  -0.0062228822   0.0003144857   0.0011345651
        0.0011499463  -0.0000523754   0.0001326935  -0.0000447601   0.0018092072
       -0.0000818270   0.0004380776  -0.0000878771  -0.0001688361  -0.0000968652
        0.0005101062   0.0001963535  -0.0002375046   0.0010955264  -0.0014671340
        0.0004334344   0.0000705757  -0.0003077327  -0.0001106761
       -0.0322905518   0.0184649999   0.5505705399  -0.0401681920   0.0035789607
       -0.0891636083  -0.0017799441   0.0025406542  -0.0003222219   0.0005295450
        0.0003558499   0.0005748382   0.0001831114  -0.0002337789   0.0003030656
        0.0054097418   0.0034790551  -0.0025935074  -0.0032534055  -0.0800010343
       -0.3014675141   0.0009290697  -0.0104600246  -0.0464952759   0.0906190881
        0.0594140869  -0.1029645659  -0.0302945362   0.0044928322  -0.0155438227
        0.0091785790  -0.0015215534   0.0057551099   0.0012824712  -0.0003347143
        0.0014211217   0.0000063620   0.0000353069   0.0001461013  -0.0001921372
       -0.0000183390   0.0001447800   0.0001608975  -0.0001096026   0.0004262787
       -0.0000031751  -0.0001166124  -0.0002321616  -0.0001920325   0.0006622167
       -0.0006080553  -0.0001248915  -0.0002283029   0.0000488978
       -0.1564933200   0.0151358619  -0.0401681920   0.4504792496   0.0439409148
       -0.0266422994  -0.0617023690   0.0215500809   0.0067723836  -0.0148572776
        0.0228359944   0.0001205443   0.0037696385  -0.0152378657  -0.0014611797
        0.0006393111   0.0010579461  -0.0007417483  -0.0015706308  -0.0017689296
       -0.0065872344  -0.0073517308   0.0045815694  -0.0024837878  -0.0201521514
       -0.0004114822  -0.0042703246  -0.0425487691  -0.0010572125   0.0034960849
       -0.1446407490  -0.0914986140   0.0722890841  -0.0003568984   0.0015217903
        0.0001147012  -0.0001977320   0.0011041246  -0.0002995573  -0.0042724715
        0.0011805323  -0.0016788356   0.0006526989   0.0002991705   0.0002996930
       -0.0021095101  -0.0026766815   0.0019156457  -0.0000060021  -0.0004244478
       -0.0003011296   0.0007187140  -0.0001327520  -0.0003738481
        0.0087617176  -0.0709140973   0.0035789607   0.0439409148   0.4564132785
        0.0093728179   0.0187974375  -0.1641445714  -0.0189499051   0.0079119157
       -0.0062318751   0.0015119736   0.0007578253  -0.0265842050   0.0028765204
       -0.0001250739  -0.0005664576   0.0003068125  -0.0075139505   0.0021952692
       -0.0023811182   0.0231329393  -0.0050225378   0.0105584455  -0.0090042198
        0.0038845213  -0.0062594593  -0.0006274079  -0.0577465333  -0.0543517862
       -0.0872031794  -0.1160388609   0.0571661816   0.0045971378  -0.0157870258
       -0.0053527090  -0.0008635415   0.0009008181  -0.0002102696   0.0001445156
        0.0002971927   0.0004318778  -0.0007810917   0.0007742909  -0.0000929700
       -0.0026173100  -0.0027771977   0.0024251822   0.0002857787   0.0001999458
        0.0000108564   0.0004055925   0.0011480453  -0.0006414112
       -0.0381966207   0.0063015605  -0.0891636083  -0.0266422994   0.0093728179
        0.5247170327   0.0051701923  -0.0141844087  -0.0692622476  -0.0043426024
        0.0079147101   0.0003317741  -0.0023256779   0.0144701058   0.0004757789
        0.0005662475   0.0007065253  -0.0010879267  -0.0248378916   0.0039660166
       -0.0140550187  -0.0002976982   0.0015188997   0.0003165728   0.0059832159
       -0.0048069000   0.0073140625   0.0098939883  -0.0575684003  -0.2592848903
        0.0685687022   0.0577443750  -0.0927816806   0.0073454232  -0.0306230112
       -0.0076982644   0.0004102977  -0.0000630865   0.0003211631  -0.0015118241
        0.0008147980  -0.0000181897  -0.0007166655   0.0009011546   0.0004962716
        0.0016489514   0.0025358176  -0.0011242625  -0.0004078915  -0.0003054318
        0.0000397668  -0.0003078472   0.0013044574   0.0004636663
       -0.0143362522   0.0279630257  -0.0017799441  -0.0617023690   0.0187974375
        0.0051701923   0.4625444262   0.0109732992   0.0034375756  -0.1731250618
        0.0147687324  -0.0386037158  -0.1127842793  -0.0483311422   0.0421201674
        0.0003493245  -0.0000793363  -0.0002934415   0.0006607461  -0.0000952408
        0.0004576978  -0.0049375733   0.0013063037  -0.0021416068  -0.0002933429
        0.0004055634  -0.0003941620  -0.0000401307   0.0029355096   0.0017738161
        0.0034114939  -0.0169132119  -0.0011587900  -0.0420017738  -0.0016115340
       -0.0083048823  -0.0231569468   0.0000988231  -0.0047323106  -0.0109128687
        0.0042516911  -0.0030894344  -0.0055242049  -0.0000416085  -0.0058229273
        0.0040600322   0.0037146869  -0.0038130806  -0.0203368736  -0.0169694353
        0.0137633291  -0.0018743456  -0.0011735635   0.0034115171
        0.0078862723  -0.0079513394   0.0025406542   0.0215500809  -0.1641445714
       -0.0141844087   0.0109732992   0.4535064479   0.0140079946   0.0133042366
       -0.0638547751   0.0036151441  -0.0461387615  -0.1061154723   0.0368463552
       -0.0000537418  -0.0007006283   0.0001086294  -0.0003562496   0.0017742633
        0.0004778729   0.0006282496   0.0006199525   0.0003013444   0.0012229330
        0.0012804175  -0.0003513079   0.0035027083  -0.0118099105  -0.0064883769
        0.0009305217  -0.0228222187   0.0003227374  -0.0018377854  -0.0567945030
       -0.0515130152  -0.0163324624   0.0004624058  -0.0045788369   0.0265972137
       -0.0059282947   0.0086148178  -0.0064254949   0.0005207473  -0.0024832149
       -0.0171271313  -0.0208659422   0.0145137776  -0.0017779553  -0.0000898080
       -0.0004861343   0.0034540671   0.0029132291  -0.0012640329
       -0.0059173889   0.0111336825  -0.0003222219   0.0067723836  -0.0189499051
       -0.0692622476   0.0034375756   0.0140079946   0.5145949967  -0.0404009549
        0.0034497201  -0.0804267300   0.0410845666   0.0373274411  -0.1021442913
       -0.0005537672   0.0001358621   0.0002527621  -0.0007136979   0.0016186683
        0.0012603408  -0.0024834620   0.0006573059  -0.0007041615   0.0005918914
       -0.0000687665   0.0002126900   0.0070077052  -0.0278285661  -0.0059420782
       -0.0019619551   0.0144696819   0.0013688402  -0.0080964539  -0.0502959648
       -0.2340672032   0.0141510248  -0.0013941160   0.0044381318   0.0022422350
        0.0003284040   0.0007777258  -0.0293236531   0.0026679834  -0.0142316355
       -0.0009712555   0.0000165185   0.0006077768  -0.0044835262  -0.0053050522
        0.0046020031   0.0196187327   0.0180291084  -0.0210146982
        0.0001938063   0.0017677511   0.0005295450  -0.0148572776   0.0079119157
       -0.0043426024  -0.1731250618   0.0133042366  -0.0404009549   0.4624748289
        0.0057108738  -0.0165926888  -0.0256805305  -0.0027150206  -0.0028457166
       -0.0000905539   0.0002738520   0.0001336224   0.0000309686   0.0002169595
        0.0003050763  -0.0002827815  -0.0000196464  -0.0001641318  -0.0000869570
       -0.0000842786   0.0001294295   0.0006061288  -0.0006481805   0.0002403205
        0.0010908611  -0.0010878195  -0.0000528509  -0.0070947156   0.0003034072
       -0.0051080966  -0.1332971684  -0.0831327018   0.0750549356  -0.0629069428
        0.0635332695   0.0073873225  -0.0456745433  -0.0043451252  -0.0154116240
        0.0005462615   0.0008899775  -0.0003540594  -0.0024415546  -0.0022412602
        0.0020696510   0.0005952319   0.0003617900  -0.0005771774
        0.0046167457  -0.0062624595   0.0003558499   0.0228359944  -0.0062318751
        0.0079147101   0.0147687324  -0.0638547751   0.0034497201   0.0057108738
        0.5145886866   0.0007543754  -0.0166941372   0.0000841362  -0.0029961712
       -0.0001248214   0.0004606003  -0.0000766782  -0.0000835305  -0.0004539158
       -0.0004554195   0.0014249637  -0.0003341955   0.0006023675  -0.0003283949
       -0.0008863113   0.0004308589   0.0002019879   0.0003811215   0.0004052694
        0.0012612186   0.0006542962   0.0000416589  -0.0058735038   0.0017518429
       -0.0026645817  -0.0836667931  -0.1220775746   0.0695878886   0.0635516923
       -0.2579265581  -0.0237976134  -0.0044817056  -0.0590899925  -0.0548670772
       -0.0009203994   0.0006494501  -0.0000901948  -0.0024143601  -0.0016970191
        0.0017609364   0.0002154374   0.0002445427  -0.0003558991
        0.0008086414  -0.0003931447   0.0005748382   0.0001205443   0.0015119736
        0.0003317741  -0.0386037158   0.0036151441  -0.0804267300  -0.0165926888
        0.0007543754   0.5064167521   0.0125081636  -0.0003435522   0.0041880278
        0.0002744538  -0.0001795292  -0.0000211152   0.0001287467  -0.0000558328
        0.0000815236   0.0000775610   0.0000528946   0.0003036130  -0.0002160203
        0.0000658140  -0.0002959036   0.0004884092  -0.0003389600   0.0005855244
       -0.0001249288   0.0000236979   0.0002548750  -0.0289317449   0.0028516639
       -0.0136736550   0.0754718438   0.0697856544  -0.1081237888   0.0073862731
       -0.0237372994  -0.0476144888  -0.0158275419  -0.0548285276  -0.2626690094
        0.0001224121  -0.0004307203   0.0001689152   0.0020661877   0.0016855861
       -0.0007809740   0.0008434038  -0.0000392380   0.0006998216
       -0.0001023374  -0.0004669940   0.0001831114   0.0037696385   0.0007578253
       -0.0023256779  -0.1127842793  -0.0461387615   0.0410845666  -0.0256805305
       -0.0166941372   0.0125081636   0.5031958196  -0.0182454012   0.0151487920
       -0.0021666083   0.0010318471   0.0001053343  -0.0000011401   0.0000407147
        0.0000178059   0.0000739713  -0.0000185913   0.0000234846   0.0000442663
        0.0007786421   0.0002773404   0.0001642770   0.0003352113  -0.0003552007
        0.0001532018   0.0019951724  -0.0000444292  -0.0014268827  -0.0020348928
        0.0036008835  -0.0063524168  -0.0002950847  -0.0013363505   0.0007200042
       -0.0009505600   0.0003537755   0.0011211218  -0.0000304848   0.0008226536
       -0.0649728300   0.0659346695   0.0048345291  -0.2504072023   0.0127601034
       -0.0793560597  -0.0453480731   0.0012407219   0.0044572776
       -0.0005726303   0.0004959909  -0.0002337789  -0.0152378657  -0.0265842050
        0.0144701058  -0.0483311422  -0.1061154723   0.0373274411  -0.0027150206
        0.0000841362  -0.0003435522  -0.0182454012   0.4950172067   0.0166995275
        0.0013379453   0.0004908006  -0.0005462592   0.0000969943  -0.0002257285
       -0.0003931008  -0.0003224535   0.0003999926  -0.0001520073  -0.0014332927
        0.0005101116   0.0000726981  -0.0003381485   0.0015447053   0.0007033052
        0.0010249941  -0.0061954512   0.0004523562   0.0013479658   0.0028673807
       -0.0005753485   0.0006298435   0.0004044574   0.0001117137   0.0007663354
        0.0005635480  -0.0001161297   0.0001983946   0.0001082618   0.0000621192
        0.0682551482  -0.2578285664  -0.0147078642   0.0126245604  -0.0450878270
        0.0048519951   0.0009137731  -0.0604493414  -0.0576832210
        0.0001528696  -0.0004412399   0.0003030656  -0.0014611797   0.0028765204
        0.0004757789   0.0421201674   0.0368463552  -0.1021442913  -0.0028457166
       -0.0029961712   0.0041880278   0.0151487920   0.0166995275   0.5019977846
        0.0008221377  -0.0007139695  -0.0002561358   0.0001124792  -0.0001737245
       -0.0000016961   0.0000633142  -0.0000660119   0.0001409274   0.0002892948
        0.0007111086   0.0000922806  -0.0005039250  -0.0008592768   0.0010684362
       -0.0000869056  -0.0010600992   0.0006744249   0.0196073303   0.0177286408
       -0.0207328936  -0.0021657372  -0.0003193808   0.0003360924  -0.0000860741
       -0.0002425991   0.0000378328  -0.0005901009  -0.0003437176   0.0009257550
        0.0047172890  -0.0143411255  -0.0461571220  -0.0798127258   0.0050084306
       -0.0754527701   0.0045186906  -0.0583132672  -0.2654954972
       -0.0077440544  -0.0048833556   0.0054097418   0.0006393111  -0.0001250739
        0.0005662475   0.0003493245  -0.0000537418  -0.0005537672  -0.0000905539
       -0.0001248214   0.0002744538  -0.0021666083   0.0013379453   0.0008221377
        0.0008563134  -0.0046560923   0.0040624671  -0.0001725395  -0.0000053901
       -0.0009450302  -0.0004580991   0.0008657292  -0.0002098009   0.0102704153
        0.0090306783  -0.0103521181   0.0005100627   0.0003106623   0.0002762530
       -0.0002669501  -0.0002622390   0.0002750392   0.0001404758  -0.0000492608
        0.0001680854  -0.0001893343  -0.0003254083   0.0003670087  -0.0001358670
       -0.0000506252   0.0002370458  -0.0000955016  -0.0001916024   0.0002050952
       -0.0008801402   0.0003691981  -0.0000133179  -0.0006483255  -0.0009212268
       -0.0011340947   0.0000820712  -0.0002653756   0.0005445537
       -0.0063013688  -0.0019341415   0.0034790551   0.0010579461  -0.0005664576
        0.0007065253  -0.0000793363  -0.0007006283   0.0001358621   0.0002738520
        0.0004606003  -0.0001795292   0.0010318471   0.0004908006  -0.0007139695
       -0.0046560923   0.0013234554   0.0025621476  -0.0000258478  -0.0004827434
       -0.0001937451   0.0000761035   0.0005691663  -0.0000882217   0.0093987270
        0.0006898282  -0.0061797373   0.0000367637  -0.0000590658   0.0003655154
       -0.0005316060   0.0003316873   0.0002178239   0.0001854142   0.0003827390
       -0.0000662733   0.0001725551   0.0004239178   0.0000687726   0.0000916699
        0.0004296530  -0.0001862161  -0.0000461032  -0.0000480939   0.0000486755
        0.0001466125   0.0002003783  -0.0003501330  -0.0007667012  -0.0008458686
        0.0006071880  -0.0000644355  -0.0006652272  -0.0002337404
        0.0065091139   0.0033866931  -0.0025935074  -0.0007417483   0.0003068125
       -0.0010879267  -0.0002934415   0.0001086294   0.0002527621   0.0001336224
       -0.0000766782  -0.0000211152   0.0001053343  -0.0005462592  -0.0002561358
        0.0040624671   0.0025621476   0.0002605801  -0.0001072878   0.0002429901
        0.0006210515   0.0001369802  -0.0005081812  -0.0002953194  -0.0104053884
       -0.0060674127   0.0021716129  -0.0000772076   0.0000604486   0.0004150869
        0.0003438409   0.0000572019   0.0005690308   0.0001114415   0.0002182712
        0.0002298348   0.0000644232   0.0001165018   0.0004560398   0.0000504765
       -0.0000267583   0.0001608590  -0.0001434530  -0.0000888283   0.0004128971
        0.0001427800  -0.0001459997  -0.0004355516  -0.0002656966   0.0005490802
       -0.0009990609   0.0003737433  -0.0001486587   0.0001388620
       -0.0459679680   0.0002785398  -0.0032534055  -0.0015706308  -0.0075139505
       -0.0248378916   0.0006607461  -0.0003562496  -0.0007136979   0.0000309686
       -0.0000835305   0.0001287467  -0.0000011401   0.0000969943   0.0001124792
       -0.0001725395  -0.0000258478  -0.0001072878   0.0472544743  -0.0009925117
        0.0062644215   0.0025365567   0.0021362927   0.0058585802   0.0019142510
        0.0055845034   0.0189832274  -0.0048128241   0.0009063191  -0.0026315419
       -0.0000054606  -0.0003124760  -0.0007293488  -0.0001775494   0.0006116809
        0.0007098519  -0.0000887939  -0.0000497420  -0.0001435103   0.0000700262
       -0.0000308910  -0.0000942200   0.0001515987   0.0000071316   0.0000757474
        0.0000526634  -0.0000477297   0.0000262890   0.0001287619  -0.0001864081
        0.0002186992  -0.0000031404  -0.0000221248   0.0001328613
        0.0002195627  -0.0732066061  -0.0800010343  -0.0017689296   0.0021952692
        0.0039660166  -0.0000952408   0.0017742633   0.0016186683   0.0002169595
       -0.0004539158  -0.0000558328   0.0000407147  -0.0002257285  -0.0001737245
       -0.0000053901  -0.0004827434   0.0002429901  -0.0009925117   0.0759851689
        0.0945080549   0.0010834457  -0.0127726133  -0.0306848382   0.0005287151
        0.0070158387   0.0107151871   0.0011534791   0.0005211626   0.0005399562
       -0.0002257342   0.0000813906  -0.0004422215   0.0002602533  -0.0001831106
       -0.0009054407  -0.0001266489  -0.0000156452  -0.0000084121   0.0001321214
       -0.0000444473   0.0001843222  -0.0000729035   0.0000632624  -0.0001417518
       -0.0000043313  -0.0000489760   0.0002879268  -0.0002819922  -0.0002803306
        0.0004729514  -0.0000615692   0.0000777610  -0.0001228179
       -0.0040552399  -0.0855390483  -0.3014675141  -0.0065872344  -0.0023811182
       -0.0140550187   0.0004576978   0.0004778729   0.0012603408   0.0003050763
       -0.0004554195   0.0000815236   0.0000178059  -0.0003931008  -0.0000016961
       -0.0009450302  -0.0001937451   0.0006210515   0.0062644215   0.0945080549
        0.3337257350   0.0013012277  -0.0046065223  -0.0026941973   0.0053293726
       -0.0026308505  -0.0178866215  -0.0031895810   0.0002222946  -0.0002142962
        0.0007897382   0.0001934799   0.0006640613  -0.0004883737   0.0005650169
       -0.0000936842   0.0000552396   0.0000483930  -0.0000150665   0.0001308844
       -0.0000529494   0.0001361079   0.0001018485  -0.0000291804   0.0000369963
        0.0001206129  -0.0001485850   0.0000921810   0.0003395788   0.0004424546
       -0.0002325449   0.0000519550  -0.0000270473   0.0000426420
       -0.0561038336   0.0565556100   0.0009290697  -0.0073517308   0.0231329393
       -0.0002976982  -0.0049375733   0.0006282496  -0.0024834620  -0.0002827815
        0.0014249637   0.0000775610   0.0000739713  -0.0003224535   0.0000633142
       -0.0004580991   0.0000761035   0.0001369802   0.0025365567   0.0010834457
        0.0013012277   0.0598836173  -0.0654085118   0.0010423008   0.0064646335
       -0.0180108362  -0.0005410316   0.0001508718   0.0003391372  -0.0003083830
       -0.0002800322   0.0007338171   0.0001797228   0.0000130232  -0.0002888874
       -0.0001029148   0.0000160053   0.0001067119  -0.0000092426  -0.0002641943
        0.0000772675  -0.0001780702   0.0000731441   0.0001121991   0.0000250795
        0.0001904506  -0.0001199795   0.0000502891   0.0002284542  -0.0001426325
        0.0000751783   0.0000475168   0.0000228565   0.0000400789
        0.0595604483  -0.3190644588  -0.0104600246   0.0045815694  -0.0050225378
        0.0015188997   0.0013063037   0.0006199525   0.0006573059  -0.0000196464
       -0.0003341955   0.0000528946  -0.0000185913   0.0003999926  -0.0000660119
        0.0008657292   0.0005691663  -0.0005081812   0.0021362927  -0.0127726133
       -0.0046065223  -0.0654085118   0.3523282141   0.0105762546  -0.0019303105
       -0.0182211438   0.0027220939  -0.0003679857   0.0003299045  -0.0001903339
       -0.0009511184   0.0007943450  -0.0002707538  -0.0000806213   0.0001939019
        0.0003395525  -0.0000696209  -0.0000330526   0.0000019648   0.0001323130
        0.0001546510   0.0001325128   0.0000065337   0.0000186940  -0.0000318832
        0.0000168816   0.0002578928   0.0001076237   0.0001796061  -0.0001903415
        0.0000698651   0.0000607285  -0.0000283714  -0.0000452567
        0.0001820354  -0.0056430249  -0.0464952759  -0.0024837878   0.0105584455
        0.0003165728  -0.0021416068   0.0003013444  -0.0007041615  -0.0001641318
        0.0006023675   0.0003036130   0.0000234846  -0.0001520073   0.0001409274
       -0.0002098009  -0.0000882217  -0.0002953194   0.0058585802  -0.0306848382
       -0.0026941973   0.0010423008   0.0105762546   0.0465603661  -0.0015404297
        0.0138322765   0.0025949947  -0.0006745549   0.0007235282  -0.0003704868
        0.0002597151  -0.0001402523   0.0003874955   0.0000319893  -0.0002289056
       -0.0000798248   0.0000551039   0.0000140058  -0.0000237234  -0.0001845888
        0.0000392888   0.0001191609   0.0000237427   0.0001133440  -0.0000116758
        0.0000111524  -0.0000228317   0.0002000278  -0.0000243812  -0.0000011056
        0.0000824493  -0.0000648226   0.0002003320  -0.0000309427
       -0.1677320208  -0.0881016945   0.0906190881  -0.0201521514  -0.0090042198
        0.0059832159  -0.0002933429   0.0012229330   0.0005918914  -0.0000869570
       -0.0003283949  -0.0002160203   0.0000442663  -0.0014332927   0.0002892948
        0.0102704153   0.0093987270  -0.0104053884   0.0019142510   0.0005287151
        0.0053293726   0.0064646335  -0.0019303105  -0.0015404297   0.1694933170
        0.0872638193  -0.0871362648   0.0002064395   0.0000709762  -0.0000489996
       -0.0032681733   0.0008166986  -0.0021638172  -0.0004026115  -0.0000852469
        0.0000338973   0.0000303295   0.0002911012  -0.0003846925   0.0003674088
       -0.0000316873  -0.0003014027   0.0002055161   0.0003110131  -0.0001446011
        0.0009513011  -0.0004308344   0.0000441644   0.0015880274   0.0010570100
       -0.0002608279   0.0003993515   0.0003846873  -0.0002884803
       -0.0848327698  -0.0984824444   0.0594140869  -0.0004114822   0.0038845213
       -0.0048069000   0.0004055634   0.0012804175  -0.0000687665  -0.0000842786
       -0.0008863113   0.0000658140   0.0007786421   0.0005101116   0.0007111086
        0.0090306783   0.0006898282  -0.0060674127   0.0055845034   0.0070158387
       -0.0026308505  -0.0180108362  -0.0182211438   0.0138322765   0.0872638193
        0.1056787943  -0.0609496616  -0.0000571356   0.0007675586  -0.0004044968
        0.0018923693   0.0001487371   0.0000865728  -0.0000152530  -0.0006356029
       -0.0001065130  -0.0002303797  -0.0004727388  -0.0000615740   0.0000584423
       -0.0004330052   0.0002357640  -0.0000303495   0.0001057910  -0.0000410900
       -0.0004316808  -0.0000553453   0.0004392744  -0.0008983353  -0.0013079244
       -0.0001248506  -0.0000115172   0.0004129177   0.0004772186
        0.0885425309   0.0596120474  -0.1029645659  -0.0042703246  -0.0062594593
        0.0073140625  -0.0003941620  -0.0003513079   0.0002126900   0.0001294295
        0.0004308589  -0.0002959036   0.0002773404   0.0000726981   0.0000922806
       -0.0103521181  -0.0061797373   0.0021716129   0.0189832274   0.0107151871
       -0.0178866215  -0.0005410316   0.0027220939   0.0025949947  -0.0871362648
       -0.0609496616   0.1093254339  -0.0010159141  -0.0004779609  -0.0000505621
       -0.0038219412   0.0003770448  -0.0009127169   0.0000343280  -0.0003080479
       -0.0004451611   0.0000250853  -0.0001159499  -0.0005986671  -0.0001615663
        0.0000938269  -0.0000620486   0.0001594394   0.0001124088  -0.0004445707
       -0.0000880201   0.0001104401   0.0003986368  -0.0000935470  -0.0000497666
        0.0018421881  -0.0002764910   0.0004452853  -0.0002910818
       -0.0056220034  -0.0056165038  -0.0302945362  -0.0425487691  -0.0006274079
        0.0098939883  -0.0000401307   0.0035027083   0.0070077052   0.0006061288
        0.0002019879   0.0004884092   0.0001642770  -0.0003381485  -0.0005039250
        0.0005100627   0.0000367637  -0.0000772076  -0.0048128241   0.0011534791
       -0.0031895810   0.0001508718  -0.0003679857  -0.0006745549   0.0002064395
       -0.0000571356  -0.0010159141   0.0531259496  -0.0025596654  -0.0033605441
       -0.0012927620   0.0028248742   0.0221758834  -0.0000959981   0.0019115611
       -0.0000433842  -0.0000629279  -0.0000036229   0.0001889809   0.0000384011
       -0.0001553464  -0.0001138126  -0.0003602731   0.0003985775  -0.0004732463
       -0.0000699214  -0.0000648406   0.0001025684  -0.0001249231  -0.0000796250
       -0.0001567848   0.0002284024  -0.0001596700   0.0000459555
        0.0008199748   0.0011734102   0.0044928322  -0.0010572125  -0.0577465333
       -0.0575684003   0.0029355096  -0.0118099105  -0.0278285661  -0.0006481805
        0.0003811215  -0.0003389600   0.0003352113   0.0015447053  -0.0008592768
        0.0003106623  -0.0000590658   0.0000604486   0.0009063191   0.0005211626
        0.0002222946   0.0003391372   0.0003299045   0.0007235282   0.0000709762
        0.0007675586  -0.0004779609  -0.0025596654   0.0666537970   0.0640973681
       -0.0030292100   0.0045469765   0.0174403521   0.0016689027  -0.0059153636
       -0.0013537835  -0.0000108838  -0.0002272851   0.0001026994  -0.0001371821
        0.0001067697   0.0000730267   0.0004564426  -0.0001296818   0.0004582060
       -0.0001175636   0.0003518296   0.0000054292  -0.0001026611   0.0000012074
       -0.0000081505  -0.0001805768  -0.0004906029   0.0007589132
       -0.0050744216  -0.0021912957  -0.0155438227   0.0034960849  -0.0543517862
       -0.2592848903   0.0017738161  -0.0064883769  -0.0059420782   0.0002403205
        0.0004052694   0.0005855244  -0.0003552007   0.0007033052   0.0010684362
        0.0002762530   0.0003655154   0.0004150869  -0.0026315419   0.0005399562
       -0.0002142962  -0.0003083830  -0.0001903339  -0.0003704868  -0.0000489996
       -0.0004044968  -0.0000505621  -0.0033605441   0.0640973681   0.2994100757
        0.0056561727  -0.0019878627  -0.0205405428   0.0002534003  -0.0010326152
        0.0003781773   0.0000663871   0.0000089190  -0.0004357216  -0.0001524059
        0.0002626722  -0.0000169235   0.0001630384  -0.0000371467   0.0002747930
        0.0000542121   0.0003833680   0.0000386935  -0.0000359868  -0.0000616685
       -0.0000899003  -0.0000122015  -0.0000207909   0.0003184373
       -0.0326573257  -0.0142271612   0.0091785790  -0.1446407490  -0.0872031794
        0.0685687022   0.0034114939   0.0009305217  -0.0019619551   0.0010908611
        0.0012612186  -0.0001249288   0.0001532018   0.0010249941  -0.0000869056
       -0.0002669501  -0.0005316060   0.0003438409  -0.0000054606  -0.0002257342
        0.0007897382  -0.0002800322  -0.0009511184   0.0002597151  -0.0032681733
        0.0018923693  -0.0038219412  -0.0012927620  -0.0030292100   0.0056561727
        0.1781403332   0.1003989707  -0.0787264548   0.0001650175  -0.0000379382
       -0.0001982684  -0.0003053158   0.0003216002   0.0002182589  -0.0002040016
        0.0000704997   0.0000356696  -0.0001010227  -0.0000567991   0.0001412379
        0.0001968793   0.0002569778  -0.0001736322  -0.0000408179   0.0000818668
       -0.0000346224  -0.0000951758   0.0000237277  -0.0000632059
        0.0032058816   0.0029578930  -0.0015215534  -0.0914986140  -0.1160388609
        0.0577443750  -0.0169132119  -0.0228222187   0.0144696819  -0.0010878195
        0.0006542962   0.0000236979   0.0019951724  -0.0061954512  -0.0010600992
       -0.0002622390   0.0003316873   0.0000572019  -0.0003124760   0.0000813906
        0.0001934799   0.0007338171   0.0007943450  -0.0001402523   0.0008166986
        0.0001487371   0.0003770448   0.0028248742   0.0045469765  -0.0019878627
        0.1003989707   0.1356283807  -0.0682088074  -0.0004316394   0.0007654861
        0.0002020463   0.0011752786  -0.0000349108  -0.0002347577  -0.0002178836
        0.0003304157  -0.0001124618   0.0000514622  -0.0001954311   0.0001112856
       -0.0011242743  -0.0011394414   0.0007174073   0.0004347344   0.0001570542
       -0.0001497785   0.0002112679   0.0000296518  -0.0004806476
       -0.0111903588  -0.0062228822   0.0057551099   0.0722890841   0.0571661816
       -0.0927816806  -0.0011587900   0.0003227374   0.0013688402  -0.0000528509
        0.0000416589   0.0002548750  -0.0000444292   0.0004523562   0.0006744249
        0.0002750392   0.0002178239   0.0005690308  -0.0007293488  -0.0004422215
        0.0006640613   0.0001797228  -0.0002707538   0.0003874955  -0.0021638172
        0.0000865728  -0.0009127169   0.0221758834   0.0174403521  -0.0205405428
       -0.0787264548  -0.0682088074   0.1040627425  -0.0002877045  -0.0004825791
        0.0002812163  -0.0004202805   0.0001234433   0.0003357589  -0.0000659298
       -0.0002230517  -0.0000750980   0.0001414653   0.0001797496  -0.0004101601
        0.0000681724   0.0001012974   0.0001771029  -0.0002409236  -0.0001416983
       -0.0001268241  -0.0000484791  -0.0001401792   0.0003163645
        0.0008043611   0.0003144857   0.0012824712  -0.0003568984   0.0045971378
        0.0073454232  -0.0420017738  -0.0018377854  -0.0080964539  -0.0070947156
       -0.0058735038  -0.0289317449  -0.0014268827   0.0013479658   0.0196073303
        0.0001404758   0.0001854142   0.0001114415  -0.0001775494   0.0002602533
       -0.0004883737   0.0000130232  -0.0000806213   0.0000319893  -0.0004026115
       -0.0000152530   0.0000343280  -0.0000959981   0.0016689027   0.0002534003
        0.0001650175  -0.0004316394  -0.0002877045   0.0555414610   0.0016879615
        0.0094925526   0.0007617717  -0.0001607532  -0.0003717995   0.0007542374
       -0.0003082409  -0.0001418052  -0.0055794270   0.0005026977  -0.0028301286
        0.0002743621   0.0003863393  -0.0002576681   0.0003975413   0.0002485984
        0.0006033938  -0.0017163944  -0.0024919595   0.0026433481
       -0.0009853940   0.0011345651  -0.0003347143   0.0015217903  -0.0157870258
       -0.0306230112  -0.0016115340  -0.0567945030  -0.0502959648   0.0003034072
        0.0017518429   0.0028516639  -0.0020348928   0.0028673807   0.0177286408
       -0.0000492608   0.0003827390   0.0002182712   0.0006116809  -0.0001831106
        0.0005650169  -0.0002888874   0.0001939019  -0.0002289056  -0.0000852469
       -0.0006356029  -0.0003080479   0.0019115611  -0.0059153636  -0.0010326152
       -0.0000379382   0.0007654861  -0.0004825791   0.0016879615   0.0721234163
        0.0582645814  -0.0001849911  -0.0000117606  -0.0002740712   0.0001744886
        0.0002997947   0.0006573114   0.0007605552   0.0006579774   0.0004927631
        0.0001489845   0.0003906148   0.0004352706   0.0004459917   0.0003265617
       -0.0000656844  -0.0022882759  -0.0015669143   0.0024320744
        0.0001305752   0.0011499463   0.0014211217   0.0001147012  -0.0053527090
       -0.0076982644  -0.0083048823  -0.0515130152  -0.2340672032  -0.0051080966
       -0.0026645817  -0.0136736550   0.0036008835  -0.0005753485  -0.0207328936
        0.0001680854  -0.0000662733   0.0002298348   0.0007098519  -0.0009054407
       -0.0000936842  -0.0001029148   0.0003395525  -0.0000798248   0.0000338973
       -0.0001065130  -0.0004451611  -0.0000433842  -0.0013537835   0.0003781773
       -0.0001982684   0.0002020463   0.0002812163   0.0094925526   0.0582645814
        0.2749487601   0.0003502946  -0.0001801786   0.0006165209   0.0003527795
        0.0001152357   0.0001788888  -0.0029759585   0.0003760080  -0.0003004568
       -0.0003429226  -0.0001084270   0.0001951229  -0.0004380420  -0.0003666454
        0.0005696966   0.0025608484   0.0027455456  -0.0017281964
        0.0008060264  -0.0000523754   0.0000063620  -0.0001977320  -0.0008635415
        0.0004102977  -0.0231569468  -0.0163324624   0.0141510248  -0.1332971684
       -0.0836667931   0.0754718438  -0.0063524168   0.0006298435  -0.0021657372
       -0.0001893343   0.0001725551   0.0000644232  -0.0000887939  -0.0001266489
        0.0000552396   0.0000160053  -0.0000696209   0.0000551039   0.0000303295
       -0.0002303797   0.0000250853  -0.0000629279  -0.0000108838   0.0000663871
       -0.0003053158   0.0011752786  -0.0004202805   0.0007617717  -0.0001849911
        0.0003502946   0.1570045823   0.0975091754  -0.0872863020   0.0048786755
        0.0029559753  -0.0030106977   0.0007281666  -0.0003503638   0.0019939653
        0.0001283951   0.0003933761  -0.0001721389  -0.0008668150  -0.0010194168
        0.0007365153   0.0001634986   0.0000712736  -0.0003313864
       -0.0001304019   0.0001326935   0.0000353069   0.0011041246   0.0009008181
       -0.0000630865   0.0000988231   0.0004624058  -0.0013941160  -0.0831327018
       -0.1220775746   0.0697856544  -0.0002950847   0.0004044574  -0.0003193808
       -0.0003254083   0.0004239178   0.0001165018  -0.0000497420  -0.0000156452
        0.0000483930   0.0001067119  -0.0000330526   0.0000140058   0.0002911012
       -0.0004727388  -0.0001159499  -0.0000036229  -0.0002272851   0.0000089190
        0.0003216002  -0.0000349108   0.0001234433  -0.0001607532  -0.0000117606
       -0.0001801786   0.0975091754   0.1397910223  -0.0827760767  -0.0192821306
       -0.0238289138   0.0180507646   0.0037402667   0.0041981522  -0.0031788609
        0.0000492906   0.0003153765  -0.0000075896   0.0000403202   0.0001313782
        0.0000366405   0.0001184317  -0.0000583404  -0.0001843904
        0.0000514554  -0.0000447601   0.0001461013  -0.0002995573  -0.0002102696
        0.0003211631  -0.0047323106  -0.0045788369   0.0044381318   0.0750549356
        0.0695878886  -0.1081237888  -0.0013363505   0.0001117137   0.0003360924
        0.0003670087   0.0000687726   0.0004560398  -0.0001435103  -0.0000084121
       -0.0000150665  -0.0000092426   0.0000019648  -0.0000237234  -0.0003846925
       -0.0000615740  -0.0005986671   0.0001889809   0.0001026994  -0.0004357216
        0.0002182589  -0.0002347577   0.0003357589  -0.0003717995  -0.0002740712
        0.0006165209  -0.0872863020  -0.0827760767   0.1229783973  -0.0012144241
       -0.0007503246   0.0017084260   0.0205098005   0.0193386832  -0.0225863706
       -0.0000158761  -0.0001209109  -0.0000770132  -0.0003821863  -0.0001575415
        0.0003169359  -0.0002141882   0.0000058132   0.0002067837
       -0.0013071544   0.0018092072  -0.0001921372  -0.0042724715   0.0001445156
       -0.0015118241  -0.0109128687   0.0265972137   0.0022422350  -0.0629069428
        0.0635516923   0.0073862731   0.0007200042   0.0007663354  -0.0000860741
       -0.0001358670   0.0000916699   0.0000504765   0.0000700262   0.0001321214
        0.0001308844  -0.0002641943   0.0001323130  -0.0001845888   0.0003674088
        0.0000584423  -0.0001615663   0.0000384011  -0.0001371821  -0.0001524059
       -0.0002040016  -0.0002178836  -0.0000659298   0.0007542374   0.0001744886
        0.0003527795   0.0048786755  -0.0192821306  -0.0012144241   0.0724377917
       -0.0728632468  -0.0073956531   0.0013885818  -0.0003000107   0.0007272143
       -0.0007661807  -0.0006465536   0.0000622172   0.0002410581   0.0000075793
       -0.0000036969  -0.0001265036  -0.0000185712   0.0000162204
        0.0003457447  -0.0000818270  -0.0000183390   0.0011805323   0.0002971927
        0.0008147980   0.0042516911  -0.0059282947   0.0003284040   0.0635332695
       -0.2579265581  -0.0237372994  -0.0009505600   0.0005635480  -0.0002425991
       -0.0000506252   0.0004296530  -0.0000267583  -0.0000308910  -0.0000444473
       -0.0000529494   0.0000772675   0.0001546510   0.0000392888  -0.0000316873
       -0.0004330052   0.0000938269  -0.0001553464   0.0001067697   0.0002626722
        0.0000704997   0.0003304157  -0.0002230517  -0.0003082409   0.0002997947
        0.0001152357   0.0029559753  -0.0238289138  -0.0007503246  -0.0728632468
        0.2972307947   0.0278194417   0.0024957425  -0.0114339766  -0.0043614660
       -0.0002774193   0.0004628488  -0.0000284683  -0.0003150601   0.0000045026
        0.0000117101   0.0000723543  -0.0002031483  -0.0000441217
       -0.0002963265   0.0004380776   0.0001447800  -0.0016788356   0.0004318778
       -0.0000181897  -0.0030894344   0.0086148178   0.0007777258   0.0073873225
       -0.0237976134  -0.0476144888   0.0003537755  -0.0001161297   0.0000378328
        0.0002370458  -0.0001862161   0.0001608590  -0.0000942200   0.0001843222
        0.0001361079  -0.0001780702   0.0001325128   0.0001191609  -0.0003014027
        0.0002357640  -0.0000620486  -0.0001138126   0.0000730267  -0.0000169235
        0.0000356696  -0.0001124618  -0.0000750980  -0.0001418052   0.0006573114
        0.0001788888  -0.0030106977   0.0180507646   0.0017084260  -0.0073956531
        0.0278194417   0.0518138314   0.0079957334  -0.0324337813  -0.0071931754
        0.0002336327   0.0001071876   0.0001903154  -0.0000575742   0.0001651927
       -0.0001210336   0.0001146527  -0.0002640945  -0.0001669706
        0.0000532510  -0.0000878771   0.0001608975   0.0006526989  -0.0007810917
       -0.0007166655  -0.0055242049  -0.0064254949  -0.0293236531  -0.0456745433
       -0.0044817056  -0.0158275419   0.0011211218   0.0001983946  -0.0005901009
       -0.0000955016  -0.0000461032  -0.0001434530   0.0001515987  -0.0000729035
        0.0001018485   0.0000731441   0.0000065337   0.0000237427   0.0002055161
       -0.0000303495   0.0001594394  -0.0003602731   0.0004564426   0.0001630384
       -0.0001010227   0.0000514622   0.0001414653  -0.0055794270   0.0007605552
       -0.0029759585   0.0007281666   0.0037402667   0.0205098005   0.0013885818
        0.0024957425   0.0079957334   0.0531892694   0.0041936560   0.0197739296
       -0.0000767983  -0.0000627434   0.0000323962   0.0002520834   0.0000903841
        0.0001559013  -0.0004036609  -0.0000051684   0.0003591802
       -0.0002518626  -0.0001688361  -0.0001096026   0.0002991705   0.0007742909
        0.0009011546  -0.0000416085   0.0005207473   0.0026679834  -0.0043451252
       -0.0590899925  -0.0548285276  -0.0000304848   0.0001082618  -0.0003437176
       -0.0001916024  -0.0000480939  -0.0000888283   0.0000071316   0.0000632624
       -0.0000291804   0.0001121991   0.0000186940   0.0001133440   0.0003110131
        0.0001057910   0.0001124088   0.0003985775  -0.0001296818  -0.0000371467
       -0.0000567991  -0.0001954311   0.0001797496   0.0005026977   0.0006579774
        0.0003760080  -0.0003503638   0.0041981522   0.0193386832  -0.0003000107
       -0.0114339766  -0.0324337813   0.0041936560   0.0647182513   0.0641659221
       -0.0000426331  -0.0002347628  -0.0002807245   0.0000748161  -0.0000134579
        0.0001217711  -0.0002887714   0.0001488046   0.0001744842
        0.0005218662  -0.0000968652   0.0004262787   0.0002996930  -0.0000929700
        0.0004962716  -0.0058229273  -0.0024832149  -0.0142316355  -0.0154116240
       -0.0548670772  -0.2626690094   0.0008226536   0.0000621192   0.0009257550
        0.0002050952   0.0000486755   0.0004128971   0.0000757474  -0.0001417518
        0.0000369963   0.0000250795  -0.0000318832  -0.0000116758  -0.0001446011
       -0.0000410900  -0.0004445707  -0.0004732463   0.0004582060   0.0002747930
        0.0001412379   0.0001112856  -0.0004101601  -0.0028301286   0.0004927631
       -0.0003004568   0.0019939653  -0.0031788609  -0.0225863706   0.0007272143
       -0.0043614660  -0.0071931754   0.0197739296   0.0641659221   0.3049209603
       -0.0000555237  -0.0000827371  -0.0001369328   0.0003076978   0.0000661074
        0.0000289650  -0.0001561289  -0.0000271626   0.0004610702
       -0.0002036855   0.0005101062  -0.0000031751  -0.0021095101  -0.0026173100
        0.0016489514   0.0040600322  -0.0171271313  -0.0009712555   0.0005462615
       -0.0009203994   0.0001224121  -0.0649728300   0.0682551482   0.0047172890
       -0.0008801402   0.0001466125   0.0001427800   0.0000526634  -0.0000043313
        0.0001206129   0.0001904506   0.0000168816   0.0000111524   0.0009513011
       -0.0004316808  -0.0000880201  -0.0000699214  -0.0001175636   0.0000542121
        0.0001968793  -0.0011242743   0.0000681724   0.0002743621   0.0001489845
       -0.0003429226   0.0001283951   0.0000492906  -0.0000158761  -0.0007661807
       -0.0002774193   0.0002336327  -0.0000767983  -0.0000426331  -0.0000555237
        0.0743631866  -0.0771421688  -0.0070097865  -0.0123077757   0.0293937689
        0.0010211189   0.0006233101   0.0012841193   0.0003462257
       -0.0000355633   0.0001963535  -0.0001166124  -0.0026766815  -0.0027771977
        0.0025358176   0.0037146869  -0.0208659422   0.0000165185   0.0008899775
        0.0006494501  -0.0004307203   0.0659346695  -0.2578285664  -0.0143411255
        0.0003691981   0.0002003783  -0.0001459997  -0.0000477297  -0.0000489760
       -0.0001485850  -0.0001199795   0.0002578928  -0.0000228317  -0.0004308344
       -0.0000553453   0.0001104401  -0.0000648406   0.0003518296   0.0003833680
        0.0002569778  -0.0011394414   0.0001012974   0.0003863393   0.0003906148
       -0.0001084270   0.0003933761   0.0003153765  -0.0001209109  -0.0006465536
        0.0004628488   0.0001071876  -0.0000627434  -0.0002347628  -0.0000827371
       -0.0771421688   0.2972306333   0.0167805021   0.0046949975  -0.0052205597
       -0.0000704756   0.0045868723  -0.0118845861  -0.0044467061
       -0.0000126846  -0.0002375046  -0.0002321616   0.0019156457   0.0024251822
       -0.0011242625  -0.0038130806   0.0145137776   0.0006077768  -0.0003540594
       -0.0000901948   0.0001689152   0.0048345291  -0.0147078642  -0.0461571220
       -0.0000133179  -0.0003501330  -0.0004355516   0.0000262890   0.0002879268
        0.0000921810   0.0000502891   0.0001076237   0.0002000278   0.0000441644
        0.0004392744   0.0003986368   0.0001025684   0.0000054292   0.0000386935
       -0.0001736322   0.0007174073   0.0001771029  -0.0002576681   0.0004352706
        0.0001951229  -0.0001721389  -0.0000075896  -0.0000770132   0.0000622172
       -0.0000284683   0.0001903154   0.0000323962  -0.0002807245  -0.0001369328
       -0.0070097865   0.0167805021   0.0499777839  -0.0054837739   0.0115430890
        0.0016222722   0.0102220431  -0.0315530040  -0.0055057849
        0.0000615682   0.0010955264  -0.0001920325  -0.0000060021   0.0002857787
       -0.0004078915  -0.0203368736  -0.0017779553  -0.0044835262  -0.0024415546
       -0.0024143601   0.0020661877  -0.2504072023   0.0126245604  -0.0798127258
       -0.0006483255  -0.0007667012  -0.0002656966   0.0001287619  -0.0002819922
        0.0003395788   0.0002284542   0.0001796061  -0.0000243812   0.0015880274
       -0.0008983353  -0.0000935470  -0.0001249231  -0.0001026611  -0.0000359868
       -0.0000408179   0.0004347344  -0.0002409236   0.0003975413   0.0004459917
       -0.0004380420  -0.0008668150   0.0000403202  -0.0003821863   0.0002410581
       -0.0003150601  -0.0000575742   0.0002520834   0.0000748161   0.0003076978
       -0.0123077757   0.0046949975  -0.0054837739   0.2854310646  -0.0134747908
        0.0924575126  -0.0011482692   0.0001555245  -0.0032526891
       -0.0002435361  -0.0014671340   0.0006622167  -0.0004244478   0.0001999458
       -0.0003054318  -0.0169694353  -0.0000898080  -0.0053050522  -0.0022412602
       -0.0016970191   0.0016855861   0.0127601034  -0.0450878270   0.0050084306
       -0.0009212268  -0.0008458686   0.0005490802  -0.0001864081  -0.0002803306
        0.0004424546  -0.0001426325  -0.0001903415  -0.0000011056   0.0010570100
       -0.0013079244  -0.0000497666  -0.0000796250   0.0000012074  -0.0000616685
        0.0000818668   0.0001570542  -0.0001416983   0.0002485984   0.0003265617
       -0.0003666454  -0.0010194168   0.0001313782  -0.0001575415   0.0000075793
        0.0000045026   0.0001651927   0.0000903841  -0.0000134579   0.0000661074
        0.0293937689  -0.0052205597   0.0115430890  -0.0134747908   0.0538395181
       -0.0090404604  -0.0079365314   0.0015401028  -0.0046927870
        0.0002625148   0.0004334344  -0.0006080553  -0.0003011296   0.0000108564
        0.0000397668   0.0137633291  -0.0004861343   0.0046020031   0.0020696510
        0.0017609364  -0.0007809740  -0.0793560597   0.0048519951  -0.0754527701
       -0.0011340947   0.0006071880  -0.0009990609   0.0002186992   0.0004729514
       -0.0002325449   0.0000751783   0.0000698651   0.0000824493  -0.0002608279
       -0.0001248506   0.0018421881  -0.0001567848  -0.0000081505  -0.0000899003
       -0.0000346224  -0.0001497785  -0.0001268241   0.0006033938  -0.0000656844
        0.0005696966   0.0007365153   0.0000366405   0.0003169359  -0.0000036969
        0.0000117101  -0.0001210336   0.0001559013   0.0001217711   0.0000289650
        0.0010211189  -0.0000704756   0.0016222722   0.0924575126  -0.0090404604
        0.0852260334  -0.0301165984   0.0015681858  -0.0159191474
       -0.0004379628   0.0000705757  -0.0001248915   0.0007187140   0.0004055925
       -0.0003078472  -0.0018743456   0.0034540671   0.0196187327   0.0005952319
        0.0002154374   0.0008434038  -0.0453480731   0.0009137731   0.0045186906
        0.0000820712  -0.0000644355   0.0003737433  -0.0000031404  -0.0000615692
        0.0000519550   0.0000475168   0.0000607285  -0.0000648226   0.0003993515
       -0.0000115172  -0.0002764910   0.0002284024  -0.0001805768  -0.0000122015
       -0.0000951758   0.0002112679  -0.0000484791  -0.0017163944  -0.0022882759
        0.0025608484   0.0001634986   0.0001184317  -0.0002141882  -0.0001265036
        0.0000723543   0.0001146527  -0.0004036609  -0.0002887714  -0.0001561289
        0.0006233101   0.0045868723   0.0102220431  -0.0011482692  -0.0079365314
       -0.0301165984   0.0482954294   0.0007225769  -0.0069824212
        0.0000019071  -0.0003077327  -0.0002283029  -0.0001327520   0.0011480453
        0.0013044574  -0.0011735635   0.0029132291   0.0180291084   0.0003617900
        0.0002445427  -0.0000392380   0.0012407219  -0.0604493414  -0.0583132672
       -0.0002653756  -0.0006652272  -0.0001486587  -0.0000221248   0.0000777610
       -0.0000270473   0.0000228565  -0.0000283714   0.0002003320   0.0003846873
        0.0004129177   0.0004452853  -0.0001596700  -0.0004906029  -0.0000207909
        0.0000237277   0.0000296518  -0.0001401792  -0.0024919595  -0.0015669143
        0.0027455456   0.0000712736  -0.0000583404   0.0000058132  -0.0000185712
       -0.0002031483  -0.0002640945  -0.0000051684   0.0001488046  -0.0000271626
        0.0012841193  -0.0118845861  -0.0315530040   0.0001555245   0.0015401028
        0.0015681858   0.0007225769   0.0691392097   0.0664630176
       -0.0001280100  -0.0001106761   0.0000488978  -0.0003738481  -0.0006414112
        0.0004636663   0.0034115171  -0.0012640329  -0.0210146982  -0.0005771774
       -0.0003558991   0.0006998216   0.0044572776  -0.0576832210  -0.2654954972
        0.0005445537  -0.0002337404   0.0001388620   0.0001328613  -0.0001228179
        0.0000426420   0.0000400789  -0.0000452567  -0.0000309427  -0.0002884803
        0.0004772186  -0.0002910818   0.0000459555   0.0007589132   0.0003184373
       -0.0000632059  -0.0004806476   0.0003163645   0.0026433481   0.0024320744
       -0.0017281964  -0.0003313864  -0.0001843904   0.0002067837   0.0000162204
       -0.0000441217  -0.0001669706   0.0003591802   0.0001744842   0.0004610702
        0.0003462257  -0.0044467061  -0.0055057849  -0.0032526891  -0.0046927870
       -0.0159191474  -0.0069824212   0.0664630176   0.3074557739
