           1           2  0.96342314416670793     
           2           3   1.0102895159554084     
           3           4   1.3971535992230237     
           4           5   1.4678856864848369     
           5           6   1.3701375813536101     
           6           7   1.0900000938761580     
           7           8   1.9025212803215834     
           4           9  0.10454434785812870     
           6           9   1.3778777103450999     
           3          10   1.4101330032813875     
           5          10  0.10346680058123732     
           9          10   1.4552577157952256     
           1          12  0.89214129249166418     
           1          13  0.89666147733350243     
           1          14  0.83495883264293147     
           2          15  0.96416918777785809     
           2          16  0.95444866467017242     
           4          17  0.96342654660532423     
           5          18  0.96666446626532176     
           7          19  0.96360342279707956     
           8          20  0.97313072937576939     
           8          21  0.97787749867656582     
           9          22  0.96794398422719463     
          10          23  0.96592059651243500     
