   -0.12532184
   -0.01949317
   -0.07756800
   -0.01037153
   -0.04106748
   -0.03509758
   -0.02708103
   -0.01417447
    0.07891659
   -0.09030552
   -0.08556697
    0.06277635
   -0.03008781
   -0.02147675
   -0.03476903
   -0.03296771
   -0.03946223
   -0.95464151
    0.31928292
    0.25544216
    0.25675500
    0.07595528
    0.09998230
    0.05223429
    0.07040887
    0.02390464
    0.03227094
    0.03379891
    0.06083156
    0.08462908
    0.05132496
    0.02271732
    0.02577605
    0.03244542
