   19
          6          1          6
          6          7         12
          6         13         18
          3         19         21
          3         22         24
          3         25         27
          1         28         28
          3         29         31
          1         32         32
          1         33         33
          1         34         34
          1         35         35
          1         36         36
          1         37         37
          1         38         38
          1         39         39
          2         40         41
          1         42         42
          1         43         43
