           1           2  0.94011415873494952     
           2           3   1.0062174549710534     
           3           4   1.0023676179007692     
           4           5   1.0068477193818546     
           5           6   1.0214526149688155     
           1           8  0.91963016870617009     
           1           9  0.84427634589911438     
           1          10  0.92259997718456388     
           2          11  0.97166718447712286     
           2          12  0.96332783052037296     
           3          13  0.96226742972330814     
           3          14  0.97317855617114568     
           4          15  0.97384273633768892     
           4          16  0.97684320481113440     
           5          17  0.97642915130505448     
           5          18  0.97487826355016982     
           6          19  0.98602679991581643     
           6          20  0.98238703013722506     
           6          21  0.98655433014735372     
