           1           2  0.94198157568348340     
           2           3   1.0068979343155502     
           3           4  0.99477513921304905     
           4           5  0.99504216744976381     
           5           6   1.0073057327951602     
           6           7   1.0081736100146312     
           7           8   1.0082202138198557     
           4           9  0.99432565525342609     
           8           9   1.0083885725520700     
           1          11  0.92409028348648303     
           1          12  0.91335075852211167     
           1          13  0.84272975326452182     
           2          14  0.96786435558127626     
           2          15  0.96913972524759917     
           3          16  0.96598317970077840     
           3          17  0.96317472593082765     
           4          18  0.96326992083264995     
           5          19  0.97403280682174009     
           5          20  0.97695541301743849     
           6          21  0.97810262985351315     
           6          22  0.97730780710587861     
           7          23  0.97733881880143947     
           7          24  0.97790884011500490     
           8          25  0.97726746913308382     
           8          26  0.97642145032751548     
           9          27  0.97449706041578499     
           9          28  0.97669522465944503     
