           1           2  0.99044400490435103     
           2           3   1.0041315996359399     
           3           4   1.0062737389296872     
           4           5   1.0033802216414631     
           1           7  0.90547221181309268     
           2           8  0.97352834288384704     
           2           9  0.96934117994365765     
           3          10  0.97518517259846471     
           3          11  0.97247036451130420     
           4          12  0.97230818330916169     
           4          13  0.97613996995632302     
           5          14  0.95167876739573287     
           5          15  0.95845914955687306     
           5          16  0.25144211383098147     
           6          16  0.63459128046333924     
