$hessian                                                                        
        0.5448609626   0.0664242807   0.0292604698  -0.1137185875   0.0470616747
        0.0220254310  -0.0298910428   0.0218184385   0.0080871817  -0.0058038216
       -0.0034740050  -0.0033682927  -0.0011420532   0.0015674244   0.0009656136
       -0.0000605662   0.0000648354  -0.0000996011  -0.0426244564   0.0001571054
        0.0115904523  -0.2915090236  -0.0798754308  -0.0973975954  -0.0568647574
       -0.0620170461   0.0246022240  -0.0056677472   0.0055617178   0.0046595342
        0.0005018065   0.0015606440  -0.0008606425   0.0012144999   0.0002561507
        0.0006281479   0.0012718110   0.0007437459   0.0002550543   0.0001241468
       -0.0000219849  -0.0000865144   0.0001041047  -0.0001255583  -0.0000145701
       -0.0008559250   0.0000725729  -0.0002148027   0.0000894654   0.0000353725
       -0.0000335573   0.0000718553   0.0001148241   0.0000153158   0.0000629581
        0.0000796341   0.0000171008  -0.0001636293  -0.0000043961  -0.0000309492
        0.0664242807   0.5514742605  -0.0257052259   0.0450870157  -0.1195612348
       -0.0210216713   0.0007977451   0.0027295162   0.0012339190  -0.0003939042
        0.0012055089   0.0005452293  -0.0000108453  -0.0000070961  -0.0002019338
        0.0001797312   0.0000840242  -0.0000054576   0.0006060567  -0.0429954100
       -0.0146649674  -0.0788424762  -0.0661086627  -0.0303636865  -0.0619810178
       -0.2975202671   0.1031759562   0.0057636561  -0.0048571562  -0.0041059863
        0.0237810382  -0.0266983936  -0.0092579186  -0.0005335412   0.0001745246
        0.0004214404  -0.0006161518   0.0013050292  -0.0001686043  -0.0001439620
       -0.0000288544   0.0001608075  -0.0002130574   0.0003877876  -0.0001583220
        0.0001325915   0.0001258096   0.0000420146   0.0000684968   0.0000314571
        0.0000493935  -0.0000460035   0.0000606180   0.0000103295  -0.0000649629
        0.0000408502   0.0000066965   0.0000053101   0.0001576889   0.0000079873
        0.0292604698  -0.0257052259   0.6030995499   0.0207588750  -0.0206458650
       -0.0819113685  -0.0053140877   0.0052121315   0.0033189070  -0.0014368657
       -0.0000034287  -0.0000003122  -0.0001716532   0.0000746809   0.0002377437
       -0.0000076707  -0.0000097850   0.0001008782   0.0114063852  -0.0145132392
       -0.3532375770  -0.0966854483  -0.0306077281  -0.0794508344   0.0250550478
        0.1029497809  -0.0846144992   0.0238443881  -0.0236802500  -0.0125282623
       -0.0059825283   0.0061214760   0.0032658980  -0.0004270326   0.0006045886
        0.0011310606   0.0000309853   0.0000708840  -0.0000870591  -0.0002701793
        0.0000299686   0.0003055093   0.0000098682  -0.0000062598  -0.0000369656
       -0.0001509943   0.0000610934   0.0001680938   0.0000356660   0.0000830349
        0.0001918671   0.0000183921   0.0000174158  -0.0000776735  -0.0000006723
       -0.0000580855   0.0000543092   0.0000270549   0.0000048125   0.0000707350
       -0.1137185875   0.0450870157   0.0207588750   0.4244325887   0.0385693102
        0.0031854746  -0.1595870706  -0.0440472956  -0.0449555112  -0.0229679283
        0.0020067237  -0.0031566643  -0.0015871602   0.0018867488   0.0005800530
        0.0001870263   0.0002018104   0.0000984462  -0.0014094029   0.0017847674
        0.0047574923  -0.0177528844   0.0143441343   0.0055947374   0.0044079620
        0.0009190258  -0.0028293892  -0.0406610229  -0.0024531269   0.0049156052
       -0.0542214496  -0.0496914923   0.0187239074  -0.0048267824  -0.0009672807
       -0.0044928635  -0.0130827724  -0.0067566645  -0.0030490051   0.0005801614
       -0.0005190468  -0.0005503205   0.0008505564  -0.0008733118  -0.0001600256
       -0.0004540110  -0.0000750947  -0.0001105602  -0.0001051061   0.0001424299
        0.0004628567  -0.0001088993   0.0001629976   0.0000463939  -0.0000969103
        0.0001105508  -0.0000172530   0.0001216931   0.0001677986   0.0001977507
        0.0470616747  -0.1195612348  -0.0206458650   0.0385693102   0.5018498583
       -0.0148017870  -0.0379908889  -0.0765885033  -0.0122409365   0.0152042067
        0.0019403866   0.0042520798   0.0021578131  -0.0021545487  -0.0009004724
       -0.0002620579  -0.0001151849   0.0001126928   0.0026862526  -0.0019513079
       -0.0053782675  -0.0013113905   0.0047534845   0.0025644717   0.0175274915
       -0.0204510194  -0.0058574473  -0.0018617895  -0.0461580447  -0.0122472477
       -0.0553083798  -0.2304506526   0.0756764768  -0.0023673704  -0.0005293920
       -0.0019128941  -0.0272913808  -0.0117133739  -0.0092807440   0.0004626153
        0.0003687254   0.0002485498   0.0015950681   0.0006050745  -0.0001140428
        0.0009948719  -0.0000236283   0.0001083571   0.0000225084  -0.0002238013
        0.0000353854   0.0001104413   0.0001848218   0.0002675936   0.0000326370
        0.0001100257   0.0000189511  -0.0000316328   0.0001083150   0.0000951462
        0.0220254310  -0.0210216713  -0.0819113685   0.0031854746  -0.0148017870
        0.5278928152  -0.0408961304  -0.0133550272  -0.0850574768   0.0053171230
        0.0019216128   0.0019299809   0.0009664268  -0.0006872726  -0.0002050671
        0.0000844653  -0.0001194379  -0.0001859000   0.0193816127  -0.0181800163
       -0.0089359523  -0.0042192988   0.0054490129   0.0029321765  -0.0064103577
        0.0036698596   0.0037150508  -0.0002712280  -0.0073709101  -0.2739911397
        0.0207454071   0.0717644895  -0.0758394058  -0.0297177989  -0.0099265997
       -0.0153275207   0.0081012747   0.0029032726   0.0037533568   0.0012765731
       -0.0003965265   0.0007279604   0.0000010421   0.0000357546   0.0004901618
        0.0003797123  -0.0000243071   0.0004229853   0.0001233396   0.0002163680
        0.0002474666  -0.0000990139   0.0000893465  -0.0003361842  -0.0000235732
       -0.0002145006  -0.0001451404   0.0000495184   0.0000483396  -0.0001767986
       -0.0298910428   0.0007977451  -0.0053140877  -0.1595870706  -0.0379908889
       -0.0408961304   0.4515256037   0.0178023239  -0.0006543376  -0.1182490659
        0.0569555584   0.0268869728  -0.0249780123   0.0160346824   0.0044534225
        0.0006297527  -0.0003164107  -0.0001167080   0.0010299328   0.0000999874
       -0.0001524033  -0.0023998186   0.0029925407   0.0013627793   0.0011808126
       -0.0001334523   0.0004034599  -0.0040794076  -0.0012922513  -0.0053188781
       -0.0119723019  -0.0072574690  -0.0027144993  -0.0423422006  -0.0014223483
        0.0022248679  -0.0536940426  -0.0492644400   0.0183943948  -0.0040667141
        0.0040690599   0.0039618974   0.0023041533  -0.0005173759  -0.0015501429
       -0.0054094727  -0.0007830459  -0.0017220683   0.0011260952   0.0001112409
        0.0008930068  -0.0008704446   0.0001493653  -0.0000483549  -0.0002096551
       -0.0001063968  -0.0000349934  -0.0000471009   0.0000715753  -0.0000581974
        0.0218184385   0.0027295162   0.0052121315  -0.0440472956  -0.0765885033
       -0.0133550272   0.0178023239   0.5062550501  -0.0085840143   0.0565301909
       -0.1232642690  -0.0243955985   0.0006152016   0.0038119590   0.0023278755
        0.0004190390  -0.0002958406  -0.0002556077  -0.0004623307   0.0003675916
        0.0007161528   0.0026676719  -0.0024198620  -0.0013002664   0.0005728515
        0.0012971128  -0.0003297770  -0.0014939248   0.0002884356  -0.0015717602
       -0.0246376418  -0.0098551847  -0.0079231178  -0.0012261854  -0.0466306562
       -0.0103228075  -0.0480990666  -0.2287421317   0.0712333374   0.0030212506
       -0.0025712801  -0.0032097187   0.0201019080  -0.0257847919  -0.0076896221
       -0.0016690403   0.0009718564  -0.0003269343  -0.0005196235   0.0004632772
        0.0001711858  -0.0009978369   0.0001310173  -0.0004550625  -0.0000936457
       -0.0001137919   0.0000726602  -0.0003022845  -0.0000495048  -0.0000140290
        0.0080871817   0.0012339190   0.0033189070  -0.0449555112  -0.0122409365
       -0.0850574768  -0.0006543376  -0.0085840143   0.5161316971   0.0269396471
       -0.0247506347  -0.0780897975  -0.0053699005   0.0056664890   0.0020447532
        0.0000309192   0.0001140469   0.0001271436   0.0007378133   0.0000232957
        0.0012585012   0.0011566427  -0.0012158694  -0.0001068323  -0.0004090412
        0.0003694038   0.0001595750  -0.0271970945  -0.0085725890  -0.0138181398
        0.0080469993   0.0024217122   0.0040218440   0.0037731946  -0.0110440078
       -0.2668687774   0.0180443527   0.0711673994  -0.0741242275   0.0215984473
       -0.0215980955  -0.0131934605  -0.0059444054   0.0063640118   0.0029372961
       -0.0027692675  -0.0000086750  -0.0004719290  -0.0011863281   0.0003669827
        0.0007888254   0.0002908866   0.0001499701   0.0004862153  -0.0000734306
        0.0001867595   0.0002374466  -0.0001467681  -0.0000491678   0.0002184362
       -0.0058038216  -0.0003939042  -0.0014368657  -0.0229679283   0.0152042067
        0.0053171230  -0.1182490659   0.0565301909   0.0269396471   0.4484051558
        0.0126648307  -0.0072019040  -0.1634414342  -0.0223674147  -0.0416181304
       -0.0145308470  -0.0087815550  -0.0021783214  -0.0001027720  -0.0001494162
       -0.0005137567  -0.0004972602   0.0008380336   0.0003468826  -0.0002333789
       -0.0004763319   0.0000055630   0.0009067445   0.0001269530   0.0003315644
        0.0007800399   0.0004436515   0.0000770193  -0.0030817341   0.0032950969
        0.0039920717   0.0033165625  -0.0003065227  -0.0015885116  -0.0427777055
       -0.0005296153   0.0101357921  -0.0565611259  -0.0521895056   0.0185547053
       -0.0228189513  -0.0020535797  -0.0080521174  -0.0029647779  -0.0009079209
       -0.0037103296   0.0003874925   0.0005065360   0.0000094951   0.0006229710
        0.0006472155  -0.0003575722  -0.0003881634  -0.0021009485   0.0009476455
       -0.0034740050   0.0012055089  -0.0000034287   0.0020067237   0.0019403866
        0.0019216128   0.0569555584  -0.1232642690  -0.0247506347   0.0126648307
        0.4953967224  -0.0105075757  -0.0261488424  -0.0704220177  -0.0107509148
       -0.0235940500  -0.0084562407  -0.0069128364   0.0000543371  -0.0000729679
        0.0000100494  -0.0002918746   0.0005108234   0.0001152237  -0.0000841974
       -0.0000222913   0.0001626305  -0.0005920016   0.0005387607   0.0002069011
       -0.0011519268   0.0010624345  -0.0002316927   0.0031348573  -0.0022210674
       -0.0037222386   0.0195206682  -0.0233380667  -0.0067542925  -0.0001185826
       -0.0460006456  -0.0073847524  -0.0522812044  -0.2260299468   0.0631703315
        0.0191747951   0.0027209604   0.0072421775  -0.0031074654  -0.0003754041
       -0.0025670752  -0.0001061776   0.0004586578  -0.0002941520   0.0001490785
        0.0008252770  -0.0006266608  -0.0027105210  -0.0044566146   0.0016773278
       -0.0033682927   0.0005452293  -0.0000003122  -0.0031566643   0.0042520798
        0.0019299809   0.0268869728  -0.0243955985  -0.0780897975  -0.0072019040
       -0.0105075757   0.5112008156  -0.0421386145  -0.0097079994  -0.0842973679
        0.0076458366   0.0010407646   0.0030181099  -0.0001051594   0.0000903662
       -0.0002327610  -0.0003117490   0.0002878491   0.0004089897   0.0000533251
       -0.0001376439  -0.0000155190  -0.0008701629   0.0003154352   0.0007165235
       -0.0000168707   0.0001959545   0.0002537741   0.0214378996  -0.0205637063
       -0.0124836783  -0.0064689250   0.0061469871   0.0034117814   0.0094088716
       -0.0071351522  -0.2641239664   0.0188286216   0.0634938462  -0.0687218652
        0.0051611984   0.0005048942   0.0024364750  -0.0285791204  -0.0069577822
       -0.0161047368  -0.0000626727  -0.0002047272   0.0001158675   0.0011828373
        0.0004309145   0.0008567368   0.0016745725   0.0023058648  -0.0002790502
       -0.0011420532  -0.0000108453  -0.0001716532  -0.0015871602   0.0021578131
        0.0009664268  -0.0249780123   0.0006152016  -0.0053699005  -0.1634414342
       -0.0261488424  -0.0421386145   0.4675557953  -0.0218503980  -0.0094766526
       -0.0826910654  -0.0401634766   0.0195544647  -0.0000288922  -0.0000971860
       -0.0000201643  -0.0001185979   0.0000864893   0.0001891088  -0.0001402577
       -0.0001536746   0.0000796638  -0.0001654388  -0.0000088592   0.0002128733
        0.0001013037   0.0001488908   0.0000180896   0.0009153082  -0.0005574988
       -0.0004379689   0.0006077283  -0.0003538837  -0.0001657245  -0.0027337001
       -0.0009153561  -0.0041210646  -0.0116436480  -0.0051214789  -0.0038169873
       -0.1280550762   0.1030075236   0.0286074007  -0.0445839243   0.0025773305
        0.0102001761   0.0062570246   0.0138761048  -0.0063674898  -0.0010692833
       -0.0024086900   0.0024781278  -0.0130586163  -0.0246791642   0.0097798885
        0.0015674244  -0.0000070961   0.0000746809   0.0018867488  -0.0021545487
       -0.0006872726   0.0160346824   0.0038119590   0.0056664890  -0.0223674147
       -0.0704220177  -0.0097079994  -0.0218503980   0.4867788204   0.0046142066
       -0.0422318762  -0.1659805747   0.0450241311   0.0000299579   0.0001148078
       -0.0000337432   0.0002572194  -0.0002375494  -0.0000947115   0.0000004847
       -0.0000201380  -0.0001291538   0.0000150964  -0.0001690844   0.0000316652
        0.0000758442  -0.0000283468   0.0000687997   0.0001599493   0.0005893632
        0.0003611719   0.0000262022   0.0002209815   0.0003039683  -0.0019650893
        0.0002071188  -0.0011766185  -0.0249463926  -0.0086873803  -0.0088879414
        0.1028703502  -0.1651754277  -0.0342576772   0.0023685022  -0.0454742199
       -0.0155370662  -0.0067887395  -0.0260380812   0.0089603423  -0.0008350670
       -0.0008560273   0.0033739421  -0.0043074848  -0.0064725585   0.0020327868
        0.0009656136  -0.0002019338   0.0002377437   0.0005800530  -0.0009004724
       -0.0002050671   0.0044534225   0.0023278755   0.0020447532  -0.0416181304
       -0.0107509148  -0.0842973679  -0.0094766526   0.0046142066   0.5072309884
        0.0205675459   0.0453311659  -0.0876472146  -0.0000671102   0.0001355784
       -0.0000593672   0.0000724020  -0.0001623559  -0.0000626428  -0.0000314199
        0.0000338128  -0.0001465299   0.0000865007  -0.0001000467   0.0000910618
       -0.0000235414   0.0000310210   0.0000388026   0.0012783580   0.0001673082
        0.0008507837  -0.0000700241   0.0001550528   0.0001649861  -0.0281533538
       -0.0073430315  -0.0156554005   0.0076667828   0.0028462953   0.0036747548
        0.0285582497  -0.0345575828  -0.0565270186   0.0102122993  -0.0157667612
       -0.2599882383  -0.0029384308  -0.0048966071   0.0027855261   0.0116931605
        0.0268622420  -0.0161105102  -0.0037557248  -0.0078248525   0.0035799566
       -0.0000605662   0.0001797312  -0.0000076707   0.0001870263  -0.0002620579
        0.0000844653   0.0006297527   0.0004190390   0.0000309192  -0.0145308470
       -0.0235940500   0.0076458366  -0.0826910654  -0.0422318762   0.0205675459
        0.5019752248  -0.0138546751   0.0060551982   0.0000410096   0.0000414663
       -0.0000799181   0.0000905940   0.0001153270  -0.0000223786   0.0001142985
        0.0000561689  -0.0000636011   0.0000503682   0.0000284549   0.0000483868
       -0.0001300140   0.0000267099  -0.0001229921  -0.0002137152  -0.0001752517
        0.0000431080  -0.0009918976  -0.0008834695  -0.0000389804   0.0009446613
        0.0001810555   0.0009997319  -0.0048997970  -0.0022723719  -0.0014968233
        0.0057061381   0.0138517353  -0.0060484285  -0.0009196315  -0.0035508558
        0.0028117436  -0.1178276368   0.1033396332   0.0338187648  -0.0451592450
        0.0012052609   0.0093240856  -0.2423146578  -0.0326199740  -0.0735489931
        0.0000648354   0.0000840242  -0.0000097850   0.0002018104  -0.0001151849
       -0.0001194379  -0.0003164107  -0.0002958406   0.0001140469  -0.0087815550
       -0.0084562407   0.0010407646  -0.0401634766  -0.1659805747   0.0453311659
       -0.0138546751   0.4821663556   0.0141298847  -0.0000012437  -0.0000931625
        0.0000433398  -0.0000123253  -0.0000374652   0.0000021478  -0.0000450318
       -0.0000602766   0.0001199811  -0.0000659419   0.0000468502   0.0000059187
       -0.0000078142   0.0000167005  -0.0000256265  -0.0000070464  -0.0000060555
       -0.0000609779   0.0005817782   0.0003894970   0.0002594916   0.0005928324
        0.0005243154   0.0003234001  -0.0014824629   0.0005398936  -0.0004283131
       -0.0074564851  -0.0270097140   0.0098287955  -0.0012824777  -0.0013571796
        0.0026739750   0.1031432722  -0.1861045418  -0.0474995022   0.0013662423
       -0.0449323974  -0.0127638890  -0.0324738247  -0.0493190030  -0.0129653802
       -0.0000996011  -0.0000054576   0.0001008782   0.0000984462   0.0001126928
       -0.0001859000  -0.0001167080  -0.0002556077   0.0001271436  -0.0021783214
       -0.0069128364   0.0030181099   0.0195544647   0.0450241311  -0.0876472146
        0.0060551982   0.0141298847   0.5031217335  -0.0000231139  -0.0001087522
       -0.0000287992   0.0000127069   0.0000531941   0.0000122294   0.0000868194
        0.0000362879   0.0000918310   0.0000347657   0.0001216849   0.0000744080
       -0.0000566846  -0.0000559486  -0.0001045743  -0.0001297711  -0.0000556476
        0.0000659658   0.0002926384  -0.0000528553   0.0001900532  -0.0006475173
       -0.0007671429   0.0012023684  -0.0024831788  -0.0012826187  -0.0001371684
       -0.0015444470  -0.0039919149   0.0028621041   0.0117214673   0.0268687268
       -0.0155518342   0.0337480003  -0.0475316789  -0.0602052772   0.0092907692
       -0.0123033913  -0.2745713227  -0.0736159332  -0.0130227503  -0.0724347345
       -0.0426244564   0.0006060567   0.0114063852  -0.0014094029   0.0026862526
        0.0193816127   0.0010299328  -0.0004623307   0.0007378133  -0.0001027720
        0.0000543371  -0.0001051594  -0.0000288922   0.0000299579  -0.0000671102
        0.0000410096  -0.0000012437  -0.0000231139   0.0434227949  -0.0026650862
       -0.0133032288   0.0004146336  -0.0020942255  -0.0260645016   0.0021302907
       -0.0010559582   0.0072678382  -0.0024843420   0.0031349134   0.0014579188
        0.0004794366  -0.0003297419   0.0000621659  -0.0006175092   0.0003705358
       -0.0006834781  -0.0003868863  -0.0000844048   0.0001639116   0.0001100795
       -0.0000529425  -0.0001711264   0.0000613246  -0.0000798683   0.0000384560
        0.0000732717  -0.0000381388  -0.0000279145  -0.0000644527   0.0000399175
       -0.0000301773  -0.0000675866  -0.0000595857   0.0000004730  -0.0000108592
       -0.0000098381  -0.0000428012   0.0000343855   0.0000113933   0.0000020367
        0.0001571054  -0.0429954100  -0.0145132392   0.0017847674  -0.0019513079
       -0.0181800163   0.0000999874   0.0003675916   0.0000232957  -0.0001494162
       -0.0000729679   0.0000903662  -0.0000971860   0.0001148078   0.0001355784
        0.0000414663  -0.0000931625  -0.0001087522  -0.0026650862   0.0446300838
        0.0170270403  -0.0013781365   0.0017782423  -0.0090501471  -0.0015105122
        0.0003832904   0.0267896089   0.0032765770  -0.0023588910  -0.0015955721
        0.0002871860   0.0000966562  -0.0010835189   0.0003156245   0.0003450113
        0.0001036399  -0.0001887038  -0.0002877296   0.0003654116  -0.0000141191
       -0.0000385769   0.0000285047   0.0000785668   0.0000005372  -0.0000190834
        0.0000113173  -0.0000144709  -0.0000045662   0.0000497160   0.0000574877
       -0.0000353506  -0.0000327121   0.0000187292  -0.0000121562  -0.0000256119
       -0.0000225915   0.0000101263  -0.0000408302   0.0000426706   0.0000288302
        0.0115904523  -0.0146649674  -0.3532375770   0.0047574923  -0.0053782675
       -0.0089359523  -0.0001524033   0.0007161528   0.0012585012  -0.0005137567
        0.0000100494  -0.0002327610  -0.0000201643  -0.0000337432  -0.0000593672
       -0.0000799181   0.0000433398  -0.0000287992  -0.0133032288   0.0170270403
        0.3889509022  -0.0051172855  -0.0019695871  -0.0143489949   0.0015894436
        0.0051222360  -0.0147766051   0.0011924701  -0.0014759108   0.0006979437
       -0.0002593310   0.0004804350   0.0007860692   0.0003408877  -0.0000640198
        0.0000988730   0.0000437180   0.0000111237  -0.0001826204  -0.0000769171
        0.0001114210   0.0000311059   0.0000812843   0.0000237367  -0.0000762553
       -0.0001041231   0.0000440204  -0.0000217695  -0.0000066715  -0.0000417695
        0.0000326213   0.0000597004   0.0000108146   0.0000426305   0.0000025245
        0.0000326803  -0.0000060640  -0.0000241737  -0.0000047848   0.0000081190
       -0.2915090236  -0.0788424762  -0.0966854483  -0.0177528844  -0.0013113905
       -0.0042192988  -0.0023998186   0.0026676719   0.0011566427  -0.0004972602
       -0.0002918746  -0.0003117490  -0.0001185979   0.0002572194   0.0000724020
        0.0000905940  -0.0000123253   0.0000127069   0.0004146336  -0.0013781365
       -0.0051172855   0.3188446667   0.0870698497   0.1066834954  -0.0073490729
       -0.0083186172  -0.0017439089   0.0000222717  -0.0001718342  -0.0001438170
        0.0002216892  -0.0002826025  -0.0001134614   0.0000744238   0.0001186282
        0.0005005590   0.0001771942   0.0004654904  -0.0000517921  -0.0000465955
       -0.0000109641  -0.0000630448  -0.0000589808  -0.0000630069   0.0000079793
       -0.0000588468  -0.0000065625  -0.0000338751   0.0000201271   0.0000268459
        0.0000635987  -0.0000468638   0.0000313762  -0.0000145244  -0.0000311199
        0.0000193409  -0.0000106878   0.0000034642   0.0000333678   0.0000115089
       -0.0798754308  -0.0661086627  -0.0306077281   0.0143441343   0.0047534845
        0.0054490129   0.0029925407  -0.0024198620  -0.0012158694   0.0008380336
        0.0005108234   0.0002878491   0.0000864893  -0.0002375494  -0.0001623559
        0.0001153270  -0.0000374652   0.0000531941  -0.0020942255   0.0017782423
       -0.0019695871   0.0870698497   0.0714756561   0.0354277680  -0.0251681619
       -0.0098810581  -0.0076560492   0.0006174080   0.0003404670  -0.0000664018
        0.0011970683  -0.0001687588   0.0003673663  -0.0001373969  -0.0000564492
        0.0000398468  -0.0000538883   0.0000083865   0.0000122004   0.0000310463
        0.0000448060  -0.0000112257   0.0000094979  -0.0000328948   0.0000075972
        0.0001221396   0.0000436281  -0.0000093418   0.0000247783  -0.0000265940
       -0.0000015239  -0.0000318486  -0.0000258287   0.0000289884  -0.0000410304
        0.0000195905   0.0000087844  -0.0000463306   0.0000200385   0.0000174754
       -0.0973975954  -0.0303636865  -0.0794508344   0.0055947374   0.0025644717
        0.0029321765   0.0013627793  -0.0013002664  -0.0001068323   0.0003468826
        0.0001152237   0.0004089897   0.0001891088  -0.0000947115  -0.0000626428
       -0.0000223786   0.0000021478   0.0000122294  -0.0260645016  -0.0090501471
       -0.0143489949   0.1066834954   0.0354277680   0.0844690097   0.0081113344
        0.0026670094   0.0056047341   0.0012933667  -0.0001616107   0.0001173728
       -0.0000364618  -0.0000119845   0.0003179578   0.0000131361   0.0000445341
        0.0000501923  -0.0000780845   0.0001453337  -0.0001060314   0.0000121736
        0.0000158764  -0.0000167586   0.0000215509  -0.0000023969   0.0000156907
       -0.0000077933   0.0000087108   0.0001072148  -0.0000514794   0.0000156197
        0.0000470677   0.0000079188   0.0000024933  -0.0000245066   0.0000258368
       -0.0000283356  -0.0000049944  -0.0000040262   0.0000039507   0.0000389597
       -0.0568647574  -0.0619810178   0.0250550478   0.0044079620   0.0175274915
       -0.0064103577   0.0011808126   0.0005728515  -0.0004090412  -0.0002333789
       -0.0000841974   0.0000533251  -0.0001402577   0.0000004847  -0.0000314199
        0.0001142985  -0.0000450318   0.0000868194   0.0021302907  -0.0015105122
        0.0015894436  -0.0073490729  -0.0251681619   0.0081113344   0.0597622310
        0.0677097091  -0.0292733506   0.0004110884   0.0003084004  -0.0002398282
       -0.0024853101   0.0033568603   0.0012139762  -0.0002739583   0.0000399379
       -0.0001333971  -0.0007126064  -0.0003959337   0.0003396439   0.0000725164
        0.0000044080  -0.0000425092   0.0000326777  -0.0001879543   0.0000540995
        0.0000660454  -0.0000464964  -0.0000132648  -0.0000140804   0.0000203669
        0.0000107379  -0.0001160962  -0.0000847949  -0.0000307092  -0.0000353426
       -0.0000084249   0.0000237512   0.0000469384  -0.0000279850   0.0000456989
       -0.0620170461  -0.2975202671   0.1029497809   0.0009190258  -0.0204510194
        0.0036698596  -0.0001334523   0.0012971128   0.0003694038  -0.0004763319
       -0.0000222913  -0.0001376439  -0.0001536746  -0.0000201380   0.0000338128
        0.0000561689  -0.0000602766   0.0000362879  -0.0010559582   0.0003832904
        0.0051222360  -0.0083186172  -0.0098810581   0.0026670094   0.0677097091
        0.3275379566  -0.1133707821  -0.0001186625   0.0002951601   0.0004131076
        0.0031689814  -0.0020834859  -0.0016511034   0.0000136790  -0.0001020384
       -0.0000957189   0.0004739730   0.0003286625   0.0000372388   0.0000660119
        0.0000009793   0.0000565056  -0.0000598657   0.0001064586  -0.0000184076
       -0.0000579612   0.0000699563  -0.0000199739   0.0000387436   0.0000004489
       -0.0000266000   0.0000089727   0.0000628695   0.0000015878  -0.0000013989
        0.0000229052  -0.0000179644  -0.0000622969   0.0000347743  -0.0000186361
        0.0246022240   0.1031759562  -0.0846144992  -0.0028293892  -0.0058574473
        0.0037150508   0.0004034599  -0.0003297770   0.0001595750   0.0000055630
        0.0001626305  -0.0000155190   0.0000796638  -0.0001291538  -0.0001465299
       -0.0000636011   0.0001199811   0.0000918310   0.0072678382   0.0267896089
       -0.0147766051  -0.0017439089  -0.0076560492   0.0056047341  -0.0292733506
       -0.1133707821   0.0891831942   0.0002204205  -0.0013129076   0.0003618752
        0.0014656778  -0.0017166707   0.0004358578  -0.0001112374   0.0003360640
       -0.0005097377  -0.0001006803   0.0000279579   0.0004498769   0.0000514238
       -0.0000749334   0.0000175962   0.0000411175  -0.0001136102   0.0000236115
       -0.0000067412   0.0000438752   0.0000922797  -0.0000459432   0.0000552702
        0.0000479771  -0.0000059565  -0.0000597746   0.0000024114   0.0000436122
       -0.0000647312  -0.0000701544  -0.0000001922  -0.0000255069  -0.0000528257
       -0.0056677472   0.0057636561   0.0238443881  -0.0406610229  -0.0018617895
       -0.0002712280  -0.0040794076  -0.0014939248  -0.0271970945   0.0009067445
       -0.0005920016  -0.0008701629  -0.0001654388   0.0000150964   0.0000865007
        0.0000503682  -0.0000659419   0.0000347657  -0.0024843420   0.0032765770
        0.0011924701   0.0000222717   0.0006174080   0.0012933667   0.0004110884
       -0.0001186625   0.0002204205   0.0543782669  -0.0026865567  -0.0046582280
        0.0019841442  -0.0016774622   0.0085805571  -0.0050412808  -0.0016972723
       -0.0025610676   0.0009691369   0.0004331269  -0.0002069462  -0.0007121790
        0.0001950418   0.0004824969  -0.0001002292   0.0000021640   0.0000181822
        0.0000110562  -0.0000408387  -0.0000289713   0.0001421023  -0.0000045808
        0.0001342557   0.0000397270   0.0000010260  -0.0000748720  -0.0000864500
       -0.0000295211   0.0000113687   0.0000831914  -0.0000355441  -0.0000302018
        0.0055617178  -0.0048571562  -0.0236802500  -0.0024531269  -0.0461580447
       -0.0073709101  -0.0012922513   0.0002884356  -0.0085725890   0.0001269530
        0.0005387607   0.0003154352  -0.0000088592  -0.0001690844  -0.0001000467
        0.0000284549   0.0000468502   0.0001216849   0.0031349134  -0.0023588910
       -0.0014759108  -0.0001718342   0.0003404670  -0.0001616107   0.0003084004
        0.0002951601  -0.0013129076  -0.0026865567   0.0532534070   0.0152045538
       -0.0014566895  -0.0015259559   0.0289812899  -0.0013830321   0.0002790097
       -0.0013134272   0.0000494283   0.0001610746  -0.0007527974   0.0002811135
        0.0000878492  -0.0000594539  -0.0000445512  -0.0002470378   0.0003933303
        0.0000727850   0.0000750179   0.0001349291  -0.0000054586   0.0000806802
        0.0000118972  -0.0000226887  -0.0000643344  -0.0001639046  -0.0000342430
       -0.0000602250  -0.0000900743  -0.0000044748  -0.0000059828  -0.0001092381
        0.0046595342  -0.0041059863  -0.0125282623   0.0049156052  -0.0122472477
       -0.2739911397  -0.0053188781  -0.0015717602  -0.0138181398   0.0003315644
        0.0002069011   0.0007165235   0.0002128733   0.0000316652   0.0000910618
        0.0000483868   0.0000059187   0.0000744080   0.0014579188  -0.0015955721
        0.0006979437  -0.0001438170  -0.0000664018   0.0001173728  -0.0002398282
        0.0004131076   0.0003618752  -0.0046582280   0.0152045538   0.3151053586
        0.0009364705   0.0044572805  -0.0170348811  -0.0025066816  -0.0012298522
       -0.0004185095   0.0005659551   0.0001847876   0.0006687543  -0.0004339048
        0.0001622067   0.0002342408  -0.0000201889   0.0001991455  -0.0004748800
        0.0000337403  -0.0000087342  -0.0000353361   0.0001218948  -0.0001083062
       -0.0000115092   0.0000047165  -0.0000211002   0.0000434236  -0.0000173694
        0.0000879900   0.0001061147   0.0000502362   0.0000014042   0.0000955808
        0.0005018065   0.0237810382  -0.0059825283  -0.0542214496  -0.0553083798
        0.0207454071  -0.0119723019  -0.0246376418   0.0080469993   0.0007800399
       -0.0011519268  -0.0000168707   0.0001013037   0.0000758442  -0.0000235414
       -0.0001300140  -0.0000078142  -0.0000566846   0.0004794366   0.0002871860
       -0.0002593310   0.0002216892   0.0011970683  -0.0000364618  -0.0024853101
        0.0031689814   0.0014656778   0.0019841442  -0.0014566895   0.0009364705
        0.0695812116   0.0552509952  -0.0230157073   0.0009683955   0.0000839640
        0.0006424035  -0.0052131345  -0.0020266486  -0.0021702743  -0.0001057182
       -0.0000335381   0.0000399323  -0.0007051392   0.0008511216  -0.0002273524
       -0.0000179734  -0.0000475542   0.0000099778   0.0000307210  -0.0000821390
        0.0000173698   0.0001073556   0.0000899531   0.0000221012   0.0000570257
       -0.0000520213  -0.0000833713   0.0000379118   0.0000182012  -0.0000542163
        0.0015606440  -0.0266983936   0.0061214760  -0.0496914923  -0.2304506526
        0.0717644895  -0.0072574690  -0.0098551847   0.0024217122   0.0004436515
        0.0010624345   0.0001959545   0.0001488908  -0.0000283468   0.0000310210
        0.0000267099   0.0000167005  -0.0000559486  -0.0003297419   0.0000966562
        0.0004804350  -0.0002826025  -0.0001687588  -0.0000119845   0.0033568603
       -0.0020834859  -0.0017166707  -0.0016774622  -0.0015259559   0.0044572805
        0.0552509952   0.2697554592  -0.0830601847   0.0003838909   0.0002737325
        0.0001327893  -0.0018952000  -0.0004426799  -0.0009117727  -0.0000661412
       -0.0001748980   0.0001373014  -0.0001260792   0.0002008672   0.0000553487
        0.0001127586   0.0000369554   0.0000565149   0.0000294633   0.0000215432
       -0.0000073464   0.0000186677  -0.0000202393  -0.0000241078  -0.0000053214
       -0.0000509719  -0.0000281445  -0.0000010224   0.0000352186  -0.0000381633
       -0.0008606425  -0.0092579186   0.0032658980   0.0187239074   0.0756764768
       -0.0758394058  -0.0027144993  -0.0079231178   0.0040218440   0.0000770193
       -0.0002316927   0.0002537741   0.0000180896   0.0000687997   0.0000388026
       -0.0001229921  -0.0000256265  -0.0001045743   0.0000621659  -0.0010835189
        0.0007860692  -0.0001134614   0.0003673663   0.0003179578   0.0012139762
       -0.0016511034   0.0004358578   0.0085805571   0.0289812899  -0.0170348811
       -0.0230157073  -0.0830601847   0.0829524979  -0.0002023576  -0.0007909493
        0.0005855626  -0.0019256619  -0.0011130832   0.0004883093   0.0000780303
        0.0002868975  -0.0004367407   0.0002206133  -0.0000598805   0.0001199728
        0.0000078933  -0.0001116588  -0.0000829114  -0.0000697051  -0.0001533006
       -0.0000898880   0.0000267508  -0.0000034503   0.0000983764   0.0000057147
        0.0000973287   0.0000680477   0.0000103093  -0.0000126735   0.0001554311
        0.0012144999  -0.0005335412  -0.0004270326  -0.0048267824  -0.0023673704
       -0.0297177989  -0.0423422006  -0.0012261854   0.0037731946  -0.0030817341
        0.0031348573   0.0214378996   0.0009153082   0.0001599493   0.0012783580
       -0.0002137152  -0.0000070464  -0.0001297711  -0.0006175092   0.0003156245
        0.0003408877   0.0000744238  -0.0001373969   0.0000131361  -0.0002739583
        0.0000136790  -0.0001112374  -0.0050412808  -0.0013830321  -0.0025066816
        0.0009683955   0.0003838909  -0.0002023576   0.0542106543  -0.0002666554
       -0.0028082962   0.0015229567  -0.0010027487   0.0082162168  -0.0029021980
        0.0034298674   0.0017874853   0.0006047214  -0.0006837493  -0.0001979325
        0.0001981830  -0.0000763051  -0.0001457006  -0.0005040677   0.0001967229
       -0.0005420194  -0.0000131596  -0.0001324742   0.0001512131   0.0001206459
        0.0000959402  -0.0002055162  -0.0000131828   0.0000859737  -0.0000040469
        0.0002561507   0.0001745246   0.0006045886  -0.0009672807  -0.0005293920
       -0.0099265997  -0.0014223483  -0.0466306562  -0.0110440078   0.0032950969
       -0.0022210674  -0.0205637063  -0.0005574988   0.0005893632   0.0001673082
       -0.0001752517  -0.0000060555  -0.0000556476   0.0003705358   0.0003450113
       -0.0000640198   0.0001186282  -0.0000564492   0.0000445341   0.0000399379
       -0.0001020384   0.0003360640  -0.0016972723   0.0002790097  -0.0012298522
        0.0000839640   0.0002737325  -0.0007909493  -0.0002666554   0.0521206240
        0.0139224415  -0.0018062989  -0.0023505824   0.0311274204   0.0030968736
       -0.0024275424  -0.0022186268  -0.0002829451   0.0005661925  -0.0006511624
       -0.0002076595  -0.0000770694  -0.0000527006   0.0001652385   0.0001906162
        0.0000992313  -0.0000473908  -0.0000265868   0.0002659215   0.0000643753
       -0.0001193951  -0.0000303442  -0.0000601992   0.0000077607   0.0000601068
        0.0006281479   0.0004214404   0.0011310606  -0.0044928635  -0.0019128941
       -0.0153275207   0.0022248679  -0.0103228075  -0.2668687774   0.0039920717
       -0.0037222386  -0.0124836783  -0.0004379689   0.0003611719   0.0008507837
        0.0000431080  -0.0000609779   0.0000659658  -0.0006834781   0.0001036399
        0.0000988730   0.0005005590   0.0000398468   0.0000501923  -0.0001333971
       -0.0000957189  -0.0005097377  -0.0025610676  -0.0013134272  -0.0004185095
        0.0006424035   0.0001327893   0.0005855626  -0.0028082962   0.0139224415
        0.3110928866   0.0017353565   0.0042034783  -0.0185735880   0.0016484800
       -0.0024080580  -0.0004921911  -0.0003738706   0.0002431656   0.0005695059
       -0.0002659663   0.0000813601   0.0002105114   0.0003642660   0.0001227022
        0.0003804277   0.0001622003   0.0002526236  -0.0003387927  -0.0001529402
       -0.0000711638   0.0000014553  -0.0000316123   0.0000226265  -0.0000244296
        0.0012718110  -0.0006161518   0.0000309853  -0.0130827724  -0.0272913808
        0.0081012747  -0.0536940426  -0.0480990666   0.0180443527   0.0033165625
        0.0195206682  -0.0064689250   0.0006077283   0.0000262022  -0.0000700241
       -0.0009918976   0.0005817782   0.0002926384  -0.0003868863  -0.0001887038
        0.0000437180   0.0001771942  -0.0000538883  -0.0000780845  -0.0007126064
        0.0004739730  -0.0001006803   0.0009691369   0.0000494283   0.0005659551
       -0.0052131345  -0.0018952000  -0.0019256619   0.0015229567  -0.0018062989
        0.0017353565   0.0696729674   0.0572057125  -0.0208856637   0.0007267470
       -0.0003289606  -0.0004681984  -0.0026509237   0.0036816094   0.0011182105
        0.0001542069  -0.0002026200   0.0000905692  -0.0000175899   0.0000540224
        0.0000096986  -0.0018257371  -0.0010226632  -0.0003523967  -0.0000781520
        0.0000589930   0.0002946397   0.0002344316  -0.0001474532   0.0000222359
        0.0007437459   0.0013050292   0.0000708840  -0.0067566645  -0.0117133739
        0.0029032726  -0.0492644400  -0.2287421317   0.0711673994  -0.0003065227
       -0.0233380667   0.0061469871  -0.0003538837   0.0002209815   0.0001550528
       -0.0008834695   0.0003894970  -0.0000528553  -0.0000844048  -0.0002877296
        0.0000111237   0.0004654904   0.0000083865   0.0001453337  -0.0003959337
        0.0003286625   0.0000279579   0.0004331269   0.0001610746   0.0001847876
       -0.0020266486  -0.0004426799  -0.0011130832  -0.0010027487  -0.0023505824
        0.0042034783   0.0572057125   0.2668362545  -0.0825542711  -0.0006255519
        0.0006610109   0.0002749418   0.0033924048  -0.0036835599  -0.0016559497
       -0.0002516379   0.0000567119   0.0000282900  -0.0000124478  -0.0002515281
        0.0000491766  -0.0002866247   0.0007255198   0.0001772999   0.0001499238
        0.0000928394  -0.0001179596  -0.0001394260   0.0000236843  -0.0000518664
        0.0002550543  -0.0001686043  -0.0000870591  -0.0030490051  -0.0092807440
        0.0037533568   0.0183943948   0.0712333374  -0.0741242275  -0.0015885116
       -0.0067542925   0.0034117814  -0.0001657245   0.0003039683   0.0001649861
       -0.0000389804   0.0002594916   0.0001900532   0.0001639116   0.0003654116
       -0.0001826204  -0.0000517921   0.0000122004  -0.0001060314   0.0003396439
        0.0000372388   0.0004498769  -0.0002069462  -0.0007527974   0.0006687543
       -0.0021702743  -0.0009117727   0.0004883093   0.0082162168   0.0311274204
       -0.0185735880  -0.0208856637  -0.0825542711   0.0828147119  -0.0002068969
       -0.0007479867   0.0005922678   0.0010051051  -0.0016943229   0.0006320871
        0.0000320694  -0.0000022141   0.0000130019   0.0000548217   0.0002353142
       -0.0001770716  -0.0003486444  -0.0003327768   0.0004790880   0.0002329038
       -0.0002601249  -0.0002514897   0.0000183177  -0.0001144755  -0.0001561873
        0.0001241468  -0.0001439620  -0.0002701793   0.0005801614   0.0004626153
        0.0012765731  -0.0040667141   0.0030212506   0.0215984473  -0.0427777055
       -0.0001185826   0.0094088716  -0.0027337001  -0.0019650893  -0.0281533538
        0.0009446613   0.0005928324  -0.0006475173   0.0001100795  -0.0000141191
       -0.0000769171  -0.0000465955   0.0000310463   0.0000121736   0.0000725164
        0.0000660119   0.0000514238  -0.0007121790   0.0002811135  -0.0004339048
       -0.0001057182  -0.0000661412   0.0000780303  -0.0029021980   0.0030968736
        0.0016484800   0.0007267470  -0.0006255519  -0.0002068969   0.0544714476
       -0.0014854136  -0.0107417190   0.0008881841  -0.0015347468   0.0093524375
        0.0005255887  -0.0000214810  -0.0002281068  -0.0050887307  -0.0015845110
       -0.0032196842  -0.0000494447   0.0001004549   0.0000969587  -0.0001661817
       -0.0002710055   0.0004005291   0.0002056347   0.0001784055   0.0000543540
       -0.0000219849  -0.0000288544   0.0000299686  -0.0005190468   0.0003687254
       -0.0003965265   0.0040690599  -0.0025712801  -0.0215980955  -0.0005296153
       -0.0460006456  -0.0071351522  -0.0009153561   0.0002071188  -0.0073430315
        0.0001810555   0.0005243154  -0.0007671429  -0.0000529425  -0.0000385769
        0.0001114210  -0.0000109641   0.0000448060   0.0000158764   0.0000044080
        0.0000009793  -0.0000749334   0.0001950418   0.0000878492   0.0001622067
       -0.0000335381  -0.0001748980   0.0002868975   0.0034298674  -0.0024275424
       -0.0024080580  -0.0003289606   0.0006610109  -0.0007479867  -0.0014854136
        0.0522635035   0.0088196381  -0.0027363590  -0.0030604253   0.0316997570
        0.0003093624   0.0000490896   0.0003893848  -0.0013670622   0.0003123395
       -0.0010623871   0.0000245853  -0.0001799519  -0.0001477388  -0.0003408837
       -0.0000234939   0.0001159989   0.0001287466  -0.0000140691   0.0000499035
       -0.0000865144   0.0001608075   0.0003055093  -0.0005503205   0.0002485498
        0.0007279604   0.0039618974  -0.0032097187  -0.0131934605   0.0101357921
       -0.0073847524  -0.2641239664  -0.0041210646  -0.0011766185  -0.0156554005
        0.0009997319   0.0003234001   0.0012023684  -0.0001711264   0.0000285047
        0.0000311059  -0.0000630448  -0.0000112257  -0.0000167586  -0.0000425092
        0.0000565056   0.0000175962   0.0004824969  -0.0000594539   0.0002342408
        0.0000399323   0.0001373014  -0.0004367407   0.0017874853  -0.0022186268
       -0.0004921911  -0.0004681984   0.0002749418   0.0005922678  -0.0107417190
        0.0088196381   0.3091726395   0.0020410664   0.0045447593  -0.0177368871
        0.0001445956   0.0001866298   0.0000847129  -0.0033133532  -0.0006222892
       -0.0012285329  -0.0000080806  -0.0000468744  -0.0000889269  -0.0002595059
       -0.0002161069   0.0004417003   0.0002324391   0.0001646281   0.0001627629
        0.0001041047  -0.0002130574   0.0000098682   0.0008505564   0.0015950681
        0.0000010421   0.0023041533   0.0201019080  -0.0059444054  -0.0565611259
       -0.0522812044   0.0188286216  -0.0116436480  -0.0249463926   0.0076667828
       -0.0048997970  -0.0014824629  -0.0024831788   0.0000613246   0.0000785668
        0.0000812843  -0.0000589808   0.0000094979   0.0000215509   0.0000326777
       -0.0000598657   0.0000411175  -0.0001002292  -0.0000445512  -0.0000201889
       -0.0007051392  -0.0001260792   0.0002206133   0.0006047214  -0.0002829451
       -0.0003738706  -0.0026509237   0.0033924048   0.0010051051   0.0008881841
       -0.0027363590   0.0020410664   0.0719629374   0.0586813996  -0.0218750840
        0.0001186126  -0.0006330353   0.0004860326   0.0005101499  -0.0000390200
        0.0002766138  -0.0000814798   0.0002039639  -0.0000366556   0.0000479153
        0.0002115003  -0.0003012007  -0.0007840136  -0.0014293367   0.0003548854
       -0.0001255583   0.0003877876  -0.0000062598  -0.0008733118   0.0006050745
        0.0000357546  -0.0005173759  -0.0257847919   0.0063640118  -0.0521895056
       -0.2260299468   0.0634938462  -0.0051214789  -0.0086873803   0.0028462953
       -0.0022723719   0.0005398936  -0.0012826187  -0.0000798683   0.0000005372
        0.0000237367  -0.0000630069  -0.0000328948  -0.0000023969  -0.0001879543
        0.0001064586  -0.0001136102   0.0000021640  -0.0002470378   0.0001991455
        0.0008511216   0.0002008672  -0.0000598805  -0.0006837493   0.0005661925
        0.0002431656   0.0036816094  -0.0036835599  -0.0016943229  -0.0015347468
       -0.0030604253   0.0045447593   0.0586813996   0.2646404933  -0.0746428818
        0.0003523464   0.0007937467   0.0002722638   0.0002123552  -0.0000309057
       -0.0001130896   0.0001415064   0.0002272719  -0.0000617718   0.0001091037
        0.0000764919  -0.0001742189  -0.0003826783  -0.0005878726   0.0001280723
       -0.0000145701  -0.0001583220  -0.0000369656  -0.0001600256  -0.0001140428
        0.0004901618  -0.0015501429  -0.0076896221   0.0029372961   0.0185547053
        0.0631703315  -0.0687218652  -0.0038169873  -0.0088879414   0.0036747548
       -0.0014968233  -0.0004283131  -0.0001371684   0.0000384560  -0.0000190834
       -0.0000762553   0.0000079793   0.0000075972   0.0000156907   0.0000540995
       -0.0000184076   0.0000236115   0.0000181822   0.0003933303  -0.0004748800
       -0.0002273524   0.0000553487   0.0001199728  -0.0001979325  -0.0006511624
        0.0005695059   0.0011182105  -0.0016559497   0.0006320871   0.0093524375
        0.0316997570  -0.0177368871  -0.0218750840  -0.0746428818   0.0776285040
        0.0005247274  -0.0001778831   0.0002015596  -0.0000846137  -0.0004892745
        0.0001748818   0.0000624989  -0.0000477902   0.0000495319  -0.0001246935
        0.0000167957   0.0001954010  -0.0001830713  -0.0003624862   0.0004710625
       -0.0008559250   0.0001325915  -0.0001509943  -0.0004540110   0.0009948719
        0.0003797123  -0.0054094727  -0.0016690403  -0.0027692675  -0.0228189513
        0.0191747951   0.0051611984  -0.1280550762   0.1028703502   0.0285582497
        0.0057061381  -0.0074564851  -0.0015444470   0.0000732717   0.0000113173
       -0.0001041231  -0.0000588468   0.0001221396  -0.0000077933   0.0000660454
       -0.0000579612  -0.0000067412   0.0000110562   0.0000727850   0.0000337403
       -0.0000179734   0.0001127586   0.0000078933   0.0001981830  -0.0002076595
       -0.0002659663   0.0001542069  -0.0002516379   0.0000320694   0.0005255887
        0.0003093624   0.0001445956   0.0001186126   0.0003523464   0.0005247274
        0.1516760254  -0.1164839059  -0.0341134581  -0.0020795816   0.0045391541
        0.0036708330   0.0003293665  -0.0021223105   0.0007256812   0.0001683972
        0.0000616590  -0.0002962639   0.0007229463  -0.0005051307   0.0000203541
        0.0000725729   0.0001258096   0.0000610934  -0.0000750947  -0.0000236283
       -0.0000243071  -0.0007830459   0.0009718564  -0.0000086750  -0.0020535797
        0.0027209604   0.0005048942   0.1030075236  -0.1651754277  -0.0345575828
        0.0138517353  -0.0270097140  -0.0039919149  -0.0000381388  -0.0000144709
        0.0000440204  -0.0000065625   0.0000436281   0.0000087108  -0.0000464964
        0.0000699563   0.0000438752  -0.0000408387   0.0000750179  -0.0000087342
       -0.0000475542   0.0000369554  -0.0001116588  -0.0000763051  -0.0000770694
        0.0000813601  -0.0002026200   0.0000567119  -0.0000022141  -0.0000214810
        0.0000490896   0.0001866298  -0.0006330353   0.0007937467  -0.0001778831
       -0.1164839059   0.1967044264   0.0404734021   0.0050104927  -0.0045499381
       -0.0047627902  -0.0021662143  -0.0059731495   0.0028863084   0.0004478923
        0.0007845210  -0.0002898146   0.0002846557   0.0003907182  -0.0003547195
       -0.0002148027   0.0000420146   0.0001680938  -0.0001105602   0.0001083571
        0.0004229853  -0.0017220683  -0.0003269343  -0.0004719290  -0.0080521174
        0.0072421775   0.0024364750   0.0286074007  -0.0342576772  -0.0565270186
       -0.0060484285   0.0098287955   0.0028621041  -0.0000279145  -0.0000045662
       -0.0000217695  -0.0000338751  -0.0000093418   0.0001072148  -0.0000132648
       -0.0000199739   0.0000922797  -0.0000289713   0.0001349291  -0.0000353361
        0.0000099778   0.0000565149  -0.0000829114  -0.0001457006  -0.0000527006
        0.0002105114   0.0000905692   0.0000282900   0.0000130019  -0.0002281068
        0.0003893848   0.0000847129   0.0004860326   0.0002722638   0.0002015596
       -0.0341134581   0.0404734021   0.0634087075   0.0218245936  -0.0264526761
       -0.0135361400   0.0005090485   0.0025926039   0.0000304992  -0.0005126827
        0.0004258302   0.0004436175  -0.0002756717  -0.0004706934   0.0001933418
        0.0000894654   0.0000684968   0.0000356660  -0.0001051061   0.0000225084
        0.0001233396   0.0011260952  -0.0005196235  -0.0011863281  -0.0029647779
       -0.0031074654  -0.0285791204  -0.0445839243   0.0023685022   0.0102122993
       -0.0009196315  -0.0012824777   0.0117214673  -0.0000644527   0.0000497160
       -0.0000066715   0.0000201271   0.0000247783  -0.0000514794  -0.0000140804
        0.0000387436  -0.0000459432   0.0001421023  -0.0000054586   0.0001218948
        0.0000307210   0.0000294633  -0.0000697051  -0.0005040677   0.0001652385
        0.0003642660  -0.0000175899  -0.0000124478   0.0000548217  -0.0050887307
       -0.0013670622  -0.0033133532   0.0005101499   0.0002123552  -0.0000846137
       -0.0020795816   0.0050104927   0.0218245936   0.0544249757   0.0003008051
       -0.0122121953   0.0002963066   0.0003933795  -0.0004936799  -0.0002879368
       -0.0024354491   0.0011480731  -0.0000100636   0.0000455047   0.0004366683
        0.0000353725   0.0000314571   0.0000830349   0.0001424299  -0.0002238013
        0.0002163680   0.0001112409   0.0004632772   0.0003669827  -0.0009079209
       -0.0003754041  -0.0069577822   0.0025773305  -0.0454742199  -0.0157667612
       -0.0035508558  -0.0013571796   0.0268687268   0.0000399175   0.0000574877
       -0.0000417695   0.0000268459  -0.0000265940   0.0000156197   0.0000203669
        0.0000004489   0.0000552702  -0.0000045808   0.0000806802  -0.0001083062
       -0.0000821390   0.0000215432  -0.0001533006   0.0001967229   0.0001906162
        0.0001227022   0.0000540224  -0.0002515281   0.0002353142  -0.0015845110
        0.0003123395  -0.0006222892  -0.0000390200  -0.0000309057  -0.0004892745
        0.0045391541  -0.0045499381  -0.0264526761   0.0003008051   0.0541159392
        0.0183835112   0.0001216089   0.0009493304   0.0005924195  -0.0023415806
       -0.0044416255   0.0035228221   0.0003447905   0.0005080767   0.0001293881
       -0.0000335573   0.0000493935   0.0001918671   0.0004628567   0.0000353854
        0.0002474666   0.0008930068   0.0001711858   0.0007888254  -0.0037103296
       -0.0025670752  -0.0161047368   0.0102001761  -0.0155370662  -0.2599882383
        0.0028117436   0.0026739750  -0.0155518342  -0.0000301773  -0.0000353506
        0.0000326213   0.0000635987  -0.0000015239   0.0000470677   0.0000107379
       -0.0000266000   0.0000479771   0.0001342557   0.0000118972  -0.0000115092
        0.0000173698  -0.0000073464  -0.0000898880  -0.0005420194   0.0000992313
        0.0003804277   0.0000096986   0.0000491766  -0.0001770716  -0.0032196842
       -0.0010623871  -0.0012285329   0.0002766138  -0.0001130896   0.0001748818
        0.0036708330  -0.0047627902  -0.0135361400  -0.0122121953   0.0183835112
        0.3049119735  -0.0003741496  -0.0004501703   0.0005513504   0.0014317241
        0.0033858704  -0.0010379225   0.0001394980  -0.0002962268   0.0003514148
        0.0000718553  -0.0000460035   0.0000183921  -0.0001088993   0.0001104413
       -0.0000990139  -0.0008704446  -0.0009978369   0.0002908866   0.0003874925
       -0.0001061776  -0.0000626727   0.0062570246  -0.0067887395  -0.0029384308
       -0.1178276368   0.1031432722   0.0337480003  -0.0000675866  -0.0000327121
        0.0000597004  -0.0000468638  -0.0000318486   0.0000079188  -0.0001160962
        0.0000089727  -0.0000059565   0.0000397270  -0.0000226887   0.0000047165
        0.0001073556   0.0000186677   0.0000267508  -0.0000131596  -0.0000473908
        0.0001622003  -0.0018257371  -0.0002866247  -0.0003486444  -0.0000494447
        0.0000245853  -0.0000080806  -0.0000814798   0.0001415064   0.0000624989
        0.0003293665  -0.0021662143   0.0005090485   0.0002963066   0.0001216089
       -0.0003741496   0.1389094718  -0.1206000111  -0.0406185449  -0.0014359520
        0.0025298456   0.0019892377  -0.0239552995   0.0250273479   0.0075761424
        0.0001148241   0.0000606180   0.0000174158   0.0001629976   0.0001848218
        0.0000893465   0.0001493653   0.0001310173   0.0001499701   0.0005065360
        0.0004586578  -0.0002047272   0.0138761048  -0.0260380812  -0.0048966071
        0.1033396332  -0.1861045418  -0.0475316789  -0.0000595857   0.0000187292
        0.0000108146   0.0000313762  -0.0000258287   0.0000024933  -0.0000847949
        0.0000628695  -0.0000597746   0.0000010260  -0.0000643344  -0.0000211002
        0.0000899531  -0.0000202393  -0.0000034503  -0.0001324742  -0.0000265868
        0.0002526236  -0.0010226632   0.0007255198  -0.0003327768   0.0001004549
       -0.0001799519  -0.0000468744   0.0002039639   0.0002272719  -0.0000477902
       -0.0021223105  -0.0059731495   0.0025926039   0.0003933795   0.0009493304
       -0.0004501703  -0.1206000111   0.2175020813   0.0541623796   0.0040094316
       -0.0037610107  -0.0041372254   0.0010427932   0.0018728073   0.0004545281
        0.0000153158   0.0000103295  -0.0000776735   0.0000463939   0.0002675936
       -0.0003361842  -0.0000483549  -0.0004550625   0.0004862153   0.0000094951
       -0.0002941520   0.0001158675  -0.0063674898   0.0089603423   0.0027855261
        0.0338187648  -0.0474995022  -0.0602052772   0.0000004730  -0.0000121562
        0.0000426305  -0.0000145244   0.0000289884  -0.0000245066  -0.0000307092
        0.0000015878   0.0000024114  -0.0000748720  -0.0001639046   0.0000434236
        0.0000221012  -0.0000241078   0.0000983764   0.0001512131   0.0002659215
       -0.0003387927  -0.0003523967   0.0001772999   0.0004790880   0.0000969587
       -0.0001477388  -0.0000889269  -0.0000366556  -0.0000617718   0.0000495319
        0.0007256812   0.0028863084   0.0000304992  -0.0004936799   0.0005924195
        0.0005513504  -0.0406185449   0.0541623796   0.0668663006   0.0208851738
       -0.0270137074  -0.0137831373  -0.0077343430   0.0083189331   0.0033032774
        0.0000629581  -0.0000649629  -0.0000006723  -0.0000969103   0.0000326370
       -0.0000235732  -0.0002096551  -0.0000936457  -0.0000734306   0.0006229710
        0.0001490785   0.0011828373  -0.0010692833  -0.0008350670   0.0116931605
       -0.0451592450   0.0013662423   0.0092907692  -0.0000108592  -0.0000256119
        0.0000025245  -0.0000311199  -0.0000410304   0.0000258368  -0.0000353426
       -0.0000013989   0.0000436122  -0.0000864500  -0.0000342430  -0.0000173694
        0.0000570257  -0.0000053214   0.0000057147   0.0001206459   0.0000643753
       -0.0001529402  -0.0000781520   0.0001499238   0.0002329038  -0.0001661817
       -0.0003408837  -0.0002595059   0.0000479153   0.0001091037  -0.0001246935
        0.0001683972   0.0004478923  -0.0005126827  -0.0002879368  -0.0023415806
        0.0014317241  -0.0014359520   0.0040094316   0.0208851738   0.0493851403
        0.0003952721  -0.0112246976  -0.0017979657  -0.0029402110  -0.0324046915
        0.0000796341   0.0000408502  -0.0000580855   0.0001105508   0.0001100257
       -0.0002145006  -0.0001063968  -0.0001137919   0.0001867595   0.0006472155
        0.0008252770   0.0004309145  -0.0024086900  -0.0008560273   0.0268622420
        0.0012052609  -0.0449323974  -0.0123033913  -0.0000098381  -0.0000225915
        0.0000326803   0.0000193409   0.0000195905  -0.0000283356  -0.0000084249
        0.0000229052  -0.0000647312  -0.0000295211  -0.0000602250   0.0000879900
       -0.0000520213  -0.0000509719   0.0000973287   0.0000959402  -0.0001193951
       -0.0000711638   0.0000589930   0.0000928394  -0.0002601249  -0.0002710055
       -0.0000234939  -0.0002161069   0.0002115003   0.0000764919   0.0000167957
        0.0000616590   0.0007845210   0.0004258302  -0.0024354491  -0.0044416255
        0.0033858704   0.0025298456  -0.0037610107  -0.0270137074   0.0003952721
        0.0519421732   0.0133931301  -0.0000938655   0.0004668560  -0.0046893942
        0.0000171008   0.0000066965   0.0000543092  -0.0000172530   0.0000189511
       -0.0001451404  -0.0000349934   0.0000726602   0.0002374466  -0.0003575722
       -0.0006266608   0.0008567368   0.0024781278   0.0033739421  -0.0161105102
        0.0093240856  -0.0127638890  -0.2745713227  -0.0000428012   0.0000101263
       -0.0000060640  -0.0000106878   0.0000087844  -0.0000049944   0.0000237512
       -0.0000179644  -0.0000701544   0.0000113687  -0.0000900743   0.0001061147
       -0.0000833713  -0.0000281445   0.0000680477  -0.0002055162  -0.0000303442
        0.0000014553   0.0002946397  -0.0001179596  -0.0002514897   0.0004005291
        0.0001159989   0.0004417003  -0.0003012007  -0.0001742189   0.0001954010
       -0.0002962639  -0.0002898146   0.0004436175   0.0011480731   0.0035228221
       -0.0010379225   0.0019892377  -0.0041372254  -0.0137831373  -0.0112246976
        0.0133931301   0.3206036076  -0.0031125563  -0.0022468160  -0.0170277012
       -0.0001636293   0.0000053101   0.0000270549   0.0001216931  -0.0000316328
        0.0000495184  -0.0000471009  -0.0003022845  -0.0001467681  -0.0003881634
       -0.0027105210   0.0016745725  -0.0130586163  -0.0043074848  -0.0037557248
       -0.2423146578  -0.0324738247  -0.0736159332   0.0000343855  -0.0000408302
       -0.0000241737   0.0000034642  -0.0000463306  -0.0000040262   0.0000469384
       -0.0000622969  -0.0000001922   0.0000831914  -0.0000044748   0.0000502362
        0.0000379118  -0.0000010224   0.0000103093  -0.0000131828  -0.0000601992
       -0.0000316123   0.0002344316  -0.0001394260   0.0000183177   0.0002056347
        0.0001287466   0.0002324391  -0.0007840136  -0.0003826783  -0.0001830713
        0.0007229463   0.0002846557  -0.0002756717  -0.0000100636   0.0003447905
        0.0001394980  -0.0239552995   0.0010427932  -0.0077343430  -0.0017979657
       -0.0000938655  -0.0031125563   0.2810420961   0.0388505755   0.0866821268
       -0.0000043961   0.0001576889   0.0000048125   0.0001677986   0.0001083150
        0.0000483396   0.0000715753  -0.0000495048  -0.0000491678  -0.0021009485
       -0.0044566146   0.0023058648  -0.0246791642  -0.0064725585  -0.0078248525
       -0.0326199740  -0.0493190030  -0.0130227503   0.0000113933   0.0000426706
       -0.0000047848   0.0000333678   0.0000200385   0.0000039507  -0.0000279850
        0.0000347743  -0.0000255069  -0.0000355441  -0.0000059828   0.0000014042
        0.0000182012   0.0000352186  -0.0000126735   0.0000859737   0.0000077607
        0.0000226265  -0.0001474532   0.0000236843  -0.0001144755   0.0001784055
       -0.0000140691   0.0001646281  -0.0014293367  -0.0005878726  -0.0003624862
       -0.0005051307   0.0003907182  -0.0004706934   0.0000455047   0.0005080767
       -0.0002962268   0.0250273479   0.0018728073   0.0083189331  -0.0029402110
        0.0004668560  -0.0022468160   0.0388505755   0.0572369962   0.0135598742
       -0.0000309492   0.0000079873   0.0000707350   0.0001977507   0.0000951462
       -0.0001767986  -0.0000581974  -0.0000140290   0.0002184362   0.0009476455
        0.0016773278  -0.0002790502   0.0097798885   0.0020327868   0.0035799566
       -0.0735489931  -0.0129653802  -0.0724347345   0.0000020367   0.0000288302
        0.0000081190   0.0000115089   0.0000174754   0.0000389597   0.0000456989
       -0.0000186361  -0.0000528257  -0.0000302018  -0.0001092381   0.0000955808
       -0.0000542163  -0.0000381633   0.0001554311  -0.0000040469   0.0000601068
       -0.0000244296   0.0000222359  -0.0000518664  -0.0001561873   0.0000543540
        0.0000499035   0.0001627629   0.0003548854   0.0001280723   0.0004710625
        0.0000203541  -0.0003547195   0.0001933418   0.0004366683   0.0001293881
        0.0003514148   0.0075761424   0.0004545281   0.0033032774  -0.0324046915
       -0.0046893942  -0.0170277012   0.0866821268   0.0135598742   0.0815026492
