   -0.11991327
   -0.03096405
   -0.08218392
   -0.07137429
   -0.06428977
   -0.06299951
   -0.06179676
   -0.05574703
   -0.05998504
   -0.05649428
   -0.05923037
   -0.05042244
   -0.10258962
    0.26607534
    0.27549361
    0.26926964
    0.10809088
    0.09956622
    0.08933003
    0.05973605
    0.06688169
    0.02896238
    0.02486684
    0.04293223
    0.04749561
    0.04274541
    0.04520187
    0.02417178
    0.00519515
    0.03873950
    0.03974178
    0.02258427
    0.01687199
    0.03408336
    0.03607691
    0.02776176
    0.02420877
    0.03145631
    0.03869097
    0.03798286
    0.03377714
