$hessian                                                                        
        0.5472692883   0.0443603223  -0.0487389702  -0.1135829080   0.0295784874
       -0.0375760435   0.0094697232  -0.0032848340   0.0042525097  -0.0008603151
       -0.0016669496   0.0006479402   0.0000850654   0.0006171451   0.0001578940
       -0.0002754925  -0.0001224063  -0.0000824999   0.0001967221  -0.0002366750
       -0.0000850236   0.0002734931  -0.0000171886  -0.0000553579   0.0004739412
        0.0002129954   0.0001008163  -0.0001744536  -0.0001816282   0.0013040550
       -0.0038440093   0.0043007797   0.0050279038  -0.1002474426   0.0937070069
        0.0560648043  -0.1258567085  -0.0566422232   0.1194324813  -0.1817725610
       -0.1322160715  -0.0726933390  -0.0127059805   0.0113692267  -0.0113833999
       -0.0189542446   0.0117381407  -0.0191229226  -0.0000197994  -0.0008233048
        0.0026627932   0.0002610034  -0.0003901822   0.0002506474   0.0001053784
       -0.0002266097   0.0001363904   0.0001194410  -0.0000552845   0.0000523771
        0.0001123937  -0.0000242538  -0.0001420167  -0.0000725345   0.0000035072
       -0.0002110394
        0.0443603223   0.5510744280   0.0234434635   0.0303658651  -0.0934640761
        0.0261572209   0.0040558624  -0.0059153723   0.0122559079   0.0005012154
        0.0001492607   0.0009405149   0.0000115888   0.0004575921   0.0001813509
       -0.0003193418   0.0001895201  -0.0001504783   0.0005927885   0.0000242917
        0.0000126163  -0.0001841654  -0.0001223965  -0.0001160574   0.0001798250
       -0.0000712032   0.0001191477  -0.0000713268  -0.0006194529   0.0006433733
        0.0065674650  -0.0039806353  -0.0063848053   0.0920412883  -0.1880119422
       -0.0869897259  -0.0588804170  -0.0837271002   0.0856641151  -0.1295160896
       -0.1663685197  -0.0669411162   0.0214679912  -0.0166617460   0.0193737803
       -0.0096121379   0.0077631100  -0.0091737876  -0.0014387363  -0.0002879851
        0.0021502793  -0.0001824302   0.0002746048  -0.0008526063   0.0000172680
        0.0002211259  -0.0001883743   0.0000550860  -0.0000513739  -0.0001677978
       -0.0001059898  -0.0001151937   0.0000268409   0.0000940689  -0.0007569362
       -0.0000038618
       -0.0487389702   0.0234434635   0.5381178092  -0.0450881864   0.0304152571
       -0.1062608775  -0.0129403675   0.0174541052  -0.0259622669  -0.0014722737
       -0.0007168841   0.0006251891  -0.0000135463  -0.0001356367   0.0002380969
        0.0000948623   0.0000355532   0.0000291614  -0.0002498862  -0.0002250667
       -0.0001214550   0.0002779352   0.0001491657   0.0001048674  -0.0000538840
        0.0000258188  -0.0003028416   0.0001344524   0.0000731767  -0.0000678418
        0.0039381653  -0.0035671975  -0.0022564628   0.0581396809  -0.0911955989
       -0.0945609763   0.1184431151   0.0821959715  -0.2193868525  -0.0678254534
       -0.0643851393  -0.0812339030   0.0030268166  -0.0014833445   0.0051604326
       -0.0104040761   0.0052026306  -0.0099439641   0.0034571073   0.0019091037
       -0.0053194532  -0.0008898839   0.0005397599   0.0014642252  -0.0000325052
       -0.0000237653   0.0000817809   0.0000345566   0.0000469881   0.0001024368
        0.0000577674   0.0000056779  -0.0001532922   0.0001045739   0.0002359610
       -0.0003538127
       -0.1135829080   0.0303658651  -0.0450881864   0.4968716811   0.0180677442
       -0.0115657431  -0.0942628507  -0.0121586353   0.0581464032  -0.0202217220
       -0.0123900738   0.0180692786  -0.0003964313   0.0012591497   0.0006578605
       -0.0005917406   0.0000531649  -0.0012418609   0.0004836312   0.0001164170
        0.0000771280  -0.0000919576  -0.0000741249   0.0002019586  -0.0004778586
       -0.0002137164  -0.0017200696  -0.0001628490  -0.0018115600  -0.0005029302
        0.0006588891  -0.0008256245  -0.0009800102  -0.0094750643   0.0100171724
       -0.0060563727   0.0089986486  -0.0050520304   0.0065365422  -0.0154850587
        0.0074802751  -0.0147458075  -0.0759435823   0.0684822530   0.0365401041
       -0.1754663405  -0.1068177529  -0.0378373982   0.0063843983   0.0042734198
       -0.0136828705  -0.0067787294  -0.0009167405   0.0122428168  -0.0000328363
        0.0003565554   0.0003763785   0.0000324511   0.0000006913  -0.0000188945
       -0.0000851974  -0.0000660288   0.0000091223  -0.0003745725  -0.0001464204
        0.0005825510
        0.0295784874  -0.0934640761   0.0304152571   0.0180677442   0.5016482160
        0.0519759231  -0.0129321275  -0.0670751979   0.0190833768  -0.0154313598
       -0.0084876940   0.0132938297  -0.0012728960   0.0001415166  -0.0002188552
        0.0002295412  -0.0001336949  -0.0009698571   0.0000192669   0.0001533506
       -0.0000583154   0.0001417441  -0.0001170026   0.0001456627  -0.0001606352
       -0.0004697557  -0.0007876568   0.0007717656  -0.0006354116   0.0012139095
       -0.0004581170   0.0001479475   0.0007048836   0.0134071247  -0.0108815356
        0.0112904826   0.0051835476  -0.0047580801   0.0073704976  -0.0074627741
        0.0102002144  -0.0103972234   0.0659395054  -0.1973506074  -0.0851872614
       -0.1024433899  -0.1296401172  -0.0319330604  -0.0051228628  -0.0038732653
        0.0133589867   0.0116094975   0.0050741170  -0.0196044214   0.0001099847
       -0.0002921186   0.0003465775   0.0001330291  -0.0000575740  -0.0000165568
        0.0000236464  -0.0001330651  -0.0000726648   0.0000692772   0.0000038341
        0.0000464861
       -0.0375760435   0.0261572209  -0.1062608775  -0.0115657431   0.0519759231
        0.4263529726   0.0503573905   0.0128463824  -0.1408776325   0.0081898048
        0.0077518390   0.0054255426  -0.0007222870  -0.0015810040  -0.0003111954
        0.0003866568   0.0000716953  -0.0000265212   0.0001019447   0.0002302625
        0.0000595802  -0.0001537568  -0.0001512885  -0.0001652411  -0.0001479495
        0.0000809541  -0.0004257158  -0.0016034674   0.0001275795  -0.0011457853
        0.0007314103  -0.0002672382  -0.0018516213   0.0021217563   0.0006573039
        0.0106208266  -0.0114568571   0.0101977624  -0.0154734933  -0.0098995089
        0.0022180970  -0.0070656599   0.0356597173  -0.0795599994  -0.0812880344
       -0.0408432173  -0.0365272856  -0.0520371722   0.0063429857   0.0047374429
       -0.0176209282   0.0103251711   0.0013230742  -0.0181912153  -0.0000841792
        0.0001481639   0.0003560180  -0.0000197580  -0.0000750915   0.0001212252
       -0.0001383762  -0.0000682230  -0.0002076763  -0.0000056935  -0.0002935710
        0.0000126045
        0.0094697232   0.0040558624  -0.0129403675  -0.0942628507  -0.0129321275
        0.0503573905   0.4853649029  -0.0286502403   0.0258227716  -0.1582592821
       -0.0666582578  -0.0238058346  -0.0012980896  -0.0070899878  -0.0019755654
        0.0023207527   0.0010540436  -0.0008087748  -0.0011429189   0.0000078855
       -0.0001709668   0.0001967540   0.0002581111   0.0004542873  -0.0037178670
        0.0032391903  -0.0008370518  -0.0312699039  -0.0136336333  -0.0073960541
        0.0002684113   0.0001263266   0.0000413758   0.0005501958  -0.0000747465
       -0.0001676092  -0.0017511305   0.0017466981  -0.0034680247   0.0004835660
        0.0000762935  -0.0002062021  -0.0061361149  -0.0010197579   0.0120847992
       -0.0131804455  -0.0072293778   0.0184880904  -0.1234688107   0.0674544954
       -0.0873714735  -0.0644242444   0.0599973999   0.0304088615   0.0007115201
        0.0011015009   0.0008994411  -0.0000995337   0.0001668560   0.0000392924
       -0.0011062864  -0.0007081917   0.0000008757   0.0007516524  -0.0012883426
        0.0005507391
       -0.0032848340  -0.0059153723   0.0174541052  -0.0121586353  -0.0670751979
        0.0128463824  -0.0286502403   0.5109359460   0.0177657510  -0.0678307711
       -0.1148001921  -0.0175375108  -0.0249697143  -0.0251828331  -0.0069487978
        0.0015506918  -0.0051679492  -0.0004718093  -0.0001421519  -0.0006512788
       -0.0000802207   0.0001166453   0.0002945076   0.0003131144   0.0029482557
        0.0005585007  -0.0006954881   0.0036172999   0.0058988539  -0.0002153199
        0.0003960246  -0.0002940331  -0.0002604326  -0.0007728990   0.0006819597
        0.0000963908   0.0018417259  -0.0011652967   0.0023490364  -0.0001269861
       -0.0004256226  -0.0003194159   0.0118774498   0.0051993692  -0.0186656188
       -0.0114156157  -0.0050454020   0.0149590351   0.0691481107  -0.0966393251
        0.0679002879   0.0588993761  -0.2022273928  -0.0896940498  -0.0014635849
        0.0009858222   0.0003452790  -0.0012032102  -0.0009855674  -0.0001394678
        0.0004396413   0.0002317198   0.0001830427   0.0011834214   0.0007887838
        0.0008157061
        0.0042525097   0.0122559079  -0.0259622669   0.0581464032   0.0190833768
       -0.1408776325   0.0258227716   0.0177657510   0.4718502313  -0.0299480520
       -0.0225898140  -0.0653764147  -0.0040881856  -0.0034156414  -0.0009749892
       -0.0011415020  -0.0016810246   0.0061672912   0.0000560703   0.0000034047
        0.0000158331   0.0001226683   0.0000897443  -0.0012773181  -0.0018513727
       -0.0005909710   0.0067494928  -0.0044597260  -0.0027982967  -0.0001846203
       -0.0001265576   0.0004032416   0.0003553315  -0.0001632632  -0.0008123046
        0.0010145015  -0.0027222671   0.0017154287  -0.0025942253   0.0002862162
        0.0004193789   0.0003827783   0.0106165068   0.0005975967  -0.0176432755
        0.0011240890   0.0010769373   0.0015785429  -0.0884660525   0.0694022308
       -0.1335024315   0.0316692181  -0.0913137582  -0.0955831801   0.0004503071
        0.0006416599  -0.0020951065  -0.0002264627  -0.0001648801  -0.0000609871
       -0.0001586616  -0.0001187332  -0.0000717179   0.0008053427   0.0000307652
       -0.0019098370
       -0.0008603151   0.0005012154  -0.0014722737  -0.0202217220  -0.0154313598
        0.0081898048  -0.1582592821  -0.0678307711  -0.0299480520   0.6269235049
       -0.0204998800   0.0737177886  -0.0924545797  -0.0119395152  -0.0083607272
        0.0357468802  -0.0176610976   0.0039503003  -0.0197572680   0.0336997093
        0.0018445646  -0.0000363030  -0.0008061268  -0.0003010265  -0.0640954394
       -0.0409901735  -0.0155210663  -0.2725319921   0.1259784849  -0.0220159756
       -0.0009571583  -0.0005196500  -0.0003029103   0.0007342623  -0.0003008060
        0.0000484250   0.0001048291   0.0002486649  -0.0003092449   0.0015518689
        0.0008842809  -0.0005272263   0.0002625376   0.0003956279  -0.0005801507
       -0.0012802707  -0.0011177816   0.0023286841  -0.0230575638  -0.0099370926
       -0.0077050775   0.0046979980  -0.0008304966   0.0005406957  -0.0063088357
        0.0276246536   0.0018777941  -0.0030412950  -0.0032830546  -0.0024004312
       -0.0027184872  -0.0029362849  -0.0022891894  -0.0044413690   0.0047514535
       -0.0007647056
       -0.0016669496   0.0001492607  -0.0007168841  -0.0123900738  -0.0084876940
        0.0077518390  -0.0666582578  -0.1148001921  -0.0225898140  -0.0204998800
        0.6413496631   0.0527577176   0.0631428606  -0.3113528446  -0.0216973601
       -0.0763796681  -0.0445258438  -0.0182770478   0.0342319066  -0.0437584875
        0.0015799237  -0.0004512568   0.0010757753  -0.0000787935   0.0158850125
        0.0565489822   0.0094550247   0.0525229865  -0.1348213795  -0.0008324833
       -0.0006846906  -0.0005368850   0.0003388938   0.0004009917  -0.0008322510
        0.0000077123  -0.0000207849   0.0001805257  -0.0002311658   0.0004836912
        0.0008114175   0.0002432009   0.0008349216   0.0007192240  -0.0004341995
       -0.0011351826   0.0001158844   0.0009583117   0.0073091292   0.0075291826
        0.0021239087  -0.0196788719  -0.0202134091  -0.0074897086   0.0050665314
       -0.0150155752  -0.0017432666  -0.0025518802  -0.0003248580  -0.0015082853
       -0.0029021175  -0.0009501490  -0.0017948818   0.0251415825  -0.0128603466
        0.0021773580
        0.0006479402   0.0009405149   0.0006251891   0.0180692786   0.0132938297
        0.0054255426  -0.0238058346  -0.0175375108  -0.0653764147   0.0737177886
        0.0527577176   0.1634288383   0.0004406344  -0.0348405909  -0.0533688172
       -0.0033522984  -0.0081677346  -0.0009812692   0.0019239009   0.0012473223
       -0.0062957423   0.0000606764   0.0000919841   0.0000818213  -0.0086604193
       -0.0003218360  -0.0011247372  -0.0325986881   0.0114911260  -0.0531716759
       -0.0002638754  -0.0002658516   0.0000829226   0.0003840455  -0.0003662176
       -0.0003963930   0.0002109063  -0.0000868173   0.0004111373  -0.0002208859
       -0.0005579527   0.0001789808  -0.0001767693   0.0003519041   0.0007805482
        0.0030455857   0.0018653813  -0.0039537546  -0.0160871074  -0.0095511056
       -0.0033211944  -0.0102400660  -0.0091024244  -0.0021239669  -0.0007261743
        0.0027437880   0.0015368885  -0.0021266567  -0.0015090250   0.0078142675
       -0.0021754247  -0.0015827980   0.0079827817   0.0019334434  -0.0008937034
        0.0017650475
        0.0000850654   0.0000115888  -0.0000135463  -0.0003964313  -0.0012728960
       -0.0007222870  -0.0012980896  -0.0249697143  -0.0040881856  -0.0924545797
        0.0631428606   0.0004406344   0.6715754344  -0.0075823458   0.0913219486
       -0.2527196875  -0.1530463657  -0.0530909054  -0.0659419441   0.0177925609
       -0.0088278666  -0.0019833355   0.0014662793  -0.0010078701  -0.0076197241
       -0.0242923009  -0.0035644108   0.0125403399   0.0315669664   0.0057469939
        0.0004047132   0.0003551103  -0.0000027385  -0.0002486482   0.0001246912
        0.0001060957   0.0000962746  -0.0000037698  -0.0000545856   0.0000210215
        0.0001442271  -0.0000576847   0.0000990509  -0.0001427969   0.0000910873
       -0.0003163817  -0.0001654614   0.0004512321   0.0005376508  -0.0018340500
        0.0003731455  -0.0031793720  -0.0027569713  -0.0009766506  -0.2569642685
        0.1005022265  -0.0244545231   0.0015337955  -0.0004668901  -0.0001221506
        0.0005511781  -0.0005355920   0.0000926175  -0.0043220619   0.0019626432
       -0.0016403498
        0.0006171451   0.0004575921  -0.0001356367   0.0012591497   0.0001415166
       -0.0015810040  -0.0070899878  -0.0251828331  -0.0034156414  -0.0119395152
       -0.3113528446  -0.0348405909  -0.0075823458   0.6438132145   0.0649411158
       -0.0759603845  -0.1748532853  -0.0285821765  -0.0430463804   0.0570658135
       -0.0007902353   0.0043599386  -0.0006044479   0.0001547738  -0.0249179665
       -0.0517706239  -0.0097777910   0.0855711713  -0.0257325042   0.0110283668
       -0.0002415493   0.0004743159   0.0000865586   0.0001340054  -0.0004559671
       -0.0000668576   0.0001236295   0.0000378977  -0.0000046611  -0.0004492134
       -0.0006577139   0.0008871901   0.0001952428   0.0002577107  -0.0005719981
        0.0000546897   0.0002166932   0.0000192101   0.0016387765   0.0004531257
        0.0009726409  -0.0019663025  -0.0018487227  -0.0008109096   0.1002206556
       -0.0896508845   0.0093278042  -0.0230790210  -0.0199908952  -0.0065251632
       -0.0005479394  -0.0003647136   0.0000338924   0.0026462018  -0.0004524438
       -0.0003488873
        0.0001578940   0.0001813509   0.0002380969   0.0006578605  -0.0002188552
       -0.0003111954  -0.0019755654  -0.0069487978  -0.0009749892  -0.0083607272
       -0.0216973601  -0.0533688172   0.0913219486   0.0649411158   0.1353442745
       -0.0443034436  -0.0415619448  -0.0552988823  -0.0160160952   0.0098353133
       -0.0012978435  -0.0007467690  -0.0005390110   0.0050008956  -0.0036399848
       -0.0099811127  -0.0056025839   0.0121718657   0.0022533530   0.0049700978
        0.0000677555  -0.0000665583   0.0002606116   0.0000030144   0.0001767623
       -0.0003607046   0.0000495958   0.0000180416   0.0000566162   0.0000393813
       -0.0001745074   0.0000929968  -0.0001623857  -0.0000792800   0.0001572309
       -0.0000443863   0.0001497707   0.0000602114   0.0005413732  -0.0005236138
        0.0005603299  -0.0013669469  -0.0016199973   0.0002039286  -0.0240806295
        0.0090552412  -0.0358591192  -0.0026528589  -0.0026102108  -0.0003081942
        0.0000526100  -0.0001040472  -0.0002516272  -0.0017135066  -0.0004856525
        0.0066886665
       -0.0002754925  -0.0003193418   0.0000948623  -0.0005917406   0.0002295412
        0.0003866568   0.0023207527   0.0015506918  -0.0011415020   0.0357468802
       -0.0763796681  -0.0033522984  -0.2527196875  -0.0759603845  -0.0443034436
        0.6391694852   0.0007274729   0.0877031199  -0.2670782798   0.0660349306
       -0.0276091851  -0.0372699578  -0.0039796778  -0.0073137269   0.0137416597
        0.0808356342   0.0116399955  -0.0621791514  -0.0050106859  -0.0105178731
        0.0002335327  -0.0003720692  -0.0000668729  -0.0003406114   0.0003118872
       -0.0000549961  -0.0000411802   0.0000567429  -0.0001011580   0.0002648261
        0.0002492444  -0.0004368772  -0.0000751713   0.0000359177   0.0001275451
        0.0000207177   0.0000611207   0.0000804778  -0.0002428464   0.0003194425
       -0.0000320278  -0.0004159932   0.0000350635   0.0003884214  -0.0261171749
       -0.0145695943  -0.0058304867  -0.0443246334   0.0253623013   0.0015289517
        0.0007878939   0.0007071091  -0.0010865638  -0.0006138278   0.0000743216
       -0.0001030186
       -0.0001224063   0.0001895201   0.0000355532   0.0000531649  -0.0001336949
        0.0000716953   0.0010540436  -0.0051679492  -0.0016810246  -0.0176610976
       -0.0445258438  -0.0081677346  -0.1530463657  -0.1748532853  -0.0415619448
        0.0007274729   0.6814265913   0.0697763482   0.1313928330  -0.1353042648
        0.0112912305  -0.0173081221   0.0038524875  -0.0027762624   0.0291771865
       -0.0246824046   0.0017543334  -0.0067442281   0.0029608997  -0.0001738987
       -0.0000364136  -0.0001709068   0.0000731876   0.0000956752   0.0000076087
       -0.0000841792  -0.0000546032  -0.0000528552   0.0000294472   0.0000216229
       -0.0002128073  -0.0000300423  -0.0001095812  -0.0000457573   0.0001166973
        0.0000301696   0.0000244284   0.0000343424   0.0001355368   0.0001006372
       -0.0000075925  -0.0011417204  -0.0009212651  -0.0002586284   0.0087342715
        0.0064072374   0.0021164033   0.0240205054  -0.3039937862  -0.0292132470
        0.0009871370  -0.0055992003  -0.0013236625  -0.0002050808   0.0006946106
       -0.0000210215
       -0.0000824999  -0.0001504783   0.0000291614  -0.0012418609  -0.0009698571
       -0.0000265212  -0.0008087748  -0.0004718093   0.0061672912   0.0039503003
       -0.0182770478  -0.0009812692  -0.0530909054  -0.0285821765  -0.0552988823
        0.0877031199   0.0697763482   0.1333764469  -0.0204617759   0.0003664616
       -0.0515912740  -0.0084477091  -0.0002922224   0.0008111275   0.0055666445
        0.0103287749   0.0032358831  -0.0106215776  -0.0000767165  -0.0053990205
       -0.0000078414  -0.0002371250   0.0000929662  -0.0000127880   0.0002088293
       -0.0003162659  -0.0000173320  -0.0000350067  -0.0000979273   0.0000737814
       -0.0000226199  -0.0001193841  -0.0000264794  -0.0001404770  -0.0000634162
       -0.0002161212  -0.0000909631   0.0002028651   0.0004662067   0.0000908706
        0.0001484729   0.0004334264   0.0003407637   0.0000936603  -0.0032298854
       -0.0015784709  -0.0002599855   0.0011735115  -0.0289920150  -0.0365948243
       -0.0010035538  -0.0013656989   0.0068901873  -0.0000978859   0.0001706359
       -0.0002992914
        0.0001967221   0.0005927885  -0.0002498862   0.0004836312   0.0000192669
        0.0001019447  -0.0011429189  -0.0001421519   0.0000560703  -0.0197572680
        0.0342319066   0.0019239009  -0.0659419441  -0.0430463804  -0.0160160952
       -0.2670782798   0.1313928330  -0.0204617759   0.5232422439  -0.0826391969
        0.0593417218  -0.1019814001  -0.0539203554  -0.0198258976  -0.0885133593
        0.0066122146  -0.0059758146   0.0353949611  -0.0184810168   0.0035235256
       -0.0001169095   0.0011657499   0.0000975218   0.0000504150  -0.0007666796
       -0.0000123240  -0.0000523842  -0.0001152914   0.0001292893  -0.0004067340
       -0.0004069260   0.0006507915  -0.0000621182  -0.0000999927  -0.0002230983
        0.0001241653  -0.0000384136  -0.0002269698   0.0002337446  -0.0002073467
        0.0001525810   0.0003892306  -0.0000692020  -0.0000761766  -0.0025272628
       -0.0025740793  -0.0022949122  -0.0046709369   0.0036895119  -0.0006206915
       -0.0052774113   0.0277569032   0.0021444610  -0.0025861867  -0.0029541419
       -0.0021381660
       -0.0002366750   0.0000242917  -0.0002250667   0.0001164170   0.0001533506
        0.0002302625   0.0000078855  -0.0006512788   0.0000034047   0.0336997093
       -0.0437584875   0.0012473223   0.0177925609   0.0570658135   0.0098353133
        0.0660349306  -0.1353042648   0.0003664616  -0.0826391969   0.5781006118
        0.0429895002  -0.0533734938  -0.0654389444  -0.0141065194   0.0718831040
       -0.3122370422  -0.0196317297  -0.0796173168  -0.0444792994  -0.0187268782
       -0.0000084845   0.0008248912   0.0000578902   0.0001056871  -0.0000872607
        0.0000217116  -0.0000946003  -0.0000683266   0.0000513536  -0.0000754610
       -0.0001636632   0.0001560209  -0.0002110316  -0.0000084862   0.0001430502
        0.0000957426   0.0001607385  -0.0001363515   0.0002449601   0.0002052417
       -0.0001336581  -0.0001707436   0.0001354516   0.0000900965  -0.0031516305
       -0.0008125114  -0.0016088065   0.0279364992  -0.0166317521   0.0024458531
        0.0040606738  -0.0157239941  -0.0014929798  -0.0023995360  -0.0013050792
       -0.0015762508
       -0.0000850236   0.0000126163  -0.0001214550   0.0000771280  -0.0000583154
        0.0000595802  -0.0001709668  -0.0000802207   0.0000158331   0.0018445646
        0.0015799237  -0.0062957423  -0.0088278666  -0.0007902353  -0.0012978435
       -0.0276091851   0.0112912305  -0.0515912740   0.0593417218   0.0429895002
        0.1188334976  -0.0202370490  -0.0145348641  -0.0264454986   0.0019011565
       -0.0301144325  -0.0521536402  -0.0039339475  -0.0083500935  -0.0001389395
       -0.0001193644   0.0001129594  -0.0001555830   0.0001945115   0.0001220528
        0.0001033257   0.0000524946   0.0000426784   0.0000317263   0.0000600278
       -0.0000292280   0.0000875790  -0.0000496463  -0.0000206872  -0.0000087275
        0.0000190433   0.0000121444  -0.0000054211   0.0000085323  -0.0001413610
       -0.0000279291  -0.0000703199  -0.0000445967   0.0000198075  -0.0021340654
       -0.0015778855   0.0081736166   0.0024160918  -0.0015698504   0.0014673183
       -0.0006477939   0.0026721048   0.0015997609  -0.0020300436  -0.0015234403
        0.0078500085
        0.0002734931  -0.0001841654   0.0002779352  -0.0000919576   0.0001417441
       -0.0001537568   0.0001967540   0.0001166453   0.0001226683  -0.0000363030
       -0.0004512568   0.0000606764  -0.0019833355   0.0043599386  -0.0007467690
       -0.0372699578  -0.0173081221  -0.0084477091  -0.1019814001  -0.0533734938
       -0.0202370490   0.1447168122   0.0818259395   0.0322959066  -0.0072971444
       -0.0152054975  -0.0032297356   0.0020982299  -0.0001386661  -0.0006106671
        0.0005078556  -0.0006286886   0.0000782222  -0.0003761314   0.0002664250
       -0.0000079283   0.0000691687   0.0001044194  -0.0000604634  -0.0000432430
        0.0000296836  -0.0003307738   0.0001804403   0.0000500791  -0.0000189348
       -0.0000134807  -0.0000124432   0.0001160394   0.0000742231   0.0001658282
        0.0000936792  -0.0000459878   0.0001294674   0.0000337168  -0.0008219054
       -0.0007554811  -0.0001894864   0.0009216729  -0.0002769727   0.0004306099
        0.0011979117   0.0004011346   0.0005087932  -0.0002757150   0.0007434826
        0.0000150260
       -0.0000171886  -0.0001223965   0.0001491657  -0.0000741249  -0.0001170026
       -0.0001512885   0.0002581111   0.0002945076   0.0000897443  -0.0008061268
        0.0010757753   0.0000919841   0.0014662793  -0.0006044479  -0.0005390110
       -0.0039796778   0.0038524875  -0.0002922224  -0.0539203554  -0.0654389444
       -0.0145348641   0.0818259395   0.0898162776   0.0232682524  -0.0281769661
       -0.0267682804  -0.0080577258   0.0037282999  -0.0044188315  -0.0005556395
       -0.0001969638  -0.0009390423  -0.0000902031   0.0001381593   0.0004793971
        0.0001091051   0.0000755770   0.0000865578  -0.0000875492   0.0000109920
       -0.0000744072  -0.0003148949   0.0001234382   0.0000907851   0.0000140949
        0.0000636431   0.0001554528   0.0001250451  -0.0000017164   0.0000570081
        0.0000722342   0.0000056110   0.0002989793   0.0001081574   0.0005010728
        0.0000514116   0.0001013021   0.0006970512   0.0011061271   0.0004595411
       -0.0007216535   0.0008102026   0.0001915733  -0.0009994013   0.0003083832
       -0.0001568014
       -0.0000553579  -0.0001160574   0.0001048674   0.0002019586   0.0001456627
       -0.0001652411   0.0004542873   0.0003131144  -0.0012773181  -0.0003010265
       -0.0000787935   0.0000818213  -0.0010078701   0.0001547738   0.0050008956
       -0.0073137269  -0.0027762624   0.0008111275  -0.0198258976  -0.0141065194
       -0.0264454986   0.0322959066   0.0232682524   0.0196524089  -0.0052200965
       -0.0062737029   0.0010761104   0.0000501995  -0.0012213890   0.0049436792
       -0.0001748889  -0.0004022824  -0.0000164463   0.0002628608   0.0002947227
        0.0000735803   0.0001068913   0.0000747918   0.0000056426   0.0000867255
        0.0000499337  -0.0001192073   0.0000115631  -0.0000001528   0.0000918633
        0.0000625998   0.0000412659   0.0000813033  -0.0002375668  -0.0000728384
       -0.0000251014  -0.0001338815  -0.0000545156   0.0000350768  -0.0000866240
       -0.0001476613  -0.0000869937   0.0005772068   0.0002689142  -0.0018066606
        0.0004004106   0.0004335567  -0.0017649659  -0.0001536733   0.0002051868
       -0.0002509434
        0.0004739412   0.0001798250  -0.0000538840  -0.0004778586  -0.0001606352
       -0.0001479495  -0.0037178670   0.0029482557  -0.0018513727  -0.0640954394
        0.0158850125  -0.0086604193  -0.0076197241  -0.0249179665  -0.0036399848
        0.0137416597   0.0291771865   0.0055666445  -0.0885133593   0.0718831040
        0.0019011565  -0.0072971444  -0.0281769661  -0.0052200965   0.6791853798
       -0.0143581244   0.0940730824  -0.2547467770  -0.1529389433  -0.0535097302
       -0.0000788821   0.0006060747  -0.0000079524  -0.0000369146  -0.0003001536
       -0.0000149223   0.0000414493   0.0000045606   0.0000203365  -0.0004919392
       -0.0003285954   0.0004245325   0.0000526690  -0.0000299553  -0.0001851113
       -0.0000328827  -0.0000508866   0.0001182486  -0.0013921423  -0.0007341973
       -0.0001046379   0.0002007333   0.0000851024   0.0000697455   0.0005394443
       -0.0006337245   0.0000028559  -0.0046509453   0.0030465808  -0.0015563022
       -0.2619598996   0.1002178093  -0.0269840472   0.0008764993  -0.0014033633
       -0.0002401921
        0.0002129954  -0.0000712032   0.0000258188  -0.0002137164  -0.0004697557
        0.0000809541   0.0032391903   0.0005585007  -0.0005909710  -0.0409901735
        0.0565489822  -0.0003218360  -0.0242923009  -0.0517706239  -0.0099811127
        0.0808356342  -0.0246824046   0.0103287749   0.0066122146  -0.3122370422
       -0.0301144325  -0.0152054975  -0.0267682804  -0.0062737029  -0.0143581244
        0.6413351326   0.0600893099  -0.0767404849  -0.1763224202  -0.0284700226
       -0.0003110894  -0.0011757008   0.0000790298   0.0002407580   0.0002766243
       -0.0000791321   0.0001052959   0.0000316776  -0.0000315926  -0.0003237194
       -0.0000389817   0.0000942659   0.0001292781  -0.0000347543  -0.0001491271
        0.0000322078  -0.0000657062   0.0000129357  -0.0000126208  -0.0001599822
        0.0004145021   0.0003522877  -0.0002046491   0.0000608698  -0.0006572974
       -0.0002689638  -0.0001567297   0.0023797578  -0.0003128782  -0.0005486253
        0.1013139579  -0.0875966779   0.0113509297  -0.0223485528  -0.0165708932
       -0.0058201064
        0.0001008163   0.0001191477  -0.0003028416  -0.0017200696  -0.0007876568
       -0.0004257158  -0.0008370518  -0.0006954881   0.0067494928  -0.0155210663
        0.0094550247  -0.0011247372  -0.0035644108  -0.0097777910  -0.0056025839
        0.0116399955   0.0017543334   0.0032358831  -0.0059758146  -0.0196317297
       -0.0521536402  -0.0032297356  -0.0080577258   0.0010761104   0.0940730824
        0.0600893099   0.1351228979  -0.0444573781  -0.0410276248  -0.0562354527
       -0.0001870216   0.0000426990  -0.0000228343   0.0001885368  -0.0000682989
        0.0001119677  -0.0000013982   0.0000261665  -0.0000923021  -0.0002405664
       -0.0000769983   0.0001107108  -0.0000545837  -0.0000212911  -0.0001061406
       -0.0002117177  -0.0001773591   0.0002961260   0.0007966438   0.0003761615
        0.0001272819   0.0001163129   0.0002628538   0.0001076065   0.0000645500
       -0.0001213348  -0.0003168824  -0.0016791138  -0.0004371558   0.0068962011
       -0.0269095969   0.0109056069  -0.0376638729  -0.0023904126  -0.0021508493
        0.0002127256
       -0.0001744536  -0.0000713268   0.0001344524  -0.0001628490   0.0007717656
       -0.0016034674  -0.0312699039   0.0036172999  -0.0044597260  -0.2725319921
        0.0525229865  -0.0325986881   0.0125403399   0.0855711713   0.0121718657
       -0.0621791514  -0.0067442281  -0.0106215776   0.0353949611  -0.0796173168
       -0.0039339475   0.0020982299   0.0037282999   0.0000501995  -0.2547467770
       -0.0767404849  -0.0444573781   0.6408219538   0.0027036462   0.0899500760
        0.0002938530  -0.0005871232  -0.0002887775   0.0000004773   0.0003012252
        0.0000236156  -0.0000340024   0.0000422814  -0.0001392167   0.0000978283
       -0.0005508261   0.0003182709  -0.0002228814  -0.0001139804   0.0002429014
        0.0001757409   0.0000526270   0.0003178332  -0.0028889290  -0.0016055402
       -0.0007987826   0.0004424939   0.0017021903   0.0009019308   0.0009275843
        0.0009194766  -0.0008217515  -0.0005829380  -0.0000735311   0.0000435518
       -0.0240997071  -0.0138181270  -0.0060357769  -0.0438998776   0.0279895147
        0.0016043926
       -0.0001816282  -0.0006194529   0.0000731767  -0.0018115600  -0.0006354116
        0.0001275795  -0.0136336333   0.0058988539  -0.0027982967   0.1259784849
       -0.1348213795   0.0114911260   0.0315669664  -0.0257325042   0.0022533530
       -0.0050106859   0.0029608997  -0.0000767165  -0.0184810168  -0.0444792994
       -0.0083500935  -0.0001386661  -0.0044188315  -0.0012213890  -0.1529389433
       -0.1763224202  -0.0410276248   0.0027036462   0.6875397723   0.0640463036
       -0.0001906709  -0.0027031496  -0.0000669471  -0.0006322991   0.0000260944
        0.0001418854  -0.0000860283   0.0000316357  -0.0001268432   0.0004094295
        0.0008580248  -0.0002146309   0.0001034680  -0.0001123133   0.0000031679
       -0.0000970625  -0.0001941564   0.0003911365  -0.0028310915  -0.0012416428
       -0.0007704361  -0.0019895166   0.0007164365   0.0001066594   0.0016315712
       -0.0065295542  -0.0014751810  -0.0000949085   0.0007680468   0.0000746132
        0.0080992921   0.0066258085   0.0018943727   0.0276248528  -0.3076154569
       -0.0244752151
        0.0013040550   0.0006433733  -0.0000678418  -0.0005029302   0.0012139095
       -0.0011457853  -0.0073960541  -0.0002153199  -0.0001846203  -0.0220159756
       -0.0008324833  -0.0531716759   0.0057469939   0.0110283668   0.0049700978
       -0.0105178731  -0.0001738987  -0.0053990205   0.0035235256  -0.0187268782
       -0.0001389395  -0.0006106671  -0.0005556395   0.0049436792  -0.0535097302
       -0.0284700226  -0.0562354527   0.0899500760   0.0640463036   0.1358363374
       -0.0002043108   0.0006087154   0.0010753579  -0.0001053311  -0.0007000619
        0.0001422543   0.0000898585  -0.0000491063   0.0001273833  -0.0008807460
       -0.0002726817   0.0007393996  -0.0000332770  -0.0000491310   0.0001781102
        0.0000144432   0.0000752439   0.0002502315  -0.0019806682  -0.0008023457
       -0.0002224204  -0.0002289735   0.0007171071   0.0002659362  -0.0008677374
       -0.0015927578   0.0070338720  -0.0000320542   0.0001364973  -0.0005382921
       -0.0031997466  -0.0015700482  -0.0002966432   0.0014571230  -0.0244591423
       -0.0381619676
       -0.0038440093   0.0065674650   0.0039381653   0.0006588891  -0.0004581170
        0.0007314103   0.0002684113   0.0003960246  -0.0001265576  -0.0009571583
       -0.0006846906  -0.0002638754   0.0004047132  -0.0002415493   0.0000677555
        0.0002335327  -0.0000364136  -0.0000078414  -0.0001169095  -0.0000084845
       -0.0001193644   0.0005078556  -0.0001969638  -0.0001748889  -0.0000788821
       -0.0003110894  -0.0001870216   0.0002938530  -0.0001906709  -0.0002043108
       -0.0002016721   0.0034530093   0.0039792893   0.0046199561  -0.0099513465
       -0.0085291598   0.0000609131   0.0001625468  -0.0006100677  -0.0009083979
       -0.0004095036  -0.0000508480  -0.0001669886   0.0005254284   0.0003337034
        0.0004922579   0.0001296643   0.0000892912  -0.0001896764   0.0003101050
        0.0002213042  -0.0002631579  -0.0005333185   0.0009421128   0.0001491974
       -0.0000675638   0.0001706958   0.0002677712  -0.0000412055   0.0000518819
        0.0004042783   0.0000526428  -0.0001848272  -0.0016347766   0.0015340308
       -0.0000668469
        0.0043007797  -0.0039806353  -0.0035671975  -0.0008256245   0.0001479475
       -0.0002672382   0.0001263266  -0.0002940331   0.0004032416  -0.0005196500
       -0.0005368850  -0.0002658516   0.0003551103   0.0004743159  -0.0000665583
       -0.0003720692  -0.0001709068  -0.0002371250   0.0011657499   0.0008248912
        0.0001129594  -0.0006286886  -0.0009390423  -0.0004022824   0.0006060747
       -0.0011757008   0.0000426990  -0.0005871232  -0.0027031496   0.0006087154
        0.0034530093   0.0053818289  -0.0027567571  -0.0077997680   0.0031982551
        0.0071203564  -0.0001533348  -0.0005706515   0.0002949751  -0.0000234172
        0.0005285453   0.0009383112   0.0001126722  -0.0000487572  -0.0000779954
       -0.0000613245   0.0002600681  -0.0000663703   0.0002729726  -0.0003020025
       -0.0000851097  -0.0008696877  -0.0001979558  -0.0008657520   0.0002952092
       -0.0002689960  -0.0001729673   0.0001591965  -0.0002001758  -0.0002543360
       -0.0000253318  -0.0002204329   0.0000105384   0.0010189187   0.0007934725
       -0.0004462555
        0.0050279038  -0.0063848053  -0.0022564628  -0.0009800102   0.0007048836
       -0.0018516213   0.0000413758  -0.0002604326   0.0003553315  -0.0003029103
        0.0003388938   0.0000829226  -0.0000027385   0.0000865586   0.0002606116
       -0.0000668729   0.0000731876   0.0000929662   0.0000975218   0.0000578902
       -0.0001555830   0.0000782222  -0.0000902031  -0.0000164463  -0.0000079524
        0.0000790298  -0.0000228343  -0.0002887775  -0.0000669471   0.0010753579
        0.0039792893  -0.0027567571  -0.0001397489  -0.0084811043   0.0088832729
        0.0032194372  -0.0002272244  -0.0004258691   0.0003228579   0.0004593293
        0.0007156016  -0.0000931976   0.0002885516  -0.0002486827   0.0007256663
        0.0000459843   0.0000391885   0.0002409937  -0.0001502543   0.0001936425
        0.0003140191   0.0004289548  -0.0002023908  -0.0002744251  -0.0000420935
        0.0001053667   0.0002425682   0.0000475802   0.0000060031   0.0002428652
        0.0000478103  -0.0000287096  -0.0003992162   0.0000074150  -0.0008187216
       -0.0019660619
       -0.1002474426   0.0920412883   0.0581396809  -0.0094750643   0.0134071247
        0.0021217563   0.0005501958  -0.0007728990  -0.0001632632   0.0007342623
        0.0004009917   0.0003840455  -0.0002486482   0.0001340054   0.0000030144
       -0.0003406114   0.0000956752  -0.0000127880   0.0000504150   0.0001056871
        0.0001945115  -0.0003761314   0.0001381593   0.0002628608  -0.0000369146
        0.0002407580   0.0001885368   0.0000004773  -0.0006322991  -0.0001053311
        0.0046199561  -0.0077997680  -0.0084811043   0.1014027567  -0.0944045879
       -0.0531369735  -0.0072523208   0.0098367679   0.0113338383   0.0118516971
       -0.0130878422  -0.0085124762  -0.0013035752   0.0009245518  -0.0020822699
       -0.0004581301   0.0003142557  -0.0003374305   0.0001720521  -0.0004799243
        0.0000329779   0.0009577942  -0.0001382150  -0.0004556633  -0.0002019059
       -0.0000064956  -0.0002257172  -0.0002882028   0.0000410167  -0.0000607199
       -0.0001077244   0.0001397875   0.0003080216  -0.0000029349  -0.0004980382
        0.0006044931
        0.0937070069  -0.1880119422  -0.0911955989   0.0100171724  -0.0108815356
        0.0006573039  -0.0000747465   0.0006819597  -0.0008123046  -0.0003008060
       -0.0008322510  -0.0003662176   0.0001246912  -0.0004559671   0.0001767623
        0.0003118872   0.0000076087   0.0002088293  -0.0007666796  -0.0000872607
        0.0001220528   0.0002664250   0.0004793971   0.0002947227  -0.0003001536
        0.0002766243  -0.0000682989   0.0003012252   0.0000260944  -0.0007000619
       -0.0099513465   0.0031982551   0.0088832729  -0.0944045879   0.2001802138
        0.0906911383  -0.0029955096   0.0097093459   0.0015822362   0.0043636049
       -0.0175635604  -0.0122522795   0.0015527404  -0.0000849228   0.0013418297
       -0.0004457249   0.0002473468  -0.0001379390  -0.0002315800   0.0005982208
       -0.0001281674  -0.0001822195   0.0005416921   0.0006045664  -0.0001234416
        0.0000255675   0.0002699463  -0.0001266620   0.0001309503   0.0003360380
        0.0001135806   0.0002785394   0.0000120180  -0.0008548762   0.0015356237
        0.0004801508
        0.0560648043  -0.0869897259  -0.0945609763  -0.0060563727   0.0112904826
        0.0106208266  -0.0001676092   0.0000963908   0.0010145015   0.0000484250
        0.0000077123  -0.0003963930   0.0001060957  -0.0000668576  -0.0003607046
       -0.0000549961  -0.0000841792  -0.0003162659  -0.0000123240   0.0000217116
        0.0001033257  -0.0000079283   0.0001091051   0.0000735803  -0.0000149223
       -0.0000791321   0.0001119677   0.0000236156   0.0001418854   0.0001422543
       -0.0085291598   0.0071203564   0.0032194372  -0.0531369735   0.0906911383
        0.0989973212   0.0129425666  -0.0142061945  -0.0117928772   0.0016734866
       -0.0110690504  -0.0031586666  -0.0033843478   0.0027839681  -0.0027690614
       -0.0005027039   0.0003157543   0.0001195957   0.0003458130  -0.0001041799
       -0.0004406952   0.0000081166  -0.0002377365  -0.0007706483   0.0000917310
       -0.0001874670  -0.0004255496  -0.0000316897  -0.0000365099  -0.0003629295
        0.0000011339   0.0000470068   0.0004912837   0.0005932391   0.0004355214
        0.0004606738
       -0.1258567085  -0.0588804170   0.1184431151   0.0089986486   0.0051835476
       -0.0114568571  -0.0017511305   0.0018417259  -0.0027222671   0.0001048291
       -0.0000207849   0.0002109063   0.0000962746   0.0001236295   0.0000495958
       -0.0000411802  -0.0000546032  -0.0000173320  -0.0000523842  -0.0000946003
        0.0000524946   0.0000691687   0.0000755770   0.0001068913   0.0000414493
        0.0001052959  -0.0000013982  -0.0000340024  -0.0000860283   0.0000898585
        0.0000609131  -0.0001533348  -0.0002272244  -0.0072523208  -0.0029955096
        0.0129425666   0.1379601110   0.0650888077  -0.1312692934  -0.0129218720
       -0.0110354460   0.0163680999  -0.0000815717   0.0006086181  -0.0005271311
        0.0002143532   0.0003556514  -0.0012809284   0.0004701629   0.0002397368
       -0.0009041296   0.0000532682  -0.0000785361  -0.0000324931  -0.0000656901
       -0.0000272556   0.0000001620  -0.0000316164  -0.0000119318   0.0000373763
       -0.0000103876  -0.0000231715   0.0000673239   0.0000296857  -0.0001609709
        0.0000706641
       -0.0566422232  -0.0837271002   0.0821959715  -0.0050520304  -0.0047580801
        0.0101977624   0.0017466981  -0.0011652967   0.0017154287   0.0002486649
        0.0001805257  -0.0000868173  -0.0000037698   0.0000378977   0.0000180416
        0.0000567429  -0.0000528552  -0.0000350067  -0.0001152914  -0.0000683266
        0.0000426784   0.0001044194   0.0000865578   0.0000747918   0.0000045606
        0.0000316776   0.0000261665   0.0000422814   0.0000316357  -0.0000491063
        0.0001625468  -0.0005706515  -0.0004258691   0.0098367679   0.0097093459
       -0.0142061945   0.0650888077   0.0878261808  -0.0950869027  -0.0147825773
       -0.0082237379   0.0150860377   0.0000296586  -0.0004672226   0.0004544322
       -0.0003573681   0.0008091168  -0.0005943159  -0.0004239806   0.0001332885
        0.0005756608   0.0000562516   0.0000573876  -0.0001414825   0.0000210584
       -0.0000112319   0.0000402696   0.0000099497   0.0000015901   0.0000545526
        0.0000058210  -0.0000107200   0.0000463287  -0.0000369883   0.0001500183
        0.0000975725
        0.1194324813   0.0856641151  -0.2193868525   0.0065365422   0.0073704976
       -0.0154734933  -0.0034680247   0.0023490364  -0.0025942253  -0.0003092449
       -0.0002311658   0.0004111373  -0.0000545856  -0.0000046611   0.0000566162
       -0.0001011580   0.0000294472  -0.0000979273   0.0001292893   0.0000513536
        0.0000317263  -0.0000604634  -0.0000875492   0.0000056426   0.0000203365
       -0.0000315926  -0.0000923021  -0.0001392167  -0.0001268432   0.0001273833
       -0.0006100677   0.0002949751   0.0003228579   0.0113338383   0.0015822362
       -0.0117928772  -0.1312692934  -0.0950869027   0.2403130694  -0.0026287249
       -0.0021739787   0.0083710118   0.0002707157  -0.0001780186   0.0002843573
        0.0002915274  -0.0000780029   0.0001110422   0.0007599216   0.0003460954
       -0.0008924138  -0.0001417978   0.0002375820   0.0003072790   0.0000335346
       -0.0000240769  -0.0000340700  -0.0000028496  -0.0000231526  -0.0000138637
       -0.0000280382   0.0000064929   0.0000206527   0.0000052779   0.0001141129
        0.0000152492
       -0.1817725610  -0.1295160896  -0.0678254534  -0.0154850587  -0.0074627741
       -0.0098995089   0.0004835660  -0.0001269861   0.0002862162   0.0015518689
        0.0004836912  -0.0002208859   0.0000210215  -0.0004492134   0.0000393813
        0.0002648261   0.0000216229   0.0000737814  -0.0004067340  -0.0000754610
        0.0000600278  -0.0000432430   0.0000109920   0.0000867255  -0.0004919392
       -0.0003237194  -0.0002405664   0.0000978283   0.0004094295  -0.0008807460
       -0.0009083979  -0.0000234172   0.0004593293   0.0118516971   0.0043636049
        0.0016734866  -0.0129218720  -0.0147825773  -0.0026287249   0.1999052968
        0.1456263780   0.0812947255   0.0003232945  -0.0005199068  -0.0000769874
       -0.0021277544   0.0021596987  -0.0029120382   0.0000350421  -0.0002346760
        0.0002347145   0.0000257707  -0.0000267269   0.0000513007  -0.0002013426
        0.0001377334  -0.0000329538  -0.0000774181   0.0000289690   0.0000322112
       -0.0001284664   0.0000230815   0.0000797271   0.0000045754   0.0002763465
        0.0003462378
       -0.1322160715  -0.1663685197  -0.0643851393   0.0074802751   0.0102002144
        0.0022180970   0.0000762935  -0.0004256226   0.0004193789   0.0008842809
        0.0008114175  -0.0005579527   0.0001442271  -0.0006577139  -0.0001745074
        0.0002492444  -0.0002128073  -0.0000226199  -0.0004069260  -0.0001636632
       -0.0000292280   0.0000296836  -0.0000744072   0.0000499337  -0.0003285954
       -0.0000389817  -0.0000769983  -0.0005508261   0.0008580248  -0.0002726817
       -0.0004095036   0.0005285453   0.0007156016  -0.0130878422  -0.0175635604
       -0.0110690504  -0.0110354460  -0.0082237379  -0.0021739787   0.1456263780
        0.1813014509   0.0722379442   0.0012908881   0.0004640017   0.0005452632
        0.0021339756  -0.0004281410   0.0023989661  -0.0000819459   0.0000076293
        0.0001622192  -0.0001120587  -0.0000503826  -0.0001126703   0.0000433115
       -0.0000553974   0.0000893013  -0.0000145129   0.0000095338   0.0001114128
        0.0000693187  -0.0000176347   0.0000617727   0.0002158516   0.0000997521
       -0.0001350642
       -0.0726933390  -0.0669411162  -0.0812339030  -0.0147458075  -0.0103972234
       -0.0070656599  -0.0002062021  -0.0003194159   0.0003827783  -0.0005272263
        0.0002432009   0.0001789808  -0.0000576847   0.0008871901   0.0000929968
       -0.0004368772  -0.0000300423  -0.0001193841   0.0006507915   0.0001560209
        0.0000875790  -0.0003307738  -0.0003148949  -0.0001192073   0.0004245325
        0.0000942659   0.0001107108   0.0003182709  -0.0002146309   0.0007393996
       -0.0000508480   0.0009383112  -0.0000931976  -0.0085124762  -0.0122522795
       -0.0031586666   0.0163680999   0.0150860377   0.0083710118   0.0812947255
        0.0722379442   0.0837070597   0.0006874716  -0.0003246178   0.0007484948
       -0.0025607248   0.0022167963  -0.0021608605   0.0002604576  -0.0001119178
        0.0000962397  -0.0001303778  -0.0000944733  -0.0002443595   0.0000342460
       -0.0001127653  -0.0000672656  -0.0000419684  -0.0001170527  -0.0000416995
       -0.0000971448  -0.0000550673   0.0000361211   0.0003528552  -0.0005742699
       -0.0002471689
       -0.0127059805   0.0214679912   0.0030268166  -0.0759435823   0.0659395054
        0.0356597173  -0.0061361149   0.0118774498   0.0106165068   0.0002625376
        0.0008349216  -0.0001767693   0.0000990509   0.0001952428  -0.0001623857
       -0.0000751713  -0.0001095812  -0.0000264794  -0.0000621182  -0.0002110316
       -0.0000496463   0.0001804403   0.0001234382   0.0000115631   0.0000526690
        0.0001292781  -0.0000545837  -0.0002228814   0.0001034680  -0.0000332770
       -0.0001669886   0.0001126722   0.0002885516  -0.0013035752   0.0015527404
       -0.0033843478  -0.0000815717   0.0000296586   0.0002707157   0.0003232945
        0.0012908881   0.0006874716   0.0886098755  -0.0830332000  -0.0391508388
        0.0071757704  -0.0193497894  -0.0098924968   0.0005101444   0.0001115554
       -0.0006005554  -0.0008926375  -0.0007645450   0.0029007018   0.0002206593
       -0.0003084200   0.0001619015   0.0000607554   0.0000047036   0.0000384240
        0.0000416162   0.0000037394  -0.0000636299   0.0000538081  -0.0000006855
       -0.0000673598
        0.0113692267  -0.0166617460  -0.0014833445   0.0684822530  -0.1973506074
       -0.0795599994  -0.0010197579   0.0051993692   0.0005975967   0.0003956279
        0.0007192240   0.0003519041  -0.0001427969   0.0002577107  -0.0000792800
        0.0000359177  -0.0000457573  -0.0001404770  -0.0000999927  -0.0000084862
       -0.0000206872   0.0000500791   0.0000907851  -0.0000001528  -0.0000299553
       -0.0000347543  -0.0000212911  -0.0001139804  -0.0001123133  -0.0000491310
        0.0005254284  -0.0000487572  -0.0002486827   0.0009245518  -0.0000849228
        0.0027839681   0.0006086181  -0.0004672226  -0.0001780186  -0.0005199068
        0.0004640017  -0.0003246178  -0.0830332000   0.2291973202   0.0902747460
        0.0037566855  -0.0219326473  -0.0130209462  -0.0002086803   0.0003515998
       -0.0000043003  -0.0007859673   0.0006117463   0.0009108939  -0.0000186827
       -0.0000963045   0.0001443017  -0.0000615370  -0.0000103449  -0.0000693698
       -0.0000454017   0.0000354561   0.0000311703  -0.0000685291  -0.0000733494
        0.0001057177
       -0.0113833999   0.0193737803   0.0051604326   0.0365401041  -0.0851872614
       -0.0812880344   0.0120847992  -0.0186656188  -0.0176432755  -0.0005801507
       -0.0004341995   0.0007805482   0.0000910873  -0.0005719981   0.0001572309
        0.0001275451   0.0001166973  -0.0000634162  -0.0002230983   0.0001430502
       -0.0000087275  -0.0000189348   0.0000140949   0.0000918633  -0.0001851113
       -0.0001491271  -0.0001061406   0.0002429014   0.0000031679   0.0001781102
        0.0003337034  -0.0000779954   0.0007256663  -0.0020822699   0.0013418297
       -0.0027690614  -0.0005271311   0.0004544322   0.0002843573  -0.0000769874
        0.0005452632   0.0007484948  -0.0391508388   0.0902747460   0.1006429161
        0.0017987740  -0.0094318379  -0.0025940050   0.0001202858  -0.0002050125
        0.0002903442   0.0032639388   0.0018183890  -0.0044541659  -0.0000937252
        0.0005613782  -0.0000663715  -0.0000375520  -0.0000050167   0.0000436971
       -0.0000378632   0.0000134552   0.0000042149  -0.0002060763   0.0000677835
       -0.0001146780
       -0.0189542446  -0.0096121379  -0.0104040761  -0.1754663405  -0.1024433899
       -0.0408432173  -0.0131804455  -0.0114156157   0.0011240890  -0.0012802707
       -0.0011351826   0.0030455857  -0.0003163817   0.0000546897  -0.0000443863
        0.0000207177   0.0000301696  -0.0002161212   0.0001241653   0.0000957426
        0.0000190433  -0.0000134807   0.0000636431   0.0000625998  -0.0000328827
        0.0000322078  -0.0002117177   0.0001757409  -0.0000970625   0.0000144432
        0.0004922579  -0.0000613245   0.0000459843  -0.0004581301  -0.0004457249
       -0.0005027039   0.0002143532  -0.0003573681   0.0002915274  -0.0021277544
        0.0021339756  -0.0025607248   0.0071757704   0.0037566855   0.0017987740
        0.2031998482   0.1196842915   0.0488896632   0.0004390507  -0.0000066526
       -0.0002151025   0.0000510383  -0.0000293928  -0.0003960150  -0.0000623572
       -0.0001009218   0.0000729522  -0.0000431441  -0.0000079020  -0.0000076222
        0.0000269020   0.0000144812  -0.0000087272   0.0000155876  -0.0001532112
        0.0000457520
        0.0117381407   0.0077631100   0.0052026306  -0.1068177529  -0.1296401172
       -0.0365272856  -0.0072293778  -0.0050454020   0.0010769373  -0.0011177816
        0.0001158844   0.0018653813  -0.0001654614   0.0002166932   0.0001497707
        0.0000611207   0.0000244284  -0.0000909631  -0.0000384136   0.0001607385
        0.0000121444  -0.0000124432   0.0001554528   0.0000412659  -0.0000508866
       -0.0000657062  -0.0001773591   0.0000526270  -0.0001941564   0.0000752439
        0.0001296643   0.0002600681   0.0000391885   0.0003142557   0.0002473468
        0.0003157543   0.0003556514   0.0008091168  -0.0000780029   0.0021596987
       -0.0004281410   0.0022167963  -0.0193497894  -0.0219326473  -0.0094318379
        0.1196842915   0.1470066913   0.0353576363  -0.0000635925  -0.0001800974
        0.0002789851   0.0006088957   0.0006574173  -0.0003126300  -0.0000762703
        0.0000530298  -0.0000275197  -0.0000552238   0.0000136802  -0.0000049726
       -0.0000699473   0.0000478624  -0.0000151030  -0.0000574053  -0.0000452526
        0.0000339394
       -0.0191229226  -0.0091737876  -0.0099439641  -0.0378373982  -0.0319330604
       -0.0520371722   0.0184880904   0.0149590351   0.0015785429   0.0023286841
        0.0009583117  -0.0039537546   0.0004512321   0.0000192101   0.0000602114
        0.0000804778   0.0000343424   0.0002028651  -0.0002269698  -0.0001363515
       -0.0000054211   0.0001160394   0.0001250451   0.0000813033   0.0001182486
        0.0000129357   0.0002961260   0.0003178332   0.0003911365   0.0002502315
        0.0000892912  -0.0000663703   0.0002409937  -0.0003374305  -0.0001379390
        0.0001195957  -0.0012809284  -0.0005943159   0.0001110422  -0.0029120382
        0.0023989661  -0.0021608605  -0.0098924968  -0.0130209462  -0.0025940050
        0.0488896632   0.0353576363   0.0670920693   0.0003108638   0.0001940026
        0.0001183078   0.0003759752   0.0004387422   0.0006969766   0.0000113344
       -0.0000348337  -0.0001974098   0.0000266659   0.0000152549  -0.0000244735
        0.0000320892   0.0000328132   0.0001095912  -0.0000263040   0.0001601728
       -0.0000407959
       -0.0000197994  -0.0014387363   0.0034571073   0.0063843983  -0.0051228628
        0.0063429857  -0.1234688107   0.0691481107  -0.0884660525  -0.0230575638
        0.0073091292  -0.0160871074   0.0005376508   0.0016387765   0.0005413732
       -0.0002428464   0.0001355368   0.0004662067   0.0002337446   0.0002449601
        0.0000085323   0.0000742231  -0.0000017164  -0.0002375668  -0.0013921423
       -0.0000126208   0.0007966438  -0.0028889290  -0.0028310915  -0.0019806682
       -0.0001896764   0.0002729726  -0.0001502543   0.0001720521  -0.0002315800
        0.0003458130   0.0004701629  -0.0004239806   0.0007599216   0.0000350421
       -0.0000819459   0.0002604576   0.0005101444  -0.0002086803   0.0001202858
        0.0004390507  -0.0000635925   0.0003108638   0.1492401607  -0.0767706665
        0.1008051020  -0.0074838480   0.0095189747  -0.0065557268   0.0004707946
       -0.0005273270  -0.0003925159   0.0001146462   0.0000671484   0.0000140892
       -0.0001970493  -0.0002000404  -0.0001274440   0.0002585948  -0.0004207681
       -0.0002320461
       -0.0008233048  -0.0002879851   0.0019091037   0.0042734198  -0.0038732653
        0.0047374429   0.0674544954  -0.0966393251   0.0694022308  -0.0099370926
        0.0075291826  -0.0095511056  -0.0018340500   0.0004531257  -0.0005236138
        0.0003194425   0.0001006372   0.0000908706  -0.0002073467   0.0002052417
       -0.0001413610   0.0001658282   0.0000570081  -0.0000728384  -0.0007341973
       -0.0001599822   0.0003761615  -0.0016055402  -0.0012416428  -0.0008023457
        0.0003101050  -0.0003020025   0.0001936425  -0.0004799243   0.0005982208
       -0.0001041799   0.0002397368   0.0001332885   0.0003460954  -0.0002346760
        0.0000076293  -0.0001119178   0.0001115554   0.0003515998  -0.0002050125
       -0.0000066526  -0.0001800974   0.0001940026  -0.0767706665   0.1114238568
       -0.0803197662   0.0199259723  -0.0176256589   0.0149226499   0.0001180639
       -0.0004657332  -0.0002051326   0.0000615626   0.0000217115  -0.0000339512
       -0.0001473109  -0.0000981363  -0.0000077128  -0.0001994199  -0.0000076732
       -0.0000932622
        0.0026627932   0.0021502793  -0.0053194532  -0.0136828705   0.0133589867
       -0.0176209282  -0.0873714735   0.0679002879  -0.1335024315  -0.0077050775
        0.0021239087  -0.0033211944   0.0003731455   0.0009726409   0.0005603299
       -0.0000320278  -0.0000075925   0.0001484729   0.0001525810  -0.0001336581
       -0.0000279291   0.0000936792   0.0000722342  -0.0000251014  -0.0001046379
        0.0004145021   0.0001272819  -0.0007987826  -0.0007704361  -0.0002224204
        0.0002213042  -0.0000851097   0.0003140191   0.0000329779  -0.0001281674
       -0.0004406952  -0.0009041296   0.0005756608  -0.0008924138   0.0002347145
        0.0001622192   0.0000962397  -0.0006005554  -0.0000043003   0.0002903442
       -0.0002151025   0.0002789851   0.0001183078   0.1008051020  -0.0803197662
        0.1518077903   0.0066898774  -0.0058483882   0.0082156215   0.0001043334
       -0.0007021020  -0.0000653453   0.0000841515   0.0000534571   0.0000433826
       -0.0000140526  -0.0000601911  -0.0001394579  -0.0000259500  -0.0000034505
       -0.0001444195
        0.0002610034  -0.0001824302  -0.0008898839  -0.0067787294   0.0116094975
        0.0103251711  -0.0644242444   0.0588993761   0.0316692181   0.0046979980
       -0.0196788719  -0.0102400660  -0.0031793720  -0.0019663025  -0.0013669469
       -0.0004159932  -0.0011417204   0.0004334264   0.0003892306  -0.0001707436
       -0.0000703199  -0.0000459878   0.0000056110  -0.0001338815   0.0002007333
        0.0003522877   0.0001163129   0.0004424939  -0.0019895166  -0.0002289735
       -0.0002631579  -0.0008696877   0.0004289548   0.0009577942  -0.0001822195
        0.0000081166   0.0000532682   0.0000562516  -0.0001417978   0.0000257707
       -0.0001120587  -0.0001303778  -0.0008926375  -0.0007859673   0.0032639388
        0.0000510383   0.0006088957   0.0003759752  -0.0074838480   0.0199259723
        0.0066898774   0.0779021528  -0.0643092476  -0.0394638310  -0.0001813684
        0.0000435784  -0.0001184689  -0.0002866914  -0.0001788511  -0.0000094068
        0.0000493308   0.0000290129  -0.0000163559  -0.0010787842   0.0000371339
       -0.0005006815
       -0.0003901822   0.0002746048   0.0005397599  -0.0009167405   0.0050741170
        0.0013230742   0.0599973999  -0.2022273928  -0.0913137582  -0.0008304966
       -0.0202134091  -0.0091024244  -0.0027569713  -0.0018487227  -0.0016199973
        0.0000350635  -0.0009212651   0.0003407637  -0.0000692020   0.0001354516
       -0.0000445967   0.0001294674   0.0002989793  -0.0000545156   0.0000851024
       -0.0002046491   0.0002628538   0.0017021903   0.0007164365   0.0007171071
       -0.0005333185  -0.0001979558  -0.0002023908  -0.0001382150   0.0005416921
       -0.0002377365  -0.0000785361   0.0000573876   0.0002375820  -0.0000267269
       -0.0000503826  -0.0000944733  -0.0007645450   0.0006117463   0.0018183890
       -0.0000293928   0.0006574173   0.0004387422   0.0095189747  -0.0176256589
       -0.0058483882  -0.0643092476   0.2337495871   0.1032857464  -0.0002303529
        0.0004020092  -0.0001008231  -0.0001985094  -0.0000777802  -0.0000475522
        0.0001278239   0.0001223286   0.0000170477  -0.0003235853   0.0007254589
       -0.0003144097
        0.0002506474  -0.0008526063   0.0014642252   0.0122428168  -0.0196044214
       -0.0181912153   0.0304088615  -0.0896940498  -0.0955831801   0.0005406957
       -0.0074897086  -0.0021239669  -0.0009766506  -0.0008109096   0.0002039286
        0.0003884214  -0.0002586284   0.0000936603  -0.0000761766   0.0000900965
        0.0000198075   0.0000337168   0.0001081574   0.0000350768   0.0000697455
        0.0000608698   0.0001076065   0.0009019308   0.0001066594   0.0002659362
        0.0009421128  -0.0008657520  -0.0002744251  -0.0004556633   0.0006045664
       -0.0007706483  -0.0000324931  -0.0001414825   0.0003072790   0.0000513007
       -0.0001126703  -0.0002443595   0.0029007018   0.0009108939  -0.0044541659
       -0.0003960150  -0.0003126300   0.0006969766  -0.0065557268   0.0149226499
        0.0082156215  -0.0394638310   0.1032857464   0.1103857283  -0.0000514416
       -0.0000336360  -0.0001230687  -0.0000367240   0.0000016615  -0.0001046442
        0.0000716030   0.0000250131   0.0000479863  -0.0007578321   0.0000601806
        0.0000258412
        0.0001053784   0.0000172680  -0.0000325052  -0.0000328363   0.0001099847
       -0.0000841792   0.0007115201  -0.0014635849   0.0004503071  -0.0063088357
        0.0050665314  -0.0007261743  -0.2569642685   0.1002206556  -0.0240806295
       -0.0261171749   0.0087342715  -0.0032298854  -0.0025272628  -0.0031516305
       -0.0021340654  -0.0008219054   0.0005010728  -0.0000866240   0.0005394443
       -0.0006572974   0.0000645500   0.0009275843   0.0016315712  -0.0008677374
        0.0001491974   0.0002952092  -0.0000420935  -0.0002019059  -0.0001234416
        0.0000917310  -0.0000656901   0.0000210584   0.0000335346  -0.0002013426
        0.0000433115   0.0000342460   0.0002206593  -0.0000186827  -0.0000937252
       -0.0000623572  -0.0000762703   0.0000113344   0.0004707946   0.0001180639
        0.0001043334  -0.0001813684  -0.0002303529  -0.0000514416   0.2898600022
       -0.1112168676   0.0297179188   0.0008593909   0.0005441851   0.0006326237
        0.0000123374  -0.0001386985   0.0002930857  -0.0003713611  -0.0002263569
       -0.0000046041
       -0.0002266097   0.0002211259  -0.0000237653   0.0003565554  -0.0002921186
        0.0001481639   0.0011015009   0.0009858222   0.0006416599   0.0276246536
       -0.0150155752   0.0027437880   0.1005022265  -0.0896508845   0.0090552412
       -0.0145695943   0.0064072374  -0.0015784709  -0.0025740793  -0.0008125114
       -0.0015778855  -0.0007554811   0.0000514116  -0.0001476613  -0.0006337245
       -0.0002689638  -0.0001213348   0.0009194766  -0.0065295542  -0.0015927578
       -0.0000675638  -0.0002689960   0.0001053667  -0.0000064956   0.0000255675
       -0.0001874670  -0.0000272556  -0.0000112319  -0.0000240769   0.0001377334
       -0.0000553974  -0.0001127653  -0.0003084200  -0.0000963045   0.0005613782
       -0.0001009218   0.0000530298  -0.0000348337  -0.0005273270  -0.0004657332
       -0.0007021020   0.0000435784   0.0004020092  -0.0000336360  -0.1112168676
        0.1046480724  -0.0078914287  -0.0009030804   0.0009487915   0.0003850747
       -0.0001313075   0.0000239419   0.0001903261   0.0013630036  -0.0002997386
        0.0001971864
        0.0001363904  -0.0001883743   0.0000817809   0.0003763785   0.0003465775
        0.0003560180   0.0008994411   0.0003452790  -0.0020951065   0.0018777941
       -0.0017432666   0.0015368885  -0.0244545231   0.0093278042  -0.0358591192
       -0.0058304867   0.0021164033  -0.0002599855  -0.0022949122  -0.0016088065
        0.0081736166  -0.0001894864   0.0001013021  -0.0000869937   0.0000028559
       -0.0001567297  -0.0003168824  -0.0008217515  -0.0014751810   0.0070338720
        0.0001706958  -0.0001729673   0.0002425682  -0.0002257172   0.0002699463
       -0.0004255496   0.0000001620   0.0000402696  -0.0000340700  -0.0000329538
        0.0000893013  -0.0000672656   0.0001619015   0.0001443017  -0.0000663715
        0.0000729522  -0.0000275197  -0.0001974098  -0.0003925159  -0.0002051326
       -0.0000653453  -0.0001184689  -0.0001008231  -0.0001230687   0.0297179188
       -0.0078914287   0.0269453473   0.0005024301   0.0005800328  -0.0026493668
        0.0002893332   0.0002035056  -0.0018741124   0.0001525620   0.0000055060
       -0.0002494446
        0.0001194410   0.0000550860   0.0000345566   0.0000324511   0.0001330291
       -0.0000197580  -0.0000995337  -0.0012032102  -0.0002264627  -0.0030412950
       -0.0025518802  -0.0021266567   0.0015337955  -0.0230790210  -0.0026528589
       -0.0443246334   0.0240205054   0.0011735115  -0.0046709369   0.0279364992
        0.0024160918   0.0009216729   0.0006970512   0.0005772068  -0.0046509453
        0.0023797578  -0.0016791138  -0.0005829380  -0.0000949085  -0.0000320542
        0.0002677712   0.0001591965   0.0000475802  -0.0002882028  -0.0001266620
       -0.0000316897  -0.0000316164   0.0000099497  -0.0000028496  -0.0000774181
       -0.0000145129  -0.0000419684   0.0000607554  -0.0000615370  -0.0000375520
       -0.0000431441  -0.0000552238   0.0000266659   0.0001146462   0.0000615626
        0.0000841515  -0.0002866914  -0.0001985094  -0.0000367240   0.0008593909
       -0.0009030804   0.0005024301   0.0545579495  -0.0284667008   0.0016688986
       -0.0002412360   0.0014202322   0.0001198707  -0.0001292824  -0.0001176236
        0.0002367245
       -0.0000552845  -0.0000513739   0.0000469881   0.0000006913  -0.0000575740
       -0.0000750915   0.0001668560  -0.0009855674  -0.0001648801  -0.0032830546
       -0.0003248580  -0.0015090250  -0.0004668901  -0.0199908952  -0.0026102108
        0.0253623013  -0.3039937862  -0.0289920150   0.0036895119  -0.0166317521
       -0.0015698504  -0.0002769727   0.0011061271   0.0002689142   0.0030465808
       -0.0003128782  -0.0004371558  -0.0000735311   0.0007680468   0.0001364973
       -0.0000412055  -0.0002001758   0.0000060031   0.0000410167   0.0001309503
       -0.0000365099  -0.0000119318   0.0000015901  -0.0000231526   0.0000289690
        0.0000095338  -0.0001170527   0.0000047036  -0.0000103449  -0.0000050167
       -0.0000079020   0.0000136802   0.0000152549   0.0000671484   0.0000217115
        0.0000534571  -0.0001788511  -0.0000777802   0.0000016615   0.0005441851
        0.0009487915   0.0005800328  -0.0284667008   0.3401475796   0.0342756852
       -0.0000224077  -0.0007084735  -0.0000511896  -0.0000672323   0.0001974486
        0.0002066558
        0.0000523771  -0.0001677978   0.0001024368  -0.0000188945  -0.0000165568
        0.0001212252   0.0000392924  -0.0001394678  -0.0000609871  -0.0024004312
       -0.0015082853   0.0078142675  -0.0001221506  -0.0065251632  -0.0003081942
        0.0015289517  -0.0292132470  -0.0365948243  -0.0006206915   0.0024458531
        0.0014673183   0.0004306099   0.0004595411  -0.0018066606  -0.0015563022
       -0.0005486253   0.0068962011   0.0000435518   0.0000746132  -0.0005382921
        0.0000518819  -0.0002543360   0.0002428652  -0.0000607199   0.0003360380
       -0.0003629295   0.0000373763   0.0000545526  -0.0000138637   0.0000322112
        0.0001114128  -0.0000416995   0.0000384240  -0.0000693698   0.0000436971
       -0.0000076222  -0.0000049726  -0.0000244735   0.0000140892  -0.0000339512
        0.0000433826  -0.0000094068  -0.0000475522  -0.0001046442   0.0006326237
        0.0003850747  -0.0026493668   0.0016688986   0.0342756852   0.0277097393
       -0.0000152009   0.0001545450  -0.0001865353   0.0002411319   0.0002320092
       -0.0017486623
        0.0001123937  -0.0001059898   0.0000577674  -0.0000851974   0.0000236464
       -0.0001383762  -0.0011062864   0.0004396413  -0.0001586616  -0.0027184872
       -0.0029021175  -0.0021754247   0.0005511781  -0.0005479394   0.0000526100
        0.0007878939   0.0009871370  -0.0010035538  -0.0052774113   0.0040606738
       -0.0006477939   0.0011979117  -0.0007216535   0.0004004106  -0.2619598996
        0.1013139579  -0.0269095969  -0.0240997071   0.0080992921  -0.0031997466
        0.0004042783  -0.0000253318   0.0000478103  -0.0001077244   0.0001135806
        0.0000011339  -0.0000103876   0.0000058210  -0.0000280382  -0.0001284664
        0.0000693187  -0.0000971448   0.0000416162  -0.0000454017  -0.0000378632
        0.0000269020  -0.0000699473   0.0000320892  -0.0001970493  -0.0001473109
       -0.0000140526   0.0000493308   0.0001278239   0.0000716030   0.0000123374
       -0.0001313075   0.0002893332  -0.0002412360  -0.0000224077  -0.0000152009
        0.2922269346  -0.1112892077   0.0328269851   0.0005210759   0.0007677221
        0.0006457108
       -0.0000242538  -0.0001151937   0.0000056779  -0.0000660288  -0.0001330651
       -0.0000682230  -0.0007081917   0.0002317198  -0.0001187332  -0.0029362849
       -0.0009501490  -0.0015827980  -0.0005355920  -0.0003647136  -0.0001040472
        0.0007071091  -0.0055992003  -0.0013656989   0.0277569032  -0.0157239941
        0.0026721048   0.0004011346   0.0008102026   0.0004335567   0.1002178093
       -0.0875966779   0.0109056069  -0.0138181270   0.0066258085  -0.0015700482
        0.0000526428  -0.0002204329  -0.0000287096   0.0001397875   0.0002785394
        0.0000470068  -0.0000231715  -0.0000107200   0.0000064929   0.0000230815
       -0.0000176347  -0.0000550673   0.0000037394   0.0000354561   0.0000134552
        0.0000144812   0.0000478624   0.0000328132  -0.0002000404  -0.0000981363
       -0.0000601911   0.0000290129   0.0001223286   0.0000250131  -0.0001386985
        0.0000239419   0.0002035056   0.0014202322  -0.0007084735   0.0001545450
       -0.1112892077   0.1025549969  -0.0097617312  -0.0010263377   0.0008075347
        0.0002154694
       -0.0001420167   0.0000268409  -0.0001532922   0.0000091223  -0.0000726648
       -0.0002076763   0.0000008757   0.0001830427  -0.0000717179  -0.0022891894
       -0.0017948818   0.0079827817   0.0000926175   0.0000338924  -0.0002516272
       -0.0010865638  -0.0013236625   0.0068901873   0.0021444610  -0.0014929798
        0.0015997609   0.0005087932   0.0001915733  -0.0017649659  -0.0269840472
        0.0113509297  -0.0376638729  -0.0060357769   0.0018943727  -0.0002966432
       -0.0001848272   0.0000105384  -0.0003992162   0.0003080216   0.0000120180
        0.0004912837   0.0000673239   0.0000463287   0.0000206527   0.0000797271
        0.0000617727   0.0000361211  -0.0000636299   0.0000311703   0.0000042149
       -0.0000087272  -0.0000151030   0.0001095912  -0.0001274440  -0.0000077128
       -0.0001394579  -0.0000163559   0.0000170477   0.0000479863   0.0002930857
        0.0001903261  -0.0018741124   0.0001198707  -0.0000511896  -0.0001865353
        0.0328269851  -0.0097617312   0.0282556419   0.0004876945   0.0004700719
       -0.0024291043
       -0.0000725345   0.0000940689   0.0001045739  -0.0003745725   0.0000692772
       -0.0000056935   0.0007516524   0.0011834214   0.0008053427  -0.0044413690
        0.0251415825   0.0019334434  -0.0043220619   0.0026462018  -0.0017135066
       -0.0006138278  -0.0002050808  -0.0000978859  -0.0025861867  -0.0023995360
       -0.0020300436  -0.0002757150  -0.0009994013  -0.0001536733   0.0008764993
       -0.0223485528  -0.0023904126  -0.0438998776   0.0276248528   0.0014571230
       -0.0016347766   0.0010189187   0.0000074150  -0.0000029349  -0.0008548762
        0.0005932391   0.0000296857  -0.0000369883   0.0000052779   0.0000045754
        0.0002158516   0.0003528552   0.0000538081  -0.0000685291  -0.0002060763
        0.0000155876  -0.0000574053  -0.0000263040   0.0002585948  -0.0001994199
       -0.0000259500  -0.0010787842  -0.0003235853  -0.0007578321  -0.0003713611
        0.0013630036   0.0001525620  -0.0001292824  -0.0000672323   0.0002411319
        0.0005210759  -0.0010263377   0.0004876945   0.0572918053  -0.0307702335
        0.0012667193
        0.0000035072  -0.0007569362   0.0002359610  -0.0001464204   0.0000038341
       -0.0002935710  -0.0012883426   0.0007887838   0.0000307652   0.0047514535
       -0.0128603466  -0.0008937034   0.0019626432  -0.0004524438  -0.0004856525
        0.0000743216   0.0006946106   0.0001706359  -0.0029541419  -0.0013050792
       -0.0015234403   0.0007434826   0.0003083832   0.0002051868  -0.0014033633
       -0.0165708932  -0.0021508493   0.0279895147  -0.3076154569  -0.0244591423
        0.0015340308   0.0007934725  -0.0008187216  -0.0004980382   0.0015356237
        0.0004355214  -0.0001609709   0.0001500183   0.0001141129   0.0002763465
        0.0000997521  -0.0005742699  -0.0000006855  -0.0000733494   0.0000677835
       -0.0001532112  -0.0000452526   0.0001601728  -0.0004207681  -0.0000076732
       -0.0000034505   0.0000371339   0.0007254589   0.0000601806  -0.0002263569
       -0.0002997386   0.0000055060  -0.0001176236   0.0001974486   0.0002320092
        0.0007677221   0.0008075347   0.0004700719  -0.0307702335   0.3338822491
        0.0290148937
       -0.0002110394  -0.0000038618  -0.0003538127   0.0005825510   0.0000464861
        0.0000126045   0.0005507391   0.0008157061  -0.0019098370  -0.0007647056
        0.0021773580   0.0017650475  -0.0016403498  -0.0003488873   0.0066886665
       -0.0001030186  -0.0000210215  -0.0002992914  -0.0021381660  -0.0015762508
        0.0078500085   0.0000150260  -0.0001568014  -0.0002509434  -0.0002401921
       -0.0058201064   0.0002127256   0.0016043926  -0.0244752151  -0.0381619676
       -0.0000668469  -0.0004462555  -0.0019660619   0.0006044931   0.0004801508
        0.0004606738   0.0000706641   0.0000975725   0.0000152492   0.0003462378
       -0.0001350642  -0.0002471689  -0.0000673598   0.0001057177  -0.0001146780
        0.0000457520   0.0000339394  -0.0000407959  -0.0002320461  -0.0000932622
       -0.0001444195  -0.0005006815  -0.0003144097   0.0000258412  -0.0000046041
        0.0001971864  -0.0002494446   0.0002367245   0.0002066558  -0.0017486623
        0.0006457108   0.0002154694  -0.0024291043   0.0012667193   0.0290148937
        0.0308853709
