$hessian                                                                        
        0.5462718155   0.0085602394  -0.0484155504  -0.0974549811   0.0043995364
       -0.0469845779  -0.0186255318   0.0087254071  -0.0214844105   0.0008507461
        0.0004436983   0.0006367085   0.0002355912  -0.0003225457  -0.0005499594
       -0.0000782027  -0.0002459693  -0.0001917333  -0.0001155175  -0.0001454621
       -0.0000780907   0.0004829750  -0.0010914454   0.0002932267  -0.0009915683
       -0.0060888815  -0.0028031064  -0.1379473743  -0.0704401832   0.1149824862
       -0.2050800944   0.1327731061   0.0446860224  -0.0772590460  -0.0808541382
       -0.0341674614   0.0078411043  -0.0013235668   0.0111672550  -0.0103621984
        0.0006662201  -0.0170615316  -0.0044668445   0.0040201954   0.0007871548
        0.0001352030  -0.0000171813  -0.0000850289  -0.0021509778   0.0008557237
       -0.0005251357  -0.0000415016  -0.0000030624   0.0000358565  -0.0000253248
       -0.0001598534   0.0001102355  -0.0001782179  -0.0000385833  -0.0000130341
       -0.0000515101  -0.0001130211   0.0000577391  -0.0000947732  -0.0001828853
        0.0000760392  -0.0001388916   0.0001759634   0.0000375062  -0.0001390858
        0.0001811948  -0.0002977467  -0.0006157934   0.0002254942  -0.0002128635
        0.0085602394   0.5561137177   0.0118132281   0.0077240660  -0.0715178014
        0.0162114822   0.0136348354  -0.0043625268   0.0161702169  -0.0009032800
        0.0004498683   0.0001757265   0.0000072327  -0.0001530389   0.0000257077
       -0.0001682415   0.0000117995   0.0000217717  -0.0001153738   0.0002297912
        0.0002762738  -0.0004699030   0.0004259976  -0.0006359610  -0.0045907457
       -0.0090611171  -0.0050227611  -0.0661521458  -0.0961133972   0.0838040361
        0.1278819929  -0.1513357865  -0.0341848441  -0.0839645095  -0.2229351430
       -0.0796134573   0.0069705793  -0.0024051840   0.0134945805  -0.0139313419
        0.0040566009  -0.0226574252   0.0038566107  -0.0023206900  -0.0003818348
        0.0003358388   0.0002662503   0.0000714546   0.0001604949  -0.0000145387
       -0.0001905437  -0.0000602335   0.0000002784   0.0000122742   0.0000069180
        0.0000684485  -0.0000569135   0.0000295025   0.0000318296   0.0000076064
       -0.0000307917  -0.0000264064   0.0000628716   0.0000941292  -0.0000618736
        0.0000150932  -0.0000319189   0.0001401496  -0.0000194183   0.0000551346
       -0.0000203812  -0.0000817121   0.0011009110  -0.0014668467   0.0006825478
       -0.0484155504   0.0118132281   0.5099448269  -0.0423245597   0.0089110755
       -0.1467472045  -0.0065008911   0.0048282276   0.0008740247   0.0007726740
        0.0001667640  -0.0007357027   0.0001159094   0.0000254550   0.0003421656
       -0.0000813815   0.0000965817  -0.0002707933   0.0000137467   0.0000376926
       -0.0001780026  -0.0001167606  -0.0008200603   0.0000717066  -0.0022945732
       -0.0059270946  -0.0013580685   0.1141959518   0.0885337096  -0.1871043924
        0.0444190160  -0.0355731222  -0.0584087152  -0.0349007262  -0.0775213540
       -0.0738646126  -0.0134325090   0.0062950236  -0.0268679612  -0.0130056042
        0.0001390379  -0.0184802530  -0.0000381258  -0.0000229170   0.0016678234
        0.0001093985   0.0000368291   0.0000854739   0.0012127596  -0.0007766761
        0.0012350211   0.0002854513  -0.0001828497   0.0001256812  -0.0001222677
        0.0001106621   0.0002077537   0.0000074839   0.0000484941  -0.0001203625
        0.0000279535   0.0001828237   0.0000540516   0.0001114941  -0.0002638030
       -0.0000501591  -0.0000990501   0.0001822819  -0.0002127814  -0.0001093579
       -0.0002602311  -0.0002990710   0.0001695184  -0.0000597785   0.0000895512
       -0.0974549811   0.0077240660  -0.0423245597   0.4509370548   0.0517004400
       -0.0386809247  -0.1193811137   0.0465488947   0.0187936488  -0.0221268128
        0.0102837546   0.0079253850  -0.0023094550  -0.0020009572   0.0031181017
       -0.0001143634  -0.0000507543   0.0000295734   0.0003851181  -0.0014154961
       -0.0005836960   0.0043915916   0.0019098266   0.0003885927  -0.0002418702
        0.0008389029   0.0002067917   0.0111835017  -0.0016466593   0.0097987993
       -0.0128730414   0.0050358437  -0.0170738376  -0.0058283542  -0.0019813120
       -0.0090980172  -0.1248734927  -0.0539247623   0.0940585423  -0.0696197988
       -0.0736211121  -0.0238935821  -0.0131338355   0.0100972151  -0.0009143401
        0.0002005245   0.0005864399  -0.0002854030   0.0002167952   0.0004290447
       -0.0010614251   0.0000934930  -0.0001039032  -0.0000644191  -0.0010244494
        0.0008593443   0.0001535859   0.0001575906  -0.0000543785  -0.0000652944
       -0.0001208030  -0.0000127684  -0.0001329629  -0.0000103143   0.0000639675
       -0.0000453753   0.0002178504  -0.0003784659   0.0000268908   0.0009515163
       -0.0008245837  -0.0001092758   0.0003776495  -0.0000625870  -0.0001667988
        0.0043995364  -0.0715178014   0.0089110755   0.0517004400   0.4931037431
        0.0076639158   0.0482112998  -0.1039228596  -0.0148879980  -0.0028323345
        0.0047243893  -0.0009507458  -0.0012016136   0.0000670478   0.0012880094
       -0.0001061089  -0.0001665833   0.0000928796  -0.0022466265  -0.0050064426
       -0.0018054228   0.0188197643  -0.0236012793  -0.0050135779  -0.0000100035
       -0.0009957021  -0.0001002577   0.0052878111  -0.0022212980   0.0106992705
        0.0095672110  -0.0034682964   0.0136926644  -0.0096576889   0.0074002904
       -0.0152680799  -0.0582692924  -0.0791352344   0.0602291599  -0.0684783800
       -0.2127951052  -0.0657944276   0.0042374473  -0.0032451791   0.0004852551
       -0.0011750482   0.0008256814   0.0003753888   0.0001135615   0.0000429003
        0.0002603250   0.0000523591   0.0000082488  -0.0000573442  -0.0005432559
        0.0001613611   0.0001445646  -0.0000737000   0.0001498492   0.0000353289
        0.0000435112  -0.0001286570   0.0000916418  -0.0002006171   0.0001694694
        0.0000243372   0.0013384388  -0.0010826556  -0.0001435169   0.0007813963
        0.0002303391  -0.0000782477   0.0002418927   0.0004037744   0.0001058020
       -0.0469845779   0.0162114822  -0.1467472045  -0.0386809247   0.0076639158
        0.4736449304   0.0199763477  -0.0157413704  -0.0669656317   0.0165578878
       -0.0117039282  -0.0038184730   0.0023765659   0.0016750168  -0.0027240846
       -0.0000463374   0.0001661555   0.0001579012  -0.0007556413  -0.0015490127
       -0.0002492223   0.0067265902  -0.0057567805  -0.0013450260   0.0003950434
        0.0016785974   0.0002517110  -0.0077188649   0.0055573467  -0.0214199463
       -0.0008463503   0.0012737065   0.0036737075  -0.0077627935  -0.0044782429
       -0.0104273049   0.0999181329   0.0611947906  -0.1533446026  -0.0253172677
       -0.0693313718  -0.0701374257  -0.0183914090   0.0138520623  -0.0004574784
       -0.0004129661  -0.0004304077   0.0007184281  -0.0003196959  -0.0000418146
       -0.0006545290  -0.0001828228   0.0001206877  -0.0000927456   0.0010824568
       -0.0006353583  -0.0000890896  -0.0000314412   0.0000057731   0.0000645327
        0.0000843076  -0.0000551125  -0.0001219224  -0.0001309468   0.0000325925
       -0.0001141007   0.0004020975  -0.0003429719   0.0000783021  -0.0001129177
        0.0008754356   0.0004621314   0.0001755273  -0.0002411912  -0.0003428570
       -0.0186255318   0.0136348354  -0.0065008911  -0.1193811137   0.0482112998
        0.0199763477   0.4591269837  -0.0102613425   0.0283345922  -0.1008917977
       -0.0261925907   0.0416011118  -0.0209022509  -0.0020738630   0.0161833452
        0.0015552992  -0.0012429069  -0.0003065939   0.0050392089   0.0188141259
        0.0054119733  -0.0764059116  -0.0338896207  -0.0120180026   0.0000256459
        0.0003915954   0.0002300815   0.0002811044  -0.0005065951  -0.0000367602
       -0.0013517640   0.0003659664  -0.0028003680  -0.0004826525  -0.0004964334
       -0.0006982510  -0.0183028085   0.0109064163   0.0072760135   0.0052047702
       -0.0019880166  -0.0010052518  -0.0951941698   0.0124514596  -0.0902031839
       -0.0087398715  -0.0070794564   0.0082045408   0.0071458393   0.0039620797
       -0.0064513356   0.0004978991  -0.0004424315   0.0007422671  -0.0032652670
        0.0028747418   0.0008300119   0.0001973648  -0.0002089188  -0.0001009020
        0.0000024958   0.0001640972   0.0001457780   0.0005863026   0.0008050271
        0.0006779535  -0.0028615758   0.0036311262   0.0006339730  -0.0080729236
       -0.0180733588  -0.0042246265  -0.0051852755  -0.0137572362  -0.0059018232
        0.0087254071  -0.0043625268   0.0048282276   0.0465488947  -0.1039228596
       -0.0157413704  -0.0102613425   0.4401259253  -0.0051187244  -0.0246579180
       -0.0781876593   0.0264315416   0.0096874989   0.0055110911  -0.0095936759
       -0.0014240595   0.0011443398   0.0005276527   0.0021986225  -0.0240017989
       -0.0070472695  -0.0346230024  -0.1430628518  -0.0258742771   0.0006016165
       -0.0002509925   0.0000505874   0.0000653356   0.0001705492   0.0001784699
        0.0000030622   0.0003293379   0.0007822750  -0.0003663311   0.0007754928
        0.0005711305  -0.0050763748   0.0059568864   0.0011859094   0.0194882622
       -0.0222880695  -0.0068658127   0.0137330286  -0.0435908199   0.0221356977
       -0.0186629624  -0.0141816096   0.0184570654  -0.0020678804  -0.0009545876
        0.0037392733   0.0000557363   0.0003713524  -0.0005176678   0.0035374235
       -0.0014087666  -0.0008917419  -0.0002729778   0.0001659169   0.0001635645
        0.0001486107  -0.0000207240  -0.0002064523  -0.0009072898   0.0008724052
       -0.0002861719   0.0031363285  -0.0019293627  -0.0006181100  -0.0068110549
       -0.0144901268  -0.0026136539  -0.0027986338  -0.0027705414  -0.0036764672
       -0.0214844105   0.0161702169   0.0008740247   0.0187936488  -0.0148879980
       -0.0669656317   0.0283345922  -0.0051187244   0.4948191431   0.0415062693
        0.0288769232  -0.1172339371   0.0075016565  -0.0020933607  -0.0033526127
       -0.0003708669   0.0003477434   0.0005203639   0.0009818305  -0.0043859146
       -0.0009258222  -0.0129500657  -0.0273620273  -0.0768147598   0.0000712188
       -0.0000037748  -0.0000507318  -0.0005336436   0.0004961701   0.0004194297
       -0.0034447686   0.0015544715  -0.0045155711  -0.0004367521   0.0004295720
        0.0002584529   0.0157012618  -0.0110044388  -0.0045626239   0.0068778425
       -0.0067962457  -0.0013503656  -0.0897908590   0.0203382397  -0.1960962838
       -0.0029884424  -0.0013862706   0.0040083367   0.0167067258   0.0114383040
       -0.0254611316  -0.0014763174   0.0002625959   0.0007962878   0.0001500675
       -0.0003288382   0.0005583958  -0.0001198267   0.0001457866   0.0002129301
        0.0000789603  -0.0001969748  -0.0001105511  -0.0003745794   0.0013994893
        0.0005512486   0.0003666194  -0.0003763208   0.0005634047   0.0070271259
        0.0171271375   0.0043714793  -0.0101272870  -0.0246457614  -0.0105134749
        0.0008507461  -0.0009032800   0.0007726740  -0.0221268128  -0.0028323345
        0.0165578878  -0.1008917977  -0.0246579180   0.0415062693   0.4404930329
        0.0135891224   0.0399335878  -0.1370059733   0.0530491910   0.0050424274
        0.0052775174   0.0019189889   0.0007976979   0.0000478873   0.0003506643
        0.0003324072  -0.0083392551  -0.0093564132   0.0064126940   0.0002797798
       -0.0000513657  -0.0001047082   0.0001989706   0.0000535821   0.0008043126
        0.0004242281  -0.0003105877   0.0002396653   0.0000251866   0.0005999941
        0.0002339404  -0.0033265193   0.0023310441   0.0011514337   0.0008717319
       -0.0008077712  -0.0005361106   0.0063958580   0.0032065932  -0.0064439017
       -0.0620740108  -0.0603068525  -0.0185490113  -0.0870115997   0.0049793691
       -0.0896265730  -0.0161867444   0.0118171186  -0.0017779483  -0.0189279795
        0.0119744639   0.0035133131   0.0004999224  -0.0018411118  -0.0004124863
        0.0006271754  -0.0007991075  -0.0000047734   0.0000227833  -0.0000712404
       -0.0000380550  -0.0000420218   0.0000732276  -0.0000056407  -0.0001603906
       -0.0021264726  -0.0002888974   0.0000782851   0.0001210960   0.0004897953
        0.0004436983   0.0004498683   0.0001667640   0.0102837546   0.0047243893
       -0.0117039282  -0.0261925907  -0.0781876593   0.0288769232   0.0135891224
        0.4968666756   0.0104646169   0.0564273222  -0.1066527843  -0.0049405326
        0.0191453602  -0.0251491070  -0.0045115488   0.0007351361   0.0025137064
        0.0000857109  -0.0183062352  -0.0153822034   0.0152532390   0.0000675863
        0.0004215239   0.0001809730  -0.0006481203   0.0002602074   0.0000035638
       -0.0000737959   0.0003519316  -0.0001047469  -0.0002827047  -0.0006607549
       -0.0004820218   0.0034254348  -0.0018575610  -0.0008063879   0.0010239473
        0.0007414985  -0.0002594246  -0.0024060027  -0.0010841823   0.0047106875
       -0.0592955677  -0.2238992480  -0.0505437605   0.0052156579  -0.0461565977
        0.0126551004   0.0050002445  -0.0030052484   0.0016363971  -0.0054655560
        0.0048035910   0.0004832722  -0.0012240398  -0.0056654512  -0.0015106796
        0.0004363009   0.0008323001   0.0005660952  -0.0000487673  -0.0002931548
        0.0001393295   0.0000181392   0.0003441621  -0.0001135863  -0.0021437105
       -0.0051006143  -0.0008704216   0.0002753863   0.0007847123   0.0006243659
        0.0006367085   0.0001757265  -0.0007357027   0.0079253850  -0.0009507458
       -0.0038184730   0.0416011118   0.0264315416  -0.1172339371   0.0399335878
        0.0104646169   0.4877025694   0.0050462105  -0.0041956523  -0.0671056570
        0.0053756501  -0.0064028526  -0.0004836636   0.0002261301   0.0004113241
        0.0001298809  -0.0015305515   0.0014572392   0.0043464259  -0.0000384210
        0.0002030508   0.0000443334  -0.0018297721   0.0010042396   0.0007473031
       -0.0002493142   0.0000537659  -0.0000266940  -0.0002555290  -0.0001620946
       -0.0000411260   0.0006658324  -0.0003764287   0.0007113358  -0.0002697105
        0.0002610704   0.0000860675   0.0159487999   0.0121672685  -0.0250916834
       -0.0186090869  -0.0517466698  -0.0602142195  -0.0893568328   0.0118764202
       -0.2170565004  -0.0216654617   0.0159303938  -0.0003087205   0.0178417756
       -0.0117262292  -0.0029387621  -0.0004860400  -0.0017675746   0.0000438210
        0.0004970108  -0.0006243790   0.0000704674  -0.0000386469   0.0000497221
       -0.0001438941   0.0000562123   0.0000041161  -0.0000481160  -0.0007651691
       -0.0015792216   0.0004297472  -0.0006598791  -0.0009586476   0.0009351976
        0.0002355912   0.0000072327   0.0001159094  -0.0023094550  -0.0012016136
        0.0023765659  -0.0209022509   0.0096874989   0.0075016565  -0.1370059733
        0.0564273222   0.0050462105   0.4866785027   0.0177389915  -0.0002094783
       -0.0762652279  -0.0325144199  -0.0113004647  -0.0088560055  -0.0195845017
       -0.0014684878   0.0017357468   0.0003843854  -0.0010435724   0.0002512967
        0.0001292158   0.0002015797  -0.0001926524   0.0000109331  -0.0000567730
       -0.0000935316  -0.0000440575   0.0000997343  -0.0002962225  -0.0000811387
       -0.0000442972  -0.0006836887   0.0005762355   0.0002748993  -0.0000037928
       -0.0001466642   0.0000076165   0.0010539673   0.0000783200  -0.0009613976
        0.0052791580  -0.0026973922  -0.0004148398  -0.0159634742   0.0110974550
       -0.0025426430  -0.0970228076   0.0038930286  -0.0913963982  -0.1333928362
       -0.0492473498   0.0927920534   0.0052326731   0.0206333690   0.0057859188
       -0.0053384325  -0.0134681620  -0.0064037031   0.0005979443   0.0005236568
       -0.0007254599  -0.0025088950  -0.0020893282   0.0026469458   0.0002051532
        0.0000731384  -0.0001217678  -0.0004347873  -0.0001861552  -0.0001598074
       -0.0003225457  -0.0001530389   0.0000254550  -0.0020009572   0.0000670478
        0.0016750168  -0.0020738630   0.0055110911  -0.0020933607   0.0530491910
       -0.1066527843  -0.0041956523   0.0177389915   0.4356959517  -0.0200060214
       -0.0308915972  -0.1594241329  -0.0291332207  -0.0102071892  -0.0156097439
        0.0021561479   0.0010929878   0.0003138429  -0.0006288995  -0.0001304551
       -0.0001418981   0.0000184708   0.0001842986  -0.0000753313  -0.0001902963
        0.0000940294   0.0000307092  -0.0000830579   0.0002678516   0.0001090896
        0.0000363229  -0.0004232832   0.0003526161   0.0001471299  -0.0000993326
        0.0000141191   0.0000303562  -0.0005467958   0.0004245803   0.0001002974
        0.0215577381  -0.0207966208  -0.0031187929   0.0050222130  -0.0023195854
        0.0012834924   0.0041603190  -0.0433247273   0.0099931701  -0.0488940273
       -0.0698128313   0.0521860574  -0.0038054571  -0.0210818780  -0.0062515131
       -0.0024634384  -0.0033736175  -0.0031426364   0.0003826853   0.0005277933
       -0.0005305213  -0.0017757639  -0.0002826461   0.0017251540   0.0001776221
        0.0000304536  -0.0000505611  -0.0000932215  -0.0000284590   0.0000474625
       -0.0005499594   0.0000257077   0.0003421656   0.0031181017   0.0012880094
       -0.0027240846   0.0161833452  -0.0095936759  -0.0033526127   0.0050424274
       -0.0049405326  -0.0671056570  -0.0002094783  -0.0200060214   0.5131451519
       -0.0105796212  -0.0279801326  -0.0761780666   0.0061183590   0.0159918376
        0.0043587838  -0.0008653954  -0.0004676054   0.0008815350  -0.0000477555
       -0.0000633079   0.0001851821   0.0005874450  -0.0002505450  -0.0001922812
       -0.0000694707  -0.0000022554   0.0000880242   0.0001389693   0.0000656877
       -0.0002447033   0.0010429915  -0.0005952027  -0.0003125868  -0.0000159511
        0.0001326071   0.0000392153   0.0010535387  -0.0006473472   0.0002461013
        0.0064373433  -0.0064573363  -0.0004606030  -0.0218798540   0.0160379573
       -0.0001103591  -0.0916735899   0.0090700740  -0.2104537616   0.0932870025
        0.0530685624  -0.1457475003  -0.0004244783  -0.0019037677  -0.0004204997
       -0.0100858618  -0.0257328585  -0.0104098732   0.0004552788   0.0008533384
        0.0005808808   0.0030749783   0.0021013903  -0.0020404950  -0.0001191505
       -0.0000468863   0.0000182233  -0.0000192147   0.0000523032  -0.0001321791
       -0.0000782027  -0.0001682415  -0.0000813815  -0.0001143634  -0.0001061089
       -0.0000463374   0.0015552992  -0.0014240595  -0.0003708669   0.0052775174
        0.0191453602   0.0053756501  -0.0762652279  -0.0308915972  -0.0105796212
        0.4862130584  -0.0383204895   0.0199266540  -0.1133938475  -0.0270143185
        0.0487317531  -0.0227117938  -0.0028651218   0.0173196703   0.0000996824
       -0.0000934911  -0.0000939188   0.0001153153   0.0000415388   0.0000465241
        0.0000908819   0.0000022454  -0.0000191212   0.0001870842   0.0001256353
        0.0000214350   0.0000167528  -0.0000252158  -0.0000814915   0.0000636560
       -0.0000771901  -0.0000757711  -0.0001274294   0.0001273947   0.0001084168
       -0.0032839434   0.0043850076   0.0009317557   0.0007401509   0.0004810057
        0.0004760921  -0.0050808069  -0.0142288664  -0.0061866640  -0.0067827830
       -0.0182129170  -0.0035578466  -0.1779714108   0.1049521227   0.0092516721
       -0.0840882731   0.0045905232  -0.0839766260   0.0067233839   0.0034368719
       -0.0059555107  -0.0079719157  -0.0064418117   0.0073918695  -0.0036937364
        0.0031865559   0.0010243873   0.0004809515  -0.0006048323   0.0004192768
       -0.0002459693   0.0000117995   0.0000965817  -0.0000507543  -0.0001665833
        0.0001661555  -0.0012429069   0.0011443398   0.0003477434   0.0019189889
       -0.0251491070  -0.0064028526  -0.0325144199  -0.1594241329  -0.0279801326
       -0.0383204895   0.4595368328   0.0074426949  -0.0257550024  -0.0794304029
        0.0271215216   0.0103290247   0.0055621129  -0.0099983402  -0.0001110980
        0.0000425786   0.0001134779   0.0001717842  -0.0000307454  -0.0000190793
        0.0000533858   0.0000922467   0.0000057748   0.0001839531   0.0001369673
       -0.0001426329  -0.0000676235   0.0000920606   0.0000500652   0.0000170258
       -0.0000166516   0.0000743292   0.0000623239  -0.0001114062  -0.0002351985
        0.0029264521  -0.0020731345  -0.0005675721  -0.0008886532   0.0008751788
       -0.0001723381  -0.0023087447  -0.0030901407  -0.0037722506  -0.0066057750
       -0.0136686786  -0.0018763929   0.1053377434  -0.1252339492  -0.0084633847
        0.0045217697  -0.0447394228   0.0051309325  -0.0025547717  -0.0011777651
        0.0036647355  -0.0182358987  -0.0119293759   0.0170288970   0.0035313706
       -0.0016426221  -0.0010689284  -0.0001517153   0.0003900013  -0.0005438063
       -0.0001917333   0.0000217717  -0.0002707933   0.0000295734   0.0000928796
        0.0001579012  -0.0003065939   0.0005276527   0.0005203639   0.0007976979
       -0.0045115488  -0.0004836636  -0.0113004647  -0.0291332207  -0.0761780666
        0.0199266540   0.0074426949   0.4952243538   0.0482651576   0.0280635097
       -0.1195797748   0.0075780095  -0.0016504689  -0.0035242482  -0.0001306105
       -0.0000195440  -0.0003222938  -0.0000044819   0.0000308835   0.0001171199
        0.0000133649  -0.0000102574   0.0001029390   0.0001524237   0.0000004044
        0.0002863242   0.0000450144  -0.0000077510   0.0000146733  -0.0000115378
        0.0000259215  -0.0000205658  -0.0000191502  -0.0000618558  -0.0004249995
        0.0002409409  -0.0003411220   0.0004987802  -0.0002111954   0.0009894196
        0.0003916012  -0.0103445794  -0.0254311976  -0.0106916273   0.0066965969
        0.0178171009   0.0042833656   0.0089203098  -0.0082956739  -0.0466904415
       -0.0838276698   0.0049594724  -0.2241979242   0.0180067455   0.0112642168
       -0.0250131510  -0.0037629886  -0.0017001637   0.0041798953   0.0003577284
       -0.0003109006   0.0006181093  -0.0009192113   0.0002377769   0.0010021227
       -0.0001155175  -0.0001153738   0.0000137467   0.0003851181  -0.0022466265
       -0.0007556413   0.0050392089   0.0021986225   0.0009818305   0.0000478873
        0.0007351361   0.0002261301  -0.0088560055  -0.0102071892   0.0061183590
       -0.1133938475  -0.0257550024   0.0482651576   0.4471176657   0.0168634955
        0.0335133122  -0.1372808796   0.0556945245   0.0049190104  -0.0000982353
        0.0000288890   0.0000950848   0.0000301304   0.0000316107  -0.0000195541
        0.0000621351   0.0001097861   0.0000617756   0.0002067721   0.0001516851
        0.0001874430   0.0000010967  -0.0000586472  -0.0000006043   0.0003559790
       -0.0005039081  -0.0001364227   0.0008280617  -0.0011642078  -0.0000877322
       -0.0000403777   0.0000875506  -0.0000628133  -0.0000001755  -0.0000019809
       -0.0001179512   0.0001673515   0.0002150714   0.0003249240   0.0000240944
       -0.0019261140  -0.0005117062  -0.0191244678  -0.0066590329   0.0174839753
        0.0066934831   0.0030612682  -0.0058291771  -0.0847833202   0.0086774023
       -0.0853859750  -0.0649061258  -0.0619178422  -0.0204248519  -0.0181368637
        0.0118103068   0.0032176575  -0.0142231679   0.0108905761  -0.0020759773
       -0.0001454621   0.0002297912   0.0000376926  -0.0014154961  -0.0050064426
       -0.0015490127   0.0188141259  -0.0240017989  -0.0043859146   0.0003506643
        0.0025137064   0.0004113241  -0.0195845017  -0.0156097439   0.0159918376
       -0.0270143185  -0.0794304029   0.0280635097   0.0168634955   0.5013356178
        0.0063251656   0.0567160908  -0.1090634539  -0.0045727235  -0.0005289634
       -0.0001967098  -0.0002676581   0.0000917315  -0.0001752387  -0.0000867510
       -0.0000081717  -0.0000399109  -0.0000201931   0.0002454836  -0.0004011685
        0.0000899985  -0.0001804126  -0.0000579712   0.0000617552   0.0010112855
       -0.0010832690  -0.0004034824   0.0004908133   0.0010286345   0.0005397574
        0.0000374522   0.0004317282  -0.0000854654  -0.0000022180  -0.0003099324
        0.0002285529   0.0003898610   0.0008597498   0.0006213055  -0.0023891700
       -0.0054540209  -0.0007972788   0.0110346703   0.0053911732  -0.0103938589
       -0.0015691782  -0.0009909996   0.0038925063   0.0083953302  -0.0481354234
        0.0188660028  -0.0620913751  -0.2242106308  -0.0550889096  -0.0052137342
        0.0054190994   0.0004964414   0.0057019975  -0.0030423829   0.0020253984
       -0.0000780907   0.0002762738  -0.0001780026  -0.0005836960  -0.0018054228
       -0.0002492223   0.0054119733  -0.0070472695  -0.0009258222   0.0003324072
        0.0000857109   0.0001298809  -0.0014684878   0.0021561479   0.0043587838
        0.0487317531   0.0271215216  -0.1195797748   0.0335133122   0.0063251656
        0.4900657970   0.0037309130  -0.0027957076  -0.0672529260  -0.0003589087
       -0.0000651821  -0.0005742951  -0.0000835809   0.0000752469   0.0000571132
       -0.0000097850   0.0000490610   0.0001145824   0.0003592327  -0.0002581956
        0.0003786463  -0.0000512137  -0.0000229582   0.0000615093   0.0003303093
       -0.0005610562  -0.0000760213   0.0007584935  -0.0008410578   0.0002175319
       -0.0000109868  -0.0000622913  -0.0000481404  -0.0000749372   0.0000485306
       -0.0000856734  -0.0007215716  -0.0008308541   0.0006983195  -0.0008124179
       -0.0018412351   0.0004909208   0.0032244038   0.0005778552  -0.0023757644
        0.0176399073   0.0112024122  -0.0242619211  -0.0857129583   0.0193074161
       -0.2159026777  -0.0205934401  -0.0555069305  -0.0630267743   0.0166861925
       -0.0113852829  -0.0024024586  -0.0201588231   0.0157981020   0.0003663890
        0.0004829750  -0.0004699030  -0.0001167606   0.0043915916   0.0188197643
        0.0067265902  -0.0764059116  -0.0346230024  -0.0129500657  -0.0083392551
       -0.0183062352  -0.0015305515   0.0017357468   0.0010929878  -0.0008653954
       -0.0227117938   0.0103290247   0.0075780095  -0.1372808796   0.0567160908
        0.0037309130   0.4979795059   0.0185408332   0.0021711886  -0.0023823188
       -0.0004022141  -0.0019390432  -0.0001282882   0.0000310363   0.0002395962
        0.0003720384  -0.0001009315   0.0000028969   0.0003636329   0.0003660059
        0.0007136345   0.0006789185   0.0007944443  -0.0004259172  -0.0029185252
        0.0041287104   0.0009346344  -0.0060838152  -0.0144071628  -0.0076876541
       -0.0025211187  -0.0021954474   0.0025642511   0.0007154351   0.0005559017
       -0.0006642677  -0.0002737762  -0.0001270609  -0.0000410116   0.0002767690
        0.0001282583  -0.0000224045  -0.0030123179  -0.0013372020   0.0029413051
        0.0009608508   0.0000922633  -0.0008262030  -0.0166494908   0.0118613561
       -0.0026269920   0.0051004762  -0.0029180338  -0.0003369430  -0.1417889531
       -0.0530259057   0.0946504278  -0.0925614963   0.0044564217  -0.0922202377
       -0.0010914454   0.0004259976  -0.0008200603   0.0019098266  -0.0236012793
       -0.0057567805  -0.0338896207  -0.1430628518  -0.0273620273  -0.0093564132
       -0.0153822034   0.0014572392   0.0003843854   0.0003138429  -0.0004676054
       -0.0028651218   0.0055621129  -0.0016504689   0.0556945245  -0.1090634539
       -0.0027957076   0.0185408332   0.4256178299  -0.0230672087  -0.0003085972
        0.0006662652   0.0000201999   0.0002134751   0.0001420130   0.0000003210
       -0.0002909180   0.0003530985  -0.0001229278  -0.0007889147   0.0004167955
       -0.0005307008  -0.0007576350   0.0010500430   0.0004732857   0.0020045676
       -0.0020164822  -0.0005012101  -0.0034900972  -0.0034055360  -0.0041438319
       -0.0017401678  -0.0003615390   0.0013424166   0.0003451549   0.0006885498
       -0.0009065661  -0.0001716882  -0.0000117389  -0.0000166387   0.0001427873
       -0.0000028352  -0.0000145012  -0.0019133802   0.0001959217   0.0013295993
       -0.0004407154   0.0003540533  -0.0001333903   0.0063803176  -0.0039355908
        0.0011384834   0.0202170909  -0.0198443584  -0.0027262434  -0.0539039025
       -0.0715991995   0.0524683990   0.0051756542  -0.0434994549   0.0127859251
        0.0002932267  -0.0006359610   0.0000717066   0.0003885927  -0.0050135779
       -0.0013450260  -0.0120180026  -0.0258742771  -0.0768147598   0.0064126940
        0.0152532390   0.0043464259  -0.0010435724  -0.0006288995   0.0008815350
        0.0173196703  -0.0099983402  -0.0035242482   0.0049190104  -0.0045727235
       -0.0672529260   0.0021711886  -0.0230672087   0.5219614639  -0.0002115736
        0.0004254458  -0.0006041436   0.0001186380   0.0002157493  -0.0000436263
       -0.0000867787   0.0000570024   0.0000430709  -0.0011206295   0.0011005245
        0.0004397068  -0.0002796931  -0.0004329922   0.0001256447   0.0007909615
       -0.0005652245   0.0006247848  -0.0120074813  -0.0246520947  -0.0110660024
        0.0032249712   0.0025952567  -0.0020927449   0.0004479628   0.0009317501
        0.0008889669   0.0001013476   0.0000519910  -0.0000939727  -0.0002027624
       -0.0001236561   0.0000132073   0.0035080612   0.0012522765  -0.0023460806
        0.0006537147  -0.0005240635   0.0005626689  -0.0223191005   0.0165371269
       -0.0000590728   0.0065661398  -0.0066489507  -0.0007472407   0.0954785093
        0.0516220832  -0.1403297039  -0.0931050946   0.0126955243  -0.2236396337
       -0.0009915683  -0.0045907457  -0.0022945732  -0.0002418702  -0.0000100035
        0.0003950434   0.0000256459   0.0006016165   0.0000712188   0.0002797798
        0.0000675863  -0.0000384210   0.0002512967  -0.0001304551  -0.0000477555
        0.0000996824  -0.0001110980  -0.0001306105  -0.0000982353  -0.0005289634
       -0.0003589087  -0.0023823188  -0.0003085972  -0.0002115736   0.0055069266
       -0.0034311743   0.0004378193   0.0000417059   0.0007746441  -0.0002356220
       -0.0006613049  -0.0000134669  -0.0000230583  -0.0007153035   0.0085285003
        0.0043646976   0.0001391970   0.0002258314   0.0001729768   0.0001578058
       -0.0001477752  -0.0001007815  -0.0001090976  -0.0003684601  -0.0003867782
        0.0000189615  -0.0003568656  -0.0001025834   0.0001755546   0.0002466275
       -0.0002187491  -0.0000319234  -0.0001947553  -0.0002569987  -0.0001209636
       -0.0003153065  -0.0000450726  -0.0004921106  -0.0001079422  -0.0000876163
        0.0000028100  -0.0001881777  -0.0002766578  -0.0006037038   0.0001138304
       -0.0003484164  -0.0001865506  -0.0001362184   0.0000920239  -0.0002793475
        0.0000114065   0.0000815904   0.0002149321   0.0003699619  -0.0004511935
       -0.0060888815  -0.0090611171  -0.0059270946   0.0008389029  -0.0009957021
        0.0016785974   0.0003915954  -0.0002509925  -0.0000037748  -0.0000513657
        0.0004215239   0.0002030508   0.0001292158  -0.0001418981  -0.0000633079
       -0.0000934911   0.0000425786  -0.0000195440   0.0000288890  -0.0001967098
       -0.0000651821  -0.0004022141   0.0006662652   0.0004254458  -0.0034311743
       -0.0041127109  -0.0035777355   0.0009215390   0.0002191459  -0.0006332722
       -0.0006714699   0.0005725130   0.0002825206   0.0093020407   0.0133337277
        0.0091483411   0.0000820422   0.0000641463   0.0000806862  -0.0004652546
        0.0000910233  -0.0006181387  -0.0000620818   0.0002671021  -0.0001315771
       -0.0000470021   0.0000767572  -0.0001544816   0.0000212151  -0.0000180325
       -0.0003879467  -0.0000665775   0.0002305692  -0.0000783365  -0.0000941950
        0.0001835555  -0.0000306365  -0.0000329349   0.0001357486   0.0001213741
        0.0000476718  -0.0002255417   0.0001294485   0.0000246743   0.0001365010
        0.0001629132  -0.0000672449   0.0005302874   0.0001815309   0.0001000032
       -0.0003785135  -0.0003719240  -0.0003139021  -0.0015902267  -0.0003509560
       -0.0028031064  -0.0050227611  -0.0013580685   0.0002067917  -0.0001002577
        0.0002517110   0.0002300815   0.0000505874  -0.0000507318  -0.0001047082
        0.0001809730   0.0000443334   0.0002015797   0.0000184708   0.0001851821
       -0.0000939188   0.0001134779  -0.0003222938   0.0000950848  -0.0002676581
       -0.0005742951  -0.0019390432   0.0000201999  -0.0006041436   0.0004378193
       -0.0035777355   0.0035434477   0.0001901157   0.0000095402  -0.0006104865
       -0.0002406818   0.0005484693  -0.0002990216   0.0047359433   0.0090678291
       -0.0003604334  -0.0001823761  -0.0000367595   0.0005743687  -0.0002707927
       -0.0004456291   0.0001115555  -0.0001924987  -0.0003529105   0.0000804040
        0.0000259829  -0.0000633508   0.0003622103   0.0001051078   0.0000226401
        0.0002237156   0.0000215790  -0.0000619627   0.0002811678  -0.0001000575
        0.0000561355   0.0004677951  -0.0000504329   0.0001844162  -0.0000421262
        0.0001209319   0.0002036786   0.0000635916  -0.0002762088  -0.0000907602
       -0.0001859610  -0.0001132312   0.0000367332  -0.0005183075  -0.0000358875
       -0.0005023678   0.0005436719   0.0000319263   0.0000090018  -0.0018072855
       -0.1379473743  -0.0661521458   0.1141959518   0.0111835017   0.0052878111
       -0.0077188649   0.0002811044   0.0000653356  -0.0005336436   0.0001989706
       -0.0006481203  -0.0018297721  -0.0001926524   0.0001842986   0.0005874450
        0.0001153153   0.0001717842  -0.0000044819   0.0000301304   0.0000917315
       -0.0000835809  -0.0001282882   0.0002134751   0.0001186380   0.0000417059
        0.0009215390   0.0001901157   0.1505339928   0.0764241183  -0.1290755804
       -0.0167777542  -0.0078425220   0.0190353238  -0.0064788430  -0.0094648356
        0.0071234711  -0.0009850807   0.0008725271  -0.0032537082   0.0003854356
        0.0000353216  -0.0006477641  -0.0001188826   0.0000915473   0.0001568135
       -0.0006979068  -0.0004215073  -0.0004075999   0.0001394105   0.0005310777
        0.0019991254   0.0002391309  -0.0001396769  -0.0000029708  -0.0001445961
        0.0000676433  -0.0000487024   0.0000408289  -0.0000925014  -0.0000420398
       -0.0000223551   0.0000735530   0.0000158163   0.0000575219   0.0000413284
        0.0000276974   0.0000643739  -0.0000685429   0.0000177481  -0.0000706879
       -0.0001589164   0.0001658390   0.0002529987  -0.0000843232   0.0000147238
       -0.0704401832  -0.0961133972   0.0885337096  -0.0016466593  -0.0022212980
        0.0055573467  -0.0005065951   0.0001705492   0.0004961701   0.0000535821
        0.0002602074   0.0010042396   0.0000109331  -0.0000753313  -0.0002505450
        0.0000415388  -0.0000307454   0.0000308835   0.0000316107  -0.0001752387
        0.0000752469   0.0000310363   0.0001420130   0.0002157493   0.0007746441
        0.0002191459   0.0000095402   0.0764241183   0.0998136520  -0.0968705967
        0.0112258404   0.0085255518  -0.0126305175  -0.0169943594  -0.0113500843
        0.0160887822   0.0008876831   0.0008013401   0.0010637404  -0.0000123399
        0.0004077463  -0.0012278874  -0.0000660651   0.0000879809  -0.0001988531
       -0.0002101992  -0.0001608924  -0.0003696143   0.0009271759   0.0001876044
       -0.0011712061  -0.0001446869   0.0000999227  -0.0000949839  -0.0000434284
        0.0000097810  -0.0000021352  -0.0001015365   0.0000137851   0.0000166284
        0.0000296297  -0.0001325918  -0.0001057295  -0.0000914370   0.0000469918
       -0.0000357475   0.0000133259   0.0000495895   0.0000943320  -0.0000285348
        0.0000502440  -0.0001339941  -0.0001650935  -0.0006265262  -0.0000945587
        0.1149824862   0.0838040361  -0.1871043924   0.0097987993   0.0106992705
       -0.0214199463  -0.0000367602   0.0001784699   0.0004194297   0.0008043126
        0.0000035638   0.0007473031  -0.0000567730  -0.0001902963  -0.0001922812
        0.0000465241  -0.0000190793   0.0001171199  -0.0000195541  -0.0000867510
        0.0000571132   0.0002395962   0.0000003210  -0.0000436263  -0.0002356220
       -0.0006332722  -0.0006104865  -0.1290755804  -0.0968705967   0.2075098938
        0.0090156250   0.0020526884  -0.0048513602  -0.0023922312   0.0005289991
        0.0090636289  -0.0033028017   0.0007858138  -0.0043112158   0.0004530806
        0.0002001030   0.0003355094   0.0003458786  -0.0001133230   0.0001088712
       -0.0004386975  -0.0003297968  -0.0002391417  -0.0003389704   0.0002065341
        0.0001323788  -0.0000599287   0.0000416472  -0.0000584782   0.0001079398
       -0.0000365169  -0.0000571439   0.0000463148  -0.0001075389   0.0000428259
       -0.0000010029  -0.0001117287   0.0000107135   0.0000457535   0.0000235014
        0.0000202723   0.0000374058  -0.0000462461   0.0001179438   0.0000002790
       -0.0000447806  -0.0000051842   0.0000339267   0.0000649782   0.0002102533
       -0.2050800944   0.1278819929   0.0444190160  -0.0128730414   0.0095672110
       -0.0008463503  -0.0013517640   0.0000030622  -0.0034447686   0.0004242281
       -0.0000737959  -0.0002493142  -0.0000935316   0.0000940294  -0.0000694707
        0.0000908819   0.0000533858   0.0000133649   0.0000621351  -0.0000081717
       -0.0000097850   0.0003720384  -0.0002909180  -0.0000867787  -0.0006613049
       -0.0006714699  -0.0002406818  -0.0167777542   0.0112258404   0.0090156250
        0.2263060374  -0.1473349438  -0.0497533537   0.0093138710  -0.0009743287
        0.0001318804   0.0007944262  -0.0001774380   0.0005325095  -0.0000551101
        0.0000334157   0.0002221584  -0.0005386242   0.0005784256   0.0002667530
       -0.0001826661   0.0000032287  -0.0000284491  -0.0001285061   0.0000503102
       -0.0000165333   0.0000322856   0.0000712325   0.0000365082   0.0000293846
        0.0000910881  -0.0000247421   0.0000925608   0.0000151804  -0.0000222517
        0.0000258097   0.0000210481  -0.0000260472   0.0000953629  -0.0000071970
        0.0000446649   0.0001310977  -0.0000505971   0.0000160890  -0.0000517074
       -0.0000797351   0.0000678334   0.0000239850  -0.0000208559   0.0000521236
        0.1327731061  -0.1513357865  -0.0355731222   0.0050358437  -0.0034682964
        0.0012737065   0.0003659664   0.0003293379   0.0015544715  -0.0003105877
        0.0003519316   0.0000537659  -0.0000440575   0.0000307092  -0.0000022554
        0.0000022454   0.0000922467  -0.0000102574   0.0001097861  -0.0000399109
        0.0000490610  -0.0001009315   0.0003530985   0.0000570024  -0.0000134669
        0.0005725130   0.0005484693  -0.0078425220   0.0085255518   0.0020526884
       -0.1473349438   0.1628515944   0.0387634274   0.0175492864  -0.0183496810
       -0.0082469036   0.0002269852   0.0000082261   0.0000465541  -0.0008645363
        0.0004771605  -0.0005675407   0.0002697285  -0.0001449437  -0.0002021992
       -0.0000943400  -0.0001745755  -0.0000053491  -0.0000740634  -0.0000598854
        0.0000645406  -0.0000315660   0.0000509593  -0.0000329469  -0.0000523848
        0.0000627823   0.0000063529   0.0000138884   0.0000383288   0.0000202725
        0.0000195885   0.0000159277   0.0000171290   0.0000114340   0.0000147037
       -0.0000399998   0.0000899627   0.0000272232   0.0000090546   0.0000923565
       -0.0001686730   0.0000693148   0.0002032220  -0.0000605424   0.0000947635
        0.0446860224  -0.0341848441  -0.0584087152  -0.0170738376   0.0136926644
        0.0036737075  -0.0028003680   0.0007822750  -0.0045155711   0.0002396653
       -0.0001047469  -0.0000266940   0.0000997343  -0.0000830579   0.0000880242
       -0.0000191212   0.0000057748   0.0001029390   0.0000617756  -0.0000201931
        0.0001145824   0.0000028969  -0.0001229278   0.0000430709  -0.0000230583
        0.0002825206  -0.0002990216   0.0190353238  -0.0126305175  -0.0048513602
       -0.0497533537   0.0387634274   0.0636630712   0.0075234722  -0.0079868975
       -0.0000849619  -0.0006669160   0.0008510497  -0.0002327365  -0.0007043100
        0.0001437233   0.0000299816  -0.0011247147   0.0008749360   0.0001347091
        0.0000108321  -0.0000886091  -0.0001390830   0.0001815504  -0.0000303619
        0.0000418048   0.0000398427  -0.0000127407   0.0000479192   0.0000181913
       -0.0000362065   0.0000823070   0.0000682812  -0.0000753562   0.0001446943
        0.0000602249  -0.0000796023   0.0000867131   0.0000104378   0.0000137472
        0.0000837572  -0.0000097004   0.0000232219   0.0001844906   0.0000028560
        0.0000802675  -0.0000904743   0.0001342727  -0.0000575462   0.0001268459
       -0.0772590460  -0.0839645095  -0.0349007262  -0.0058283542  -0.0096576889
       -0.0077627935  -0.0004826525  -0.0003663311  -0.0004367521   0.0000251866
       -0.0002827047  -0.0002555290  -0.0002962225   0.0002678516   0.0001389693
        0.0001870842   0.0001839531   0.0001524237   0.0002067721   0.0002454836
        0.0003592327   0.0003636329  -0.0007889147  -0.0011206295  -0.0007153035
        0.0093020407   0.0047359433  -0.0064788430  -0.0169943594  -0.0023922312
        0.0093138710   0.0175492864   0.0075234722   0.0797205356   0.0814589700
        0.0329150896   0.0002971463  -0.0000171248   0.0004703102  -0.0007485005
        0.0004470288  -0.0023149106   0.0000654158   0.0000348153   0.0002262526
       -0.0001360233   0.0001724932   0.0002051911  -0.0004626173  -0.0001629807
        0.0006114766   0.0000640112   0.0001633029   0.0001788174   0.0001176514
        0.0002785677   0.0000189695   0.0004034455   0.0001132589   0.0000890786
        0.0001378112   0.0002423759   0.0001336802   0.0003571315  -0.0000162249
        0.0000716437   0.0003778908  -0.0001261654  -0.0000010685   0.0002280207
        0.0001202930   0.0001428178   0.0005419560   0.0017972829   0.0012112720
       -0.0808541382  -0.2229351430  -0.0775213540  -0.0019813120   0.0074002904
       -0.0044782429  -0.0004964334   0.0007754928   0.0004295720   0.0005999941
       -0.0006607549  -0.0001620946  -0.0000811387   0.0001090896   0.0000656877
        0.0001256353   0.0001369673   0.0000004044   0.0001516851  -0.0004011685
       -0.0002581956   0.0003660059   0.0004167955   0.0011005245   0.0085285003
        0.0133337277   0.0090678291  -0.0094648356  -0.0113500843   0.0005289991
       -0.0009743287  -0.0183496810  -0.0079868975   0.0814589700   0.2315448489
        0.0767678566   0.0000322112   0.0006960785   0.0005975307   0.0019737469
        0.0006400930   0.0024552838   0.0002531229  -0.0003396309  -0.0000202600
       -0.0001184458  -0.0004264062   0.0001445455  -0.0001766460   0.0002442584
        0.0003766319   0.0000348454  -0.0002231560   0.0000188684   0.0000874644
       -0.0001122764   0.0000317368  -0.0000434413  -0.0001834425  -0.0000517790
       -0.0000075441   0.0001202125  -0.0001879070  -0.0002272582  -0.0000915500
       -0.0002343076   0.0000348557  -0.0003675754  -0.0001434667  -0.0000940369
       -0.0002811370   0.0005304693   0.0008725218   0.0003041516  -0.0010714351
       -0.0341674614  -0.0796134573  -0.0738646126  -0.0090980172  -0.0152680799
       -0.0104273049  -0.0006982510   0.0005711305   0.0002584529   0.0002339404
       -0.0004820218  -0.0000411260  -0.0000442972   0.0000363229  -0.0002447033
        0.0000214350  -0.0001426329   0.0002863242   0.0001874430   0.0000899985
        0.0003786463   0.0007136345  -0.0005307008   0.0004397068   0.0043646976
        0.0091483411  -0.0003604334   0.0071234711   0.0160887822   0.0090636289
        0.0001318804  -0.0082469036  -0.0000849619   0.0329150896   0.0767678566
        0.0784313763  -0.0002176705  -0.0000748714  -0.0005186837  -0.0022650240
        0.0009976114  -0.0036201281   0.0003070218   0.0001875467  -0.0000208322
       -0.0000160270   0.0000217956  -0.0006338928   0.0000231727  -0.0000210920
       -0.0002785106   0.0000290107   0.0000886030  -0.0002603069   0.0000153955
       -0.0001763398  -0.0003621801   0.0000900627  -0.0001794788   0.0001024805
       -0.0000943237  -0.0002918615   0.0000265995   0.0001669816   0.0002047585
        0.0001559416   0.0000835220  -0.0001651555   0.0005125338   0.0001020866
        0.0008019325  -0.0002205402   0.0000922269   0.0001879156   0.0012825258
        0.0078411043   0.0069705793  -0.0134325090  -0.1248734927  -0.0582692924
        0.0999181329  -0.0183028085  -0.0050763748   0.0157012618  -0.0033265193
        0.0034254348   0.0006658324  -0.0006836887  -0.0004232832   0.0010429915
        0.0000167528  -0.0000676235   0.0000450144   0.0000010967  -0.0001804126
       -0.0000512137   0.0006789185  -0.0007576350  -0.0002796931   0.0001391970
        0.0000820422  -0.0001823761  -0.0009850807   0.0008876831  -0.0033028017
        0.0007944262   0.0002269852  -0.0006669160   0.0002971463   0.0000322112
       -0.0002176705   0.1462162014   0.0611400957  -0.1073388918  -0.0081204140
       -0.0089275440   0.0084986530  -0.0003069848  -0.0001308664   0.0000678093
        0.0003137884   0.0003243552  -0.0001541099  -0.0000173467  -0.0000014761
       -0.0003061373   0.0000347615  -0.0000368955   0.0001103019  -0.0002525686
        0.0002840736   0.0001087784   0.0001269623   0.0000560607   0.0000229324
        0.0000848873  -0.0000025751  -0.0000236844  -0.0000742412  -0.0000060805
        0.0000001733   0.0001067678  -0.0000729379  -0.0000414054   0.0003248475
        0.0005305472  -0.0001350629  -0.0000337127  -0.0000070713  -0.0000494095
       -0.0013235668  -0.0024051840   0.0062950236  -0.0539247623  -0.0791352344
        0.0611947906   0.0109064163   0.0059568864  -0.0110044388   0.0023310441
       -0.0018575610  -0.0003764287   0.0005762355   0.0003526161  -0.0005952027
       -0.0000252158   0.0000920606  -0.0000077510  -0.0000586472  -0.0000579712
       -0.0000229582   0.0007944443   0.0010500430  -0.0004329922   0.0002258314
        0.0000641463  -0.0000367595   0.0008725271   0.0008013401   0.0007858138
       -0.0001774380   0.0000082261   0.0008510497  -0.0000171248   0.0006960785
       -0.0000748714   0.0611400957   0.0906175900  -0.0739445334  -0.0211894920
       -0.0156807539   0.0177309843  -0.0001081200   0.0003502898  -0.0002334188
        0.0001080367  -0.0000206218   0.0001113342  -0.0000780662   0.0000080599
       -0.0000128451  -0.0000533472   0.0000079820   0.0000039949   0.0001973166
       -0.0001369580  -0.0000163192  -0.0000383276   0.0000600766  -0.0000406120
       -0.0000017636   0.0000704624  -0.0000222086  -0.0000138685  -0.0000113364
       -0.0000787877   0.0000034897  -0.0000484707  -0.0001476260  -0.0000568429
       -0.0006995115   0.0000566562  -0.0000888545  -0.0000822548   0.0000181060
        0.0111672550   0.0134945805  -0.0268679612   0.0940585423   0.0602291599
       -0.1533446026   0.0072760135   0.0011859094  -0.0045626239   0.0011514337
       -0.0008063879   0.0007113358   0.0002748993   0.0001471299  -0.0003125868
       -0.0000814915   0.0000500652   0.0000146733  -0.0000006043   0.0000617552
        0.0000615093  -0.0004259172   0.0004732857   0.0001256447   0.0001729768
        0.0000806862   0.0005743687  -0.0032537082   0.0010637404  -0.0043112158
        0.0005325095   0.0000465541  -0.0002327365   0.0004703102   0.0005975307
       -0.0005186837  -0.1073388918  -0.0739445334   0.1814564637  -0.0031703449
       -0.0023004728   0.0065064533  -0.0005574839   0.0002281235   0.0004814219
       -0.0000222963  -0.0000671623  -0.0001231960  -0.0001844590   0.0000074284
        0.0001633702   0.0000082181   0.0000191965  -0.0000045987   0.0000092197
       -0.0000846331   0.0000181555  -0.0000150270  -0.0000204418   0.0000568333
        0.0000060958  -0.0000144172   0.0000235442  -0.0000293157   0.0000347826
        0.0000389954  -0.0000725744   0.0000537076   0.0000895827  -0.0000113041
       -0.0005379974   0.0002106037   0.0000359442   0.0000024102  -0.0002547505
       -0.0103621984  -0.0139313419  -0.0130056042  -0.0696197988  -0.0684783800
       -0.0253172677   0.0052047702   0.0194882622   0.0068778425   0.0008717319
        0.0010239473  -0.0002697105  -0.0000037928  -0.0000993326  -0.0000159511
        0.0000636560   0.0000170258  -0.0000115378   0.0003559790   0.0010112855
        0.0003303093  -0.0029185252   0.0020045676   0.0007909615   0.0001578058
       -0.0004652546  -0.0002707927   0.0003854356  -0.0000123399   0.0004530806
       -0.0000551101  -0.0008645363  -0.0007043100  -0.0007485005   0.0019737469
       -0.0022650240  -0.0081204140  -0.0211894920  -0.0031703449   0.0851831077
        0.0798148324   0.0361737920   0.0004092563   0.0002333519   0.0002198723
       -0.0003175830  -0.0004275859   0.0001476720  -0.0000992259  -0.0001363089
       -0.0000464247   0.0000123946   0.0000260737   0.0000653991   0.0000166700
       -0.0000115273   0.0000954856   0.0000511611  -0.0000629991   0.0000281221
        0.0000390085  -0.0000165313  -0.0000029430   0.0000268845  -0.0000693282
        0.0000309123  -0.0002548065   0.0001947625   0.0000382375  -0.0001692576
       -0.0000619433  -0.0001502220  -0.0001086485   0.0000390456  -0.0000215541
        0.0006662201   0.0040566009   0.0001390379  -0.0736211121  -0.2127951052
       -0.0693313718  -0.0019880166  -0.0222880695  -0.0067962457  -0.0008077712
        0.0007414985   0.0002610704  -0.0001466642   0.0000141191   0.0001326071
       -0.0000771901  -0.0000166516   0.0000259215  -0.0005039081  -0.0010832690
       -0.0005610562   0.0041287104  -0.0020164822  -0.0005652245  -0.0001477752
        0.0000910233  -0.0004456291   0.0000353216   0.0004077463   0.0002001030
        0.0000334157   0.0004771605   0.0001437233   0.0004470288   0.0006400930
        0.0009976114  -0.0089275440  -0.0156807539  -0.0023004728   0.0798148324
        0.2463201663   0.0777086470  -0.0000320198   0.0000417711   0.0002188371
        0.0004908947   0.0005541286  -0.0001779677  -0.0000025609  -0.0001178825
        0.0001568696   0.0000178944  -0.0000450695   0.0000545764  -0.0000710912
        0.0001175012   0.0000539685   0.0000596705   0.0001067552  -0.0000465858
       -0.0000109461   0.0000778951   0.0000254029  -0.0000376034  -0.0000074928
       -0.0000396431   0.0003327277  -0.0001835577  -0.0001012880   0.0002397496
        0.0003894230  -0.0001411767   0.0001077370   0.0001984521   0.0003882851
       -0.0170615316  -0.0226574252  -0.0184802530  -0.0238935821  -0.0657944276
       -0.0701374257  -0.0010052518  -0.0068658127  -0.0013503656  -0.0005361106
       -0.0002594246   0.0000860675   0.0000076165   0.0000303562   0.0000392153
       -0.0000757711   0.0000743292  -0.0000205658  -0.0001364227  -0.0004034824
       -0.0000760213   0.0009346344  -0.0005012101   0.0006247848  -0.0001007815
       -0.0006181387   0.0001115555  -0.0006477641  -0.0012278874   0.0003355094
        0.0002221584  -0.0005675407   0.0000299816  -0.0023149106   0.0024552838
       -0.0036201281   0.0084986530   0.0177309843   0.0065064533   0.0361737920
        0.0777086470   0.0857960111  -0.0004369057   0.0006340794   0.0003628441
        0.0005114963   0.0001785895  -0.0000143621  -0.0000235814  -0.0000112020
       -0.0001688024  -0.0000297637   0.0000203899   0.0000374372  -0.0000289067
        0.0000549968   0.0000411425  -0.0000118465   0.0000046124   0.0000368798
        0.0000057214   0.0000016380   0.0000009155  -0.0000192848  -0.0000235685
       -0.0000046644   0.0000548288   0.0000253512  -0.0000005261  -0.0000581608
       -0.0001373352  -0.0000440941  -0.0000283249   0.0001481974  -0.0000915891
       -0.0044668445   0.0038566107  -0.0000381258  -0.0131338355   0.0042374473
       -0.0183914090  -0.0951941698   0.0137330286  -0.0897908590   0.0063958580
       -0.0024060027   0.0159487999   0.0010539673  -0.0005467958   0.0010535387
       -0.0001274294   0.0000623239  -0.0000191502   0.0008280617   0.0004908133
        0.0007584935  -0.0060838152  -0.0034900972  -0.0120074813  -0.0001090976
       -0.0000620818  -0.0001924987  -0.0001188826  -0.0000660651   0.0003458786
       -0.0005386242   0.0002697285  -0.0011247147   0.0000654158   0.0002531229
        0.0003070218  -0.0003069848  -0.0001081200  -0.0005574839   0.0004092563
       -0.0000320198  -0.0004369057   0.1134378443  -0.0129591024   0.1017169157
        0.0005572507   0.0002405745  -0.0000262646  -0.0017824219  -0.0014130667
        0.0032319343  -0.0004620344  -0.0000235840   0.0000002771  -0.0000155823
       -0.0000363168  -0.0000466932  -0.0000542023  -0.0000301897   0.0000585380
       -0.0001576318  -0.0000794560  -0.0000331338   0.0003056787  -0.0000300899
       -0.0000086489  -0.0002421652   0.0001645123   0.0000724800  -0.0001227984
        0.0001698940  -0.0001739353  -0.0001368126  -0.0021950682  -0.0006465733
        0.0040201954  -0.0023206900  -0.0000229170   0.0100972151  -0.0032451791
        0.0138520623   0.0124514596  -0.0435908199   0.0203382397   0.0032065932
       -0.0010841823   0.0121672685   0.0000783200   0.0004245803  -0.0006473472
        0.0001273947  -0.0001114062  -0.0000618558  -0.0011642078   0.0010286345
       -0.0008410578  -0.0144071628  -0.0034055360  -0.0246520947  -0.0003684601
        0.0002671021  -0.0003529105   0.0000915473   0.0000879809  -0.0001133230
        0.0005784256  -0.0001449437   0.0008749360   0.0000348153  -0.0003396309
        0.0001875467  -0.0001308664   0.0003502898   0.0002281235   0.0002333519
        0.0000417711   0.0006340794  -0.0129591024   0.0570561911  -0.0224668812
        0.0004221003   0.0000584476   0.0002429080  -0.0013867959  -0.0004441142
        0.0019105032   0.0001065009   0.0002328849  -0.0000515443   0.0001325729
       -0.0002276780   0.0000071166  -0.0000371831  -0.0000636417  -0.0000378466
       -0.0000803645  -0.0001327006   0.0001900355   0.0004711011  -0.0005512502
        0.0004385376  -0.0000475858   0.0001286802   0.0001398892   0.0000916645
        0.0007431567  -0.0001878075  -0.0015615292  -0.0047579465  -0.0017756605
        0.0007871548  -0.0003818348   0.0016678234  -0.0009143401   0.0004852551
       -0.0004574784  -0.0902031839   0.0221356977  -0.1960962838  -0.0064439017
        0.0047106875  -0.0250916834  -0.0009613976   0.0001002974   0.0002461013
        0.0001084168  -0.0002351985  -0.0004249995  -0.0000877322   0.0005397574
        0.0002175319  -0.0076876541  -0.0041438319  -0.0110660024  -0.0003867782
       -0.0001315771   0.0000804040   0.0001568135  -0.0001988531   0.0001088712
        0.0002667530  -0.0002021992   0.0001347091   0.0002262526  -0.0000202600
       -0.0000208322   0.0000678093  -0.0002334188   0.0004814219   0.0002198723
        0.0002188371   0.0003628441   0.1017169157  -0.0224668812   0.2313430168
       -0.0004091681  -0.0001062744   0.0006035738   0.0030891160   0.0022924769
       -0.0037199465   0.0009615891  -0.0001950183   0.0003243519  -0.0002339593
        0.0000256936   0.0003538845  -0.0000331146   0.0000396126  -0.0000781356
       -0.0000681228   0.0001948696   0.0001759658   0.0004525435  -0.0006078184
        0.0003555115   0.0000750509   0.0002776702   0.0001445837   0.0002078952
        0.0002715504   0.0004960092  -0.0009068303  -0.0023692400  -0.0001412423
        0.0001352030   0.0003358388   0.0001093985   0.0002005245  -0.0011750482
       -0.0004129661  -0.0087398715  -0.0186629624  -0.0029884424  -0.0620740108
       -0.0592955677  -0.0186090869   0.0052791580   0.0215577381   0.0064373433
       -0.0032839434   0.0029264521   0.0002409409  -0.0000403777   0.0000374522
       -0.0000109868  -0.0025211187  -0.0017401678   0.0032249712   0.0000189615
       -0.0000470021   0.0000259829  -0.0006979068  -0.0002101992  -0.0004386975
       -0.0001826661  -0.0000943400   0.0000108321  -0.0001360233  -0.0001184458
       -0.0000160270   0.0003137884   0.0001080367  -0.0000222963  -0.0003175830
        0.0004908947   0.0005114963   0.0005572507   0.0004221003  -0.0004091681
        0.0756123319   0.0703773537   0.0200401872  -0.0055121406  -0.0154498584
       -0.0083891274   0.0007417745   0.0000099094   0.0001575174   0.0005718373
        0.0001742834  -0.0000617176   0.0002570177   0.0012465670   0.0003137127
       -0.0001519905  -0.0000085600   0.0000099899   0.0000007380   0.0000165694
        0.0000146907   0.0000890072   0.0000487929   0.0000086534  -0.0002939223
       -0.0011975876  -0.0000426124   0.0001739621   0.0002477506   0.0002954120
       -0.0000171813   0.0002662503   0.0000368291   0.0005864399   0.0008256814
       -0.0004304077  -0.0070794564  -0.0141816096  -0.0013862706  -0.0603068525
       -0.2238992480  -0.0517466698  -0.0026973922  -0.0207966208  -0.0064573363
        0.0043850076  -0.0020731345  -0.0003411220   0.0000875506   0.0004317282
       -0.0000622913  -0.0021954474  -0.0003615390   0.0025952567  -0.0003568656
        0.0000767572  -0.0000633508  -0.0004215073  -0.0001608924  -0.0003297968
        0.0000032287  -0.0001745755  -0.0000886091   0.0001724932  -0.0004264062
        0.0000217956   0.0003243552  -0.0000206218  -0.0000671623  -0.0004275859
        0.0005541286   0.0001785895   0.0002405745   0.0000584476  -0.0001062744
        0.0703773537   0.2620386681   0.0610652335  -0.0022286023  -0.0017542364
       -0.0031995481  -0.0004591409   0.0003685547   0.0002304045  -0.0001756448
        0.0005025698  -0.0002304529  -0.0002978322  -0.0011802106  -0.0001990147
        0.0001633914   0.0002251027   0.0003059938   0.0000372061   0.0000590929
        0.0000476229   0.0000928549   0.0002176218   0.0000649231  -0.0001449076
       -0.0007540552  -0.0001134902   0.0003379605   0.0001585470   0.0002751485
       -0.0000850289   0.0000714546   0.0000854739  -0.0002854030   0.0003753888
        0.0007184281   0.0082045408   0.0184570654   0.0040083367  -0.0185490113
       -0.0505437605  -0.0602142195  -0.0004148398  -0.0031187929  -0.0004606030
        0.0009317557  -0.0005675721   0.0004987802  -0.0000628133  -0.0000854654
       -0.0000481404   0.0025642511   0.0013424166  -0.0020927449  -0.0001025834
       -0.0001544816   0.0003622103  -0.0004075999  -0.0003696143  -0.0002391417
       -0.0000284491  -0.0000053491  -0.0001390830   0.0002051911   0.0001445455
       -0.0006338928  -0.0001541099   0.0001113342  -0.0001231960   0.0001476720
       -0.0001779677  -0.0000143621  -0.0000262646   0.0002429080   0.0006035738
        0.0200401872   0.0610652335   0.0695421376  -0.0127289700  -0.0278323604
       -0.0127942385  -0.0000337611   0.0005095577   0.0003181411   0.0000901103
       -0.0002652277  -0.0001229673   0.0000045865  -0.0003835633   0.0001571472
        0.0001011389   0.0002095215   0.0002573065   0.0000005076  -0.0000123628
        0.0000685356   0.0000348067   0.0000324947   0.0000870116   0.0003785026
        0.0009093366   0.0003099286   0.0001755839   0.0000452606  -0.0001344221
       -0.0021509778   0.0001604949   0.0012127596   0.0002167952   0.0001135615
       -0.0003196959   0.0071458393  -0.0020678804   0.0167067258  -0.0870115997
        0.0052156579  -0.0893568328  -0.0159634742   0.0050222130  -0.0218798540
        0.0007401509  -0.0008886532  -0.0002111954  -0.0000001755  -0.0000022180
       -0.0000749372   0.0007154351   0.0003451549   0.0004479628   0.0001755546
        0.0000212151   0.0001051078   0.0001394105   0.0009271759  -0.0003389704
       -0.0001285061  -0.0000740634   0.0001815504  -0.0004626173  -0.0001766460
        0.0000231727  -0.0000173467  -0.0000780662  -0.0001844590  -0.0000992259
       -0.0000025609  -0.0000235814  -0.0017824219  -0.0013867959   0.0030891160
       -0.0055121406  -0.0022286023  -0.0127289700   0.1077280046  -0.0084901585
        0.1031221582  -0.0043922967   0.0039883846   0.0000767143   0.0003411896
       -0.0002789352  -0.0004246460   0.0001149869  -0.0003395651   0.0000720849
        0.0003066214   0.0003731244   0.0003799092  -0.0001230461  -0.0000684977
        0.0001332914   0.0000441754   0.0000122114   0.0000277734   0.0000071357
        0.0000784044   0.0000160516  -0.0000314706  -0.0001749551  -0.0000512360
        0.0008557237  -0.0000145387  -0.0007766761   0.0004290447   0.0000429003
       -0.0000418146   0.0039620797  -0.0009545876   0.0114383040   0.0049793691
       -0.0461565977   0.0118764202   0.0110974550  -0.0023195854   0.0160379573
        0.0004810057   0.0008751788   0.0009894196  -0.0000019809  -0.0003099324
        0.0000485306   0.0005559017   0.0006885498   0.0009317501   0.0002466275
       -0.0000180325   0.0000226401   0.0005310777   0.0001876044   0.0002065341
        0.0000503102  -0.0000598854  -0.0000303619  -0.0001629807   0.0002442584
       -0.0000210920  -0.0000014761   0.0000080599   0.0000074284  -0.0001363089
       -0.0001178825  -0.0000112020  -0.0014130667  -0.0004441142   0.0022924769
       -0.0154498584  -0.0017542364  -0.0278323604  -0.0084901585   0.0522198535
       -0.0143244471   0.0036347441  -0.0021531605   0.0001990953  -0.0005668722
        0.0004633145   0.0000643717  -0.0001793695   0.0001515138  -0.0001091776
        0.0001006539  -0.0003373505  -0.0004912138  -0.0000602472   0.0000415761
       -0.0002496624   0.0000237877  -0.0000021069  -0.0000059790   0.0000262133
       -0.0000161673  -0.0002117348  -0.0005116748  -0.0002646313  -0.0000092064
       -0.0005251357  -0.0001905437   0.0012350211  -0.0010614251   0.0002603250
       -0.0006545290  -0.0064513356   0.0037392733  -0.0254611316  -0.0896265730
        0.0126551004  -0.2170565004  -0.0025426430   0.0012834924  -0.0001103591
        0.0004760921  -0.0001723381   0.0003916012  -0.0001179512   0.0002285529
       -0.0000856734  -0.0006642677  -0.0009065661   0.0008889669  -0.0002187491
       -0.0003879467   0.0002237156   0.0019991254  -0.0011712061   0.0001323788
       -0.0000165333   0.0000645406   0.0000418048   0.0006114766   0.0003766319
       -0.0002785106  -0.0003061373  -0.0000128451   0.0001633702  -0.0000464247
        0.0001568696  -0.0001688024   0.0032319343   0.0019105032  -0.0037199465
       -0.0083891274  -0.0031995481  -0.0127942385   0.1031221582  -0.0143244471
        0.2545811289  -0.0001552520   0.0000211143   0.0008665184   0.0001590968
       -0.0002105712   0.0005541484   0.0001311048  -0.0002099887   0.0000961159
        0.0000839899   0.0001598218   0.0003785169   0.0001161995  -0.0001859170
        0.0001356363   0.0000290700  -0.0000022820   0.0000849655  -0.0001450946
       -0.0003169774   0.0002501277   0.0003064021   0.0004349518   0.0003056750
       -0.0000415016  -0.0000602335   0.0002854513   0.0000934930   0.0000523591
       -0.0001828228   0.0004978991   0.0000557363  -0.0014763174  -0.0161867444
        0.0050002445  -0.0216654617  -0.0970228076   0.0041603190  -0.0916735899
       -0.0050808069  -0.0023087447  -0.0103445794   0.0001673515   0.0003898610
       -0.0007215716  -0.0002737762  -0.0001716882   0.0001013476  -0.0000319234
       -0.0000665775   0.0000215790   0.0002391309  -0.0001446869  -0.0000599287
        0.0000322856  -0.0000315660   0.0000398427   0.0000640112   0.0000348454
        0.0000290107   0.0000347615  -0.0000533472   0.0000082181   0.0000123946
        0.0000178944  -0.0000297637  -0.0004620344   0.0001065009   0.0009615891
        0.0007417745  -0.0004591409  -0.0000337611  -0.0043922967   0.0036347441
       -0.0001552520   0.1124988457  -0.0065966791   0.1074387150   0.0083978145
       -0.0017945116   0.0170809070   0.0004718843   0.0004589991   0.0004808824
       -0.0000779007  -0.0021079771  -0.0007645821   0.0000257369  -0.0003779901
        0.0004288961   0.0001389116   0.0001706992   0.0001329532   0.0000071753
        0.0000316888  -0.0000212113   0.0001463220   0.0000592510   0.0001194495
       -0.0000030624   0.0000002784  -0.0001828497  -0.0001039032   0.0000082488
        0.0001206877  -0.0004424315   0.0003713524   0.0002625959   0.0118171186
       -0.0030052484   0.0159303938   0.0038930286  -0.0433247273   0.0090700740
       -0.0142288664  -0.0030901407  -0.0254311976   0.0002150714   0.0008597498
       -0.0008308541  -0.0001270609  -0.0000117389   0.0000519910  -0.0001947553
        0.0002305692  -0.0000619627  -0.0001396769   0.0000999227   0.0000416472
        0.0000712325   0.0000509593  -0.0000127407   0.0001633029  -0.0002231560
        0.0000886030  -0.0000368955   0.0000079820   0.0000191965   0.0000260737
       -0.0000450695   0.0000203899  -0.0000235840   0.0002328849  -0.0001950183
        0.0000099094   0.0003685547   0.0005095577   0.0039883846  -0.0021531605
        0.0000211143  -0.0065966791   0.0540161173  -0.0096935017   0.0041662941
        0.0002720277   0.0122573396  -0.0001919483   0.0007972439  -0.0002350899
       -0.0024703674  -0.0052636216  -0.0022230520  -0.0000671052  -0.0001391191
        0.0004400312   0.0001556438   0.0001269708   0.0000253333   0.0000039444
        0.0000119544  -0.0000157081   0.0001163321  -0.0001988342   0.0000230199
        0.0000358565   0.0000122742   0.0001256812  -0.0000644191  -0.0000573442
       -0.0000927456   0.0007422671  -0.0005176678   0.0007962878  -0.0017779483
        0.0016363971  -0.0003087205  -0.0913963982   0.0099931701  -0.2104537616
       -0.0061866640  -0.0037722506  -0.0106916273   0.0003249240   0.0006213055
        0.0006983195  -0.0000410116  -0.0000166387  -0.0000939727  -0.0002569987
       -0.0000783365   0.0002811678  -0.0000029708  -0.0000949839  -0.0000584782
        0.0000365082  -0.0000329469   0.0000479192   0.0001788174   0.0000188684
       -0.0002603069   0.0001103019   0.0000039949  -0.0000045987   0.0000653991
        0.0000545764   0.0000374372   0.0000002771  -0.0000515443   0.0003243519
        0.0001575174   0.0002304045   0.0003181411   0.0000767143   0.0001990953
        0.0008665184   0.1074387150  -0.0096935017   0.2462308490  -0.0092274774
        0.0038763367  -0.0283536470   0.0001785307   0.0001084912   0.0000970800
       -0.0008439197  -0.0025617266  -0.0000331458  -0.0000632808  -0.0000978611
        0.0005361766   0.0002711033   0.0002014089  -0.0000134730   0.0000531734
       -0.0000011052   0.0001093245   0.0001909832   0.0000195844  -0.0001047770
       -0.0000253248   0.0000069180  -0.0001222677  -0.0010244494  -0.0005432559
        0.0010824568  -0.0032652670   0.0035374235   0.0001500675  -0.0189279795
       -0.0054655560   0.0178417756  -0.1333928362  -0.0488940273   0.0932870025
       -0.0067827830  -0.0066057750   0.0066965969   0.0000240944  -0.0023891700
       -0.0008124179   0.0002767690   0.0001427873  -0.0002027624  -0.0001209636
       -0.0000941950  -0.0001000575  -0.0001445961  -0.0000434284   0.0001079398
        0.0000293846  -0.0000523848   0.0000181913   0.0001176514   0.0000874644
        0.0000153955  -0.0002525686   0.0001973166   0.0000092197   0.0000166700
       -0.0000710912  -0.0000289067  -0.0000155823   0.0001325729  -0.0002339593
        0.0005718373  -0.0001756448   0.0000901103   0.0003411896  -0.0005668722
        0.0001590968   0.0083978145   0.0041662941  -0.0092274774   0.1539392905
        0.0562222898  -0.1092051389   0.0004221981   0.0003032146  -0.0000603614
       -0.0000952142   0.0001923855   0.0001721729  -0.0000076038   0.0000349379
       -0.0001114909  -0.0003177563  -0.0001921559   0.0004303288   0.0001617357
        0.0000495518  -0.0000253019   0.0000742898   0.0000204002   0.0000697877
       -0.0001598534   0.0000684485   0.0001106621   0.0008593443   0.0001613611
       -0.0006353583   0.0028747418  -0.0014087666  -0.0003288382   0.0119744639
        0.0048035910  -0.0117262292  -0.0492473498  -0.0698128313   0.0530685624
       -0.0182129170  -0.0136686786   0.0178171009  -0.0019261140  -0.0054540209
       -0.0018412351   0.0001282583  -0.0000028352  -0.0001236561  -0.0003153065
        0.0001835555   0.0000561355   0.0000676433   0.0000097810  -0.0000365169
        0.0000910881   0.0000627823  -0.0000362065   0.0002785677  -0.0001122764
       -0.0001763398   0.0002840736  -0.0001369580  -0.0000846331  -0.0000115273
        0.0001175012   0.0000549968  -0.0000363168  -0.0002276780   0.0000256936
        0.0001742834   0.0005025698  -0.0002652277  -0.0002789352   0.0004633145
       -0.0002105712  -0.0017945116   0.0002720277   0.0038763367   0.0562222898
        0.0837919407  -0.0608883944  -0.0000502013   0.0001052379   0.0004186251
        0.0000851871   0.0008080004   0.0003807288   0.0000585695   0.0000578397
       -0.0003438217  -0.0012274832  -0.0006696772   0.0009548893   0.0000649877
        0.0001165914  -0.0000543760   0.0000970177  -0.0000308204  -0.0000123270
        0.0001102355  -0.0000569135   0.0002077537   0.0001535859   0.0001445646
       -0.0000890896   0.0008300119  -0.0008917419   0.0005583958   0.0035133131
        0.0004832722  -0.0029387621   0.0927920534   0.0521860574  -0.1457475003
       -0.0035578466  -0.0018763929   0.0042833656  -0.0005117062  -0.0007972788
        0.0004909208  -0.0000224045  -0.0000145012   0.0000132073  -0.0000450726
       -0.0000306365   0.0004677951  -0.0000487024  -0.0000021352  -0.0000571439
       -0.0000247421   0.0000063529   0.0000823070   0.0000189695   0.0000317368
       -0.0003621801   0.0001087784  -0.0000163192   0.0000181555   0.0000954856
        0.0000539685   0.0000411425  -0.0000466932   0.0000071166   0.0003538845
       -0.0000617176  -0.0002304529  -0.0001229673  -0.0004246460   0.0000643717
        0.0005541484   0.0170809070   0.0122573396  -0.0283536470  -0.1092051389
       -0.0608883944   0.1692242697  -0.0002634750   0.0002628134   0.0000716453
       -0.0003394010  -0.0003016923   0.0006323614  -0.0000102195  -0.0001963963
        0.0002683655  -0.0000216031  -0.0001207398   0.0002806074  -0.0000563036
       -0.0000404396   0.0001677907  -0.0000636682  -0.0000335590  -0.0000448262
       -0.0001782179   0.0000295025   0.0000074839   0.0001575906  -0.0000737000
       -0.0000314412   0.0001973648  -0.0002729778  -0.0001198267   0.0004999224
       -0.0012240398  -0.0004860400   0.0052326731  -0.0038054571  -0.0004244783
       -0.1779714108   0.1053377434   0.0089203098  -0.0191244678   0.0110346703
        0.0032244038  -0.0030123179  -0.0019133802   0.0035080612  -0.0004921106
       -0.0000329349  -0.0000504329   0.0000408289  -0.0001015365   0.0000463148
        0.0000925608   0.0000138884   0.0000682812   0.0004034455  -0.0000434413
        0.0000900627   0.0001269623  -0.0000383276  -0.0000150270   0.0000511611
        0.0000596705  -0.0000118465  -0.0000542023  -0.0000371831  -0.0000331146
        0.0002570177  -0.0002978322   0.0000045865   0.0001149869  -0.0001793695
        0.0001311048   0.0004718843  -0.0001919483   0.0001785307   0.0004221981
       -0.0000502013  -0.0002634750   0.2081032964  -0.1211004329  -0.0110179694
       -0.0155590863   0.0118839144  -0.0037931850   0.0007561904   0.0002683589
       -0.0003667052  -0.0001498657   0.0000468463  -0.0002517598  -0.0009064706
        0.0008817743   0.0004125161   0.0005200668  -0.0001936063   0.0002736461
       -0.0000385833   0.0000318296   0.0000484941  -0.0000543785   0.0001498492
        0.0000057731  -0.0002089188   0.0001659169   0.0001457866  -0.0018411118
       -0.0056654512  -0.0017675746   0.0206333690  -0.0210818780  -0.0019037677
        0.1049521227  -0.1252339492  -0.0082956739  -0.0066590329   0.0053911732
        0.0005778552  -0.0013372020   0.0001959217   0.0012522765  -0.0001079422
        0.0001357486   0.0001844162  -0.0000925014   0.0000137851  -0.0001075389
        0.0000151804   0.0000383288  -0.0000753562   0.0001132589  -0.0001834425
       -0.0001794788   0.0000560607   0.0000600766  -0.0000204418  -0.0000629991
        0.0001067552   0.0000046124  -0.0000301897  -0.0000636417   0.0000396126
        0.0012465670  -0.0011802106  -0.0003835633  -0.0003395651   0.0001515138
       -0.0002099887   0.0004589991   0.0007972439   0.0001084912   0.0003032146
        0.0001052379   0.0002628134  -0.1211004329   0.1466191990   0.0085955453
        0.0049810849  -0.0015117124   0.0016381704  -0.0000929717   0.0002781148
       -0.0002575399  -0.0002980604   0.0004475506   0.0001653026  -0.0004389331
        0.0003112568   0.0001660869  -0.0000570345  -0.0000792161   0.0000056871
       -0.0000130341   0.0000076064  -0.0001203625  -0.0000652944   0.0000353289
        0.0000645327  -0.0001009020   0.0001635645   0.0002129301  -0.0004124863
       -0.0015106796   0.0000438210   0.0057859188  -0.0062515131  -0.0004204997
        0.0092516721  -0.0084633847  -0.0466904415   0.0174839753  -0.0103938589
       -0.0023757644   0.0029413051   0.0013295993  -0.0023460806  -0.0000876163
        0.0001213741  -0.0000421262  -0.0000420398   0.0000166284   0.0000428259
       -0.0000222517   0.0000202725   0.0001446943   0.0000890786  -0.0000517790
        0.0001024805   0.0000229324  -0.0000406120   0.0000568333   0.0000281221
       -0.0000465858   0.0000368798   0.0000585380  -0.0000378466  -0.0000781356
        0.0003137127  -0.0001990147   0.0001571472   0.0000720849  -0.0001091776
        0.0000961159   0.0004808824  -0.0002350899   0.0000970800  -0.0000603614
        0.0004186251   0.0000716453  -0.0110179694   0.0085955453   0.0526360265
       -0.0255345929   0.0180540309  -0.0022049409   0.0002105763  -0.0005959819
        0.0003670249  -0.0002562283  -0.0002149771   0.0002432574   0.0008516571
       -0.0006585835  -0.0000445521   0.0000223208   0.0000465088  -0.0000503914
       -0.0000515101  -0.0000307917   0.0000279535  -0.0001208030   0.0000435112
        0.0000843076   0.0000024958   0.0001486107   0.0000789603   0.0006271754
        0.0004363009   0.0004970108  -0.0053384325  -0.0024634384  -0.0100858618
       -0.0840882731   0.0045217697  -0.0838276698   0.0066934831  -0.0015691782
        0.0176399073   0.0009608508  -0.0004407154   0.0006537147   0.0000028100
        0.0000476718   0.0001209319  -0.0000223551   0.0000296297  -0.0000010029
        0.0000258097   0.0000195885   0.0000602249   0.0001378112  -0.0000075441
       -0.0000943237   0.0000848873  -0.0000017636   0.0000060958   0.0000390085
       -0.0000109461   0.0000057214  -0.0001576318  -0.0000803645  -0.0000681228
       -0.0001519905   0.0001633914   0.0001011389   0.0003066214   0.0001006539
        0.0000839899  -0.0000779007  -0.0024703674  -0.0008439197  -0.0000952142
        0.0000851871  -0.0003394010  -0.0155590863   0.0049810849  -0.0255345929
        0.0983619919  -0.0025678895   0.0977928660  -0.0018968284  -0.0013677300
        0.0035853585   0.0005877943   0.0003630981   0.0000522195   0.0000304722
        0.0000090931  -0.0000615786  -0.0003011858   0.0000611379   0.0000660725
       -0.0001130211  -0.0000264064   0.0001828237  -0.0000127684  -0.0001286570
       -0.0000551125   0.0001640972  -0.0000207240  -0.0001969748  -0.0007991075
        0.0008323001  -0.0006243790  -0.0134681620  -0.0033736175  -0.0257328585
        0.0045905232  -0.0447394228   0.0049594724   0.0030612682  -0.0009909996
        0.0112024122   0.0000922633   0.0003540533  -0.0005240635  -0.0001881777
       -0.0002255417   0.0002036786   0.0000735530  -0.0001325918  -0.0001117287
        0.0000210481   0.0000159277  -0.0000796023   0.0002423759   0.0001202125
       -0.0002918615  -0.0000025751   0.0000704624  -0.0000144172  -0.0000165313
        0.0000778951   0.0000016380  -0.0000794560  -0.0001327006   0.0001948696
       -0.0000085600   0.0002251027   0.0002095215   0.0003731244  -0.0003373505
        0.0001598218  -0.0021079771  -0.0052636216  -0.0025617266   0.0001923855
        0.0008080004  -0.0003016923   0.0118839144  -0.0015117124   0.0180540309
       -0.0025678895   0.0543227913  -0.0073744768  -0.0018262650  -0.0002304227
        0.0022302576   0.0002551176   0.0001197551   0.0006066505   0.0000980486
       -0.0000778846  -0.0000003403   0.0001427714   0.0002451526  -0.0001359429
        0.0000577391   0.0000628716   0.0000540516  -0.0001329629   0.0000916418
       -0.0001219224   0.0001457780  -0.0002064523  -0.0001105511  -0.0000047734
        0.0005660952   0.0000704674  -0.0064037031  -0.0031426364  -0.0104098732
       -0.0839766260   0.0051309325  -0.2241979242  -0.0058291771   0.0038925063
       -0.0242619211  -0.0008262030  -0.0001333903   0.0005626689  -0.0002766578
        0.0001294485   0.0000635916   0.0000158163  -0.0001057295   0.0000107135
       -0.0000260472   0.0000171290   0.0000867131   0.0001336802  -0.0001879070
        0.0000265995  -0.0000236844  -0.0000222086   0.0000235442  -0.0000029430
        0.0000254029   0.0000009155  -0.0000331338   0.0001900355   0.0001759658
        0.0000099899   0.0003059938   0.0002573065   0.0003799092  -0.0004912138
        0.0003785169  -0.0007645821  -0.0022230520  -0.0000331458   0.0001721729
        0.0003807288   0.0006323614  -0.0037931850   0.0016381704  -0.0022049409
        0.0977928660  -0.0073744768   0.2612584693   0.0034107978   0.0018453530
       -0.0033434945  -0.0004393317  -0.0001762723   0.0005682389  -0.0002338228
        0.0000855390   0.0003937647   0.0006480835  -0.0002985091   0.0001198844
       -0.0000947732   0.0000941292   0.0001114941  -0.0000103143  -0.0002006171
       -0.0001309468   0.0005863026  -0.0009072898  -0.0003745794   0.0000227833
       -0.0000487673  -0.0000386469   0.0005979443   0.0003826853   0.0004552788
        0.0067233839  -0.0025547717   0.0180067455  -0.0847833202   0.0083953302
       -0.0857129583  -0.0166494908   0.0063803176  -0.0223191005  -0.0006037038
        0.0000246743  -0.0002762088   0.0000575219  -0.0000914370   0.0000457535
        0.0000953629   0.0000114340   0.0000104378   0.0003571315  -0.0002272582
        0.0001669816  -0.0000742412  -0.0000138685  -0.0000293157   0.0000268845
       -0.0000376034  -0.0000192848   0.0003056787   0.0004711011   0.0004525435
        0.0000007380   0.0000372061   0.0000005076  -0.0001230461  -0.0000602472
        0.0001161995   0.0000257369  -0.0000671052  -0.0000632808  -0.0000076038
        0.0000585695  -0.0000102195   0.0007561904  -0.0000929717   0.0002105763
       -0.0018968284  -0.0018262650   0.0034107978   0.1031251361  -0.0117465740
        0.0989235864  -0.0052562349  -0.0017925452  -0.0130178174   0.0003597784
       -0.0002130082  -0.0004007810  -0.0035410169   0.0040248824   0.0004822374
       -0.0001828853  -0.0000618736  -0.0002638030   0.0000639675   0.0001694694
        0.0000325925   0.0008050271   0.0008724052   0.0013994893  -0.0000712404
       -0.0002931548   0.0000497221   0.0005236568   0.0005277933   0.0008533384
        0.0034368719  -0.0011777651   0.0112642168   0.0086774023  -0.0481354234
        0.0193074161   0.0118613561  -0.0039355908   0.0165371269   0.0001138304
        0.0001365010  -0.0000907602   0.0000413284   0.0000469918   0.0000235014
       -0.0000071970   0.0000147037   0.0000137472  -0.0000162249  -0.0000915500
        0.0002047585  -0.0000060805  -0.0000113364   0.0000347826  -0.0000693282
       -0.0000074928  -0.0000235685  -0.0000300899  -0.0005512502  -0.0006078184
        0.0000165694   0.0000590929  -0.0000123628  -0.0000684977   0.0000415761
       -0.0001859170  -0.0003779901  -0.0001391191  -0.0000978611   0.0000349379
        0.0000578397  -0.0001963963   0.0002683589   0.0002781148  -0.0005959819
       -0.0013677300  -0.0002304227   0.0018453530  -0.0117465740   0.0546345672
       -0.0222197227  -0.0144819490  -0.0005154218  -0.0272961773  -0.0005966031
        0.0004641126  -0.0000010306   0.0031790836  -0.0021527671   0.0000253552
        0.0000760392   0.0000150932  -0.0000501591  -0.0000453753   0.0000243372
       -0.0001141007   0.0006779535  -0.0002861719   0.0005512486  -0.0000380550
        0.0001393295  -0.0001438941  -0.0007254599  -0.0005305213   0.0005808808
       -0.0059555107   0.0036647355  -0.0250131510  -0.0853859750   0.0188660028
       -0.2159026777  -0.0026269920   0.0011384834  -0.0000590728  -0.0003484164
        0.0001629132  -0.0001859610   0.0000276974  -0.0000357475   0.0000202723
        0.0000446649  -0.0000399998   0.0000837572   0.0000716437  -0.0002343076
        0.0001559416   0.0000001733  -0.0000787877   0.0000389954   0.0000309123
       -0.0000396431  -0.0000046644  -0.0000086489   0.0004385376   0.0003555115
        0.0000146907   0.0000476229   0.0000685356   0.0001332914  -0.0002496624
        0.0001356363   0.0004288961   0.0004400312   0.0005361766  -0.0001114909
       -0.0003438217   0.0002683655  -0.0003667052  -0.0002575399   0.0003670249
        0.0035853585   0.0022302576  -0.0033434945   0.0989235864  -0.0222197227
        0.2539086882  -0.0084308189  -0.0026441151  -0.0137338302   0.0000798224
       -0.0002161552   0.0005460135  -0.0000512813   0.0000088516   0.0009339577
       -0.0001388916  -0.0000319189  -0.0000990501   0.0002178504   0.0013384388
        0.0004020975  -0.0028615758   0.0031363285   0.0003666194  -0.0000420218
        0.0000181392   0.0000562123  -0.0025088950  -0.0017757639   0.0030749783
       -0.0079719157  -0.0182358987  -0.0037629886  -0.0649061258  -0.0620913751
       -0.0205934401   0.0051004762   0.0202170909   0.0065661398  -0.0001865506
       -0.0000672449  -0.0001132312   0.0000643739   0.0000133259   0.0000374058
        0.0001310977   0.0000899627  -0.0000097004   0.0003778908   0.0000348557
        0.0000835220   0.0001067678   0.0000034897  -0.0000725744  -0.0002548065
        0.0003327277   0.0000548288  -0.0002421652  -0.0000475858   0.0000750509
        0.0000890072   0.0000928549   0.0000348067   0.0000441754   0.0000237877
        0.0000290700   0.0001389116   0.0001556438   0.0002711033  -0.0003177563
       -0.0012274832  -0.0000216031  -0.0001498657  -0.0002980604  -0.0002562283
        0.0005877943   0.0002551176  -0.0004393317  -0.0052562349  -0.0144819490
       -0.0084308189   0.0767918405   0.0720370789   0.0224609972   0.0004805498
        0.0003308787   0.0000882571   0.0007060692   0.0001775592   0.0001978777
        0.0001759634   0.0001401496   0.0001822819  -0.0003784659  -0.0010826556
       -0.0003429719   0.0036311262  -0.0019293627  -0.0003763208   0.0000732276
        0.0003441621   0.0000041161  -0.0020893282  -0.0002826461   0.0021013903
       -0.0064418117  -0.0119293759  -0.0017001637  -0.0619178422  -0.2242106308
       -0.0555069305  -0.0029180338  -0.0198443584  -0.0066489507  -0.0001362184
        0.0005302874   0.0000367332  -0.0000685429   0.0000495895  -0.0000462461
       -0.0000505971   0.0000272232   0.0000232219  -0.0001261654  -0.0003675754
       -0.0001651555  -0.0000729379  -0.0000484707   0.0000537076   0.0001947625
       -0.0001835577   0.0000253512   0.0001645123   0.0001286802   0.0002776702
        0.0000487929   0.0002176218   0.0000324947   0.0000122114  -0.0000021069
       -0.0000022820   0.0001706992   0.0001269708   0.0002014089  -0.0001921559
       -0.0006696772  -0.0001207398   0.0000468463   0.0004475506  -0.0002149771
        0.0003630981   0.0001197551  -0.0001762723  -0.0017925452  -0.0005154218
       -0.0026441151   0.0720370789   0.2584334124   0.0651952798  -0.0001934201
        0.0003942136  -0.0002536042  -0.0005402540   0.0001062229   0.0000650738
        0.0000375062  -0.0000194183  -0.0002127814   0.0000268908  -0.0001435169
        0.0000783021   0.0006339730  -0.0006181100   0.0005634047  -0.0000056407
       -0.0001135863  -0.0000481160   0.0026469458   0.0017251540  -0.0020404950
        0.0073918695   0.0170288970   0.0041798953  -0.0204248519  -0.0550889096
       -0.0630267743  -0.0003369430  -0.0027262434  -0.0007472407   0.0000920239
        0.0001815309  -0.0005183075   0.0000177481   0.0000943320   0.0001179438
        0.0000160890   0.0000090546   0.0001844906  -0.0000010685  -0.0001434667
        0.0005125338  -0.0000414054  -0.0001476260   0.0000895827   0.0000382375
       -0.0001012880  -0.0000005261   0.0000724800   0.0001398892   0.0001445837
        0.0000086534   0.0000649231   0.0000870116   0.0000277734  -0.0000059790
        0.0000849655   0.0001329532   0.0000253333  -0.0000134730   0.0004303288
        0.0009548893   0.0002806074  -0.0002517598   0.0001653026   0.0002432574
        0.0000522195   0.0006066505   0.0005682389  -0.0130178174  -0.0272961773
       -0.0137338302   0.0224609972   0.0651952798   0.0730097244   0.0000590970
       -0.0003552438  -0.0001927925  -0.0000662997   0.0005683289   0.0003897949
       -0.0001390858   0.0000551346  -0.0001093579   0.0009515163   0.0007813963
       -0.0001129177  -0.0080729236  -0.0068110549   0.0070271259  -0.0001603906
       -0.0021437105  -0.0007651691   0.0002051532   0.0001776221  -0.0001191505
       -0.0036937364   0.0035313706   0.0003577284  -0.0181368637  -0.0052137342
        0.0166861925  -0.1417889531  -0.0539039025   0.0954785093  -0.0002793475
        0.0001000032  -0.0000358875  -0.0000706879  -0.0000285348   0.0000002790
       -0.0000517074   0.0000923565   0.0000028560   0.0002280207  -0.0000940369
        0.0001020866   0.0003248475  -0.0000568429  -0.0000113041  -0.0001692576
        0.0002397496  -0.0000581608  -0.0001227984   0.0000916645   0.0002078952
       -0.0002939223  -0.0001449076   0.0003785026   0.0000071357   0.0000262133
       -0.0001450946   0.0000071753   0.0000039444   0.0000531734   0.0001617357
        0.0000649877  -0.0000563036  -0.0009064706  -0.0004389331   0.0008516571
        0.0000304722   0.0000980486  -0.0002338228   0.0003597784  -0.0005966031
        0.0000798224   0.0004805498  -0.0001934201   0.0000590970   0.1628537326
        0.0605201795  -0.1122536434   0.0082760274   0.0038430099  -0.0073841133
        0.0001811948  -0.0000203812  -0.0002602311  -0.0008245837   0.0002303391
        0.0008754356  -0.0180733588  -0.0144901268   0.0171271375  -0.0021264726
       -0.0051006143  -0.0015792216   0.0000731384   0.0000304536  -0.0000468863
        0.0031865559  -0.0016426221  -0.0003109006   0.0118103068   0.0054190994
       -0.0113852829  -0.0530259057  -0.0715991995   0.0516220832   0.0000114065
       -0.0003785135  -0.0005023678  -0.0001589164   0.0000502440  -0.0000447806
       -0.0000797351  -0.0001686730   0.0000802675   0.0001202930  -0.0002811370
        0.0008019325   0.0005305472  -0.0006995115  -0.0005379974  -0.0000619433
        0.0003894230  -0.0001373352   0.0001698940   0.0007431567   0.0002715504
       -0.0011975876  -0.0007540552   0.0009093366   0.0000784044  -0.0000161673
       -0.0003169774   0.0000316888   0.0000119544  -0.0000011052   0.0000495518
        0.0001165914  -0.0000404396   0.0008817743   0.0003112568  -0.0006585835
        0.0000090931  -0.0000778846   0.0000855390  -0.0002130082   0.0004641126
       -0.0002161552   0.0003308787   0.0003942136  -0.0003552438   0.0605201795
        0.0867834187  -0.0597900606  -0.0022233957   0.0002846226   0.0044102865
       -0.0002977467  -0.0000817121  -0.0002990710  -0.0001092758  -0.0000782477
        0.0004621314  -0.0042246265  -0.0026136539   0.0043714793  -0.0002888974
       -0.0008704216   0.0004297472  -0.0001217678  -0.0000505611   0.0000182233
        0.0010243873  -0.0010689284   0.0006181093   0.0032176575   0.0004964414
       -0.0024024586   0.0946504278   0.0524683990  -0.1403297039   0.0000815904
       -0.0003719240   0.0005436719   0.0001658390  -0.0001339941  -0.0000051842
        0.0000678334   0.0000693148  -0.0000904743   0.0001428178   0.0005304693
       -0.0002205402  -0.0001350629   0.0000566562   0.0002106037  -0.0001502220
       -0.0001411767  -0.0000440941  -0.0001739353  -0.0001878075   0.0004960092
       -0.0000426124  -0.0001134902   0.0003099286   0.0000160516  -0.0002117348
        0.0002501277  -0.0000212113  -0.0000157081   0.0001093245  -0.0000253019
       -0.0000543760   0.0001677907   0.0004125161   0.0001660869  -0.0000445521
       -0.0000615786  -0.0000003403   0.0003937647  -0.0004007810  -0.0000010306
        0.0005460135   0.0000882571  -0.0002536042  -0.0001927925  -0.1122536434
       -0.0597900606   0.1605214890   0.0184392852   0.0122514044  -0.0258195431
       -0.0006157934   0.0011009110   0.0001695184   0.0003776495   0.0002418927
        0.0001755273  -0.0051852755  -0.0027986338  -0.0101272870   0.0000782851
        0.0002753863  -0.0006598791  -0.0004347873  -0.0000932215  -0.0000192147
        0.0004809515  -0.0001517153  -0.0009192113  -0.0142231679   0.0057019975
       -0.0201588231  -0.0925614963   0.0051756542  -0.0931050946   0.0002149321
       -0.0003139021   0.0000319263   0.0002529987  -0.0001650935   0.0000339267
        0.0000239850   0.0002032220   0.0001342727   0.0005419560   0.0008725218
        0.0000922269  -0.0000337127  -0.0000888545   0.0000359442  -0.0001086485
        0.0001077370  -0.0000283249  -0.0001368126  -0.0015615292  -0.0009068303
        0.0001739621   0.0003379605   0.0001755839  -0.0000314706  -0.0005116748
        0.0003064021   0.0001463220   0.0001163321   0.0001909832   0.0000742898
        0.0000970177  -0.0000636682   0.0005200668  -0.0000570345   0.0000223208
       -0.0003011858   0.0001427714   0.0006480835  -0.0035410169   0.0031790836
       -0.0000512813   0.0007060692  -0.0005402540  -0.0000662997   0.0082760274
       -0.0022233957   0.0184392852   0.1053058722  -0.0090471789   0.1056499132
        0.0002254942  -0.0014668467  -0.0000597785  -0.0000625870   0.0004037744
       -0.0002411912  -0.0137572362  -0.0027705414  -0.0246457614   0.0001210960
        0.0007847123  -0.0009586476  -0.0001861552  -0.0000284590   0.0000523032
       -0.0006048323   0.0003900013   0.0002377769   0.0108905761  -0.0030423829
        0.0157981020   0.0044564217  -0.0434994549   0.0126955243   0.0003699619
       -0.0015902267   0.0000090018  -0.0000843232  -0.0006265262   0.0000649782
       -0.0000208559  -0.0000605424  -0.0000575462   0.0017972829   0.0003041516
        0.0001879156  -0.0000070713  -0.0000822548   0.0000024102   0.0000390456
        0.0001984521   0.0001481974  -0.0021950682  -0.0047579465  -0.0023692400
        0.0002477506   0.0001585470   0.0000452606  -0.0001749551  -0.0002646313
        0.0004349518   0.0000592510  -0.0001988342   0.0000195844   0.0000204002
       -0.0000308204  -0.0000335590  -0.0001936063  -0.0000792161   0.0000465088
        0.0000611379   0.0002451526  -0.0002985091   0.0040248824  -0.0021527671
        0.0000088516   0.0001775592   0.0001062229   0.0005683289   0.0038430099
        0.0002846226   0.0122514044  -0.0090471789   0.0577758138  -0.0139068671
       -0.0002128635   0.0006825478   0.0000895512  -0.0001667988   0.0001058020
       -0.0003428570  -0.0059018232  -0.0036764672  -0.0105134749   0.0004897953
        0.0006243659   0.0009351976  -0.0001598074   0.0000474625  -0.0001321791
        0.0004192768  -0.0005438063   0.0010021227  -0.0020759773   0.0020253984
        0.0003663890  -0.0922202377   0.0127859251  -0.2236396337  -0.0004511935
       -0.0003509560  -0.0018072855   0.0000147238  -0.0000945587   0.0002102533
        0.0000521236   0.0000947635   0.0001268459   0.0012112720  -0.0010714351
        0.0012825258  -0.0000494095   0.0000181060  -0.0002547505  -0.0000215541
        0.0003882851  -0.0000915891  -0.0006465733  -0.0017756605  -0.0001412423
        0.0002954120   0.0002751485  -0.0001344221  -0.0000512360  -0.0000092064
        0.0003056750   0.0001194495   0.0000230199  -0.0001047770   0.0000697877
       -0.0000123270  -0.0000448262   0.0002736461   0.0000056871  -0.0000503914
        0.0000660725  -0.0001359429   0.0001198844   0.0004822374   0.0000253552
        0.0009339577   0.0001978777   0.0000650738   0.0003897949  -0.0073841133
        0.0044102865  -0.0258195431   0.1056499132  -0.0139068671   0.2573147744
