           1           2  0.96886024377489166     
           2           3   1.0070282121929801     
           3           4   1.0254251592072732     
           4           5   1.5847767989783881     
           5           6   1.2848723531598190     
           6           7   1.5323566482729252     
           7           8   1.1458865195595918     
           8           9   1.5038998209598695     
           9          10   1.2853922002268572     
          10          11   1.0271507093287009     
          10          12   1.4876107825586631     
          12          13   1.1126695316047115     
          13          14   1.4755158403198581     
          14          15   1.3355585636414915     
          15          16   1.4757984099864276     
          16          17   1.0972080605274634     
          17          18   1.5180883225883526     
          18          19   1.0262548869232799     
          18          20   1.2528817317901759     
          17          21  0.10424442999850558     
          20          21   1.6267613780297394     
          17          22   1.1234520518512254     
          21          22   1.1882562811940449     
          16          23   1.1724837395210308     
          23          24   1.4450831838467428     
          23          25  0.10005273532342661     
          24          25   1.3636302704747549     
          24          26  0.15413846452154367     
          25          26   1.3710224148626722     
          13          27   1.1619413624000192     
          23          27   1.1371192208007059     
          25          27  0.10424999818973041     
          26          27   1.4454244945940724     
           8          28   1.1124380759415819     
          12          28   1.1087166852872248     
           4          29   1.1480723947467886     
           7          29   1.0948858401756152     
           1          31  0.87342257344955387     
           1          32  0.88112345932675118     
           1          33  0.88473297261561690     
           2          34  0.96134299294984127     
           2          35  0.96337636100101065     
           3          36  0.93919840391323361     
           3          37  0.95260654528868771     
           5          38  0.96253138953449813     
           6          39  0.96149975377222230     
           9          40  0.95930571182027990     
          11          41  0.95964145502051079     
          11          42  0.97676929471066376     
          11          43  0.97968555278685887     
          14          44  0.96527435482532886     
          15          45  0.96489219408654692     
          19          46  0.97907422288526536     
          19          47  0.96431600206973078     
          19          48  0.97861318425403832     
          20          49  0.96244625767002545     
          21          50  0.96376438514143559     
