           1           2  0.91941138469969341     
           2           3   1.0002757138400322     
           3           4   1.0021618534661834     
           4           5   1.9921791398147899     
           1           6  0.91241981693185381     
           1           7  0.90958787170475874     
           1           8  0.90967994194707824     
           2           9  0.96658407515483746     
           2          10  0.96729126502830287     
           3          11  0.97004141429268942     
           3          12  0.96167269374060060     
           4          13  0.96455209939316333     
           5          14  0.97230851547392505     
           5          15  0.97159948695546872     
