$hessian                                                                        
        0.5654124241   0.0270389160  -0.0508246003  -0.0743039167   0.0097700333
       -0.0255997259   0.0037309559  -0.0053818530   0.0089113926  -0.0220507528
        0.0172499889  -0.0240171257  -0.0049033583  -0.0023047390   0.0003981637
       -0.0006060004   0.0017749011   0.0004703862   0.0000918285   0.0001527142
       -0.0000203876   0.0002504399   0.0015314077  -0.0000499867   0.0003566547
       -0.0008916283  -0.0000833966  -0.0569518640   0.0312070982   0.0507017637
       -0.3298773798   0.0193822857   0.0285197313  -0.0780011469  -0.0970532875
        0.0120285908   0.0007867720   0.0000788209  -0.0013819002   0.0017350787
       -0.0013246527   0.0012344360   0.0001558171   0.0002582724   0.0001550481
       -0.0009117274  -0.0019400526   0.0007713187  -0.0000639117  -0.0001670435
       -0.0000956153  -0.0005298630   0.0000622528   0.0001655731  -0.0000771825
       -0.0000766940  -0.0001133913   0.0001809969  -0.0000112709   0.0000783113
       -0.0044238643   0.0006445303  -0.0012485860
        0.0270389160   0.5678436222   0.0529610909   0.0089292464  -0.0765935636
        0.0247162496   0.0075471133  -0.0217032910   0.0290643756   0.0096145204
       -0.0044366022   0.0060416722   0.0012570483   0.0015867203  -0.0000047000
        0.0004730562  -0.0005193537  -0.0001956829  -0.0003703832  -0.0002886582
        0.0001844805   0.0001237434   0.0002102865  -0.0002858977  -0.0008180183
       -0.0020921726   0.0010300942   0.0301088300  -0.1264737497  -0.1297234411
        0.0166047482  -0.0455668046  -0.0028803496  -0.0915198151  -0.2963652589
        0.0291139426  -0.0047572866   0.0055705448  -0.0101994476   0.0012931969
        0.0009369621  -0.0002381000   0.0002936344   0.0011915081   0.0005263283
       -0.0028576055  -0.0055938201   0.0007564819  -0.0002382650   0.0001611189
       -0.0003305431   0.0001528858  -0.0001491087  -0.0002211199  -0.0000219075
        0.0000712848  -0.0000428383   0.0000970274   0.0000760097   0.0001069525
       -0.0029506857   0.0021343258  -0.0003795483
       -0.0508246003   0.0529610909   0.4939944533  -0.0195326564   0.0199842150
       -0.1170776448  -0.0014780323   0.0129992692  -0.0111034092  -0.0093516201
        0.0026560064   0.0012651396   0.0002637783  -0.0018721272  -0.0004093256
       -0.0000464408   0.0003697906   0.0002304760   0.0002613519  -0.0002856906
        0.0000940297  -0.0005569637   0.0003459405   0.0001020703   0.0019372513
        0.0019605073   0.0005208446   0.0474607089  -0.1243613462  -0.2438557444
        0.0336916587  -0.0030176836  -0.0479507613   0.0092725631   0.0257360831
       -0.0467366016  -0.0125378582   0.0126276666  -0.0317375115  -0.0004490058
       -0.0007596375   0.0005876845  -0.0000706064  -0.0004239403   0.0009449556
        0.0016087008   0.0026171392   0.0009789280   0.0000491217  -0.0002514806
        0.0001358061  -0.0000793407  -0.0000509425  -0.0000386277   0.0000137535
       -0.0001275279  -0.0001531606  -0.0000938249  -0.0000611649  -0.0000642125
        0.0004620613  -0.0010461675   0.0002726115
       -0.0743039167   0.0089292464  -0.0195326564   0.4443164627   0.0225655973
       -0.0241933166  -0.0957435376  -0.0512868043   0.0077427638  -0.1678018608
        0.0139812038   0.0217069405  -0.0200006873   0.0125184320  -0.0014499801
        0.0013213052   0.0017401015  -0.0018441770  -0.0009976351   0.0005052512
       -0.0003860458   0.0015624368  -0.0034489598   0.0024949440  -0.0288364932
       -0.0057213430   0.0070687347   0.0032570392  -0.0040098028   0.0004234134
       -0.0132074904   0.0113987960  -0.0197856676   0.0058491068  -0.0020339684
        0.0074296084  -0.0407506205   0.0135279501   0.0192904370  -0.0197473480
       -0.0264397939   0.0051164129   0.0020096678   0.0010326268  -0.0018177893
        0.0035234671   0.0059527272  -0.0008366582   0.0005821711  -0.0011701234
        0.0001974868  -0.0003257151  -0.0000426271  -0.0001175224   0.0000417228
       -0.0000000613  -0.0004003323  -0.0009633599   0.0002400643  -0.0001909719
        0.0002152853   0.0017614877  -0.0009156241
        0.0097700333  -0.0765935636   0.0199842150   0.0225655973   0.4524466238
        0.0525244130  -0.0557058579  -0.1516911480   0.0061007396   0.0129939115
       -0.0636593592  -0.0021609103   0.0211075140  -0.0050778740  -0.0023713290
        0.0019041194  -0.0009428017   0.0054947237   0.0004443525  -0.0003166322
       -0.0000239382  -0.0018323931  -0.0006853342   0.0050204027  -0.0167025071
        0.0039563304   0.0016478535  -0.0065129519   0.0090000172  -0.0083440996
        0.0038194873  -0.0003082690   0.0009191321   0.0069938866  -0.0123699766
        0.0176566092   0.0180586745  -0.1181818596  -0.1014143901  -0.0009070428
        0.0010895816   0.0019207018  -0.0114925540  -0.0245601681   0.0011000795
       -0.0040180018  -0.0098367351   0.0045999953   0.0000681042  -0.0004077514
       -0.0007968188   0.0009740999   0.0001696787   0.0004207750  -0.0001673131
       -0.0005034996  -0.0007663157  -0.0011192578  -0.0002239689  -0.0001755407
       -0.0002419010  -0.0013032906  -0.0013362980
       -0.0255997259   0.0247162496  -0.1170776448  -0.0241933166   0.0525244130
        0.4401425453   0.0077737697   0.0084264699  -0.0636828270   0.0240350374
        0.0000015795  -0.0620597958  -0.0100015557   0.0020468627   0.0012963570
       -0.0002558717   0.0050115229   0.0042175543   0.0000363207   0.0003058071
       -0.0004420843   0.0025975114   0.0044855440   0.0039356210   0.0119591616
       -0.0043344560  -0.0030023010  -0.0084429613   0.0066411544  -0.0239230244
       -0.0048053043  -0.0004362828   0.0027013962   0.0023596656   0.0059937692
       -0.0027589652   0.0259175910  -0.1070385265  -0.1697015723   0.0011670974
        0.0020886430  -0.0015885895  -0.0115540405  -0.0191072299   0.0028050652
        0.0104695224   0.0198550247  -0.0064152518  -0.0005390807  -0.0007917970
       -0.0017553983  -0.0005531423   0.0002101539   0.0001216522  -0.0002907541
       -0.0006860325  -0.0012207192   0.0007798545   0.0000947418   0.0001696420
       -0.0008597785  -0.0000076111  -0.0017616596
        0.0037309559   0.0075471133  -0.0014780323  -0.0957435376  -0.0557058579
        0.0077737697   0.5011286563  -0.0254665067   0.0057290637  -0.0194927068
       -0.0215164505   0.0061788104  -0.0008211575   0.0002804409  -0.0004459538
        0.0001796948  -0.0005854015   0.0008578436  -0.0000117902  -0.0001953059
        0.0002310250  -0.0007820394  -0.0005533644   0.0012018438  -0.0045811596
        0.0008368727  -0.0005812755   0.0000243369   0.0001851746   0.0002904977
        0.0018021854   0.0008995623  -0.0004943498  -0.0005815184   0.0011849739
       -0.0018660726   0.0018057478  -0.0005669549  -0.0002692313  -0.2728441726
        0.0402864880   0.0059937728  -0.0530946567   0.0293378609   0.0316634488
       -0.0578575015   0.0245787250  -0.0552780386  -0.0026193538  -0.0005851820
        0.0002885839   0.0000661337  -0.0000011029   0.0000881621  -0.0000533484
       -0.0000706248   0.0000590894  -0.0003456558   0.0000863163   0.0001734364
        0.0000908873   0.0000232236  -0.0001163934
       -0.0053818530  -0.0217032910   0.0129992692  -0.0512868043  -0.1516911480
        0.0084264699  -0.0254665067   0.4768146986   0.0076605920  -0.0042359882
        0.0027810442   0.0006512332   0.0008461781  -0.0003829682   0.0005152868
       -0.0001223132   0.0000818355   0.0000561348   0.0000693880   0.0000774245
       -0.0000700501   0.0000454030   0.0000915975   0.0000394515   0.0007509852
       -0.0001269533  -0.0003756439   0.0004738143   0.0010215412  -0.0001564270
       -0.0006736722   0.0010530986  -0.0005166603   0.0013720002  -0.0006837804
        0.0032440831  -0.0113662116  -0.0233570946   0.0004924823   0.0398559771
       -0.0509154636  -0.0029631149   0.0293946673  -0.1501339050  -0.1153826148
        0.0248644821  -0.0831712126   0.0859295125   0.0008289178   0.0000398826
       -0.0004440977  -0.0000381351  -0.0001162941  -0.0001679064   0.0000102523
       -0.0000378744  -0.0000763632   0.0000846311   0.0000833799   0.0001152074
       -0.0000252124   0.0002754825   0.0000231557
        0.0089113926   0.0290643756  -0.0111034092   0.0077427638   0.0061007396
       -0.0636828270   0.0057290637   0.0076605920   0.5187139307   0.0039092328
        0.0037807271   0.0002312406   0.0002981438   0.0002382873  -0.0002568847
       -0.0000379111   0.0000092324  -0.0002461230  -0.0000640956   0.0001667723
       -0.0000840615   0.0003849025  -0.0000310962  -0.0000688430   0.0005619343
        0.0000510224   0.0006553996  -0.0002222466   0.0003492608   0.0011584257
        0.0010925902  -0.0008833486   0.0004559000  -0.0017776293   0.0030884007
       -0.0043015390  -0.0094758420  -0.0177952946   0.0025179032   0.0066903400
       -0.0021682320  -0.0438142658   0.0321530675  -0.1145005066  -0.1695992490
       -0.0548510494   0.0849699195  -0.2308239760  -0.0009645762   0.0001066417
        0.0004986450  -0.0000206224   0.0000068671  -0.0000173634  -0.0000088818
        0.0000077677  -0.0000413857  -0.0000112091  -0.0000408688  -0.0001131061
       -0.0000393676  -0.0001812592  -0.0000784113
       -0.0220507528   0.0096145204  -0.0093516201  -0.1678018608   0.0129939115
        0.0240350374  -0.0194927068  -0.0042359882   0.0039092328   0.5622593282
       -0.0305451315  -0.0552308095  -0.1299028066   0.1004127787  -0.0509248606
       -0.0294074293   0.0240552376  -0.0097922707   0.0048838622  -0.0043993690
        0.0009300937  -0.0407905936  -0.0134806562   0.0137831425  -0.1460977155
       -0.1017298603   0.0751171600   0.0013063943   0.0000177389  -0.0008268431
       -0.0012523317   0.0014385775  -0.0021837786   0.0006606032   0.0002422698
       -0.0005952433  -0.0159579158   0.0075326400   0.0071883903  -0.0012850685
       -0.0018666643   0.0004320377   0.0009920809   0.0006230604   0.0000371418
        0.0006666185  -0.0003599946   0.0002669753   0.0062015837  -0.0108761246
        0.0066521509  -0.0050010602   0.0010038595   0.0013834564   0.0009889378
       -0.0000676101   0.0000644636  -0.0048406638   0.0011835236   0.0012167072
        0.0059214964   0.0084432810  -0.0061105637
        0.0172499889  -0.0044366022   0.0026560064   0.0139812038  -0.0636593592
        0.0000015795  -0.0215164505   0.0027810442   0.0037807271  -0.0305451315
        0.4926035887  -0.2014049075   0.0405565105  -0.2018619081   0.0873222209
        0.0740717723   0.0101565519  -0.0180487412  -0.0033239093  -0.0496341577
        0.0264862285  -0.0651148544   0.0298383072  -0.0080678322  -0.0405791643
       -0.1757792741   0.0787760416  -0.0000059162   0.0001814399  -0.0000769114
        0.0009380093  -0.0014992396   0.0025984487  -0.0001226677  -0.0005522257
        0.0002975056   0.0180045602  -0.0017659640  -0.0060864997  -0.0029166961
       -0.0041509219   0.0009687247  -0.0003270723   0.0008316635  -0.0000466355
        0.0002688003  -0.0001948125  -0.0000106153   0.0072453575  -0.0187616674
        0.0102811103   0.0010292600   0.0029337084   0.0027236843  -0.0000565570
       -0.0002514754   0.0005964091   0.0016509662   0.0031448023   0.0028839513
       -0.0104880096  -0.0199234984   0.0143695048
       -0.0240171257   0.0060416722   0.0012651396   0.0217069405  -0.0021609103
       -0.0620597958   0.0061788104   0.0006512332   0.0002312406  -0.0552308095
       -0.2014049075   0.2754678187  -0.0130119654   0.0776081829  -0.0945376453
       -0.0398774783  -0.0104459615   0.0116284963   0.0002929254   0.0259817769
       -0.0215113963   0.0432358285  -0.0146584499   0.0018473868   0.0405062965
        0.0901617553  -0.1061125127  -0.0002538193  -0.0002614014   0.0010729844
       -0.0023708735   0.0025586313  -0.0035818978  -0.0002028512  -0.0002475505
       -0.0001055598   0.0210788788  -0.0054168191  -0.0028625857   0.0004120093
        0.0013552497   0.0000452893  -0.0005245220  -0.0000805135   0.0001679549
       -0.0003988052   0.0002893118  -0.0001586099  -0.0053989404   0.0134618419
       -0.0066343082   0.0014505820   0.0029257046   0.0062267335   0.0000637742
        0.0005406332   0.0003160519   0.0011573226   0.0026500073   0.0060888262
        0.0052038222   0.0104505133  -0.0067936108
       -0.0049033583   0.0012570483   0.0002637783  -0.0200006873   0.0211075140
       -0.0100015557  -0.0008211575   0.0008461781   0.0002981438  -0.1299028066
        0.0405565105  -0.0130119654   0.6238851244  -0.0090466666  -0.0735223662
       -0.3072284541   0.0603726700   0.0041225620  -0.0392407059  -0.0652116684
        0.0452573725  -0.0439784114   0.0279713857  -0.0102435774   0.0537948714
        0.0156732539  -0.0177802405  -0.0001536588   0.0000557354   0.0005132293
       -0.0000991085   0.0005751879  -0.0010935860  -0.0000432707  -0.0001543475
        0.0000254694  -0.0009468615   0.0004648453  -0.0002560877   0.0000162725
        0.0004181221  -0.0003847442  -0.0001449207   0.0001595209  -0.0000043010
       -0.0020039577   0.0006060680  -0.0005382770  -0.1108712275  -0.0944124240
        0.0707795961  -0.0155478553   0.0032738599   0.0001421670  -0.0010674691
       -0.0023020434   0.0025759245  -0.0000488414   0.0006683901  -0.0002554358
       -0.0006935160  -0.0028791403   0.0031138940
       -0.0023047390   0.0015867203  -0.0018721272   0.0125184320  -0.0050778740
        0.0020468627   0.0002804409  -0.0003829682   0.0002382873   0.1004127787
       -0.2018619081   0.0776081829  -0.0090466666   0.4993593480  -0.2317688323
       -0.0059936918  -0.0871982528   0.0236064526  -0.0168206497   0.0302895252
       -0.0147115722   0.0297017413  -0.0170754432   0.0023704871  -0.0314813429
       -0.0475119931   0.0344955783   0.0001902789   0.0000649546   0.0000121306
       -0.0005831383   0.0003148202  -0.0001342999  -0.0002991070  -0.0002332681
        0.0001781351  -0.0004895878   0.0003089089   0.0002204476  -0.0002561183
       -0.0002505860   0.0000160726  -0.0000405060   0.0000483463  -0.0002128312
       -0.0008790994  -0.0000431992   0.0003047379  -0.0943444869  -0.1676908776
        0.0987090704   0.0226566268  -0.0035767777  -0.0010692414  -0.0019300462
       -0.0003120592   0.0052016941   0.0005505662   0.0001522877  -0.0003012809
       -0.0018416848  -0.0009097039   0.0050620458
        0.0003981637  -0.0000047000  -0.0004093256  -0.0014499801  -0.0023713290
        0.0012963570  -0.0004459538   0.0005152868  -0.0002568847  -0.0509248606
        0.0873222209  -0.0945376453  -0.0735223662  -0.2317688323   0.2736164697
        0.0441875676   0.0135048436  -0.0648528154   0.0162991999  -0.0077790932
        0.0035170930  -0.0121543186   0.0029839624  -0.0051009771   0.0109729847
        0.0269437875  -0.0159219790  -0.0002955969   0.0001135446  -0.0000369656
        0.0000001702   0.0000707278   0.0001336581   0.0000003778   0.0002567107
        0.0000681234   0.0014414257  -0.0001984833  -0.0006606206   0.0000944032
        0.0002866751   0.0000225946   0.0001487937   0.0001435459   0.0004570893
        0.0006416093  -0.0004217766  -0.0004645506   0.0711804570   0.0983740718
       -0.1062519181  -0.0112373816   0.0018518152   0.0009393250   0.0025664381
        0.0052649023   0.0043067541  -0.0003209437  -0.0002295412   0.0001269677
        0.0024198104   0.0051416610   0.0040092500
       -0.0006060004   0.0004730562  -0.0000464408   0.0013213052   0.0019041194
       -0.0002558717   0.0001796948  -0.0001223132  -0.0000379111  -0.0294074293
        0.0740717723  -0.0398774783  -0.3072284541  -0.0059936918   0.0441875676
        0.6246237248  -0.0476257822  -0.0483546582  -0.1624852810  -0.0471626843
        0.0450812961   0.0589693889  -0.0327025387   0.0105337148  -0.0496539009
       -0.0214805770   0.0195455032   0.0001206881   0.0000629679  -0.0000008424
       -0.0001408966   0.0001642268  -0.0000734075  -0.0001556714  -0.0001229914
       -0.0000041195  -0.0008442199   0.0000129610   0.0003316392   0.0001764175
        0.0001259379  -0.0001356160  -0.0002223610   0.0000318341   0.0000218834
       -0.0000721694  -0.0000385158  -0.0000753666  -0.0185952067  -0.0003390528
        0.0032014981  -0.0976846403   0.0956343008  -0.0479786759  -0.0177693308
       -0.0193696726   0.0145072756  -0.0002435819   0.0029690418  -0.0006173700
       -0.0002820757  -0.0004923982   0.0000473800
        0.0017749011  -0.0005193537   0.0003697906   0.0017401015  -0.0009428017
        0.0050115229  -0.0005854015   0.0000818355   0.0000092324   0.0240552376
        0.0101565519  -0.0104459615   0.0603726700  -0.0871982528   0.0135048436
       -0.0476257822   0.5270560278  -0.2369240688  -0.1129325456  -0.1908406325
        0.1011375959   0.0147472592  -0.0476205489   0.0269178310  -0.0199206209
       -0.0063952221   0.0039126741   0.0001735546  -0.0000238285  -0.0000786957
        0.0003215461  -0.0001534912   0.0003875859   0.0000943334   0.0000442768
        0.0000603267  -0.0007352868   0.0001479285   0.0001566221  -0.0001243875
        0.0001889621  -0.0001101936   0.0000762970   0.0000743084   0.0000644224
        0.0001602201  -0.0000301095  -0.0002728827  -0.0198676976   0.0014927019
        0.0030154106   0.0957158296  -0.2059217187   0.0887902105   0.0002116619
        0.0018556939  -0.0003113350   0.0028831184  -0.0019353937   0.0052614970
       -0.0005350086   0.0004830662  -0.0004564285
        0.0004703862  -0.0001956829   0.0002304760  -0.0018441770   0.0054947237
        0.0042175543   0.0008578436   0.0000561348  -0.0002461230  -0.0097922707
       -0.0180487412   0.0116284963   0.0041225620   0.0236064526  -0.0648528154
       -0.0483546582  -0.2369240688   0.2720495516   0.0846253927   0.0916395276
       -0.1185831040  -0.0172926704   0.0343275755  -0.0157427628   0.0186165227
        0.0039076978  -0.0106108914  -0.0000359985   0.0000896383   0.0000869627
        0.0000277962   0.0000129782   0.0001439377  -0.0000099662   0.0001678070
        0.0001555020  -0.0009736117   0.0001672730   0.0003973239   0.0000296637
       -0.0000337732   0.0000795264   0.0000234200  -0.0000123989  -0.0001488452
       -0.0000003442  -0.0001084250   0.0000413985   0.0152784341  -0.0000782931
       -0.0009600170  -0.0482723488   0.0885414329  -0.0818791986   0.0027490644
        0.0025065733  -0.0008346223  -0.0005205593   0.0053179941   0.0049124159
        0.0002955194  -0.0004344258  -0.0000847655
        0.0000918285  -0.0003703832   0.0002613519  -0.0009976351   0.0004443525
        0.0000363207  -0.0000117902   0.0000693880  -0.0000640956   0.0048838622
       -0.0033239093   0.0002929254  -0.0392407059  -0.0168206497   0.0162991999
       -0.1624852810  -0.1129325456   0.0846253927   0.6702016940  -0.0393621668
       -0.0608692324  -0.1441328750   0.1182144808  -0.0556811880  -0.0287718503
        0.0264451421  -0.0108114534  -0.0000717253   0.0000356645   0.0000139610
       -0.0000116177  -0.0000747395   0.0000707986   0.0001388304   0.0000525801
        0.0000139397   0.0000715433  -0.0001096603  -0.0001448696   0.0000236070
        0.0000642068  -0.0000414115  -0.0000067159   0.0000160944   0.0001062075
        0.0000069180   0.0000170873  -0.0001174281  -0.0057806180   0.0009720342
        0.0015284091   0.0066868130   0.0080292029  -0.0057246307  -0.3012012238
        0.0284940652   0.0231283679   0.0067893114  -0.0115964176   0.0059238815
       -0.0061823695   0.0017361731   0.0011535535
        0.0001527142  -0.0002886582  -0.0002856906   0.0005052512  -0.0003166322
        0.0003058071  -0.0001953059   0.0000774245   0.0001667723  -0.0043993690
       -0.0496341577   0.0259817769  -0.0652116684   0.0302895252  -0.0077790932
       -0.0471626843  -0.1908406325   0.0916395276  -0.0393621668   0.5029928813
       -0.2202942950   0.0518937686  -0.2281940825   0.0966829823   0.0759746271
        0.0099585896  -0.0166904982  -0.0000894892  -0.0000222593  -0.0000014362
        0.0001636946   0.0000398576  -0.0000067851   0.0002194474   0.0003075907
        0.0000063205   0.0000367459   0.0002543940  -0.0001333977  -0.0000756587
        0.0000368603   0.0000268328   0.0000196670   0.0001601095   0.0001097030
       -0.0000926983   0.0001340421  -0.0001320522   0.0012883739   0.0028886114
        0.0029031314  -0.0115724553  -0.0179067186   0.0132133823   0.0285387134
       -0.0446727137   0.0006326287   0.0084373494  -0.0182111061   0.0105238799
        0.0009311432   0.0029470742   0.0031305036
       -0.0000203876   0.0001844805   0.0000940297  -0.0003860458  -0.0000239382
       -0.0004420843   0.0002310250  -0.0000700501  -0.0000840615   0.0009300937
        0.0264862285  -0.0215113963   0.0452573725  -0.0147115722   0.0035170930
        0.0450812961   0.1011375959  -0.1185831040  -0.0608692324  -0.2202942950
        0.2620506452  -0.0165711567   0.0867326087  -0.0989857098  -0.0402121260
       -0.0094240669   0.0125421755   0.0000251491   0.0000041605   0.0000366976
       -0.0001407427   0.0000435996   0.0000243197  -0.0001504285  -0.0000854999
        0.0000892302   0.0001237715  -0.0001364003   0.0000549776  -0.0000012764
       -0.0000038055   0.0000607595  -0.0000539985  -0.0000637234  -0.0000570025
        0.0001028720  -0.0000534388   0.0001499195   0.0013885103   0.0031345360
        0.0060655444   0.0062369437   0.0104895037  -0.0056711167   0.0231297429
        0.0007371712  -0.0400363169  -0.0056965155   0.0132049614  -0.0056313621
        0.0015951332   0.0027119441   0.0063167622
        0.0002504399   0.0001237434  -0.0005569637   0.0015624368  -0.0018323931
        0.0025975114  -0.0007820394   0.0000454030   0.0003849025  -0.0407905936
       -0.0651148544   0.0432358285  -0.0439784114   0.0297017413  -0.0121543186
        0.0589693889   0.0147472592  -0.0172926704  -0.1441328750   0.0518937686
       -0.0165711567   0.6286967816  -0.0166835401  -0.0666574296  -0.3068770997
        0.0579354616   0.0063301871  -0.0003627062  -0.0000418858   0.0000591782
        0.0001463603  -0.0001815078   0.0000640021  -0.0000189255   0.0000605352
       -0.0000304027  -0.0007062335   0.0005839872  -0.0000904527  -0.0000750485
       -0.0001609665   0.0000578965   0.0000802180   0.0001499143   0.0001549578
       -0.0000168515   0.0000722557  -0.0001481544  -0.0002266431   0.0003447278
       -0.0003116715  -0.0007340113  -0.0021044289   0.0025331431  -0.0152184906
        0.0230492871  -0.0112084736  -0.1194564390  -0.0970975006   0.0696193078
       -0.0163292575   0.0045089928  -0.0000152210
        0.0015314077   0.0002102865   0.0003459405  -0.0034489598  -0.0006853342
        0.0044855440  -0.0005533644   0.0000915975  -0.0000310962  -0.0134806562
        0.0298383072  -0.0146584499   0.0279713857  -0.0170754432   0.0029839624
       -0.0327025387  -0.0476205489   0.0343275755   0.1182144808  -0.2281940825
        0.0867326087  -0.0166835401   0.5255304397  -0.2345802938  -0.0093274953
       -0.0870168135   0.0228107040  -0.0000355022  -0.0000653476  -0.0001899907
        0.0000019846   0.0000238217   0.0000315568  -0.0008357089   0.0000098088
       -0.0001505992  -0.0002609282  -0.0000824996   0.0001653802  -0.0001402291
       -0.0000910701   0.0000459786  -0.0000275854   0.0000296271   0.0000388629
       -0.0000128864   0.0000766522   0.0001200218   0.0004786099   0.0002915374
       -0.0004011704  -0.0021171127  -0.0006733949   0.0054952674   0.0033548261
       -0.0032642290   0.0019703167  -0.0972963727  -0.1664988158   0.0911095576
        0.0253701853  -0.0048344987  -0.0006516770
       -0.0000499867  -0.0002858977   0.0001020703   0.0024949440   0.0050204027
        0.0039356210   0.0012018438   0.0000394515  -0.0000688430   0.0137831425
       -0.0080678322   0.0018473868  -0.0102435774   0.0023704871  -0.0051009771
        0.0105337148   0.0269178310  -0.0157427628  -0.0556811880   0.0966829823
       -0.0989857098  -0.0666574296  -0.2345802938   0.2684973298   0.0447778228
        0.0130758112  -0.0630799657   0.0001244709  -0.0001191624  -0.0000454274
       -0.0000158963  -0.0001515990   0.0001047625   0.0004661876   0.0000396651
       -0.0000290632  -0.0010971749   0.0005959178   0.0001483994   0.0001864479
        0.0002292379   0.0000605415   0.0000167399  -0.0000327607   0.0000866137
        0.0000499320   0.0000717744   0.0001414161  -0.0002982247  -0.0003752423
       -0.0000117988   0.0025676673   0.0054477301   0.0042028528   0.0004601625
       -0.0009660447   0.0014225981   0.0694828410   0.0913563788  -0.0986588362
       -0.0121024392   0.0027311630   0.0011737919
        0.0003566547  -0.0008180183   0.0019372513  -0.0288364932  -0.0167025071
        0.0119591616  -0.0045811596   0.0007509852   0.0005619343  -0.1460977155
       -0.0405791643   0.0405062965   0.0537948714  -0.0314813429   0.0109729847
       -0.0496539009  -0.0199206209   0.0186165227  -0.0287718503   0.0759746271
       -0.0402121260  -0.3068770997  -0.0093274953   0.0447778228   0.6203355377
       -0.0524187526  -0.0491697493   0.0000060019  -0.0000025704   0.0003814911
        0.0002719463  -0.0006302257   0.0004309062  -0.0012482269  -0.0013018104
        0.0004479874  -0.0002097138  -0.0010815232   0.0000082756  -0.0006362132
       -0.0013976580   0.0002636005   0.0000304033   0.0001282994  -0.0001375932
        0.0000617327  -0.0000207743   0.0000391115  -0.0003455691   0.0032247240
       -0.0009279894  -0.0002499281  -0.0004334464   0.0004467761  -0.0003804988
        0.0030375469  -0.0005265732  -0.0184507063   0.0000443718   0.0025315419
       -0.0885180726   0.0929553555  -0.0429076330
       -0.0008916283  -0.0020921726   0.0019605073  -0.0057213430   0.0039563304
       -0.0043344560   0.0008368727  -0.0001269533   0.0000510224  -0.1017298603
       -0.1757792741   0.0901617553   0.0156732539  -0.0475119931   0.0269437875
       -0.0214805770  -0.0063952221   0.0039076978   0.0264451421   0.0099585896
       -0.0094240669   0.0579354616  -0.0870168135   0.0130758112  -0.0524187526
        0.5203181850  -0.2233196291   0.0002575140   0.0003570871   0.0001315844
        0.0003158445  -0.0001480818   0.0002038557   0.0029950621   0.0005649963
       -0.0004478950   0.0015151285  -0.0005235274   0.0000792289   0.0002945137
        0.0001123364   0.0000409803  -0.0001019822  -0.0001804465   0.0000069405
        0.0000607990  -0.0001660899   0.0001916381   0.0027961371  -0.0014172118
        0.0048426892  -0.0005145672   0.0005787709  -0.0001653595   0.0027734384
       -0.0013889965   0.0050558561  -0.0197655044   0.0011644221   0.0024549653
        0.0907250474  -0.2142639352   0.0885830864
       -0.0000833966   0.0010300942   0.0005208446   0.0070687347   0.0016478535
       -0.0030023010  -0.0005812755  -0.0003756439   0.0006553996   0.0751171600
        0.0787760416  -0.1061125127  -0.0177802405   0.0344955783  -0.0159219790
        0.0195455032   0.0039126741  -0.0106108914  -0.0108114534  -0.0166904982
        0.0125421755   0.0063301871   0.0228107040  -0.0630799657  -0.0491697493
       -0.2233196291   0.2510269880   0.0006939061  -0.0001478702  -0.0000432695
       -0.0002951408  -0.0001164887  -0.0002450839  -0.0015366047  -0.0008749101
       -0.0006866284  -0.0001199955   0.0002547362   0.0004156747  -0.0002161625
        0.0001241226   0.0001343440   0.0000632913   0.0001462299   0.0001199753
       -0.0000139025   0.0002461389   0.0000996521  -0.0004556014   0.0049293068
        0.0045456071   0.0003322218  -0.0002345245   0.0000943072  -0.0003874819
        0.0049574331   0.0049974302   0.0142485759  -0.0005206692  -0.0015847592
       -0.0419485753   0.0889493206  -0.0738650074
       -0.0569518640   0.0301088300   0.0474607089   0.0032570392  -0.0065129519
       -0.0084429613   0.0000243369   0.0004738143  -0.0002222466   0.0013063943
       -0.0000059162  -0.0002538193  -0.0001536588   0.0001902789  -0.0002955969
        0.0001206881   0.0001735546  -0.0000359985  -0.0000717253  -0.0000894892
        0.0000251491  -0.0003627062  -0.0000355022   0.0001244709   0.0000060019
        0.0002575140   0.0006939061   0.0571886284  -0.0356842714  -0.0543432081
       -0.0087157189   0.0168572406   0.0263239717   0.0046932691  -0.0061740028
       -0.0085771172  -0.0004325599   0.0012282504  -0.0027252077  -0.0003981086
        0.0000866756   0.0003223990   0.0003621962  -0.0001372245   0.0000771901
        0.0000971804  -0.0000298540  -0.0000923417   0.0000505578  -0.0001317859
        0.0000479165   0.0000256534  -0.0000166016   0.0000253978   0.0000455980
       -0.0000389733  -0.0000209900   0.0000092723  -0.0000033732  -0.0000243065
       -0.0001004744  -0.0005162124  -0.0000673162
        0.0312070982  -0.1264737497  -0.1243613462  -0.0040098028   0.0090000172
        0.0066411544   0.0001851746   0.0010215412   0.0003492608   0.0000177389
        0.0001814399  -0.0002614014   0.0000557354   0.0000649546   0.0001135446
        0.0000629679  -0.0000238285   0.0000896383   0.0000356645  -0.0000222593
        0.0000041605  -0.0000418858  -0.0000653476  -0.0001191624  -0.0000025704
        0.0003570871  -0.0001478702  -0.0356842714   0.1359498396   0.1428685808
        0.0030804597   0.0005666852  -0.0035281429   0.0042837034  -0.0186445800
       -0.0244036377   0.0009811875  -0.0002671183   0.0025211882  -0.0001081184
       -0.0002167885   0.0001453688   0.0001905287  -0.0005731716  -0.0002081410
       -0.0000559197  -0.0003093174  -0.0000176083   0.0000245290  -0.0000877657
        0.0000780529   0.0000138933   0.0000031502   0.0000100850   0.0000135635
        0.0000129387   0.0000542822  -0.0000141937   0.0000160032   0.0000495353
       -0.0002354822  -0.0004897303   0.0001224583
        0.0507017637  -0.1297234411  -0.2438557444   0.0004234134  -0.0083440996
       -0.0239230244   0.0002904977  -0.0001564270   0.0011584257  -0.0008268431
       -0.0000769114   0.0010729844   0.0005132293   0.0000121306  -0.0000369656
       -0.0000008424  -0.0000786957   0.0000869627   0.0000139610  -0.0000014362
        0.0000366976   0.0000591782  -0.0001899907  -0.0000454274   0.0003814911
        0.0001315844  -0.0000432695  -0.0543432081   0.1428685808   0.2700658850
        0.0055372527  -0.0043112688  -0.0034394412  -0.0010475210  -0.0031954751
        0.0027297593  -0.0020611435   0.0027230581  -0.0042791477   0.0001701122
        0.0000584904  -0.0002497137   0.0000430821   0.0006264465  -0.0000059478
        0.0000579366  -0.0000812371   0.0003439826  -0.0000202153   0.0000059247
        0.0000289052   0.0000887577  -0.0000095432   0.0000660355   0.0000594580
        0.0000132921   0.0000678573   0.0001004469   0.0000296014   0.0000093533
       -0.0001408073  -0.0003005831   0.0002118331
       -0.3298773798   0.0166047482   0.0336916587  -0.0132074904   0.0038194873
       -0.0048053043   0.0018021854  -0.0006736722   0.0010925902  -0.0012523317
        0.0009380093  -0.0023708735  -0.0000991085  -0.0005831383   0.0000001702
       -0.0001408966   0.0003215461   0.0000277962  -0.0000116177   0.0001636946
       -0.0001407427   0.0001463603   0.0000019846  -0.0000158963   0.0002719463
        0.0003158445  -0.0002951408  -0.0087157189   0.0030804597   0.0055372527
        0.3667294912  -0.0193811312  -0.0357379667  -0.0154183466  -0.0047466957
        0.0027644719   0.0002639266  -0.0001043800   0.0002018416  -0.0000160573
        0.0005944637  -0.0001330534  -0.0001577748   0.0000729338  -0.0000342983
       -0.0001236511  -0.0004034754   0.0003144543   0.0000022118  -0.0000549593
       -0.0000113019  -0.0000175670   0.0000113004   0.0000244311   0.0000273569
        0.0000183961  -0.0000596695   0.0000076221   0.0000563287  -0.0000529500
       -0.0002131603  -0.0000517450   0.0000025305
        0.0193822857  -0.0455668046  -0.0030176836   0.0113987960  -0.0003082690
       -0.0004362828   0.0008995623   0.0010530986  -0.0008833486   0.0014385775
       -0.0014992396   0.0025586313   0.0005751879   0.0003148202   0.0000707278
        0.0001642268  -0.0001534912   0.0000129782  -0.0000747395   0.0000398576
        0.0000435996  -0.0001815078   0.0000238217  -0.0001515990  -0.0006302257
       -0.0001480818  -0.0001164887   0.0168572406   0.0005666852  -0.0043112688
       -0.0193811312   0.0456951034   0.0020446052  -0.0290869389   0.0004344390
        0.0035034874  -0.0002712572   0.0003370065  -0.0002819325  -0.0009913101
       -0.0002468741   0.0008532631   0.0002053479  -0.0005493196  -0.0000109695
       -0.0001843382  -0.0000413162  -0.0000027033   0.0000579080   0.0000102500
        0.0000747875   0.0000380429   0.0000190252   0.0000190717  -0.0000104190
        0.0000135806   0.0000467715  -0.0000130249  -0.0000221003  -0.0000198096
       -0.0001922830   0.0000278082   0.0000041632
        0.0285197313  -0.0028803496  -0.0479507613  -0.0197856676   0.0009191321
        0.0027013962  -0.0004943498  -0.0005166603   0.0004559000  -0.0021837786
        0.0025984487  -0.0035818978  -0.0010935860  -0.0001342999   0.0001336581
       -0.0000734075   0.0003875859   0.0001439377   0.0000707986  -0.0000067851
        0.0000243197   0.0000640021   0.0000315568   0.0001047625   0.0004309062
        0.0002038557  -0.0002450839   0.0263239717  -0.0035281429  -0.0034394412
       -0.0357379667   0.0020446052   0.0494274677   0.0036122803   0.0003823902
        0.0025686079  -0.0007904818   0.0000470903  -0.0004817660   0.0008357735
        0.0005759823   0.0000146532   0.0003007015  -0.0000942958  -0.0001441845
       -0.0001260552   0.0000951735   0.0000877656  -0.0000256516  -0.0000183895
        0.0000005480  -0.0000663449   0.0000183389   0.0000672742   0.0000155200
       -0.0000283365  -0.0000172238   0.0000345344  -0.0000071384  -0.0000036528
        0.0001690702  -0.0000897615   0.0001337207
       -0.0780011469  -0.0915198151   0.0092725631   0.0058491068   0.0069938866
        0.0023596656  -0.0005815184   0.0013720002  -0.0017776293   0.0006606032
       -0.0001226677  -0.0002028512  -0.0000432707  -0.0002991070   0.0000003778
       -0.0001556714   0.0000943334  -0.0000099662   0.0001388304   0.0002194474
       -0.0001504285  -0.0000189255  -0.0008357089   0.0004661876  -0.0012482269
        0.0029950621  -0.0015366047   0.0046932691   0.0042837034  -0.0010475210
       -0.0154183466  -0.0290869389   0.0036122803   0.0835861309   0.1088460333
       -0.0121849669   0.0004166625   0.0000688741  -0.0000630668  -0.0000546058
       -0.0002015338   0.0000962739   0.0000373674  -0.0000135054   0.0001473403
        0.0005695639   0.0003950800  -0.0001745967   0.0000449238  -0.0001675346
        0.0001291860  -0.0000047221  -0.0000193580   0.0000301745   0.0001020165
       -0.0001156969   0.0000383679  -0.0001257905  -0.0000052350   0.0000120047
       -0.0004462496  -0.0028813192   0.0009832098
       -0.0970532875  -0.2963652589   0.0257360831  -0.0020339684  -0.0123699766
        0.0059937692   0.0011849739  -0.0006837804   0.0030884007   0.0002422698
       -0.0005522257  -0.0002475505  -0.0001543475  -0.0002332681   0.0002567107
       -0.0001229914   0.0000442768   0.0001678070   0.0000525801   0.0003075907
       -0.0000854999   0.0000605352   0.0000098088   0.0000396651  -0.0013018104
        0.0005649963  -0.0008749101  -0.0061740028  -0.0186445800  -0.0031954751
       -0.0047466957   0.0004344390   0.0003823902   0.1088460333   0.3264103338
       -0.0308873772  -0.0001763928   0.0008394381  -0.0007755957   0.0004072140
        0.0000289042   0.0000314365   0.0000885670   0.0003019308   0.0002215840
       -0.0004049275  -0.0005599888   0.0000103788  -0.0000367184   0.0001048967
       -0.0000238656  -0.0000478779   0.0000820212   0.0000235901  -0.0000320426
        0.0000309888   0.0000078471  -0.0001562465   0.0000135182  -0.0000003389
        0.0015591361   0.0002359352   0.0001309506
        0.0120285908   0.0291139426  -0.0467366016   0.0074296084   0.0176566092
       -0.0027589652  -0.0018660726   0.0032440831  -0.0043015390  -0.0005952433
        0.0002975056  -0.0001055598   0.0000254694   0.0001781351   0.0000681234
       -0.0000041195   0.0000603267   0.0001555020   0.0000139397   0.0000063205
        0.0000892302  -0.0000304027  -0.0001505992  -0.0000290632   0.0004479874
       -0.0004478950  -0.0006866284  -0.0085771172  -0.0244036377   0.0027297593
        0.0027644719   0.0035034874   0.0025686079  -0.0121849669  -0.0308873772
        0.0483499184   0.0002700485   0.0009345963  -0.0005071817  -0.0002514821
       -0.0001891553   0.0000266652   0.0000127206  -0.0001555994  -0.0001707237
        0.0004844859   0.0012665210   0.0000656181   0.0000424667  -0.0000366004
        0.0000257178   0.0000257301  -0.0000071614   0.0000620960   0.0000268054
        0.0000122626   0.0000837213   0.0000823988   0.0000057178   0.0000343116
       -0.0001453194  -0.0000014821   0.0010369914
        0.0007867720  -0.0047572866  -0.0125378582  -0.0407506205   0.0180586745
        0.0259175910   0.0018057478  -0.0113662116  -0.0094758420  -0.0159579158
        0.0180045602   0.0210788788  -0.0009468615  -0.0004895878   0.0014414257
       -0.0008442199  -0.0007352868  -0.0009736117   0.0000715433   0.0000367459
        0.0001237715  -0.0007062335  -0.0002609282  -0.0010971749  -0.0002097138
        0.0015151285  -0.0001199955  -0.0004325599   0.0009811875  -0.0020611435
        0.0002639266  -0.0002712572  -0.0007904818   0.0004166625  -0.0001763928
        0.0002700485   0.0561708910  -0.0185059488  -0.0225383629   0.0002354304
       -0.0001320877  -0.0005329931  -0.0008568055  -0.0026263235   0.0002501851
        0.0004868497   0.0004274303  -0.0001810155   0.0000638345   0.0000757010
        0.0004468226  -0.0000266508  -0.0000412507   0.0000440220   0.0001403166
        0.0001446770   0.0003271232   0.0000561275   0.0000088614   0.0000016491
        0.0002334794   0.0001095954   0.0004069617
        0.0000788209   0.0055705448   0.0126276666   0.0135279501  -0.1181818596
       -0.1070385265  -0.0005669549  -0.0233570946  -0.0177952946   0.0075326400
       -0.0017659640  -0.0054168191   0.0004648453   0.0003089089  -0.0001984833
        0.0000129610   0.0001479285   0.0001672730  -0.0001096603   0.0002543940
       -0.0001364003   0.0005839872  -0.0000824996   0.0005959178  -0.0010815232
       -0.0005235274   0.0002547362   0.0012282504  -0.0002671183   0.0027230581
       -0.0001043800   0.0003370065   0.0000470903   0.0000688741   0.0008394381
        0.0009345963  -0.0185059488   0.1416095250   0.1136913067   0.0003320149
        0.0004874119  -0.0002432879  -0.0034420071  -0.0047517926   0.0005971208
        0.0001662237   0.0000525412  -0.0004601351  -0.0000269396  -0.0003159747
       -0.0001920942  -0.0000936518  -0.0000411706  -0.0000883293  -0.0000699056
       -0.0001078209  -0.0001003911  -0.0000160426   0.0000090897   0.0001023828
        0.0000204462  -0.0002219664  -0.0000713871
       -0.0013819002  -0.0101994476  -0.0317375115   0.0192904370  -0.1014143901
       -0.1697015723  -0.0002692313   0.0004924823   0.0025179032   0.0071883903
       -0.0060864997  -0.0028625857  -0.0002560877   0.0002204476  -0.0006606206
        0.0003316392   0.0001566221   0.0003973239  -0.0001448696  -0.0001333977
        0.0000549776  -0.0000904527   0.0001653802   0.0001483994   0.0000082756
        0.0000792289   0.0004156747  -0.0027252077   0.0025211882  -0.0042791477
        0.0002018416  -0.0002819325  -0.0004817660  -0.0000630668  -0.0007755957
       -0.0005071817  -0.0225383629   0.1136913067   0.2053677649  -0.0001604330
        0.0001394493   0.0002282171   0.0005060485   0.0007392755   0.0008530886
        0.0002331133   0.0006605581   0.0007102317   0.0000163413  -0.0000359695
       -0.0000876300   0.0000017278   0.0000328321  -0.0000122394  -0.0000486372
       -0.0000321926  -0.0001158736  -0.0000870872  -0.0000083975  -0.0000054285
       -0.0000124784   0.0000690520  -0.0002420240
        0.0017350787   0.0012931969  -0.0004490058  -0.0197473480  -0.0009070428
        0.0011670974  -0.2728441726   0.0398559771   0.0066903400  -0.0012850685
       -0.0029166961   0.0004120093   0.0000162725  -0.0002561183   0.0000944032
        0.0001764175  -0.0001243875   0.0000296637   0.0000236070  -0.0000756587
       -0.0000012764  -0.0000750485  -0.0001402291   0.0001864479  -0.0006362132
        0.0002945137  -0.0002161625  -0.0003981086  -0.0001081184   0.0001701122
       -0.0000160573  -0.0009913101   0.0008357735  -0.0000546058   0.0004072140
       -0.0002514821   0.0002354304   0.0003320149  -0.0001604330   0.3157783395
       -0.0458626880  -0.0080453845  -0.0098350323   0.0049076285   0.0023264536
       -0.0128272731   0.0046064918  -0.0028472174  -0.0001843406  -0.0001619261
        0.0001112922   0.0000061446  -0.0000402482  -0.0000138741  -0.0000107679
       -0.0000457905  -0.0000341652  -0.0000689665  -0.0000101673  -0.0000043434
        0.0000117125  -0.0000566557  -0.0000002487
       -0.0013246527   0.0009369621  -0.0007596375  -0.0264397939   0.0010895816
        0.0020886430   0.0402864880  -0.0509154636  -0.0021682320  -0.0018666643
       -0.0041509219   0.0013552497   0.0004181221  -0.0002505860   0.0002866751
        0.0001259379   0.0001889621  -0.0000337732   0.0000642068   0.0000368603
       -0.0000038055  -0.0001609665  -0.0000910701   0.0002292379  -0.0013976580
        0.0001123364   0.0001241226   0.0000866756  -0.0002167885   0.0000584904
        0.0005944637  -0.0002468741   0.0005759823  -0.0002015338   0.0000289042
       -0.0001891553  -0.0001320877   0.0004874119   0.0001394493  -0.0458626880
        0.0595688405  -0.0000715811   0.0222612855  -0.0051302617  -0.0023509695
        0.0134266617  -0.0018738877   0.0010313221   0.0000990110   0.0002592584
       -0.0001441733   0.0000147631   0.0000521480   0.0000461692   0.0000278854
        0.0000271042  -0.0000197532  -0.0000756470   0.0000199581  -0.0000297412
        0.0000561913   0.0000675258  -0.0001645199
        0.0012344360  -0.0002381000   0.0005876845   0.0051164129   0.0019207018
       -0.0015885895   0.0059937728  -0.0029631149  -0.0438142658   0.0004320377
        0.0009687247   0.0000452893  -0.0003847442   0.0000160726   0.0000225946
       -0.0001356160  -0.0001101936   0.0000795264  -0.0000414115   0.0000268328
        0.0000607595   0.0000578965   0.0000459786   0.0000605415   0.0002636005
        0.0000409803   0.0001343440   0.0003223990   0.0001453688  -0.0002497137
       -0.0001330534   0.0008532631   0.0000146532   0.0000962739   0.0000314365
        0.0000266652  -0.0005329931  -0.0002432879   0.0002282171  -0.0080453845
       -0.0000715811   0.0474206726   0.0241099801  -0.0074038349  -0.0017817369
       -0.0284769004   0.0071439050  -0.0012445580   0.0001331302  -0.0001576822
       -0.0000558718   0.0000026169  -0.0000020852   0.0000054712  -0.0000083549
        0.0000039121   0.0000241184   0.0000155462   0.0000125945   0.0000313067
       -0.0000196447  -0.0000198912  -0.0000071087
        0.0001558171   0.0002936344  -0.0000706064   0.0020096678  -0.0114925540
       -0.0115540405  -0.0530946567   0.0293946673   0.0321530675   0.0009920809
       -0.0003270723  -0.0005245220  -0.0001449207  -0.0000405060   0.0001487937
       -0.0002223610   0.0000762970   0.0000234200  -0.0000067159   0.0000196670
       -0.0000539985   0.0000802180  -0.0000275854   0.0000167399   0.0000304033
       -0.0001019822   0.0000632913   0.0003621962   0.0001905287   0.0000430821
       -0.0001577748   0.0002053479   0.0003007015   0.0000373674   0.0000885670
        0.0000127206  -0.0008568055  -0.0034420071   0.0005060485  -0.0098350323
        0.0222612855   0.0241099801   0.0585802737  -0.0322663127  -0.0375577313
        0.0024515061  -0.0050046156  -0.0067811791  -0.0003971689   0.0000071427
       -0.0006276891   0.0000305254  -0.0000016910  -0.0000290056   0.0000234436
        0.0000190501  -0.0000602714   0.0000078568   0.0000220588  -0.0000307928
       -0.0000459205   0.0001260800  -0.0000880085
        0.0002582724   0.0011915081  -0.0004239403   0.0010326268  -0.0245601681
       -0.0191072299   0.0293378609  -0.1501339050  -0.1145005066   0.0006230604
        0.0008316635  -0.0000805135   0.0001595209   0.0000483463   0.0001435459
        0.0000318341   0.0000743084  -0.0000123989   0.0000160944   0.0001601095
       -0.0000637234   0.0001499143   0.0000296271  -0.0000327607   0.0001282994
       -0.0001804465   0.0001462299  -0.0001372245  -0.0005731716   0.0006264465
        0.0000729338  -0.0005493196  -0.0000942958  -0.0000135054   0.0003019308
       -0.0001555994  -0.0026263235  -0.0047517926   0.0007392755   0.0049076285
       -0.0051302617  -0.0074038349  -0.0322663127   0.1749272603   0.1336699882
       -0.0017740606   0.0079049007   0.0066615249  -0.0001002142   0.0003504613
       -0.0000500718   0.0000613987   0.0000184344   0.0000310049   0.0000272257
        0.0000168075   0.0000013884   0.0000497089   0.0000028692  -0.0000321896
        0.0000612617   0.0000208380  -0.0000623394
        0.0001550481   0.0005263283   0.0009449556  -0.0018177893   0.0011000795
        0.0028050652   0.0316634488  -0.1153826148  -0.1695992490   0.0000371418
       -0.0000466355   0.0001679549  -0.0000043010  -0.0002128312   0.0004570893
        0.0000218834   0.0000644224  -0.0001488452   0.0001062075   0.0001097030
       -0.0000570025   0.0001549578   0.0000388629   0.0000866137  -0.0001375932
        0.0000069405   0.0001199753   0.0000771901  -0.0002081410  -0.0000059478
       -0.0000342983  -0.0000109695  -0.0001441845   0.0001473403   0.0002215840
       -0.0001707237   0.0002501851   0.0005971208   0.0008530886   0.0023264536
       -0.0023509695  -0.0017817369  -0.0375577313   0.1336699882   0.1929126250
        0.0051759295  -0.0183589074  -0.0257087541  -0.0006050785   0.0001441181
       -0.0006048297   0.0000034445   0.0000353734   0.0000353640   0.0000303633
        0.0000321358   0.0000080157   0.0000178196   0.0000102247  -0.0000052537
       -0.0000106219   0.0000141872  -0.0001642201
       -0.0009117274  -0.0028576055   0.0016087008   0.0035234671  -0.0040180018
        0.0104695224  -0.0578575015   0.0248644821  -0.0548510494   0.0006666185
        0.0002688003  -0.0003988052  -0.0020039577  -0.0008790994   0.0006416093
       -0.0000721694   0.0001602201  -0.0000003442   0.0000069180  -0.0000926983
        0.0001028720  -0.0000168515  -0.0000128864   0.0000499320   0.0000617327
        0.0000607990  -0.0000139025   0.0000971804  -0.0000559197   0.0000579366
       -0.0001236511  -0.0001843382  -0.0001260552   0.0005695639  -0.0004049275
        0.0004844859   0.0004868497   0.0001662237   0.0002331133  -0.0128272731
        0.0134266617  -0.0284769004   0.0024515061  -0.0017740606   0.0051759295
        0.0692989180  -0.0295915715   0.0648633400  -0.0033835124   0.0008548767
        0.0001970696  -0.0000595266  -0.0000352516   0.0000248275   0.0000387844
       -0.0000372026   0.0000130374   0.0000536954  -0.0000184779   0.0000196251
        0.0000009362   0.0001599774  -0.0000749445
       -0.0019400526  -0.0055938201   0.0026171392   0.0059527272  -0.0098367351
        0.0198550247   0.0245787250  -0.0831712126   0.0849699195  -0.0003599946
       -0.0001948125   0.0002893118   0.0006060680  -0.0000431992  -0.0004217766
       -0.0000385158  -0.0000301095  -0.0001084250   0.0000170873   0.0001340421
       -0.0000534388   0.0000722557   0.0000766522   0.0000717744  -0.0000207743
       -0.0001660899   0.0002461389  -0.0000298540  -0.0003093174  -0.0000812371
       -0.0004034754  -0.0000413162   0.0000951735   0.0003950800  -0.0005599888
        0.0012665210   0.0004274303   0.0000525412   0.0006605581   0.0046064918
       -0.0018738877   0.0071439050  -0.0050046156   0.0079049007  -0.0183589074
       -0.0295915715   0.0927604647  -0.0979967658   0.0004896920   0.0008552377
       -0.0001228974   0.0000745842  -0.0000353446  -0.0000657743   0.0000148516
        0.0000008779  -0.0000022787   0.0000520110   0.0000371773   0.0000431702
        0.0001018496   0.0000339397  -0.0000471351
        0.0007713187   0.0007564819   0.0009789280  -0.0008366582   0.0045999953
       -0.0064152518  -0.0552780386   0.0859295125  -0.2308239760   0.0002669753
       -0.0000106153  -0.0001586099  -0.0005382770   0.0003047379  -0.0004645506
       -0.0000753666  -0.0002728827   0.0000413985  -0.0001174281  -0.0001320522
        0.0001499195  -0.0001481544   0.0001200218   0.0001414161   0.0000391115
        0.0001916381   0.0000996521  -0.0000923417  -0.0000176083   0.0003439826
        0.0003144543  -0.0000027033   0.0000877656  -0.0001745967   0.0000103788
        0.0000656181  -0.0001810155  -0.0004601351   0.0007102317  -0.0028472174
        0.0010313221  -0.0012445580  -0.0067811791   0.0066615249  -0.0257087541
        0.0648633400  -0.0979967658   0.2611917429   0.0009662926  -0.0005660076
        0.0009509628  -0.0000368368  -0.0000450865  -0.0000740275  -0.0000438368
       -0.0000241904   0.0000060128  -0.0000313358   0.0000329025   0.0000774213
       -0.0000392096  -0.0001104685   0.0000446759
       -0.0000639117  -0.0002382650   0.0000491217   0.0005821711   0.0000681042
       -0.0005390807  -0.0026193538   0.0008289178  -0.0009645762   0.0062015837
        0.0072453575  -0.0053989404  -0.1108712275  -0.0943444869   0.0711804570
       -0.0185952067  -0.0198676976   0.0152784341  -0.0057806180   0.0012883739
        0.0013885103  -0.0002266431   0.0004786099  -0.0002982247  -0.0003455691
        0.0027961371  -0.0004556014   0.0000505578   0.0000245290  -0.0000202153
        0.0000022118   0.0000579080  -0.0000256516   0.0000449238  -0.0000367184
        0.0000424667   0.0000638345  -0.0000269396   0.0000163413  -0.0001843406
        0.0000990110   0.0001331302  -0.0003971689  -0.0001002142  -0.0006050785
       -0.0033835124   0.0004896920   0.0009662926   0.1355706335   0.1025043900
       -0.0809296410   0.0005016506  -0.0008949390   0.0000733568  -0.0007548446
       -0.0009948808   0.0006720990   0.0000050112  -0.0000511720  -0.0002237864
        0.0001998184   0.0006742834  -0.0003394136
       -0.0001670435   0.0001611189  -0.0002514806  -0.0011701234  -0.0004077514
       -0.0007917970  -0.0005851820   0.0000398826   0.0001066417  -0.0108761246
       -0.0187616674   0.0134618419  -0.0944124240  -0.1676908776   0.0983740718
       -0.0003390528   0.0014927019  -0.0000782931   0.0009720342   0.0028886114
        0.0031345360   0.0003447278   0.0002915374  -0.0003752423   0.0032247240
       -0.0014172118   0.0049293068  -0.0001317859  -0.0000877657   0.0000059247
       -0.0000549593   0.0000102500  -0.0000183895  -0.0001675346   0.0001048967
       -0.0000366004   0.0000757010  -0.0003159747  -0.0000359695  -0.0001619261
        0.0002592584  -0.0001576822   0.0000071427   0.0003504613   0.0001441181
        0.0008548767   0.0008552377  -0.0005660076   0.1025043900   0.1834552493
       -0.1158561340   0.0005883046   0.0000188692  -0.0017168991   0.0001362969
       -0.0000216658  -0.0001367839  -0.0000600410  -0.0003378022  -0.0008585954
       -0.0005820005  -0.0008873582   0.0007234336
       -0.0000956153  -0.0003305431   0.0001358061   0.0001974868  -0.0007968188
       -0.0017553983   0.0002885839  -0.0004440977   0.0004986450   0.0066521509
        0.0102811103  -0.0066343082   0.0707795961   0.0987090704  -0.1062519181
        0.0032014981   0.0030154106  -0.0009600170   0.0015284091   0.0029031314
        0.0060655444  -0.0003116715  -0.0004011704  -0.0000117988  -0.0009279894
        0.0048426892   0.0045456071   0.0000479165   0.0000780529   0.0000289052
       -0.0000113019   0.0000747875   0.0000005480   0.0001291860  -0.0000238656
        0.0000257178   0.0004468226  -0.0001920942  -0.0000876300   0.0001112922
       -0.0001441733  -0.0000558718  -0.0006276891  -0.0000500718  -0.0006048297
        0.0001970696  -0.0001228974   0.0009509628  -0.0809296410  -0.1158561340
        0.1073364106  -0.0008342976  -0.0014217832  -0.0015391846  -0.0000043030
        0.0000424857  -0.0002463226  -0.0002209001  -0.0008090254  -0.0012055645
        0.0003833972   0.0006459370  -0.0002353035
       -0.0005298630   0.0001528858  -0.0000793407  -0.0003257151   0.0009740999
       -0.0005531423   0.0000661337  -0.0000381351  -0.0000206224  -0.0050010602
        0.0010292600   0.0014505820  -0.0155478553   0.0226566268  -0.0112373816
       -0.0976846403   0.0957158296  -0.0482723488   0.0066868130  -0.0115724553
        0.0062369437  -0.0007340113  -0.0021171127   0.0025676673  -0.0002499281
       -0.0005145672   0.0003322218   0.0000256534   0.0000138933   0.0000887577
       -0.0000175670   0.0000380429  -0.0000663449  -0.0000047221  -0.0000478779
        0.0000257301  -0.0000266508  -0.0000936518   0.0000017278   0.0000061446
        0.0000147631   0.0000026169   0.0000305254   0.0000613987   0.0000034445
       -0.0000595266   0.0000745842  -0.0000368368   0.0005016506   0.0005883046
       -0.0008342976   0.1119037485  -0.1049815331   0.0501186597   0.0007022460
       -0.0010513825   0.0001491276   0.0002654913  -0.0007110861   0.0003052123
       -0.0000068668  -0.0001918872  -0.0001823765
        0.0000622528  -0.0001491087  -0.0000509425  -0.0000426271   0.0001696787
        0.0002101539  -0.0000011029  -0.0001162941   0.0000068671   0.0010038595
        0.0029337084   0.0029257046   0.0032738599  -0.0035767777   0.0018518152
        0.0956343008  -0.2059217187   0.0885414329   0.0080292029  -0.0179067186
        0.0104895037  -0.0021044289  -0.0006733949   0.0054477301  -0.0004334464
        0.0005787709  -0.0002345245  -0.0000166016   0.0000031502  -0.0000095432
        0.0000113004   0.0000190252   0.0000183389  -0.0000193580   0.0000820212
       -0.0000071614  -0.0000412507  -0.0000411706   0.0000328321  -0.0000402482
        0.0000521480  -0.0000020852  -0.0000016910   0.0000184344   0.0000353734
       -0.0000352516  -0.0000353446  -0.0000450865  -0.0008949390   0.0000188692
       -0.0014217832  -0.1049815331   0.2259239845  -0.1056964360   0.0003436688
       -0.0001363616  -0.0013911919   0.0004774273  -0.0009037727   0.0002240046
       -0.0002233937  -0.0003391285  -0.0009250022
        0.0001655731  -0.0002211199  -0.0000386277  -0.0001175224   0.0004207750
        0.0001216522   0.0000881621  -0.0001679064  -0.0000173634   0.0013834564
        0.0027236843   0.0062267335   0.0001421670  -0.0010692414   0.0009393250
       -0.0479786759   0.0887902105  -0.0818791986  -0.0057246307   0.0132133823
       -0.0056711167   0.0025331431   0.0054952674   0.0042028528   0.0004467761
       -0.0001653595   0.0000943072   0.0000253978   0.0000100850   0.0000660355
        0.0000244311   0.0000190717   0.0000672742   0.0000301745   0.0000235901
        0.0000620960   0.0000440220  -0.0000883293  -0.0000122394  -0.0000138741
        0.0000461692   0.0000054712  -0.0000290056   0.0000310049   0.0000353640
        0.0000248275  -0.0000657743  -0.0000740275   0.0000733568  -0.0017168991
       -0.0015391846   0.0501186597  -0.1056964360   0.0809000933  -0.0006862995
       -0.0011896019  -0.0015600007  -0.0003996903   0.0004747928  -0.0005483954
       -0.0001504490  -0.0008673655  -0.0013810509
       -0.0000771825  -0.0000219075   0.0000137535   0.0000417228  -0.0001673131
       -0.0002907541  -0.0000533484   0.0000102523  -0.0000088818   0.0009889378
       -0.0000565570   0.0000637742  -0.0010674691  -0.0019300462   0.0025664381
       -0.0177693308   0.0002116619   0.0027490644  -0.3012012238   0.0285387134
        0.0231297429  -0.0152184906   0.0033548261   0.0004601625  -0.0003804988
        0.0027734384  -0.0003874819   0.0000455980   0.0000135635   0.0000594580
        0.0000273569  -0.0000104190   0.0000155200   0.0001020165  -0.0000320426
        0.0000268054   0.0001403166  -0.0000699056  -0.0000486372  -0.0000107679
        0.0000278854  -0.0000083549   0.0000234436   0.0000272257   0.0000303633
        0.0000387844   0.0000148516  -0.0000438368  -0.0007548446   0.0001362969
       -0.0000043030   0.0007022460   0.0003436688  -0.0006862995   0.3343597419
       -0.0323928237  -0.0276755462   0.0007431383  -0.0007763372  -0.0000244998
       -0.0006801463   0.0000049679   0.0000635129
       -0.0000766940   0.0000712848  -0.0001275279  -0.0000000613  -0.0005034996
       -0.0006860325  -0.0000706248  -0.0000378744   0.0000077677  -0.0000676101
       -0.0002514754   0.0005406332  -0.0023020434  -0.0003120592   0.0052649023
       -0.0193696726   0.0018556939   0.0025065733   0.0284940652  -0.0446727137
        0.0007371712   0.0230492871  -0.0032642290  -0.0009660447   0.0030375469
       -0.0013889965   0.0049574331  -0.0000389733   0.0000129387   0.0000132921
        0.0000183961   0.0000135806  -0.0000283365  -0.0001156969   0.0000309888
        0.0000122626   0.0001446770  -0.0001078209  -0.0000321926  -0.0000457905
        0.0000271042   0.0000039121   0.0000190501   0.0000168075   0.0000321358
       -0.0000372026   0.0000008779  -0.0000241904  -0.0009948808  -0.0000216658
        0.0000424857  -0.0010513825  -0.0001363616  -0.0011896019  -0.0323928237
        0.0491523619  -0.0095853150   0.0006142884  -0.0001664656  -0.0014082796
        0.0011861459  -0.0003184766  -0.0000710479
       -0.0001133913  -0.0000428383  -0.0001531606  -0.0004003323  -0.0007663157
       -0.0012207192   0.0000590894  -0.0000763632  -0.0000413857   0.0000644636
        0.0005964091   0.0003160519   0.0025759245   0.0052016941   0.0043067541
        0.0145072756  -0.0003113350  -0.0008346223   0.0231283679   0.0006326287
       -0.0400363169  -0.0112084736   0.0019703167   0.0014225981  -0.0005265732
        0.0050558561   0.0049974302  -0.0000209900   0.0000542822   0.0000678573
       -0.0000596695   0.0000467715  -0.0000172238   0.0000383679   0.0000078471
        0.0000837213   0.0003271232  -0.0001003911  -0.0001158736  -0.0000341652
       -0.0000197532   0.0000241184  -0.0000602714   0.0000013884   0.0000080157
        0.0000130374  -0.0000022787   0.0000060128   0.0006720990  -0.0001367839
       -0.0002463226   0.0001491276  -0.0013911919  -0.0015600007  -0.0276755462
       -0.0095853150   0.0346545827  -0.0008220446  -0.0012100020  -0.0015750990
       -0.0006134188   0.0000753742  -0.0000864179
        0.0001809969   0.0000970274  -0.0000938249  -0.0009633599  -0.0011192578
        0.0007798545  -0.0003456558   0.0000846311  -0.0000112091  -0.0048406638
        0.0016509662   0.0011573226  -0.0000488414   0.0005505662  -0.0003209437
       -0.0002435819   0.0028831184  -0.0005205593   0.0067893114   0.0084373494
       -0.0056965155  -0.1194564390  -0.0972963727   0.0694828410  -0.0184507063
       -0.0197655044   0.0142485759   0.0000092723  -0.0000141937   0.0001004469
        0.0000076221  -0.0000130249   0.0000345344  -0.0001257905  -0.0001562465
        0.0000823988   0.0000561275  -0.0000160426  -0.0000870872  -0.0000689665
       -0.0000756470   0.0000155462   0.0000078568   0.0000497089   0.0000178196
        0.0000536954   0.0000520110  -0.0000313358   0.0000050112  -0.0000600410
       -0.0002209001   0.0002654913   0.0004774273  -0.0003996903   0.0007431383
        0.0006142884  -0.0008220446   0.1357149692   0.1045771435  -0.0777281164
        0.0007105127  -0.0009579072   0.0000128870
       -0.0000112709   0.0000760097  -0.0000611649   0.0002400643  -0.0002239689
        0.0000947418   0.0000863163   0.0000833799  -0.0000408688   0.0011835236
        0.0031448023   0.0026500073   0.0006683901   0.0001522877  -0.0002295412
        0.0029690418  -0.0019353937   0.0053179941  -0.0115964176  -0.0182111061
        0.0132049614  -0.0970975006  -0.1664988158   0.0913563788   0.0000443718
        0.0011644221  -0.0005206692  -0.0000033732   0.0000160032   0.0000296014
        0.0000563287  -0.0000221003  -0.0000071384  -0.0000052350   0.0000135182
        0.0000057178   0.0000088614   0.0000090897  -0.0000083975  -0.0000101673
        0.0000199581   0.0000125945   0.0000220588   0.0000028692   0.0000102247
       -0.0000184779   0.0000371773   0.0000329025  -0.0000511720  -0.0003378022
       -0.0008090254  -0.0007110861  -0.0009037727   0.0004747928  -0.0007763372
       -0.0001664656  -0.0012100020   0.1045771435   0.1834178962  -0.1086176174
        0.0004249377   0.0001620117  -0.0016854922
        0.0000783113   0.0001069525  -0.0000642125  -0.0001909719  -0.0001755407
        0.0001696420   0.0001734364   0.0001152074  -0.0001131061   0.0012167072
        0.0028839513   0.0060888262  -0.0002554358  -0.0003012809   0.0001269677
       -0.0006173700   0.0052614970   0.0049124159   0.0059238815   0.0105238799
       -0.0056313621   0.0696193078   0.0911095576  -0.0986588362   0.0025315419
        0.0024549653  -0.0015847592  -0.0000243065   0.0000495353   0.0000093533
       -0.0000529500  -0.0000198096  -0.0000036528   0.0000120047  -0.0000003389
        0.0000343116   0.0000016491   0.0001023828  -0.0000054285  -0.0000043434
       -0.0000297412   0.0000313067  -0.0000307928  -0.0000321896  -0.0000052537
        0.0000196251   0.0000431702   0.0000774213  -0.0002237864  -0.0008585954
       -0.0012055645   0.0003052123   0.0002240046  -0.0005483954  -0.0000244998
       -0.0014082796  -0.0015750990  -0.0777281164  -0.1086176174   0.0995648483
       -0.0007291043  -0.0014317105  -0.0016194230
       -0.0044238643  -0.0029506857   0.0004620613   0.0002152853  -0.0002419010
       -0.0008597785   0.0000908873  -0.0000252124  -0.0000393676   0.0059214964
       -0.0104880096   0.0052038222  -0.0006935160  -0.0018416848   0.0024198104
       -0.0002820757  -0.0005350086   0.0002955194  -0.0061823695   0.0009311432
        0.0015951332  -0.0163292575   0.0253701853  -0.0121024392  -0.0885180726
        0.0907250474  -0.0419485753  -0.0001004744  -0.0002354822  -0.0001408073
       -0.0002131603  -0.0001922830   0.0001690702  -0.0004462496   0.0015591361
       -0.0001453194   0.0002334794   0.0000204462  -0.0000124784   0.0000117125
        0.0000561913  -0.0000196447  -0.0000459205   0.0000612617  -0.0000106219
        0.0000009362   0.0001018496  -0.0000392096   0.0001998184  -0.0005820005
        0.0003833972  -0.0000068668  -0.0002233937  -0.0001504490  -0.0006801463
        0.0011861459  -0.0006134188   0.0007105127   0.0004249377  -0.0007291043
        0.1105378454  -0.1031206829   0.0462823998
        0.0006445303   0.0021343258  -0.0010461675   0.0017614877  -0.0013032906
       -0.0000076111   0.0000232236   0.0002754825  -0.0001812592   0.0084432810
       -0.0199234984   0.0104505133  -0.0028791403  -0.0009097039   0.0051416610
       -0.0004923982   0.0004830662  -0.0004344258   0.0017361731   0.0029470742
        0.0027119441   0.0045089928  -0.0048344987   0.0027311630   0.0929553555
       -0.2142639352   0.0889493206  -0.0005162124  -0.0004897303  -0.0003005831
       -0.0000517450   0.0000278082  -0.0000897615  -0.0028813192   0.0002359352
       -0.0000014821   0.0001095954  -0.0002219664   0.0000690520  -0.0000566557
        0.0000675258  -0.0000198912   0.0001260800   0.0000208380   0.0000141872
        0.0001599774   0.0000339397  -0.0001104685   0.0006742834  -0.0008873582
        0.0006459370  -0.0001918872  -0.0003391285  -0.0008673655   0.0000049679
       -0.0003184766   0.0000753742  -0.0009579072   0.0001620117  -0.0014317105
       -0.1031206829   0.2371035797  -0.1062984264
       -0.0012485860  -0.0003795483   0.0002726115  -0.0009156241  -0.0013362980
       -0.0017616596  -0.0001163934   0.0000231557  -0.0000784113  -0.0061105637
        0.0143695048  -0.0067936108   0.0031138940   0.0050620458   0.0040092500
        0.0000473800  -0.0004564285  -0.0000847655   0.0011535535   0.0031305036
        0.0063167622  -0.0000152210  -0.0006516770   0.0011737919  -0.0429076330
        0.0885830864  -0.0738650074  -0.0000673162   0.0001224583   0.0002118331
        0.0000025305   0.0000041632   0.0001337207   0.0009832098   0.0001309506
        0.0010369914   0.0004069617  -0.0000713871  -0.0002420240  -0.0000002487
       -0.0001645199  -0.0000071087  -0.0000880085  -0.0000623394  -0.0001642201
       -0.0000749445  -0.0000471351   0.0000446759  -0.0003394136   0.0007234336
       -0.0002353035  -0.0001823765  -0.0009250022  -0.0013810509   0.0000635129
       -0.0000710479  -0.0000864179   0.0000128870  -0.0016854922  -0.0016194230
        0.0462823998  -0.1062984264   0.0731193659
