           1           2  0.94603153746970703     
           2           3  0.99295106791393595     
           3           4   1.0187222283497941     
           4           5   1.9827297278513711     
           1           7  0.83925485767143371     
           1           8  0.92322468034116056     
           1           9  0.91217254557480953     
           2          10  0.97192829550019177     
           2          11  0.96892023426834606     
           3          12  0.96186418197114865     
           3          13  0.96051559221238925     
           4          14  0.96701675647995489     
           5          15  0.96602567038284470     
           5          16  0.97669383213327698     
