           1           2  0.96404712120398350     
           2           3  0.99991734325899984     
           3           4  0.99175331709439829     
           4           5   1.0085256602225769     
           5           6   1.0078384519023509     
           6           7   1.0077775862879848     
           3           8  0.99416522889153303     
           7           8   1.0086515631087445     
           1           9  0.89032583028834023     
           1          10  0.89181196078418434     
           1          11  0.88590618398558574     
           2          12  0.96487028368693306     
           2          13  0.96188916084221443     
           3          14  0.96383936002616410     
           4          15  0.97673232072787353     
           4          16  0.97507246153746874     
           5          17  0.97736636943918220     
           5          18  0.97597794664834747     
           6          19  0.97822171774841604     
           6          20  0.97767641078454948     
           7          21  0.97727291288813767     
           7          22  0.97434989371661640     
           8          23  0.97702791113921705     
           8          24  0.97085782660486830     
