           1           2  0.93994685896905739     
           2           3   1.0068613008939653     
           3           4  0.98941613647154580     
           4           5  0.99549153595191686     
           5           6   1.0074690025747739     
           6           7   1.0080431912237859     
           7           8   1.0080749386741354     
           4           9  0.99589956818963676     
           8           9   1.0078445005956458     
           1          11  0.91972193293286575     
           1          12  0.84246059901913184     
           1          13  0.92251461319554162     
           2          14  0.96890834326346398     
           2          15  0.96400104014609656     
           3          16  0.96511096244480332     
           3          17  0.97274762410159243     
           4          18  0.96433317286833731     
           5          19  0.97708300018239314     
           5          20  0.97505600060759767     
           6          21  0.97756702339216717     
           6          22  0.97712379511874192     
           7          23  0.97736566018397408     
           7          24  0.97815284160724503     
           8          25  0.97738509172145727     
           8          26  0.97667313958172808     
           9          27  0.97529748688776752     
           9          28  0.97436508614257344     
