           1           2  0.96440969944312638     
           2           3   1.0052530336253376     
           3           4  0.95630666078276061     
           1           6  0.90887826902832392     
           1           7  0.83843950645771748     
           1           8  0.91574141501498219     
           2           9  0.96376787390659469     
           2          10  0.96036675770224733     
           3          11  0.96327274007909869     
           3          12  0.95952739126945186     
