           1           2  0.92595605467568232     
           2           3   1.0074665160452256     
           3           4   1.0047230891141021     
           4           5   1.0071430337250551     
           5           6   1.0056273338874584     
           6           7   1.0080317895659447     
           7           8   1.0062570584740191     
           8           9   1.0078291073585390     
           9          10   1.0068011212152324     
          10          11   1.0078593689106359     
          11          12   1.0082302684671538     
          12          13   1.0206322017821226     
           1          14  0.91379791924967713     
           1          15  0.90245361330424412     
           1          16  0.90949889468648881     
           2          17  0.96165470634822470     
           2          18  0.96715891904052576     
           3          19  0.96109373561909872     
           3          20  0.97096635575400603     
           4          21  0.97065789082502318     
           4          22  0.97016610282797533     
           5          23  0.97433484113344015     
           5          24  0.97542449051166524     
           6          25  0.97426998153416333     
           6          26  0.97527791988049972     
           7          27  0.97505741597164097     
           7          28  0.97721528152201342     
           8          29  0.97319561318763781     
           8          30  0.97620509939497913     
           9          31  0.97687283523222068     
           9          32  0.97401305190083720     
          10          33  0.97655259904445757     
          10          34  0.97603699480501549     
          11          35  0.97411708320221546     
          11          36  0.97583870209104873     
          12          37  0.97740226324361790     
          12          38  0.97511923363158648     
          13          39  0.98692067038366171     
          13          40  0.98675523902777917     
          13          41  0.98744356652672627     
