           1           2  0.97279690609381597     
           2           3   1.0097901809218643     
           3           4  0.96140123859663396     
           4           5   1.0578141201737812     
           5           6   1.2823639758132817     
           6           7   1.2152759248822194     
           7           8   1.6452357152174688     
           6           9   1.2652542735705159     
           9          10   1.2529435789756340     
          10          11   1.3419146772695185     
           5          12   1.3646901230693322     
          11          12   1.4652721934445756     
          10          13   1.2047309363926537     
          13          14   1.6525240009163902     
          14          15   1.1980056486434660     
          15          16   1.3562466425131909     
          16          17   1.4419217627632439     
          17          18   1.4460165428609939     
           8          19   1.2019900546152193     
          18          19   1.3518714424730918     
           9          20   1.2437041772257726     
          15          20   1.2562160591862650     
          19          20   1.2573732557907753     
           1          22  0.88321665533171523     
           1          23  0.89146434248250861     
           1          24  0.88673290593467591     
           2          25  0.95944574158807949     
           2          26  0.96176509172440139     
           3          27  0.96064369765195412     
           3          28  0.96268479445457800     
           7          29  0.96504016975698481     
           8          30  0.96761721936290446     
          11          31  0.96816944597682053     
          12          32  0.96219499162269506     
          13          33  0.96809365577668560     
          14          34  0.96828517687293358     
          16          35  0.96928970271245207     
          17          36  0.97014268689483563     
          18          37  0.96895027852330762     
