$hessian                                                                        
        0.4923537673  -0.0239740165   0.0260016512  -0.1471240563  -0.0346657822
        0.0332746971  -0.0082575816  -0.0110505516   0.0016213444   0.0008893584
       -0.0005763205  -0.0024635195  -0.0008868537  -0.0005977348   0.0006014706
       -0.0107449821   0.0101298251  -0.0020296276  -0.0493251634  -0.0374313572
       -0.0188367734  -0.1959723271   0.1096657940  -0.0292855126  -0.0472060078
        0.0025724307  -0.0239033885  -0.0022956849  -0.0024014967   0.0030022185
       -0.0321746870  -0.0138245406   0.0117735248   0.0003909549   0.0011524382
        0.0002944228   0.0003532635   0.0010013121  -0.0000505079
       -0.0239740165   0.5501943589   0.0251858330  -0.0413312865  -0.0881558556
        0.0189552394  -0.0263447141  -0.0194456999   0.0067918917  -0.0003052593
       -0.0063457345  -0.0037377031  -0.0017166079   0.0008111216   0.0009962325
        0.0079537016  -0.0049918183   0.0013491436  -0.0326680966  -0.2639381064
       -0.1164433652   0.1130617016  -0.1187037044   0.0200531314   0.0030094159
       -0.0548512623   0.0455384545  -0.0073500122  -0.0042955631   0.0049881272
        0.0100676530   0.0070188638  -0.0047875333   0.0004139425   0.0012126045
        0.0008197740  -0.0008164215   0.0014907956   0.0002907743
        0.0260016512   0.0251858330   0.5724726339   0.0339441760   0.0162414143
       -0.0869892316  -0.0093087868  -0.0053848310   0.0048516700  -0.0006324798
       -0.0026163410  -0.0017798727  -0.0002856172   0.0002539736   0.0012807091
       -0.0018477352   0.0014520436   0.0005910687  -0.0167288982  -0.1203557813
       -0.1105706933  -0.0299813762   0.0203684128  -0.0460438044  -0.0271461516
        0.0506692087  -0.3232188521   0.0276621689   0.0149539233  -0.0135829592
       -0.0006105166  -0.0009505727   0.0020781789  -0.0008729671  -0.0000641681
        0.0013294779  -0.0001934675   0.0002468848  -0.0004183253
       -0.1471240563  -0.0413312865   0.0339441760   0.4703244338  -0.0491808491
        0.0111799132  -0.0578050230  -0.0064057974  -0.0101287656  -0.0119003143
       -0.0236027328  -0.0061937173   0.0007991026   0.0017765312   0.0012231213
        0.0008601345  -0.0012666942  -0.0001948363  -0.0040019122  -0.0043622966
        0.0000292179  -0.0211708300  -0.0066791467   0.0061123117   0.0010471383
       -0.0003403509   0.0049731940  -0.0462455621   0.0053321380  -0.0193362725
       -0.1866231528   0.1094192694  -0.0294449447  -0.0001684881  -0.0034201091
       -0.0025221227   0.0020085296   0.0200613247   0.0103587250
       -0.0346657822  -0.0881558556   0.0162414143  -0.0491808491   0.4579889519
       -0.0039124418   0.0012590038  -0.1587501182  -0.0608471033  -0.0164682110
       -0.0191699315   0.0015483674   0.0038556251   0.0028293772  -0.0015286624
        0.0006520578  -0.0017510559   0.0004806219  -0.0190732961  -0.0120416200
        0.0068320954   0.0054419406   0.0102215604  -0.0052008475  -0.0043584338
       -0.0028199363   0.0047654929   0.0069574851  -0.0468236493   0.0337564803
        0.1055273388  -0.1179948235   0.0207026369  -0.0011349858  -0.0011385792
       -0.0036443721   0.0011881070  -0.0223943200  -0.0091936821
        0.0332746971   0.0189552394  -0.0869892316   0.0111799132  -0.0039124418
        0.5220320943  -0.0045183270  -0.0533775429  -0.0958632915  -0.0016733126
        0.0066534923   0.0052156591   0.0023392006   0.0000908556  -0.0012239769
       -0.0005341853   0.0006094259  -0.0008424848  -0.0092982318  -0.0043019598
        0.0049614867   0.0007630999  -0.0033046872   0.0016782079   0.0234361408
        0.0138444993  -0.0117374142  -0.0246795509   0.0315270061  -0.2672101884
       -0.0267445456   0.0209672829  -0.0518510878  -0.0043851037  -0.0282864989
       -0.0197134676   0.0008402053   0.0005353291   0.0015436948
       -0.0082575816  -0.0263447141  -0.0093087868  -0.0578050230   0.0012590038
       -0.0045183270   0.5317787454   0.0228392275  -0.0267588410  -0.2153304100
       -0.0972233527   0.0650638305  -0.0216850678  -0.0219769787   0.0152139787
       -0.0017743268  -0.0001533633   0.0000934423  -0.0036764517  -0.0027825192
        0.0017378990   0.0017636996  -0.0001933391   0.0007203656   0.0005610218
        0.0008689198  -0.0005874303  -0.0002735857  -0.0039974496  -0.0033672219
        0.0028648960   0.0193142609   0.0093070117  -0.0392246193   0.0039582550
       -0.0207250680  -0.1889412968   0.1044320497  -0.0268708528
       -0.0110505516  -0.0194456999  -0.0053848310  -0.0064057974  -0.1587501182
       -0.0533775429   0.0228392275   0.4689829588  -0.0256213953  -0.0985367742
       -0.1124938241   0.0391243983  -0.0206794296   0.0029126418   0.0083632286
       -0.0004653820   0.0010177112  -0.0006259798  -0.0028700925  -0.0007197474
        0.0018711123   0.0009718826   0.0006051433   0.0005384834   0.0000386439
        0.0014014738  -0.0000695461  -0.0010621892  -0.0009870075  -0.0036076139
        0.0005600299  -0.0238219458  -0.0097814032   0.0040683819  -0.0441831788
        0.0300790904   0.1125920507  -0.1145184070   0.0184919992
        0.0016213444   0.0067918917   0.0048516700  -0.0101287656  -0.0608471033
       -0.0958632915  -0.0267588410  -0.0256213953   0.4812002508   0.0665716625
        0.0396475867  -0.0810954819   0.0154620201   0.0090569099   0.0087481938
        0.0003253648  -0.0001638978   0.0011988290   0.0014862912   0.0013569344
        0.0002743364  -0.0005167813   0.0002450932   0.0005072166   0.0003346930
        0.0005298413   0.0016289438  -0.0044031911  -0.0261606455  -0.0167241147
        0.0007254274   0.0012009611   0.0019812592  -0.0160856801   0.0344116491
       -0.2610522849  -0.0286335444   0.0195521744  -0.0456555266
        0.0008893584  -0.0003052593  -0.0006324798  -0.0119003143  -0.0164682110
       -0.0016733126  -0.2153304100  -0.0985367742   0.0665716625   1.0391029690
        0.5482395651  -0.3795914930  -0.7786419951  -0.4256943673   0.2984251053
        0.0024856416   0.0004938416  -0.0006970933  -0.0004981295   0.0001766924
        0.0000406282  -0.0010948318   0.0008624806  -0.0008801475  -0.0008046784
       -0.0002028767  -0.0001643569   0.0012510506   0.0003474366  -0.0001829139
        0.0004386848   0.0013613620   0.0008740093  -0.0035669972  -0.0020952553
        0.0083263841  -0.0323303482  -0.0081786344   0.0095840075
       -0.0005763205  -0.0063457345  -0.0026163410  -0.0236027328  -0.0191699315
        0.0066534923  -0.0972233527  -0.1124938241   0.0396475867   0.5482395651
        0.4402328093  -0.2233461073  -0.4269637043  -0.3043838744   0.1766055824
        0.0012586243  -0.0014585820   0.0011587255  -0.0003926038  -0.0009630696
       -0.0004125273  -0.0007775782  -0.0013261741  -0.0004055676   0.0006360573
       -0.0012918990  -0.0008039981  -0.0002006492   0.0014562620  -0.0004127124
        0.0005790223   0.0005422860  -0.0002523980  -0.0077620499  -0.0038763515
        0.0082833532   0.0067857224   0.0090780835  -0.0040990884
       -0.0024635195  -0.0037377031  -0.0017798727  -0.0061937173   0.0015483674
        0.0052156591   0.0650638305   0.0391243983  -0.0810954819  -0.3795914930
       -0.2233461073   0.2718269776   0.2969679935   0.1749847946  -0.1763365296
       -0.0007702141   0.0002206593  -0.0022607775  -0.0003571226  -0.0004253075
       -0.0006065437   0.0008390306  -0.0001489450  -0.0009506229  -0.0005043016
       -0.0001255619  -0.0011044642  -0.0002493239  -0.0007792059  -0.0001383827
       -0.0001675207  -0.0004543868   0.0008938707   0.0267890535   0.0157881474
       -0.0156346716   0.0006373045  -0.0026491494   0.0019708396
       -0.0008868537  -0.0017166079  -0.0002856172   0.0007991026   0.0038556251
        0.0023392006  -0.0216850678  -0.0206794296   0.0154620201  -0.7786419951
       -0.4269637043   0.2969679935   0.7991854661   0.4489916935  -0.3141914677
       -0.0018041829  -0.0009583629   0.0007339919   0.0002427942  -0.0002628370
        0.0001314438   0.0015044730   0.0000991667   0.0003005450   0.0006535693
        0.0002445444  -0.0001266194  -0.0005851769   0.0002444740   0.0000241176
       -0.0001101632  -0.0003287189  -0.0002898451  -0.0012572928  -0.0013438920
       -0.0012386737   0.0025853273  -0.0011819512   0.0001729107
       -0.0005977348   0.0008111216   0.0002539736   0.0017765312   0.0028293772
        0.0000908556  -0.0219769787   0.0029126418   0.0090569099  -0.4256943673
       -0.3043838744   0.1749847946   0.4489916935   0.2983964163  -0.1853117879
       -0.0000082031   0.0018609492  -0.0008725888  -0.0006179054   0.0002353257
        0.0006297640  -0.0001444394  -0.0003007663   0.0005189416  -0.0004262077
        0.0007647618   0.0002902199   0.0000059555  -0.0008746429   0.0003556589
       -0.0003047923  -0.0002607969   0.0002728122  -0.0004263271   0.0003378393
       -0.0011711149  -0.0005772243  -0.0023283523   0.0009015614
        0.0006014706   0.0009962325   0.0012807091   0.0012231213  -0.0015286624
       -0.0012239769   0.0152139787   0.0083632286   0.0087481938   0.2984251053
        0.1766055824  -0.1763365296  -0.3141914677  -0.1853117879   0.1634869970
        0.0001740927  -0.0003397983   0.0017185949   0.0000401815   0.0001043354
        0.0009085060  -0.0002546598   0.0003319461   0.0003907094   0.0004369284
        0.0002005218   0.0007959878  -0.0001466683  -0.0000669834  -0.0000543828
       -0.0002031083   0.0000224488  -0.0005663396  -0.0017210058  -0.0009384978
        0.0013529803   0.0004020313   0.0015614343  -0.0005014494
       -0.0107449821   0.0079537016  -0.0018477352   0.0008601345   0.0006520578
       -0.0005341853  -0.0017743268  -0.0004653820   0.0003253648   0.0024856416
        0.0012586243  -0.0007702141  -0.0018041829  -0.0000082031   0.0001740927
       -0.0037318666   0.0056851120  -0.0014333322  -0.0004208837  -0.0009890966
       -0.0003129168   0.0138850582  -0.0149549807   0.0034890393  -0.0000663920
       -0.0005056930   0.0009879867   0.0005364883  -0.0000239184  -0.0004270068
       -0.0003058856   0.0003170992  -0.0001103548   0.0001695073   0.0001439306
        0.0001165639   0.0009116897   0.0009367483   0.0003426978
        0.0101298251  -0.0049918183   0.0014520436  -0.0012666942  -0.0017510559
        0.0006094259  -0.0001533633   0.0010177112  -0.0001638978   0.0004938416
       -0.0014585820   0.0002206593  -0.0009583629   0.0018609492  -0.0003397983
        0.0056851120  -0.0010896902   0.0007748755   0.0002716427   0.0005335861
        0.0005345570  -0.0150446168   0.0061877228  -0.0025685245   0.0000157555
       -0.0002004173  -0.0006721642  -0.0000190520  -0.0000999201   0.0001496268
        0.0006179537   0.0005195824   0.0000466954  -0.0001796594   0.0000054283
       -0.0000406832   0.0004076179  -0.0005334963  -0.0000028156
       -0.0020296276   0.0013491436   0.0005910687  -0.0001948363   0.0004806219
       -0.0008424848   0.0000934423  -0.0006259798   0.0011988290  -0.0006970933
        0.0011587255  -0.0022607775   0.0007339919  -0.0008725888   0.0017185949
       -0.0014333322   0.0007748755   0.0023711533  -0.0000742975  -0.0000006497
        0.0000912844   0.0032404377  -0.0024518217  -0.0037035122   0.0000888937
        0.0000201974   0.0004931346   0.0002706696  -0.0004091206   0.0006852873
        0.0001461530  -0.0002066374   0.0009032299  -0.0001104025   0.0004188304
        0.0000318332  -0.0000339989   0.0003644037  -0.0012776408
       -0.0493251634  -0.0326680966  -0.0167288982  -0.0040019122  -0.0190732961
       -0.0092982318  -0.0036764517  -0.0028700925   0.0014862912  -0.0004981295
       -0.0003926038  -0.0003571226   0.0002427942  -0.0006179054   0.0000401815
       -0.0004208837   0.0002716427  -0.0000742975   0.0503513838   0.0409708623
        0.0184836327   0.0052057581   0.0178525724   0.0097831598   0.0020934394
       -0.0027704368  -0.0032806999   0.0004279684  -0.0003641774   0.0000561965
       -0.0004521256  -0.0006245853  -0.0003582632   0.0000346361   0.0001652548
        0.0001843171   0.0000186861   0.0001208615   0.0000637344
       -0.0374313572  -0.2639381064  -0.1203557813  -0.0043622966  -0.0120416200
       -0.0043019598  -0.0027825192  -0.0007197474   0.0013569344   0.0001766924
       -0.0009630696  -0.0004253075  -0.0002628370   0.0002353257   0.0001043354
       -0.0009890966   0.0005335861  -0.0000006497   0.0409708623   0.2888477473
        0.1328522495   0.0035130344  -0.0172809791  -0.0081145981   0.0006234191
        0.0042447531  -0.0014194596   0.0000978622   0.0000907626  -0.0000061947
        0.0005627079   0.0006329559  -0.0001239163   0.0000635740   0.0000465475
        0.0004051741  -0.0001800457   0.0003118443   0.0000291737
       -0.0188367734  -0.1164433652  -0.1105706933   0.0000292179   0.0068320954
        0.0049614867   0.0017378990   0.0018711123   0.0002743364   0.0000406282
       -0.0004125273  -0.0006065437   0.0001314438   0.0006297640   0.0009085060
       -0.0003129168   0.0005345570   0.0000912844   0.0184836327   0.1328522495
        0.1195846544   0.0022508852   0.0002484112   0.0036087203  -0.0044108192
       -0.0272735478  -0.0187377246   0.0006597766   0.0012274086   0.0001206756
        0.0001762845   0.0001989795   0.0002242009   0.0000539085  -0.0001030765
        0.0000807772  -0.0000031670  -0.0001620607   0.0000603197
       -0.1959723271   0.1130617016  -0.0299813762  -0.0211708300   0.0054419406
        0.0007630999   0.0017636996   0.0009718826  -0.0005167813  -0.0010948318
       -0.0007775782   0.0008390306   0.0015044730  -0.0001444394  -0.0002546598
        0.0138850582  -0.0150446168   0.0032404377   0.0052057581   0.0035130344
        0.0022508852   0.1984161975  -0.1069362659   0.0283559495  -0.0008906965
        0.0037189388  -0.0065539635   0.0001337411  -0.0002633439   0.0002405237
       -0.0022011116  -0.0018544443   0.0017169636  -0.0002417699  -0.0003828804
       -0.0000844054   0.0006626393  -0.0013039292  -0.0000157040
        0.1096657940  -0.1187037044   0.0203684128  -0.0066791467   0.0102215604
       -0.0033046872  -0.0001933391   0.0006051433   0.0002450932   0.0008624806
       -0.0013261741  -0.0001489450   0.0000991667  -0.0003007663   0.0003319461
       -0.0149549807   0.0061877228  -0.0024518217   0.0178525724  -0.0172809791
        0.0002484112  -0.1069362659   0.1229024691  -0.0213180529   0.0044215164
       -0.0008913316   0.0050328003  -0.0004064292   0.0007900444  -0.0000411302
       -0.0039681988  -0.0013433654   0.0009570810   0.0000788377  -0.0004023125
       -0.0000891420   0.0001579925  -0.0004583063   0.0001700345
       -0.0292855126   0.0200531314  -0.0460438044   0.0061123117  -0.0052008475
        0.0016782079   0.0007203656   0.0005384834   0.0005072166  -0.0008801475
       -0.0004055676  -0.0009506229   0.0003005450   0.0005189416   0.0003907094
        0.0034890393  -0.0025685245  -0.0037035122   0.0097831598  -0.0081145981
        0.0036087203   0.0283559495  -0.0213180529   0.0518788715  -0.0216067745
        0.0158754328  -0.0067346368   0.0004149721   0.0005730208  -0.0003859444
        0.0021771593   0.0011729008  -0.0013678502   0.0003864088  -0.0008079297
       -0.0004937057   0.0000325236  -0.0003163904   0.0016163509
       -0.0472060078   0.0030094159  -0.0271461516   0.0010471383  -0.0043584338
        0.0234361408   0.0005610218   0.0000386439   0.0003346930  -0.0008046784
        0.0006360573  -0.0005043016   0.0006535693  -0.0004262077   0.0004369284
       -0.0000663920   0.0000157555   0.0000888937   0.0020934394   0.0006234191
       -0.0044108192  -0.0008906965   0.0044215164  -0.0216067745   0.0482556427
       -0.0007550971   0.0267847252  -0.0038542906  -0.0027149541   0.0022305205
        0.0002171788  -0.0001681819   0.0009587489   0.0000901018  -0.0003787234
       -0.0005128499  -0.0000960267   0.0000567900  -0.0000897537
        0.0025724307  -0.0548512623   0.0506692087  -0.0003403509  -0.0028199363
        0.0138444993   0.0008689198   0.0014014738   0.0005298413  -0.0002028767
       -0.0012918990  -0.0001255619   0.0002445444   0.0007647618   0.0002005218
       -0.0005056930  -0.0002004173   0.0000201974  -0.0027704368   0.0042447531
       -0.0272735478   0.0037189388  -0.0008913316   0.0158754328  -0.0007550971
        0.0545800045  -0.0539091138  -0.0027590907  -0.0006066040   0.0010343617
        0.0004751959   0.0004863096  -0.0005255306  -0.0006347014  -0.0002723171
       -0.0006249176   0.0000882170  -0.0005435354   0.0002846088
       -0.0239033885   0.0455384545  -0.3232188521   0.0049731940   0.0047654929
       -0.0117374142  -0.0005874303  -0.0000695461   0.0016289438  -0.0001643569
       -0.0008039981  -0.0011044642  -0.0001266194   0.0002902199   0.0007959878
        0.0009879867  -0.0006721642   0.0004931346  -0.0032806999  -0.0014194596
       -0.0187377246  -0.0065539635   0.0050328003  -0.0067346368   0.0267847252
       -0.0539091138   0.3579823140   0.0024185658   0.0010084830   0.0001280834
       -0.0006648643  -0.0001846624   0.0006168687   0.0001538068   0.0004378728
       -0.0000162341  -0.0000369556  -0.0000143792  -0.0000960063
       -0.0022956849  -0.0073500122   0.0276621689  -0.0462455621   0.0069574851
       -0.0246795509  -0.0002735857  -0.0010621892  -0.0044031911   0.0012510506
       -0.0002006492  -0.0002493239  -0.0005851769   0.0000059555  -0.0001466683
        0.0005364883  -0.0000190520   0.0002706696   0.0004279684   0.0000978622
        0.0006597766   0.0001337411  -0.0004064292   0.0004149721  -0.0038542906
       -0.0027590907   0.0024185658   0.0545167456  -0.0010492054   0.0229495093
       -0.0044870880   0.0067345117  -0.0253275321   0.0005395027  -0.0011751378
       -0.0001430250   0.0003358915   0.0002259512   0.0005736290
       -0.0024014967  -0.0042955631   0.0149539233   0.0053321380  -0.0468236493
        0.0315270061  -0.0039974496  -0.0009870075  -0.0261606455   0.0003474366
        0.0014562620  -0.0007792059   0.0002444740  -0.0008746429  -0.0000669834
       -0.0000239184  -0.0000999201  -0.0004091206  -0.0003641774   0.0000907626
        0.0012274086  -0.0002633439   0.0007900444   0.0005730208  -0.0027149541
       -0.0006066040   0.0010084830  -0.0010492054   0.0578531598  -0.0376157589
        0.0060445860  -0.0029381674   0.0194740398  -0.0009198613  -0.0045097275
       -0.0032524361  -0.0002342279   0.0009450531  -0.0004797311
        0.0030022185   0.0049881272  -0.0135829592  -0.0193362725   0.0337564803
       -0.2672101884  -0.0033672219  -0.0036076139  -0.0167241147  -0.0001829139
       -0.0004127124  -0.0001383827   0.0000241176   0.0003556589  -0.0000543828
       -0.0004270068   0.0001496268   0.0006852873   0.0000561965  -0.0000061947
        0.0001206756   0.0002405237  -0.0000411302  -0.0003859444   0.0022305205
        0.0010343617   0.0001280834   0.0229495093  -0.0376157589   0.3070836427
       -0.0050963211   0.0038298946  -0.0094059420  -0.0002555705  -0.0028842737
       -0.0009475374   0.0001622206   0.0004535344   0.0004317626
       -0.0321746870   0.0100676530  -0.0006105166  -0.1866231528   0.1055273388
       -0.0267445456   0.0028648960   0.0005600299   0.0007254274   0.0004386848
        0.0005790223  -0.0001675207  -0.0001101632  -0.0003047923  -0.0002031083
       -0.0003058856   0.0006179537   0.0001461530  -0.0004521256   0.0005627079
        0.0001762845  -0.0022011116  -0.0039681988   0.0021771593   0.0002171788
        0.0004751959  -0.0006648643  -0.0044870880   0.0060445860  -0.0050963211
        0.2221755023  -0.1193534812   0.0303871475   0.0002624306  -0.0001934125
        0.0000790212   0.0003955214  -0.0006146026  -0.0002043161
       -0.0138245406   0.0070188638  -0.0009505727   0.1094192694  -0.1179948235
        0.0209672829   0.0193142609  -0.0238219458   0.0012009611   0.0013613620
        0.0005422860  -0.0004543868  -0.0003287189  -0.0002607969   0.0000224488
        0.0003170992   0.0005195824  -0.0002066374  -0.0006245853   0.0006329559
        0.0001989795  -0.0018544443  -0.0013433654   0.0011729008  -0.0001681819
        0.0004863096  -0.0001846624   0.0067345117  -0.0029381674   0.0038298946
       -0.1193534812   0.1409149836  -0.0231241002   0.0001896002   0.0010971057
        0.0006432704  -0.0011821512  -0.0048529879  -0.0031153787
        0.0117735248  -0.0047875333   0.0020781789  -0.0294449447   0.0207026369
       -0.0518510878   0.0093070117  -0.0097814032   0.0019812592   0.0008740093
       -0.0002523980   0.0008938707  -0.0002898451   0.0002728122  -0.0005663396
       -0.0001103548   0.0000466954   0.0009032299  -0.0003582632  -0.0001239163
        0.0002242009   0.0017169636   0.0009570810  -0.0013678502   0.0009587489
       -0.0005255306   0.0006168687  -0.0253275321   0.0194740398  -0.0094059420
        0.0303871475  -0.0231241002   0.0566023547   0.0005197747  -0.0001603433
        0.0005113094  -0.0000062406  -0.0026980402  -0.0006200526
        0.0003909549   0.0004139425  -0.0008729671  -0.0001684881  -0.0011349858
       -0.0043851037  -0.0392246193   0.0040683819  -0.0160856801  -0.0035669972
       -0.0077620499   0.0267890535  -0.0012572928  -0.0004263271  -0.0017210058
        0.0001695073  -0.0001796594  -0.0001104025   0.0000346361   0.0000635740
        0.0000539085  -0.0002417699   0.0000788377   0.0003864088   0.0000901018
       -0.0006347014   0.0001538068   0.0005395027  -0.0009198613  -0.0002555705
        0.0002624306   0.0001896002   0.0005197747   0.0468120935  -0.0010716927
        0.0206199768  -0.0038400597   0.0073149413  -0.0250921994
        0.0011524382   0.0012126045  -0.0000641681  -0.0034201091  -0.0011385792
       -0.0282864989   0.0039582550  -0.0441831788   0.0344116491  -0.0020952553
       -0.0038763515   0.0157881474  -0.0013438920   0.0003378393  -0.0009384978
        0.0001439306   0.0000054283   0.0004188304   0.0001652548   0.0000465475
       -0.0001030765  -0.0003828804  -0.0004023125  -0.0008079297  -0.0003787234
       -0.0002723171   0.0004378728  -0.0011751378  -0.0045097275  -0.0028842737
       -0.0001934125   0.0010971057  -0.0001603433  -0.0010716927   0.0545775666
       -0.0357823391   0.0046412245  -0.0028946254   0.0179706276
        0.0002944228   0.0008197740   0.0013294779  -0.0025221227  -0.0036443721
       -0.0197134676  -0.0207250680   0.0300790904  -0.2610522849   0.0083263841
        0.0082833532  -0.0156346716  -0.0012386737  -0.0011711149   0.0013529803
        0.0001165639  -0.0000406832   0.0000318332   0.0001843171   0.0004051741
        0.0000807772  -0.0000844054  -0.0000891420  -0.0004937057  -0.0005128499
       -0.0006249176  -0.0000162341  -0.0001430250  -0.0032524361  -0.0009475374
        0.0000790212   0.0006432704   0.0005113094   0.0206199768  -0.0357823391
        0.3042284969  -0.0043945410   0.0043743429  -0.0096769736
        0.0003532635  -0.0008164215  -0.0001934675   0.0020085296   0.0011881070
        0.0008402053  -0.1889412968   0.1125920507  -0.0286335444  -0.0323303482
        0.0067857224   0.0006373045   0.0025853273  -0.0005772243   0.0004020313
        0.0009116897   0.0004076179  -0.0000339989   0.0000186861  -0.0001800457
       -0.0000031670   0.0006626393   0.0001579925   0.0000325236  -0.0000960267
        0.0000882170  -0.0000369556   0.0003358915  -0.0002342279   0.0001622206
        0.0003955214  -0.0011821512  -0.0000062406  -0.0038400597   0.0046412245
       -0.0043945410   0.2179361829  -0.1228708613   0.0312276297
        0.0010013121   0.0014907956   0.0002468848   0.0200613247  -0.0223943200
        0.0005353291   0.1044320497  -0.1145184070   0.0195521744  -0.0081786344
        0.0090780835  -0.0026491494  -0.0011819512  -0.0023283523   0.0015614343
        0.0009367483  -0.0005334963   0.0003644037   0.0001208615   0.0003118443
       -0.0001620607  -0.0013039292  -0.0004583063  -0.0003163904   0.0000567900
       -0.0005435354  -0.0000143792   0.0002259512   0.0009450531   0.0004535344
       -0.0006146026  -0.0048529879  -0.0026980402   0.0073149413  -0.0028946254
        0.0043743429  -0.1228708613   0.1366982542  -0.0212480835
       -0.0000505079   0.0002907743  -0.0004183253   0.0103587250  -0.0091936821
        0.0015436948  -0.0268708528   0.0184919992  -0.0456555266   0.0095840075
       -0.0040990884   0.0019708396   0.0001729107   0.0009015614  -0.0005014494
        0.0003426978  -0.0000028156  -0.0012776408   0.0000637344   0.0000291737
        0.0000603197  -0.0000157040   0.0001700345   0.0016163509  -0.0000897537
        0.0002846088  -0.0000960063   0.0005736290  -0.0004797311   0.0004317626
       -0.0002043161  -0.0031153787  -0.0006200526  -0.0250921994   0.0179706276
       -0.0096769736   0.0312276297  -0.0212480835   0.0526230069
